45 78 448873270 677441470 90
1 73 445204875
1 75 273012034
25 23 180581414
25 73 39795550
17 18 914815117
17 23 464091194
12 65 899011431
12 18 915586534
35 62 550012603
35 65 907852212
6 31 677482762
6 62 357025222
13 41 57633095
13 31 845362924
28 75 75929667
28 41 730415530
10 57 805761287
10 66 213372606
45 32 783389823
45 57 638584935
29 3 465989110
29 32 254048339
19 49 614282327
19 3 668423070
5 76 806923885
5 49 550839386
43 38 28331009
43 76 596390639
18 36 854426722
18 38 839166458
14 21 816818570
14 36 559271354
22 51 35841678
22 21 149925649
24 71 16108695
24 51 71791959
26 52 515678809
26 71 356991703
41 66 681597393
41 52 799581323
27 68 669475695
27 10 527522558
3 56 755501952
3 68 678746633
44 30 529725583
44 56 325985880
36 48 461244166
36 30 70917280
21 10 266449577
21 48 420708093
20 28 337612739
20 44 211019326
40 43 309812591
40 28 118596639
9 37 275802517
9 43 715380624
37 55 625591685
37 37 28442628
4 70 379461101
4 55 489223387
34 33 684892841
34 70 797993862
2 26 609265517
2 33 644879605
38 13 309762857
38 26 579009007
23 4 215701635
23 13 916952534
30 5 560179288
30 4 432175673
8 44 662961498
8 5 413782154
31 63 542907929
31 46 921614705
11 11 777785495
11 63 415529928
15 46 419772771
15 11 595072384
33 39 577635445
33 47 304873177
7 59 650813732
7 39 775910980
16 47 172665456
16 59 699965523
42 19 618649101
42 19 58893443
32 54 931862328
32 64 872861069
39 64 828594238
39 54 844762888
