43 17 682994504 125738728 34
22 10 237561073
22 15 856925701
30 15 181572815
30 10 15995205
2 1 565524766
2 11 147721451
38 14 374980408
38 1 571159390
41 13 788451274
41 14 696686805
23 9 665839727
23 13 851935484
11 12 802717084
11 9 938601834
12 11 322022271
12 12 168335505
18 17 867569593
18 6 232479690
15 16 276216912
15 17 703124258
39 2 686744602
39 16 892116981
6 7 655633224
6 2 527950366
42 5 309596687
42 7 489571945
43 8 721803372
43 5 395051769
9 6 89013946
9 8 564460120
3 4 377738716
3 3 202863838
27 3 57787921
27 4 392386371
