64 69 791091334 795395088 128
47 59 364299055
47 1 552987737
7 8 597632261
7 59 414282470
38 23 719067311
38 8 857543971
55 17 111698377
55 23 772729965
18 41 391814639
18 17 810108339
20 38 597665216
20 41 268811561
49 55 716812358
49 38 777072278
43 5 56010989
43 55 156928647
15 16 444028049
15 5 810296561
60 9 254501118
60 16 874387314
44 37 141028721
44 9 289563622
64 1 426900610
64 37 516872266
31 19 98106894
31 36 390289651
23 36 936211454
23 19 345389358
46 58 865577101
46 11 593888927
11 30 697291081
11 58 303034270
52 63 327457390
52 30 557683554
13 31 727850986
13 63 770327787
4 7 357826107
4 31 319963160
63 60 686142453
63 7 397274244
30 65 147365765
30 60 681371353
41 47 589566432
41 65 101312946
42 54 778712051
42 47 631694398
61 28 68014248
61 54 875964017
6 34 381074152
6 28 547541178
48 20 193164747
48 34 649560072
35 48 658812363
35 20 466220022
14 13 526983971
14 48 540646576
29 10 254932624
29 13 288450926
40 45 415525374
40 10 171522626
19 12 356754292
19 45 287608297
59 11 853546691
59 12 385358874
5 50 858382843
5 56 231394036
25 15 201826765
25 50 887435859
1 56 780078359
1 15 68902322
51 33 370268467
51 29 427235700
36 21 396468413
36 33 666597953
39 57 66937099
39 21 578517537
12 18 172098683
12 57 502956336
54 35 419255359
54 18 822585860
10 29 184974738
10 35 377326137
8 49 91740106
8 26 391040630
24 68 58447431
24 49 844185469
28 14 723565369
28 68 439325001
37 27 650385868
37 14 239281402
26 39 943322119
26 27 72611624
58 43 837010532
58 39 903885985
32 67 233408622
32 43 774905736
3 4 381053974
3 67 742555590
33 26 295541291
33 4 184511951
45 44 739484724
45 51 925844706
56 51 874516435
56 44 73764472
34 2 405767238
34 6 320564839
50 69 137303300
50 2 505416768
9 42 86669290
9 69 699619105
22 3 3324650
22 42 505756294
27 6 358048522
27 3 828449493
16 62 368320338
16 24 283333920
17 64 201200120
17 62 895390335
62 22 748167750
62 64 367580582
53 24 313707387
53 22 411527323
57 46 374416548
57 46 273435716
2 52 862191632
2 25 281887271
21 25 632882234
21 52 18294578
