51 9 831861499 893082921 34
18 1 825348154
36 8 754092966
36 4 173655696
24 9 623178847
48 8 200825448
49 9 792100364
31 2 236345697
31 7 786101297
4 7 178908827
20 1 386596269
21 3 395548567
41 3 581744000
43 5 811622378
11 6 275280720
11 5 694160683
17 2 744401769
28 2 859394263
28 7 432729904
51 6 693263407
51 9 162371745
5 5 418177786
42 3 193806462
25 1 654892240
25 2 502935033
13 1 66491677
13 2 933926284
16 8 99574390
16 7 775345359
44 3 418674586
2 1 172148915
2 7 402371370
23 2 662467726
10 6 153550612
32 5 141817476
