418 462 5302287 5673281 154
263 120 4045171
300 429 5346012
11 346 3798709
272 134 130301
306 47 4826339
97 18 3468501
30 97 8452329
176 169 9345725
283 175 7984894
67 461 5399264
384 259 977917
8 314 8907446
259 325 7485878
355 196 68658
266 264 6432776
304 426 3210640
251 296 573381
414 172 915355
218 314 9041427
305 328 8988632
267 436 9328268
309 221 5517505
252 334 6293908
333 208 2692790
29 148 1401007
408 175 2443918
271 175 882970
183 323 5139951
207 238 8866595
110 462 8288221
17 263 6420877
205 66 8023959
22 40 1696896
87 111 1580
232 266 5193884
64 29 5054631
329 298 6092304
173 391 5721525
11 355 4227911
36 256 7717511
287 289 1114096
248 324 9255532
311 209 7502686
213 377 9172716
174 66 9228618
393 241 1890608
246 193 2649692
378 150 5668765
72 355 8784595
9 363 9391768
394 236 6839197
362 177 158033
396 368 6745040
64 100 4666179
101 413 4380448
405 325 3232436
308 24 4146372
312 165 320493
100 40 8656326
65 271 5256279
387 32 7674923
96 5 2506091
398 261 2834345
372 39 817158
416 178 887985
375 153 8918800
308 197 7085985
9 139 2464258
242 245 8626964
241 51 6189865
401 203 8232650
376 322 2671691
214 96 1616595
197 124 1615856
374 396 3225304
240 236 8952036
157 300 6429426
94 251 5462211
276 375 5172132
389 287 2630091
80 411 9176806
66 56 3024156
169 229 5484818
85 171 3178834
389 36 8233090
201 293 7210852
347 179 4719505
185 347 5745202
369 83 7389909
301 365 3251721
163 314 986267
372 404 2809393
205 241 2841673
59 155 205205
339 199 1634141
254 97 4423043
45 78 5527424
363 87 6293078
175 226 1130414
258 183 8233988
342 370 7374346
225 406 7970379
245 167 4490009
335 70 7855815
368 367 2111332
268 270 9464567
365 207 8732831
190 233 8925436
96 342 5489104
172 247 4715172
66 292 7456972
236 197 3796050
416 1 4104075
141 136 7252404
339 319 5212340
196 144 9474488
242 382 956799
171 353 4736672
50 434 2146195
410 15 1780651
367 145 5189745
318 461 8291695
228 242 9085522
299 224 7105530
190 72 2393854
185 374 5534376
259 92 6022727
373 185 1125333
38 43 6727815
263 186 9270456
263 265 5149052
417 317 7404910
179 323 7495692
402 274 8205146
76 60 349314
331 44 5711073
108 235 1460857
349 283 169095
11 150 8070469
391 381 2496044
346 457 4906211
374 245 8900162
375 63 8104965
239 260 6598702
75 427 2895259
105 14 634374
135 124 1466941
241 350 8602978
296 17 6660745
285 445 6843174
162 81 1909099
69 371 3252051
337 143 1644421
40 339 2591691
