496 467 732561239 637426439 1636
448 365 797586559
448 177 478045814
207 441 701386373
207 176 818349901
54 197 666182847
54 90 538013765
54 315 300728762
352 98 831659033
271 114 593778420
271 20 802360705
271 236 812288298
486 426 810641718
486 323 554557261
486 244 242849436
486 414 660076896
486 62 843385938
161 36 892983660
161 435 681498324
161 181 191893933
161 417 602243052
161 179 137470317
103 142 475730741
103 243 317967855
432 180 751146934
432 203 791412678
432 284 734834268
432 185 37011090
432 413 491234695
432 11 308397729
432 367 439484901
92 360 6126587
92 379 878406906
92 188 568714214
159 293 51912842
159 376 774940770
484 19 262202541
484 248 349083617
484 249 405707498
484 406 354256936
484 262 587319167
484 444 337562493
484 373 724392166
244 306 390509783
244 125 324881948
244 294 824998604
244 126 230534626
419 400 137954417
419 308 700809341
419 116 635736643
419 398 439855197
419 401 754590731
173 39 48263836
173 23 420438294
43 163 827500787
43 135 680970503
43 371 689225999
43 46 874247720
43 255 293497357
301 107 924139186
301 51 638923328
301 302 784353985
301 59 725884563
301 460 601009238
301 25 676378784
301 461 348331721
490 231 183996941
490 443 213083032
490 158 348082422
490 233 778942879
127 292 130350468
127 4 919871604
127 321 800900693
127 64 421460433
265 205 174293359
265 268 160590060
265 126 327905501
116 245 6518656
11 409 588020518
11 344 149623619
226 286 491642358
226 7 510897405
226 138 168790053
226 338 112539963
226 415 52930124
226 454 778349664
416 59 744470811
416 108 502891347
416 85 537157327
430 266 327048615
430 196 814570240
430 229 214274667
430 361 930216300
430 72 447059822
61 58 804701627
61 2 522030323
61 372 444990698
256 446 811572303
256 197 303169498
256 117 285359342
143 442 892676921
9 339 338509228
493 260 631857855
493 222 885806284
493 59 120134798
493 165 935433432
493 377 696493490
493 50 574020490
493 428 41704809
493 83 925472493
376 270 588604231
376 349 425295901
458 175 368242424
458 360 382306811
458 459 19682094
458 84 308353517
469 378 588482691
469 124 96633341
65 395 608416677
33 27 577423503
33 175 737634450
33 384 27581371
33 350 652331580
33 146 134705109
33 385 444068173
158 92 920093945
158 24 1577874
158 330 825503954
270 323 26347833
291 34 217443588
291 70 237093415
291 412 915674120
305 353 678020432
305 7 292638760
305 79 432937128
305 50 478139586
96 163 534542527
96 212 48354796
96 381 853262581
96 397 42387551
382 51 541120934
382 360 261147326
382 345 337340409
382 99 827884704
75 157 113645114
75 185 759560134
75 120 186898930
75 76 552408143
310 39 904330449
310 143 375327393
310 168 301636940
310 386 81864224
211 369 414192060
211 148 543546503
211 459 743726458
211 467 388610556
7 333 258345111
7 231 681305735
7 316 877373235
7 373 409574288
112 36 207211151
112 392 363174597
112 365 923810700
212 454 232895483
212 151 709545613
212 89 642325039
212 467 87643291
212 67 681949238
348 354 550095013
348 237 341674797
348 53 455500143
78 333 432598135
78 216 327074635
78 233 786393821
452 334 793819219
452 232 749886012
452 11 166613087
452 335 330901122
477 431 351356020
477 450 13074363
477 247 352961232
477 69 722112559
215 39 866424637
109 37 671399113
109 203 433838056
93 10 614293751
93 11 845854622
93 233 624180621
468 82 934395753
468 463 464786731
406 449 455412481
406 64 218854188
406 20 677442438
406 256 549914823
406 243 78641861
26 230 530850539
26 104 797120376
26 220 64911361
26 43 463458220
411 235 325025512
411 453 99749661
411 128 524475892
411 186 545775157
411 430 264115289
126 62 701984274
126 456 256342904
126 200 469662148
126 424 517373771
126 147 774759887
372 137 929431030
372 431 44121911
372 281 590047473
438 232 479604102
438 144 672400574
62 198 812139086
62 454 66593400
62 130 846970940
278 268 719974563
278 111 184900637
278 221 640907855
425 317 262782520
425 102 812968973
429 9 410412679
429 224 813409271
429 59 187874000
429 304 612673946
295 312 243783040
295 111 413266652
144 234 313784909
144 380 734094449
167 341 922412821
252 14 245337533
252 3 687503458
300 418 379968986
300 281 825368510
300 188 807261717
98 183 754984244
414 28 655035752
414 285 440806942
303 13 44791092
303 44 616890356
178 77 667575778
178 403 859420930
178 120 148623485
178 465 717189833
89 14 804134098
89 197 558788384
89 79 362596608
89 83 513000421
204 2 872599908
204 454 872508099
475 241 400897538
475 212 577043824
475 405 369394077
475 63 17891024
475 217 195595381
371 383 893343011
371 292 69562905
371 224 138488948
371 461 389595671
335 214 786898698
335 183 786138864
395 293 99069255
395 241 573007685
395 195 534439801
395 268 401565603
395 367 6856408
395 129 838006399
373 114 457430582
373 372 138551818
373 276 898570249
373 166 291702183
373 342 494805766
277 114 244181270
277 367 522495395
277 129 658818451
277 335 408011013
337 14 46630376
337 265 604202271
157 214 848662149
157 80 224642332
6 54 227097224
6 191 920629747
146 457 56027375
146 32 829035500
146 296 731071231
146 288 482739097
402 329 666691870
402 297 229704182
461 278 679385193
461 200 208407336
461 349 160455890
461 99 135299505
377 165 430192340
377 177 542930267
463 321 158578090
463 56 488200052
463 409 920954484
463 143 507690261
286 197 369009948
286 32 829112881
286 51 613248613
286 323 195347910
286 224 526759909
286 152 799416952
293 88 534820742
293 151 375737498
293 315 737388104
113 180 52340675
113 199 245759846
67 292 864294677
67 322 697514238
67 428 257804483
67 461 641583020
67 217 621793312
67 215 696157880
67 167 211052981
197 311 620134861
197 445 522221883
48 76 135054429
339 23 5566337
339 262 34986037
339 181 119464222
339 233 455319680
321 379 891800334
321 294 886582362
321 250 313208723
321 152 84939745
140 34 756702303
140 340 412875438
140 339 748487864
140 253 591136616
140 281 253388585
307 299 102639686
307 247 18514686
307 25 939706516
424 336 224768949
424 202 252029172
424 462 508375696
424 243 856313803
415 404 67942349
415 257 264622109
224 74 783581495
224 360 313452271
361 252 465943509
361 429 576077006
361 360 625956791
361 69 116506499
282 258 41967756
282 134 523171989
282 330 41764414
282 417 33513234
235 127 189665201
235 78 936637234
235 385 917828934
483 449 710537433
483 425 397300024
483 339 827282751
474 350 775219979
474 110 400248214
494 58 173688065
405 174 65387051
405 34 745832758
405 427 500071943
485 62 655398709
69 364 547563465
69 285 53200065
306 205 758111455
306 360 683051993
306 81 134083305
306 329 657923925
306 45 724414440
359 41 140029663
359 82 695335768
343 283 929504756
343 315 49328275
13 192 796012572
13 71 299498970
123 119 732853505
123 350 135926828
123 131 810054947
123 146 881126247
123 200 151003005
365 383 653797402
365 42 714119408
365 142 94843190
365 151 358322025
365 424 414717789
365 348 521773096
491 286 567272768
491 260 819609100
491 435 243956123
491 194 423084024
49 467 788891281
450 275 35450047
450 294 45188942
450 254 802432733
80 39 558835406
80 162 599928079
169 133 639985481
169 193 157567980
169 328 437128397
169 405 651827328
169 185 315981571
169 412 153249572
217 222 777708626
217 45 782442876
495 70 695215664
495 460 600095310
495 406 85526077
495 367 584865961
495 151 490053980
147 437 775862511
147 338 914531202
147 361 22528194
147 467 36773650
147 363 358083760
394 47 893229938
394 274 635412711
394 349 463145114
99 169 683685077
264 9 209271178
264 293 668657463
264 169 835068152
264 23 446970078
264 355 718279705
264 388 476542554
264 21 552308913
20 283 147725058
20 322 166225049
20 428 906593186
20 427 589048297
213 123 757677163
213 447 97698549
213 196 92653028
213 328 303545664
213 364 636315190
322 49 715133122
322 169 672269132
322 341 380328930
322 373 127745596
184 338 446537433
184 165 475704215
342 403 762163660
342 338 495212704
422 199 220957363
422 460 209374964
422 40 367901748
23 429 353356310
23 400 123730535
23 278 901669198
23 368 789597906
23 143 14840355
23 221 797877839
134 419 696052917
134 42 259723230
134 270 110569239
134 420 322553334
134 185 529447008
134 290 721317143
134 126 551752248
247 384 947930369
247 193 607168319
160 117 346226970
160 369 737628261
160 30 11220947
160 53 643761853
79 106 822999359
79 374 634151163
434 90 610517463
434 193 75384125
434 227 522943763
195 446 612860725
195 383 85336028
195 310 587565973
195 459 510626605
379 346 448524649
379 4 835810220
379 120 302086802
379 349 712050997
128 248 774323655
128 13 525307708
128 377 668445583
128 204 881583833
340 98 768854613
340 155 286836197
340 144 926581510
340 386 623693292
17 162 40008470
17 441 86113704
17 61 388601343
17 358 174855580
334 23 180102186
334 66 122469086
334 201 670955042
334 401 425293983
334 126 853625449
53 34 619206997
53 287 836383832
311 137 281376812
311 201 642460389
311 67 802987938
360 154 192663826
353 34 335390306
353 425 835636002
353 314 378035268
353 294 658332370
353 448 52551279
353 207 814193512
154 291 652581379
154 225 352772413
154 106 610002393
154 393 175932429
154 352 345909332
154 62 393697299
154 450 794685465
154 146 560586204
418 446 477348788
418 371 920892141
418 331 313880628
114 312 772036825
114 264 168831176
460 135 212135163
460 188 176094094
355 371 369709611
355 302 64698123
355 312 30159428
355 294 810687743
355 142 448548031
355 40 733646174
355 210 157346314
355 53 54797447
254 260 904955009
254 82 887753616
417 269 885890787
417 288 543517836
133 458 485125695
133 440 324645620
133 330 673648537
133 101 239107331
133 315 836413681
464 115 305426654
464 403 500026951
320 355 164472693
294 284 57104234
294 455 90987061
294 413 231393908
294 11 403485490
294 344 910645382
444 438 873470122
444 112 660081302
444 129 219479706
439 289 494439992
439 438 681651702
439 445 697156794
439 6 895006561
439 126 614015891
183 68 202513030
183 141 187762397
183 156 385943082
479 68 451168374
479 53 424003457
479 254 211956647
479 124 681788608
29 436 719633836
29 273 407944588
241 41 896240923
241 202 712816218
241 40 935775782
241 276 481453988
251 112 40331972
251 103 862596913
446 135 262503899
446 449 96454909
446 407 729025235
446 280 135660537
446 219 344975659
446 11 761024052
446 401 141738417
446 182 50563595
446 349 200175444
47 135 283920678
47 228 728441670
203 27 743918096
203 36 396030174
203 56 754377455
203 340 838382966
203 327 11459452
400 60 385780916
400 332 499671914
400 142 717021863
400 357 445413391
400 204 225915200
392 235 947928521
392 113 278986640
392 60 938566843
392 327 335731125
443 379 122586091
443 428 58442900
443 221 548979043
443 304 875202353
323 14 289865015
323 405 497032905
323 176 515551691
323 324 193537737
188 192 599238944
188 305 945167231
188 361 279075933
188 412 165164711
51 350 6661028
51 361 2533791
51 158 40634645
51 53 863631615
51 103 77763068
51 313 276566694
51 254 59453091
151 207 354142932
492 188 890843838
349 211 271152126
349 445 706347844
349 342 316931377
349 430 752307746
176 2 183309744
176 311 280548353
176 37 272563233
176 148 150066691
176 357 859774800
176 126 37324816
176 298 374240453
139 441 421995977
139 171 749668967
139 181 95887899
139 126 716818189
403 14 400519924
403 426 840305554
403 121 567992610
436 17 86327624
436 149 610899411
118 453 844800362
118 105 187206337
118 399 816961352
24 379 124898315
24 85 556673909
24 344 218031190
451 266 81839716
451 178 259906553
409 2 82549895
409 81 140067438
409 148 272032072
409 202 334329203
409 70 387832939
409 388 333663918
409 257 194260176
374 3 425232995
374 322 934391693
374 454 941022952
374 129 908965017
374 190 404611862
227 164 449070514
227 31 170956134
227 308 659926264
227 385 761451241
298 96 154164690
298 111 655621714
298 330 648962138
298 348 421786330
496 445 839138008
496 129 253147755
496 313 672718505
496 264 738789562
94 422 796237848
94 244 590865543
94 20 1736740
94 463 449569378
88 127 462806383
88 36 877952192
88 347 129163293
129 362 600841504
129 361 786040060
129 210 595977450
426 295 742833927
426 247 441653562
426 1 721537786
132 241 79821674
132 125 157284497
132 361 864206633
132 296 307611904
132 177 756240742
240 172 227115721
240 208 330843322
240 186 345864726
240 318 183317188
240 181 481070929
201 234 215876373
201 441 344881223
201 382 889460338
201 207 711980859
201 134 105289462
201 349 425424332
250 337 716972956
174 164 497407910
174 114 558016582
174 419 339385976
174 74 399636382
174 323 131765428
174 44 386498165
174 156 701252979
174 191 137230061
266 163 467632781
266 443 57310427
266 203 446027716
266 12 724764224
266 313 783330188
266 349 832687711
76 399 618129436
76 43 369856847
76 313 330500256
162 272 875468910
162 101 735649491
162 55 751142807
121 350 312051451
121 345 285285701
121 273 610371913
234 298 744963423
399 105 883240483
399 148 645007702
399 435 334186781
399 301 519097425
399 102 797922613
473 287 8407923
473 298 648395200
423 174 479885605
423 199 501708689
423 466 223806166
423 298 458680880
198 306 408835093
198 48 582434903
198 291 537691078
198 129 15003653
198 99 533579959
198 264 259977503
28 70 866021875
28 201 322567687
28 392 623908717
28 424 631100758
28 147 235230734
120 64 294242292
120 183 79578206
237 119 812718857
237 446 171570788
237 429 323629359
237 15 817997530
237 156 588158075
237 451 563709096
172 289 526615205
172 228 656601211
172 65 544434327
58 457 837319705
58 51 367601398
58 57 542554587
58 45 207347165
58 44 58091436
58 136 258916358
326 340 373719639
326 6 782906420
326 298 524752352
318 294 626757479
97 421 466711051
97 405 83471306
97 141 439253203
97 271 642409786
388 117 299616154
388 223 846457491
192 275 519259030
192 182 674486958
192 35 798917704
101 350 213496623
101 112 640127133
101 279 901280309
263 376 931205888
263 307 618455307
263 47 550366991
263 345 736234720
263 118 519409495
263 185 157485083
370 381 875445899
370 153 108568882
370 16 896801549
70 58 256428961
70 36 393065290
70 466 190716655
70 211 303191234
70 217 183867122
281 353 299996435
281 283 755405574
281 204 127968637
272 216 287196601
272 258 144493695
420 15 939782530
420 379 173966507
420 440 511018250
420 12 611941938
137 306 719019753
137 328 386414021
137 335 575039118
137 130 443226405
137 43 154360257
299 157 554812043
299 78 443634187
299 348 380810530
262 51 89301817
262 162 669598157
262 18 927239301
262 188 689651915
90 187 710521436
90 188 760939213
138 115 621864026
138 397 796600563
138 435 78071134
248 297 834263570
248 254 654234410
142 68 245213626
142 340 157997740
142 358 916397703
142 269 912939031
142 317 930166812
142 177 213603934
31 123 62787119
31 419 863683885
31 407 474802704
31 345 616158436
465 39 741924970
465 38 279560093
465 33 336774493
465 309 537829496
465 53 339293485
243 149 250241023
34 164 315280468
34 31 19461111
34 47 134228633
34 165 461532009
34 153 795363038
34 210 706046490
344 289 245713205
344 396 403321829
344 195 487012540
5 466 921532263
462 212 370313106
462 439 254126867
462 370 694403676
462 367 173257457
287 214 539879967
287 346 524397522
287 36 657110630
287 148 590496854
287 223 136711557
242 77 659282323
242 314 454207727
242 219 47433807
242 398 808261186
242 301 111958247
74 263 20188326
74 433 239219778
74 414 447008215
258 77 163002501
258 138 721825647
258 240 844985968
258 194 99815448
308 27 508042081
308 299 234062112
308 302 846941116
308 284 181162970
308 93 852567641
42 34 62302167
42 37 813852487
42 142 239021236
42 258 476520321
104 408 736339736
104 272 152295222
104 413 524235470
86 175 614104066
86 50 119121184
86 242 758671186
86 194 490503309
346 125 698980043
346 451 873907777
45 235 188063829
45 130 549522200
45 89 812744938
41 29 606069441
41 445 465575541
367 228 388026575
367 138 25615447
367 120 771724556
191 64 630110133
191 227 307978158
191 221 405168223
191 109 719133142
328 38 347319132
328 357 663321453
328 179 152079804
408 364 556784031
325 335 92300882
220 335 569740357
220 136 146575457
60 231 683090733
60 50 658402841
60 136 657232473
60 327 660184336
72 246 390720688
72 58 182237736
72 369 577190326
72 312 200278589
466 410 670343013
466 198 104474020
466 211 889355841
466 143 29840267
180 117 670409750
180 359 303219552
180 322 564409852
180 298 356702948
225 48 565981516
225 263 758226717
225 429 226145287
225 234 280209782
225 154 232607075
225 451 223438793
19 414 875391942
19 75 803719442
19 279 168261121
487 439 765149449
487 57 421508056
487 122 865772597
487 106 305177793
487 121 368891395
487 45 892629856
487 262 668442345
487 401 544125354
487 335 704307988
487 182 321725516
487 281 17658665
238 34 400254906
238 26 876695791
238 239 339405113
238 188 751283120
238 236 437837692
106 95 196770873
106 97 267423099
106 272 201970504
106 182 148414787
267 228 22913817
267 294 910668550
267 76 13362065
304 230 565068595
304 150 467177411
304 324 866576216
304 227 915594964
304 236 595101135
375 219 491059372
375 126 371497138
456 115 717724883
456 249 22816993
216 162 793410364
216 422 571311987
216 420 787802497
216 111 685992874
385 37 865379611
385 201 376788163
437 211 459802297
437 99 758261658
296 375 184605111
296 372 23085199
296 345 775813101
296 61 100655539
280 289 584649744
280 112 309901551
280 300 943455943
280 147 936960882
280 298 914612985
330 47 175644717
55 410 733981024
441 226 302842917
441 7 388125998
441 94 269208265
441 89 189659709
302 274 877305723
302 216 548472518
302 364 858490748
302 167 139799021
163 127 482769166
163 466 624867233
163 108 160898030
163 366 271072758
163 149 217648057
4 339 593981648
4 461 695932981
472 359 291516039
472 227 56578130
488 196 947560806
488 38 496607998
488 65 681458700
488 94 419302782
117 202 300568612
117 382 716413107
32 442 639223061
32 121 492644816
32 139 835527821
32 356 553266351
141 196 103722316
141 459 550981774
358 260 340396899
358 57 471112372
221 74 408831526
221 57 69770447
221 414 637315230
221 340 27545860
221 251 657655375
381 241 674679262
381 308 516321700
381 331 507032257
478 235 815730094
478 396 125265679
478 155 832368870
478 209 86450088
478 285 55990005
276 408 506052822
276 141 130659308
276 378 497296206
476 161 325657230
428 127 188287372
428 263 596762718
428 231 496932317
428 265 251146517
428 152 70894275
284 137 900459292
284 108 713599906
314 320 157383234
314 305 310885165
314 82 186218946
314 364 704656276
383 85 110688696
200 146 806935987
200 258 121970600
130 218 92956500
130 337 99606247
130 30 113618468
25 174 357790581
25 320 879376887
25 162 584841735
25 36 896152584
25 71 294284452
25 152 447039220
25 253 144037472
25 317 753163356
25 87 647643240
273 274 730502154
273 386 761623166
209 286 908540895
209 291 560488101
209 394 644924214
209 327 137598650
209 109 623176628
391 51 442894978
391 275 658365839
391 432 1819463
391 38 545646589
391 347 896838422
179 336 804612218
179 292 762217151
179 118 499611014
179 391 851893987
179 316 156220907
413 2 900483836
413 384 892247107
413 428 701992927
110 404 780018913
110 59 538752635
110 70 91109310
194 2 72556935
194 81 330936995
194 234 443913097
194 80 659253768
354 64 206029817
354 18 590771941
354 69 875777750
396 122 418655367
396 359 431162645
396 342 574948701
73 107 144643048
73 379 40019375
73 120 490754272
398 107 279032648
398 166 505253089
482 402 882638841
482 145 137046251
482 87 386613781
253 312 365893744
253 366 323432577
253 109 231348736
77 359 127579761
77 448 637303780
77 380 886322624
77 75 113921900
77 242 665854885
77 454 143698050
10 71 631544877
10 253 669636184
10 144 11195218
10 136 700567754
279 206 149459512
279 66 284961573
279 106 728004614
279 203 315459574
279 379 671376649
279 298 567500470
166 90 387328072
166 263 431216551
166 36 380377252
166 305 723875954
315 80 905107667
315 373 780832120
259 191 934363619
393 248 544622984
393 26 38972543
393 331 140799719
393 254 863841979
125 431 335473690
125 262 397271445
125 288 483364855
125 89 403161227
421 135 718846345
421 375 735648658
421 203 565606111
421 82 758737670
421 382 287615232
421 54 680098596
421 35 155362625
283 377 747139415
283 75 153337167
257 66 312378178
257 222 732950779
257 55 512393440
257 124 840276618
18 329 458403251
18 125 296381321
18 415 248946727
81 58 776510399
81 432 533714071
81 255 135545961
81 55 469969673
36 439 640431434
36 73 573894615
124 451 887791811
124 279 269575507
124 330 539391280
261 99 689745553
181 390 30087791
181 152 624562236
181 456 757066513
181 401 143182916
181 53 947273395
181 251 177843696
119 51 107795339
119 93 127432365
119 451 545494049
185 37 813220969
480 337 302374258
480 358 625355706
480 464 50740169
480 243 595289960
480 89 52766341
401 391 892841117
401 382 356771356
401 412 215242069
269 163 546518178
269 439 72249794
290 119 399253663
290 105 906508142
290 259 573479623
164 419 701335443
164 138 856240243
164 62 729171644
164 462 278768616
164 143 374383852
386 116 612218324
386 84 361412823
205 14 196201911
205 354 782618242
205 216 854674115
205 220 939898878
397 219 751709675
329 375 660575958
329 98 481957643
329 303 259696768
329 415 545673522
368 197 932375412
368 259 597376770
368 373 892935150
368 109 486245648
115 60 170891510
115 209 922861592
115 385 541925581
115 88 278285468
236 34 586491775
236 429 923558915
317 115 511562046
317 415 465483689
292 214 94743120
292 441 595790509
292 73 342880459
292 417 746585361
350 449 604501330
350 196 886825124
232 19 879217009
232 255 169127255
232 130 617654447
232 103 240489876
177 322 415832265
177 338 460806974
177 411 800279123
177 83 434283332
362 58 828985823
362 214 179716456
362 90 97645142
362 148 513536603
362 120 58820754
362 168 324611060
2 395 319700638
2 252 500521562
2 360 154575230
2 405 589743901
2 366 394374566
2 288 655135700
214 395 430175588
214 199 29400192
214 33 382429104
214 298 425382501
214 236 928697961
66 214 581555754
66 133 269465816
66 193 177873784
66 409 758312261
440 95 609717125
440 290 880521442
440 44 333462186
440 259 152138093
182 263 321487672
182 25 635522634
206 113 871316570
206 152 794011601
431 438 890261968
431 38 860419256
431 421 723268100
431 199 8068366
431 1 345488716
431 394 203815260
30 447 28477004
30 322 505745547
30 25 838352526
30 417 201340613
404 351 230714858
404 290 82327084
404 136 221879134
442 68 780878562
442 3 839058571
442 426 448258744
442 173 337232293
442 66 342168340
442 45 1781442
59 201 722530228
59 257 3777268
27 37 921672365
27 464 24020575
433 214 37032344
433 197 202973649
433 127 447853326
433 350 715296443
433 147 936095441
433 465 95813354
148 326 848733561
148 341 86662724
148 130 847859692
148 461 465244566
8 411 76750979
131 174 796597570
131 199 384011973
131 379 222656019
131 216 879576557
131 415 360424387
390 139 560943458
390 40 892937725
390 367 26841723
363 162 354669313
363 426 773830893
363 380 493526389
363 259 267073019
363 378 506980451
363 1 84944611
57 119 300244107
57 416 737582405
57 269 193857943
155 281 882813508
155 285 361720942
155 461 667026955
56 32 859948651
56 313 691939044
364 318 129830519
364 233 703016885
63 224 872848600
63 139 39177448
63 198 210918444
427 260 344848440
427 153 862973575
427 101 604094963
470 223 673875898
470 76 674822514
366 39 865975713
366 278 279684301
366 402 134621069
445 405 681744443
341 48 227260547
341 36 318430976
341 365 88984156
341 179 766642696
336 307 878657279
336 274 155543687
336 295 806670124
336 344 527588554
336 109 133534134
389 143 643389265
21 291 653201561
21 96 205608295
21 325 769556770
21 331 90270561
21 279 290824451
21 215 432791672
412 177 639432089
412 318 532469556
412 298 7286681
324 214 584272303
324 47 295605508
324 296 166531933
135 225 5068855
135 47 629033475
135 416 186143986
135 296 561016663
135 288 430784296
135 136 803723242
223 224 441756384
223 281 507536406
39 163 130143891
39 49 380203130
288 206 139743458
288 320 828567728
288 44 131267996
288 75 177789415
268 119 122760894
268 23 211297016
268 220 570737820
268 85 945784310
268 253 434765719
228 307 586172898
228 118 795939835
228 125 447865950
228 187 749356352
150 176 927524156
150 272 543091069
150 342 671355961
327 328 377169764
327 93 467082161
327 464 930644884
327 243 599739943
356 9 229548407
356 186 367473168
356 167 294158171
50 426 52762172
50 435 75942141
50 309 520149423
50 79 542040473
50 188 913434834
231 106 43091079
231 8 553522088
231 288 180204690
16 14 913071552
16 263 432886509
16 20 622795787
16 189 21916813
16 427 5295135
186 293 640697198
186 375 216846320
186 114 768583326
186 157 247346030
186 309 862395236
186 160 694485904
193 435 418331486
193 184 763781337
331 323 815862335
331 347 747294472
331 11 747632751
331 126 188623803
218 60 37743142
218 105 219163995
218 137 659020261
218 182 300369110
218 251 681420508
274 34 82075590
274 391 621213765
378 302 705257585
378 193 161646789
378 361 105003729
378 331 359386739
378 385 368916839
387 346 33563017
387 292 499476127
387 309 421072452
46 138 843289060
46 385 365371828
145 119 182763601
145 27 682659887
145 107 914181925
145 252 926213658
449 205 134401764
449 388 833884550
187 448 191049377
187 69 472747481
187 179 260652682
187 298 453759854
246 205 367751244
246 407 909028777
246 425 152915312
246 146 457105875
246 221 417125847
91 232 811279876
91 98 68548318
91 247 147014481
91 454 614003919
37 260 688577617
37 102 197996476
345 115 841593704
345 174 674033392
345 226 938463862
345 334 122373289
345 252 230421136
345 26 248292287
345 373 800544253
189 286 796885669
189 410 107455291
189 110 587123037
189 328 160521346
189 54 729903372
189 259 141299745
189 373 560144142
289 320 274757120
289 153 402926723
289 144 306004230
22 45 335707844
22 44 914547247
22 200 219028861
22 364 163507695
22 190 556683241
285 74 39113094
285 33 380516604
285 464 224059422
87 13 783771143
87 287 331793511
87 367 543348500
87 181 272773306
87 463 843437898
87 233 114710584
357 132 72332241
357 424 273359836
489 42 469018966
14 350 206247180
14 435 238111325
14 147 255388620
369 205 279569902
369 318 389808334
219 265 459611469
171 398 71465088
171 63 824390946
459 349 648745283
316 261 514322209
210 329 633529111
210 222 382792845
210 64 798086724
210 243 614827869
297 296 367662418
297 271 459272605
297 12 585455166
297 179 218884848
44 379 842807369
44 415 520898325
44 380 238067898
44 409 694593911
44 412 397925327
249 132 938146929
249 358 751924795
35 180 255267668
35 360 319654961
35 112 323862216
35 398 820586676
35 373 61270340
175 203 427273630
175 118 123096605
175 165 146573410
175 464 928806860
95 108 707502350
95 317 502787998
95 242 905827757
95 401 765276333
95 335 464582763
95 30 687771188
95 388 666169913
95 186 906396443
454 361 69313093
454 179 672527326
122 32 663695831
122 199 121119670
122 283 255129507
122 315 750954516
12 381 43207671
208 51 875742889
208 408 396313816
208 94 461066345
208 254 903215749
239 218 743852045
239 1 227448243
239 363 899196780
38 193 186236153
168 456 581428960
168 43 443568611
245 383 368353937
245 202 894400940
245 221 576974577
435 350 543559273
435 139 65727511
435 54 110204849
435 144 850545049
435 80 29402541
435 168 231611993
332 37 168725167
332 148 427559847
332 110 123106711
3 420 756104067
3 61 497992985
3 216 481697590
3 269 383420646
3 207 843187623
260 351 602476508
136 39 142917706
136 282 281343814
71 170 646450270
71 248 587424060
71 271 406289368
333 370 381123393
333 270 760791017
333 342 648284248
64 225 807653710
64 249 490459781
64 358 700588812
64 317 460291545
64 401 94401106
255 354 521347473
233 122 893739783
233 73 310112825
233 89 156083975
152 158 261448465
102 438 705440342
380 36 474484344
380 303 302762048
380 201 942562614
380 387 47458169
380 423 58850326
380 161 201118350
319 90 431773471
319 175 805763262
319 433 650522652
319 297 11065655
467 2 31447320
467 322 25624639
467 189 808490371
467 134 64112657
467 43 497821114
453 213 508972718
453 352 812429025
453 268 700154633
52 41 593241229
52 363 903498030
471 250 449584914
471 201 321822937
105 444 225023483
105 467 888568310
83 292 107124735
83 36 469719815
83 402 583426197
83 156 376709805
83 463 34580618
83 264 15924433
111 47 842470099
111 385 577193164
111 368 695253294
111 143 572308073
111 394 63080906
222 58 48574823
275 322 216164183
275 406 11414356
202 37 512559489
202 274 21142358
202 354 557018629
202 377 367985660
230 213 925338722
230 329 358441996
230 345 316388011
230 319 653556762
229 2 504265966
229 137 789828595
229 273 210378959
229 179 849285123
229 304 922094776
229 167 721787720
15 91 900679801
15 302 266430746
15 465 301910171
313 246 116033539
313 376 943197242
313 432 939121276
313 154 777778942
313 126 668406103
82 152 526191934
447 32 304917269
156 411 446685550
170 176 509263535
338 260 808782792
338 253 389056310
351 104 362515523
351 444 253134738
153 158 378530022
