292 417 4882914 389047 216
178 350 7262608
42 8 8573867
269 6 675372
141 47 1333481
233 388 6656625
72 316 4627287
79 289 5395204
22 219 1911149
207 363 8475742
105 111 7757249
256 130 693876
259 356 941434
214 387 2791394
110 278 5225837
56 211 1229547
92 80 5326144
136 64 3317535
74 254 1472206
143 272 301891
243 80 7159705
45 76 3124187
76 104 4531710
158 262 9250736
83 388 1535589
199 88 1602403
79 65 592443
254 256 3850792
29 131 1314153
196 20 5815816
142 74 524670
105 238 8372162
80 305 6479421
176 247 5708567
22 384 3783530
212 323 9393497
166 10 5157435
6 247 6937980
123 216 8094728
175 258 8453346
156 30 191920
170 206 2035215
6 386 6854955
138 186 2789122
167 227 420940
103 58 6851729
204 193 993566
12 104 1702616
150 270 8872131
214 333 4919997
291 56 8544898
213 268 3871480
202 295 6359364
221 244 8166572
115 412 4117700
79 71 5599035
210 174 7737501
7 254 5698585
22 155 5023944
124 290 1454453
157 285 6779633
240 190 8288607
292 11 6459067
199 63 7581651
92 42 7582006
127 185 8467519
157 379 390367
252 12 8854163
274 33 1205359
135 9 1200938
175 152 2430869
10 211 7890729
19 183 4986443
99 105 7304688
248 129 758608
228 67 64646
66 72 9051866
57 220 1219167
177 265 4189647
210 372 7195831
92 242 6633127
12 238 6173978
76 192 3665176
255 50 8069868
194 259 6447775
266 217 2741816
258 96 6815601
283 17 5932346
50 152 6068399
188 24 4791133
166 22 6320913
76 244 8406301
285 352 36786
143 246 1538613
29 266 6651832
291 52 1781700
69 325 8578887
205 363 2584399
91 119 7432656
110 355 1570358
241 379 3095344
243 185 3714411
173 410 1708380
62 123 4533344
174 39 2263214
66 52 1574129
279 225 8984994
153 47 3519622
54 197 7891287
208 14 7518462
268 190 1244937
6 132 60902
204 178 7334484
160 391 3942138
70 311 4607158
17 334 2118438
206 299 2542450
151 13 6763753
82 245 2916093
233 165 7956953
110 362 5000056
121 165 5593256
279 270 9241901
247 264 6093212
21 398 3210306
70 382 1473914
215 382 2951578
48 247 6574632
122 335 2484736
276 47 2640863
19 69 3379433
120 192 7227695
179 89 4552327
159 216 8742140
37 222 3283400
89 171 1173531
248 23 6340982
253 9 4356706
95 232 75973
80 5 1824441
36 128 2787134
207 155 8738577
282 261 514274
118 25 3343601
46 245 4181185
222 259 7161552
164 371 1144441
131 10 5904482
44 193 4034068
44 331 8080249
3 49 9384064
121 260 160459
143 416 518626
285 262 2169980
280 352 5672953
151 65 5263563
32 112 2558435
184 331 1484544
250 227 5493542
188 218 4042362
133 201 789439
139 149 3608646
182 217 290771
16 76 4219829
161 103 4820780
61 134 3401051
181 172 4535013
14 384 7407918
83 148 9050575
67 184 606788
251 287 9227676
287 196 2618803
252 51 357005
33 408 8216322
286 5 3944504
122 193 5144020
281 138 8626643
268 296 5046996
114 13 9035383
88 194 6596807
121 210 5311483
267 289 5789507
148 69 8596783
175 331 1940900
191 89 4858999
160 273 6854716
7 105 584084
103 121 9029124
205 83 8276966
120 124 8837656
145 257 1570231
68 309 7988460
39 13 4028185
98 328 9392571
76 269 366856
245 259 6288383
207 241 3161269
245 26 519488
5 218 3499434
277 242 5869939
289 385 2335979
181 382 6866397
217 338 6118653
159 81 3344470
158 154 1988296
11 308 2456213
100 143 5411626
58 66 7775227
232 85 8566737
64 134 8260707
106 378 8548464
207 72 3621343
266 243 1804988
186 242 2427156
250 319 3070203
271 391 3559702
254 142 1935907
