602
0 9970
22 9970
22 9944
128 9944
128 9849
178 9849
178 9786
241 9786
241 9758
344 9758
344 9727
363 9727
363 9666
394 9666
394 9630
420 9630
420 9590
483 9590
483 9486
551 9486
551 9441
587 9441
587 9394
606 9394
606 9368
656 9368
656 9332
799 9332
799 9163
842 9163
842 9149
909 9149
909 9080
1031 9080
1031 9012
1090 9012
1090 8950
1139 8950
1139 8783
1160 8783
1160 8736
1201 8736
1201 8704
1258 8704
1258 8687
1289 8687
1289 8563
1415 8563
1415 8527
1476 8527
1476 8509
1501 8509
1501 8433
1559 8433
1559 8364
1629 8364
1629 8310
1666 8310
1666 8257
1804 8257
1804 8177
1892 8177
1892 8102
1972 8102
1972 8075
2085 8075
2085 7991
2189 7991
2189 7876
2244 7876
2244 7828
2272 7828
2272 7717
2360 7717
2360 7647
2452 7647
2452 7509
2607 7509
2607 7402
2673 7402
2673 7368
2784 7368
2784 7265
2832 7265
2832 7167
2967 7167
2967 7032
3014 7032
3014 7006
3162 7006
3162 6890
3216 6890
3216 6852
3282 6852
3282 6820
3388 6820
3388 6749
3515 6749
3515 6675
3573 6675
3573 6630
3606 6630
3606 6567
3659 6567
3659 6523
3743 6523
3743 6467
3768 6467
3768 6446
3811 6446
3811 6419
3867 6419
3867 6330
3923 6330
3923 6262
4007 6262
4007 6182
4063 6182
4063 6088
4133 6088
4133 5983
4181 5983
4181 5837
4294 5837
4294 5768
4330 5768
4330 5738
4414 5738
4414 5654
4433 5654
4433 5591
4552 5591
4552 5524
4580 5524
4580 5432
4626 5432
4626 5296
4850 5296
4850 5245
4998 5245
4998 5164
5044 5164
5044 5135
5128 5135
5128 5022
5214 5022
5214 4966
5248 4966
5248 4950
5277 4950
5277 4900
5302 4900
5302 4880
5323 4880
5323 4851
5385 4851
5385 4808
5461 4808
5461 4786
5543 4786
5543 4680
5620 4680
5620 4650
5640 4650
5640 4595
5745 4595
5745 4545
5786 4545
5786 4516
5818 4516
5818 4485
5870 4485
5870 4367
5945 4367
5945 4306
5992 4306
5992 4239
6049 4239
6049 4190
6109 4190
6109 4172
6152 4172
6152 4149
6208 4149
6208 4111
6245 4111
6245 4098
6282 4098
6282 3973
6339 3973
6339 3958
6398 3958
6398 3891
6443 3891
6443 3841
6546 3841
6546 3731
6627 3731
6627 3702
6702 3702
6702 3656
6798 3656
6798 3631
6823 3631
6823 3546
6911 3546
6911 3472
6986 3472
6986 3426
7036 3426
7036 3302
7089 3302
7089 3258
7104 3258
7104 3216
7155 3216
7155 3185
7181 3185
7181 3155
7201 3155
7201 3052
7289 3052
7289 3009
7339 3009
7339 2909
7388 2909
7388 2876
7402 2876
7402 2821
7468 2821
7468 2716
7567 2716
7567 2638
7618 2638
7618 2570
7678 2570
7678 2505
7763 2505
7763 2485
7835 2485
7835 2393
7865 2393
7865 2341
7923 2341
7923 2309
7954 2309
7954 2218
8014 2218
8014 2129
8073 2129
8073 2070
8112 2070
8112 1981
8269 1981
8269 1822
8341 1822
8341 1768
8382 1768
8382 1712
8468 1712
8468 1580
8628 1580
8628 1552
8701 1552
8701 1511
8750 1511
8750 1391
8799 1391
8799 1345
8845 1345
8845 1252
8892 1252
8892 1071
8940 1071
8940 1044
9013 1044
9013 967
9146 967
9146 892
9214 892
9214 777
9341 777
9341 750
9387 750
9387 695
9435 695
9435 641
9460 641
9460 612
9498 612
9498 589
9525 589
9525 565
9582 565
9582 464
9702 464
9702 306
9790 306
9790 264
9833 264
9833 176
9892 176
9892 94
9921 94
9921 67
10002 67
10002 9977
9979 9977
9979 9948
9956 9948
9956 9922
9915 9922
9915 9810
9896 9810
9896 9785
9859 9785
9859 9750
9830 9750
9830 9706
9765 9706
9765 9617
9612 9617
9612 9496
9564 9496
9564 9468
9526 9468
9526 9412
9468 9412
9468 9293
9353 9293
9353 9157
9240 9157
9240 9137
9144 9137
9144 9045
9078 9045
9078 8992
9021 8992
9021 8925
8944 8925
8944 8731
8878 8731
8878 8692
8842 8692
8842 8631
8794 8631
8794 8505
8622 8505
8622 8449
8544 8449
8544 8372
8446 8372
8446 8313
8401 8313
8401 8242
8343 8242
8343 8176
8267 8176
8267 8107
8137 8107
8137 8035
8078 8035
8078 8001
8006 8001
8006 7953
7932 7953
7932 7932
7918 7932
7918 7827
7866 7827
7866 7756
7833 7756
7833 7678
7747 7678
7747 7544
7611 7544
7611 7512
7542 7512
7542 7465
7466 7465
7466 7395
7417 7395
7417 7361
7390 7361
7390 7262
7341 7262
7341 7235
7293 7235
7293 7196
7203 7196
7203 7101
7159 7101
7159 7015
7107 7015
7107 6970
7014 6970
7014 6839
6975 6839
6975 6815
6944 6815
6944 6691
6854 6691
6854 6654
6812 6654
6812 6572
6779 6572
6779 6551
6658 6551
6658 6512
6619 6512
6619 6453
6534 6453
6534 6428
6452 6428
6452 6358
6439 6358
6439 6271
6328 6271
6328 6250
6252 6250
6252 6186
6229 6186
6229 6124
6157 6124
6157 6028
6065 6028
6065 5848
6039 5848
6039 5804
5993 5804
5993 5765
5929 5765
5929 5659
5834 5659
5834 5572
5819 5572
5819 5523
5771 5523
5771 5394
5719 5394
5719 5302
5627 5302
5627 5265
5603 5265
5603 5246
5541 5246
5541 5176
5431 5176
5431 5130
5347 5130
5347 5064
5309 5064
5309 4907
5163 4907
5163 4879
5104 4879
5104 4817
5014 4817
5014 4781
4900 4781
4900 4718
4857 4718
4857 4686
4669 4686
4669 4655
4634 4655
4634 4553
4588 4553
4588 4483
4482 4483
4482 4426
4423 4426
4423 4378
4385 4378
4385 4334
4287 4334
4287 4223
4194 4223
4194 4182
4146 4182
4146 4145
4050 4145
4050 4007
3948 4007
3948 3956
3919 3956
3919 3895
3812 3895
3812 3799
3758 3799
3758 3728
3736 3728
3736 3649
3588 3649
3588 3550
3517 3550
3517 3492
3459 3492
3459 3462
3352 3462
3352 3434
3221 3434
3221 3309
3173 3309
3173 3204
2990 3204
2990 3162
2959 3162
2959 3112
2886 3112
2886 3040
2823 3040
2823 2904
2791 2904
2791 2882
2758 2882
2758 2828
2676 2828
2676 2721
2595 2721
2595 2653
2550 2653
2550 2595
2399 2595
2399 2503
2349 2503
2349 2411
2262 2411
2262 2355
2242 2355
2242 2325
2177 2325
2177 2289
2139 2289
2139 2203
2064 2203
2064 2077
1997 2077
1997 2033
1904 2033
1904 1987
1878 1987
1878 1832
1809 1832
1809 1819
1775 1819
1775 1725
1649 1725
1649 1672
1579 1672
1579 1653
1539 1653
1539 1581
1475 1581
1475 1516
1412 1516
1412 1397
1308 1397
1308 1344
1276 1344
1276 1221
1226 1221
1226 1126
1173 1126
1173 1076
1135 1076
1135 1001
1118 1001
1118 954
1037 954
1037 907
918 907
918 852
844 852
844 772
798 772
798 752
764 752
764 690
650 690
650 643
591 643
591 588
563 588
563 551
518 551
518 524
448 524
448 379
407 379
407 287
369 287
369 262
316 262
316 141
153 141
153 86
79 86
79 52
23 52
23 13
0 13
