5091
0 24987
659 24987
659 23859
816 23859
816 23413
1374 23413
1374 22999
1413 22999
1413 22231
2527 22231
2527 21890
2596 21890
2596 21695
2845 21695
2845 21440
3046 21440
3046 21368
3367 21368
3367 21157
3491 21157
3491 20677
3628 20677
3628 20008
3968 20008
3968 19668
4509 19668
4509 19233
4625 19233
4625 18311
4777 18311
4777 18067
5132 18067
5132 17296
5261 17296
5261 17012
5548 17012
5548 16653
5715 16653
5715 16166
5757 16166
5757 15774
6175 15774
6175 15453
6487 15453
6487 14952
6913 14952
6913 14680
7695 14680
7695 14235
7949 14235
7949 13523
8471 13523
8471 13267
8939 13267
8939 12991
9101 12991
9101 12596
9139 12596
9139 12036
9609 12036
9609 11609
9858 11609
9858 10642
10186 10642
10186 10295
10505 10295
10505 10274
10867 10274
10867 10189
11331 10189
11331 9867
11449 9867
11449 9797
11978 9797
11978 9433
12076 9433
12076 9067
12175 9067
12175 8540
12321 8540
12321 8235
12691 8235
12691 7302
13233 7302
13233 6687
13483 6687
13483 5833
13635 5833
13635 5625
14115 5625
14115 5210
14225 5210
14225 4707
14434 4707
14434 4306
14583 4306
14583 4115
15193 4115
15193 4061
15583 4061
15583 3919
16294 3919
16294 3878
16560 3878
16560 3736
17167 3736
17167 3623
17287 3623
17287 3396
17615 3396
17615 3172
17886 3172
17886 2810
18035 2810
18035 2539
18536 2539
18536 2090
18935 2090
18935 1890
19205 1890
19205 1492
19572 1492
19572 1276
20300 1276
20300 1211
21326 1211
21326 1150
22019 1150
22019 874
22467 874
22467 476
23864 476
23864 269
24109 269
24109 54
24995 54
24995 24805
24833 24805
24833 24750
24516 24750
24516 24122
24404 24122
24404 23350
24319 23350
24319 23058
24141 23058
24141 22268
23717 22268
23717 21500
23529 21500
23529 21309
22427 21309
22427 20863
22300 20863
22300 20284
22024 20284
22024 20109
21608 20109
21608 19520
21444 19520
21444 18935
21109 18935
21109 18104
21021 18104
21021 17630
20848 17630
20848 17478
20691 17478
20691 16969
20306 16969
20306 16708
20086 16708
20086 15591
19898 15591
19898 14543
19530 14543
19530 13977
19511 13977
19511 13540
19329 13540
19329 12651
19262 12651
19262 11831
19061 11831
19061 11511
18665 11511
18665 11161
18604 11161
18604 10858
18219 10858
18219 10413
17931 10413
17931 9871
17877 9871
17877 9770
17605 9770
17605 9366
17505 9366
17505 8723
17114 8723
17114 8614
16789 8614
16789 8294
16519 8294
16519 7774
16049 7774
16049 7693
15000 7693
15000 7296
14493 7296
14493 7213
14145 7213
14145 7184
13828 7184
13828 6755
13751 6755
13751 6220
13124 6220
13124 5885
12680 5885
12680 5739
12093 5739
12093 5281
11733 5281
11733 5078
10479 5078
10479 4814
10409 4814
10409 4245
10224 4245
10224 3738
10181 3738
10181 3481
9956 3481
9956 2278
9878 2278
9878 2111
9304 2111
9304 1854
8812 1854
8812 1558
7857 1558
7857 1523
7742 1523
7742 1270
7312 1270
7312 1169
6205 1169
6205 1134
6110 1134
6110 1009
5377 1009
5377 944
4756 944
4756 830
4150 830
4150 791
3739 791
3739 700
3275 700
3275 471
1630 471
1630 444
780 444
780 70
0 70
0 277
165 277
165 1094
436 1094
436 1242
1524 1242
1524 1607
1609 1607
1609 1867
2204 1867
2204 1988
2899 1988
2899 2667
3010 2667
3010 2729
3396 2729
3396 3922
3607 3922
3607 4212
3880 4212
3880 4419
4733 4419
4733 4757
4894 4757
4894 4906
5016 4906
5016 5591
5747 5591
5747 5704
6062 5704
6062 6046
6260 6046
6260 6327
6504 6327
6504 7271
6588 7271
6588 7725
7143 7725
7143 8150
7273 8150
7273 9022
7419 9022
7419 9460
7552 9460
7552 9697
8398 9697
8398 10425
8772 10425
8772 10661
8888 10661
8888 11055
9158 11055
9158 11584
9741 11584
9741 11995
10016 11995
10016 12553
10157 12553
10157 12971
10295 12971
10295 13686
10386 13686
10386 14089
10666 14089
10666 14442
10899 14442
10899 15877
10932 15877
10932 16117
11280 16117
11280 16505
11382 16505
11382 16837
11767 16837
11767 17036
11906 17036
11906 17187
12258 17187
12258 17446
12802 17446
12802 17668
13082 17668
13082 17814
13447 17814
13447 18561
13922 18561
13922 19183
14099 19183
14099 19666
14235 19666
14235 20078
14668 20078
14668 20192
14974 20192
14974 21203
15329 21203
15329 21294
15666 21294
15666 21576
15749 21576
15749 22439
16357 22439
16357 22544
16678 22544
16678 22837
16894 22837
16894 23002
17483 23002
17483 23296
18186 23296
18186 23820
18506 23820
18506 24013
19146 24013
19146 24090
19768 24090
19768 24152
20106 24152
20106 24368
21526 24368
21526 24454
21901 24454
21901 24651
22462 24651
22462 24788
23402 24788
23402 24962
24995 24962
24995 236
24392 236
24392 863
23876 863
23876 1316
23543 1316
23543 1568
23382 1568
23382 2010
23325 2010
23325 2049
22321 2049
22321 2559
21617 2559
21617 2768
21134 2768
21134 3455
20636 3455
20636 3683
20051 3683
20051 4092
19588 4092
19588 4247
19054 4247
19054 4930
18929 4930
18929 5087
18522 5087
18522 5304
17762 5304
17762 5594
17139 5594
17139 5873
16984 5873
16984 6124
16688 6124
16688 6570
16593 6570
16593 7200
16279 7200
16279 8407
16059 8407
16059 8625
15630 8625
15630 8874
14872 8874
14872 9550
14515 9550
14515 9738
14215 9738
14215 9973
13913 9973
13913 10184
13764 10184
13764 10465
13510 10465
13510 10663
13294 10663
13294 10894
12903 10894
12903 11348
12624 11348
12624 11462
12200 11462
12200 12158
12125 12158
12125 12217
11495 12217
11495 12383
10970 12383
10970 12674
10390 12674
10390 13594
9979 13594
9979 13691
9523 13691
9523 13921
9087 13921
9087 14638
8889 14638
8889 15810
8672 15810
8672 16302
8498 16302
8498 16692
8298 16692
8298 16805
8058 16805
8058 17622
7808 17622
7808 18174
7619 18174
7619 18757
7572 18757
7572 19066
7085 19066
7085 19194
6808 19194
6808 19453
6522 19453
6522 20165
5927 20165
5927 20593
5321 20593
5321 20900
4283 20900
4283 21167
4183 21167
4183 21575
4118 21575
4118 21950
3258 21950
3258 22336
3121 22336
3121 23333
3062 23333
3062 23556
2692 23556
2692 23880
2325 23880
2325 24337
1863 24337
1863 24426
1255 24426
1255 24917
0 24917
0 148
1234 148
1234 261
2229 261
2229 561
2788 561
2788 889
3654 889
3654 1320
3985 1320
3985 1533
4189 1533
4189 2001
4278 2001
4278 2446
4661 2446
4661 2494
5254 2494
5254 2917
5327 2917
5327 3199
5512 3199
5512 4211
5906 4211
5906 4401
6020 4401
6020 4949
6537 4949
6537 5202
6711 5202
6711 5759
7075 5759
7075 6145
7319 6145
7319 6389
7769 6389
7769 6514
7979 6514
7979 6991
8717 6991
8717 7311
9222 7311
9222 7621
9690 7621
9690 8351
9977 8351
9977 8748
10269 8748
10269 8793
10562 8793
10562 9332
11337 9332
11337 10102
11678 10102
11678 10240
11918 10240
11918 10670
12527 10670
12527 10782
13041 10782
13041 11076
13525 11076
13525 11163
13771 11163
13771 11948
14342 11948
14342 12208
15016 12208
15016 12333
15166 12333
15166 12765
15506 12765
15506 12899
15830 12899
15830 13380
16206 13380
16206 13813
16630 13813
16630 15253
16751 15253
16751 15695
16922 15695
16922 15986
17021 15986
17021 16223
17299 16223
17299 16324
17646 16324
17646 16630
18386 16630
18386 17116
19024 17116
19024 17354
19228 17354
19228 18044
19480 18044
19480 18323
19490 18323
19490 18597
19933 18597
19933 19577
20244 19577
20244 20145
20737 20145
20737 20460
21026 20460
21026 20696
21307 20696
21307 21333
21747 21333
21747 21611
22085 21611
22085 21880
22328 21880
22328 22543
22685 22543
22685 22973
23211 22973
23211 23206
23377 23206
23377 23465
24752 23465
24752 23908
24915 23908
24915 24995
1369 24995
1369 24770
2401 24770
2401 24464
2829 24464
2829 24065
3159 24065
3159 23589
3842 23589
3842 23341
4100 23341
4100 22515
4761 22515
4761 22140
5592 22140
5592 22088
5918 22088
5918 21586
6317 21586
6317 21230
6881 21230
6881 20882
7639 20882
7639 20775
7984 20775
7984 20128
8301 20128
8301 20033
8911 20033
8911 19778
9402 19778
9402 19554
9984 19554
9984 19450
10260 19450
10260 18989
10634 18989
10634 18882
10934 18882
10934 18623
11582 18623
11582 17704
11597 17704
11597 16957
11635 16957
11635 16510
12631 16510
12631 16474
12798 16474
12798 16178
13414 16178
13414 15931
13623 15931
13623 15629
13833 15629
13833 15029
13974 15029
13974 14093
14282 14093
14282 13612
14475 13612
14475 13370
14986 13370
14986 13290
15227 13290
15227 12912
15468 12912
15468 12425
15788 12425
15788 11631
16271 11631
16271 11572
16850 11572
16850 11280
17001 11280
17001 11034
17163 11034
17163 10767
17774 10767
17774 10268
18648 10268
18648 10004
18769 10004
18769 9826
19159 9826
19159 9630
19827 9630
19827 9351
20175 9351
20175 9214
20292 9214
20292 8075
20412 8075
20412 7599
21038 7599
21038 6512
21099 6512
21099 6158
21277 6158
21277 5989
21517 5989
21517 5857
21928 5857
21928 5588
22719 5588
22719 5515
23430 5515
23430 5341
23442 5341
23442 4751
23616 4751
23616 3612
23727 3612
23727 2906
24125 2906
24125 2653
24563 2653
24563 1829
24779 1829
24779 1602
24795 1602
24795 0
23779 0
23779 347
22794 347
22794 987
22483 987
22483 1249
22188 1249
22188 1528
21851 1528
21851 1803
21542 1803
21542 2265
21226 2265
21226 2680
20035 2680
20035 2737
19859 2737
19859 3036
19120 3036
19120 3226
18918 3226
18918 3452
18726 3452
18726 3669
17323 3669
17323 3894
17211 3894
17211 3984
16648 3984
16648 4233
15121 4233
15121 4389
14780 4389
14780 4455
13492 4455
13492 5115
13241 5115
13241 5248
12799 5248
12799 5472
12621 5472
12621 5804
12072 5804
12072 6205
11440 6205
11440 6304
11178 6304
11178 6664
11064 6664
11064 7288
10734 7288
10734 7471
10557 7471
10557 8333
10249 8333
10249 8511
9200 8511
9200 8771
8696 8771
8696 9187
8012 9187
8012 9588
7916 9588
7916 10674
7658 10674
7658 10791
7339 10791
7339 11269
6980 11269
6980 11487
6001 11487
6001 11588
5654 11588
5654 12044
5161 12044
5161 12346
4879 12346
4879 12497
4174 12497
4174 12750
4114 12750
4114 13721
3991 13721
3991 14456
3943 14456
3943 14823
3694 14823
3694 15145
3353 15145
3353 15521
3000 15521
3000 16036
2939 16036
2939 16389
2671 16389
2671 17957
2604 17957
2604 18571
2495 18571
2495 18790
2349 18790
2349 19351
2007 19351
2007 19709
1966 19709
1966 19909
1765 19909
1765 20461
1302 20461
1302 21199
1184 21199
1184 21737
699 21737
699 22073
376 22073
376 22972
261 22972
261 23475
7 23475
7 24995
24293 24995
24293 24051
23414 24051
23414 23804
23219 23804
23219 23382
22473 23382
22473 22916
21554 22916
21554 22523
20999 22523
20999 22208
20929 22208
20929 21772
20104 21772
20104 21600
19179 21600
19179 21460
19075 21460
19075 21121
18857 21121
18857 20842
18473 20842
18473 19979
18301 19979
18301 19419
17832 19419
17832 19379
17581 19379
17581 19265
17068 19265
17068 18736
16921 18736
16921 17829
16776 17829
16776 17489
16591 17489
16591 16669
16057 16669
16057 16385
15578 16385
15578 15803
14814 15803
14814 15637
14585 15637
14585 14959
14378 14959
14378 14192
13823 14192
13823 13973
13032 13973
13032 13823
12650 13823
12650 13695
12368 13695
12368 13506
11889 13506
11889 13077
11217 13077
11217 12702
9758 12702
9758 12390
9382 12390
9382 12112
8827 12112
8827 12010
8407 12010
8407 11605
7921 11605
7921 10996
7148 10996
7148 10525
7098 10525
7098 9837
6932 9837
6932 9099
6897 9099
6897 8588
6538 8588
6538 7967
6451 7967
6451 7543
5869 7543
5869 7449
5454 7449
5454 7363
4268 7363
4268 7253
4128 7253
4128 7090
3774 7090
3774 6256
3678 6256
3678 5582
3467 5582
3467 5086
3260 5086
3260 4259
2902 4259
2902 4196
2539 4196
2539 3366
2419 3366
2419 2871
1798 2871
1798 2578
1097 2578
1097 2360
923 2360
923 1830
211 1830
211 1655
208 1655
208 1255
0 1255
0 334
1505 334
1505 794
2485 794
2485 1005
3009 1005
3009 1456
3487 1456
3487 1564
3653 1564
3653 1904
4949 1904
4949 1929
5437 1929
5437 2018
6292 2018
6292 2160
7113 2160
7113 2184
7912 2184
7912 2564
8152 2564
8152 2977
8373 2977
8373 3762
8439 3762
8439 4314
8617 4314
8617 4990
8667 4990
8667 5160
9143 5160
9143 5225
9641 5225
9641 5559
10314 5559
10314 6271
10565 6271
10565 6571
11658 6571
11658 7086
11854 7086
11854 7404
13293 7404
13293 7614
13598 7614
13598 7932
14149 7932
14149 8081
15039 8081
15039 8123
15566 8123
15566 8299
17409 8299
17409 8689
17724 8689
17724 8954
17973 8954
17973 9197
18355 9197
18355 9416
18975 9416
18975 9855
19675 9855
19675 10000
19736 10000
19736 10850
20007 10850
20007 10950
20427 10950
20427 11303
20633 11303
20633 11447
20744 11447
20744 12467
21075 12467
21075 12740
21332 12740
21332 13137
21405 13137
21405 14499
21481 14499
21481 15324
21584 15324
21584 15783
22041 15783
22041 15904
22261 15904
22261 16268
22876 16268
22876 17042
23026 17042
23026 17526
23446 17526
23446 18306
23583 18306
23583 18853
23903 18853
23903 19328
24175 19328
24175 20085
24410 20085
24410 20628
24494 20628
24494 21394
24743 21394
24743 22504
24821 22504
24821 23175
24995 23175
24995 24940
22515 24940
22515 24800
20863 24800
20863 24706
20291 24706
20291 24565
19884 24565
19884 24478
18963 24478
18963 24228
18628 24228
18628 23964
18073 23964
18073 23816
17601 23816
17601 23376
16909 23376
16909 23096
16480 23096
16480 22563
15853 22563
15853 22116
15305 22116
15305 21495
14363 21495
14363 21461
13718 21461
13718 21072
13652 21072
13652 20766
13420 20766
13420 20475
12960 20475
12960 20389
11951 20389
11951 19957
11195 19957
11195 19904
9727 19904
9727 19741
9265 19741
9265 19449
8935 19449
8935 18971
8628 18971
8628 18654
8418 18654
8418 18353
8205 18353
8205 18193
7524 18193
7524 17875
7218 17875
7218 17763
6605 17763
6605 17562
5903 17562
5903 16802
5785 16802
5785 16663
5660 16663
5660 15630
5565 15630
5565 15269
5455 15269
5455 14927
5091 14927
5091 14314
4995 14314
4995 13393
4917 13393
4917 12223
4582 12223
4582 11443
4439 11443
4439 10726
4280 10726
4280 9693
3978 9693
3978 9664
3759 9664
3759 9386
3394 9386
3394 8927
3167 8927
3167 8436
2850 8436
2850 8162
2564 8162
2564 8018
2252 8018
2252 7681
1326 7681
1326 7532
1031 7532
1031 6610
934 6610
934 6340
717 6340
717 6045
666 6045
666 4761
207 4761
207 4569
163 4569
163 4340
125 4340
125 1722
0 1722
0 22786
617 22786
617 22222
1116 22222
1116 21704
1683 21704
1683 21492
2408 21492
2408 21189
2721 21189
2721 20780
3137 20780
3137 20601
3244 20601
3244 20490
4177 20490
4177 20091
4737 20091
4737 19648
5316 19648
5316 19051
6021 19051
6021 18051
6264 18051
6264 17676
7253 17676
7253 17496
8427 17496
8427 17448
8542 17448
8542 16982
9015 16982
9015 16610
9424 16610
9424 16496
10194 16496
10194 16096
11316 16096
11316 16013
11533 16013
11533 15474
11584 15474
11584 14852
11827 14852
11827 14407
12011 14407
12011 13840
12630 13840
12630 12914
13071 12914
13071 12795
13218 12795
13218 12185
13374 12185
13374 10829
13945 10829
13945 10580
14120 10580
14120 10516
14185 10516
14185 10466
15599 10466
15599 10336
16302 10336
16302 10233
16710 10233
16710 9408
16810 9408
16810 8946
17099 8946
17099 8388
17452 8388
17452 7618
17756 7618
17756 7368
18083 7368
18083 7001
18227 7001
18227 6969
18478 6969
18478 6584
18843 6584
18843 5715
19654 5715
19654 5555
20331 5555
20331 5173
20822 5173
20822 3902
21004 3902
21004 3725
22015 3725
22015 3663
22332 3663
22332 3174
23039 3174
23039 2677
23403 2677
23403 2586
23805 2586
23805 2348
24326 2348
24326 1719
24528 1719
24528 1008
24855 1008
24855 0
24534 0
24534 975
24322 975
24322 1435
23777 1435
23777 2274
23451 2274
23451 2525
23154 2525
23154 3198
22341 3198
22341 4660
22322 4660
22322 4904
22115 4904
22115 6017
21954 6017
21954 6614
21725 6614
21725 6899
21352 6899
21352 7770
21160 7770
21160 8395
21117 8395
21117 9247
20850 9247
20850 9777
20457 9777
20457 10415
20307 10415
20307 10701
19378 10701
19378 11058
18831 11058
18831 11546
18458 11546
18458 12134
18170 12134
18170 12227
17798 12227
17798 12521
17378 12521
17378 12761
17206 12761
17206 13424
16970 13424
16970 14644
16823 14644
16823 15776
16644 15776
16644 15936
15987 15936
15987 16730
15419 16730
15419 17288
14769 17288
14769 17465
14139 17465
14139 17673
13534 17673
13534 17893
13493 17893
13493 18220
12751 18220
12751 18406
12733 18406
12733 19189
12649 19189
12649 19675
11631 19675
11631 20107
10703 20107
10703 20226
10363 20226
10363 20668
10062 20668
10062 21041
10001 21041
10001 21308
9834 21308
9834 21518
8446 21518
8446 21846
7993 21846
7993 21883
7581 21883
7581 22432
7263 22432
7263 23023
6870 23023
6870 23074
6428 23074
6428 23972
5603 23972
5603 24114
4819 24114
4819 24444
4515 24444
4515 24666
3188 24666
3188 24798
2216 24798
2216 24995
3195 24995
3195 24921
4328 24921
4328 24819
5685 24819
5685 24592
6190 24592
6190 24385
7262 24385
7262 24169
7705 24169
7705 24001
7977 24001
7977 23968
8229 23968
8229 23219
8435 23219
8435 23081
8731 23081
8731 22684
9924 22684
9924 22548
10750 22548
10750 22028
11424 22028
11424 21913
11896 21913
11896 21811
12049 21811
12049 21246
12846 21246
12846 20917
13185 20917
13185 20507
13831 20507
13831 20266
14809 20266
14809 19823
14932 19823
14932 19221
15450 19221
15450 18899
15876 18899
15876 18579
16285 18579
16285 18099
16506 18099
16506 17494
17519 17494
17519 17459
18532 17459
18532 17128
18825 17128
18825 16909
19508 16909
19508 16864
19706 16864
19706 16214
19911 16214
19911 15997
20424 15997
20424 15391
20497 15391
20497 15016
20786 15016
20786 14558
20917 14558
20917 13983
21110 13983
21110 13313
21511 13313
21511 12739
21587 12739
21587 12526
21906 12526
21906 11846
22025 11846
22025 10819
22313 10819
22313 10033
22743 10033
22743 9887
22978 9887
22978 9359
23273 9359
23273 9108
23378 9108
23378 7860
23572 7860
23572 7698
24018 7698
24018 7552
24225 7552
24225 6216
24349 6216
24349 5606
24525 5606
24525 4321
24721 4321
24721 3749
24864 3749
24864 2621
24995 2621
24995 97
21224 97
21224 245
20532 245
20532 299
20144 299
20144 718
19247 718
19247 813
19110 813
19110 943
18124 943
18124 1559
18004 1559
18004 1827
17849 1827
17849 2417
17707 2417
17707 2597
17014 2597
17014 3015
16677 3015
16677 3151
15687 3151
15687 3399
15005 3399
15005 3498
14332 3498
14332 3942
13075 3942
13075 4193
12203 4193
12203 4584
12014 4584
12014 4894
11513 4894
11513 5485
10827 5485
10827 5863
10656 5863
10656 6206
9470 6206
9470 6578
9262 6578
9262 6792
8751 6792
8751 7136
8417 7136
8417 7695
7750 7695
7750 8364
7428 8364
7428 9276
7303 9276
7303 9491
6054 9491
6054 9844
5564 9844
5564 10071
5422 10071
5422 10484
4810 10484
4810 10725
4277 10725
4277 11104
4239 11104
4239 11326
3679 11326
3679 11963
3480 11963
3480 12571
3249 12571
3249 13933
3142 13933
3142 14578
2982 14578
2982 15014
2557 15014
2557 15547
2306 15547
2306 15821
1792 15821
1792 16490
1652 16490
1652 17076
1393 17076
1393 17394
1169 17394
1169 17797
929 17797
929 18838
739 18838
739 19333
315 19333
315 19462
221 19462
221 20252
56 20252
56 20858
0 20858
0 804
1836 804
1836 1080
3196 1080
3196 1560
3362 1560
3362 1920
4070 1920
4070 2687
4312 2687
4312 2930
4738 2930
4738 3860
4816 3860
4816 4028
5392 4028
5392 4312
5611 4312
5611 4369
6466 4369
6466 4913
7478 4913
7478 5114
8264 5114
8264 5707
9045 5707
9045 6002
9183 6002
9183 6101
9235 6101
9235 6360
10113 6360
10113 7585
11086 7585
11086 7762
11917 7762
11917 8495
12429 8495
12429 8796
13081 8796
13081 9167
13305 9167
13305 9497
13446 9497
13446 10158
14143 10158
14143 10275
14451 10275
14451 10861
14689 10861
14689 11310
15326 11310
15326 11456
17003 11456
17003 11696
17525 11696
17525 12092
17628 12092
17628 12204
17871 12204
17871 13003
18426 13003
18426 13306
19127 13306
19127 13481
20109 13481
20109 14154
20335 14154
20335 14965
20563 14965
20563 15361
20790 15361
20790 16111
21046 16111
21046 16300
21389 16300
21389 16900
21884 16900
21884 17029
22540 17029
22540 17950
22832 17950
22832 18421
22912 18421
22912 18587
23556 18587
23556 19487
23807 19487
23807 20103
24067 20103
24067 20746
24301 20746
24301 21944
24341 21944
24341 22363
24770 22363
24770 24995
24587 24995
24587 22883
23998 22883
23998 22530
23398 22530
23398 22323
22761 22323
22761 22066
21987 22066
21987 21821
21591 21821
21591 20840
21355 20840
21355 20531
20127 20531
20127 20448
20088 20448
20088 20371
19531 20371
19531 19400
19078 19400
19078 19264
18031 19264
18031 18812
17982 18812
17982 18002
17080 18002
17080 17855
16256 17855
16256 17742
16129 17742
16129 17304
15901 17304
15901 17045
15123 17045
15123 16306
14478 16306
14478 15833
13040 15833
13040 15515
12387 15515
12387 15069
12287 15069
12287 14975
11802 14975
11802 14116
11439 14116
11439 13919
10336 13919
10336 13665
9436 13665
9436 13398
9084 13398
9084 12926
8284 12926
8284 12706
6929 12706
6929 12575
6821 12575
6821 12323
6162 12323
6162 11895
5883 11895
5883 11356
5625 11356
5625 11090
5031 11090
5031 10907
4611 10907
4611 9575
4563 9575
4563 8700
4237 8700
4237 7842
3542 7842
3542 7401
3225 7401
3225 7048
2985 7048
2985 6059
2849 6059
2849 5879
2688 5879
2688 4957
2462 4957
2462 4545
2057 4545
2057 4407
1632 4407
1632 3965
882 3965
882 3703
632 3703
632 2993
314 2993
314 0
22263 0
22263 407
21374 407
21374 632
20464 632
20464 1026
20001 1026
20001 1337
19211 1337
19211 1385
18940 1385
18940 1635
17840 1635
17840 2234
17655 2234
17655 2858
17129 2858
17129 3108
17072 3108
17072 4139
16511 4139
16511 4759
16040 4759
16040 5235
15792 5235
15792 5801
15624 5801
15624 6343
15508 6343
15508 6467
14969 6467
14969 6948
14184 6948
14184 8055
13644 8055
13644 8400
13304 8400
13304 9282
12917 9282
12917 9506
12847 9506
12847 9829
12643 9829
12643 10168
12585 10168
12585 12014
12536 12014
12536 12470
12078 12470
12078 12732
11579 12732
11579 13744
11348 13744
11348 14948
11109 14948
11109 15926
10671 15926
10671 16360
10094 16360
10094 17276
9789 17276
9789 17610
8988 17610
8988 17871
8825 17871
8825 18539
8136 18539
8136 18908
7820 18908
7820 19286
7456 19286
7456 20047
6855 20047
6855 20578
6536 20578
6536 20794
5576 20794
5576 21232
4929 21232
4929 21861
4595 21861
4595 22150
3088 22150
3088 22278
2624 22278
2624 22954
2479 22954
2479 23551
2247 23551
2247 23756
1201 23756
1201 24249
0 24249
0 22399
116 22399
116 20580
313 20580
313 18768
542 18768
542 17777
814 17777
814 17326
991 17326
991 16254
1024 16254
1024 15555
1258 15555
1258 14704
1351 14704
1351 14112
1429 14112
1429 12798
1669 12798
1669 12414
1778 12414
1778 12096
1894 12096
1894 11852
2123 11852
2123 11060
2273 11060
2273 10638
2911 10638
2911 10175
3165 10175
3165 9221
3360 9221
3360 8154
3482 8154
3482 7930
3848 7930
3848 7651
5029 7651
5029 7632
5258 7632
5258 6910
6321 6910
6321 6524
6500 6524
6500 5908
6628 5908
6628 5495
7183 5495
7183 5038
7876 5038
7876 4516
8248 4516
8248 4250
9275 4250
9275 4152
9534 4152
9534 3743
10564 3743
10564 3336
11130 3336
11130 2500
11313 2500
11313 2122
11795 2122
11795 1839
12609 1839
12609 1688
13165 1688
13165 1512
13239 1512
13239 1390
13641 1390
13641 1192
13802 1192
13802 1088
14379 1088
14379 790
14945 790
14945 766
16000 766
16000 672
16779 672
16779 496
16816 496
16816 255
19442 255
19442 115
20387 115
20387 0
1311 0
1311 1310
1418 1310
1418 1852
2757 1852
2757 2346
3245 2346
3245 2929
4187 2929
4187 3520
4525 3520
4525 4213
4971 4213
4971 4616
5501 4616
5501 4819
6335 4819
6335 5363
6462 5363
6462 6309
7071 6309
7071 6406
7582 6406
7582 6848
8793 6848
8793 7636
9017 7636
9017 8044
9151 8044
9151 9032
9732 9032
9732 9899
10089 9899
10089 10156
10217 10156
10217 10721
10497 10721
10497 11084
11377 11084
11377 11357
11833 11357
11833 11663
12344 11663
12344 11821
12721 11821
12721 12180
13653 12180
13653 12409
16266 12409
16266 12649
16660 12649
16660 12918
17310 12918
17310 13799
17484 13799
17484 13987
17858 13987
17858 14821
18045 14821
18045 14936
18106 14936
18106 15212
18356 15212
18356 15740
19055 15740
19055 17091
19514 17091
19514 17409
19951 17409
19951 17481
20443 17481
20443 17938
20844 17938
20844 19041
21438 19041
21438 20139
21594 20139
21594 20838
21892 20838
21892 21450
22407 21450
22407 21608
23210 21608
23210 21887
23653 21887
23653 23134
23851 23134
23851 23369
24995 23369
24995 4582
24925 4582
24925 6133
24665 6133
24665 7282
24591 7282
24591 7850
24290 7850
24290 8328
24114 8328
24114 9106
24029 9106
24029 9807
23960 9807
23960 10303
23669 10303
23669 10646
23213 10646
23213 10846
22971 10846
22971 11002
21275 11002
21275 11298
21206 11298
21206 11698
20456 11698
20456 11991
20213 11991
20213 12272
20013 12272
20013 12398
19760 12398
19760 12523
19397 12523
19397 13288
17974 13288
17974 13448
15796 13448
15796 13727
15380 13727
15380 13818
15013 13818
15013 13978
14671 13978
14671 14151
13132 14151
13132 14214
12490 14214
12490 15011
11863 15011
11863 15482
11385 15482
11385 16454
11011 16454
11011 17164
10391 17164
10391 17888
10248 17888
10248 18233
9829 18233
9829 18684
9190 18684
9190 19057
8822 19057
8822 19534
8475 19534
8475 20339
8200 20339
8200 20879
7585 20879
7585 21301
7097 21301
7097 21395
6528 21395
6528 22042
5846 22042
5846 23010
5579 23010
5579 23045
5167 23045
5167 23568
4110 23568
4110 23867
3878 23867
3878 24271
1300 24271
1300 24995
23691 24995
23691 24144
22737 24144
22737 23368
22058 23368
22058 23136
20514 23136
20514 23036
20233 23036
20233 22541
20006 22541
20006 22313
19361 22313
19361 22065
18586 22065
18586 21520
18434 21520
18434 21243
18264 21243
18264 20644
16956 20644
16956 20381
16296 20381
16296 20048
16270 20048
16270 19848
15698 19848
15698 19563
14031 19563
14031 19490
12727 19490
12727 19164
12092 19164
12092 18592
11992 18592
11992 18361
11655 18361
11655 17916
10731 17916
10731 17693
9587 17693
9587 17030
8426 17030
8426 16597
8030 16597
8030 16040
7668 16040
7668 15722
7241 15722
7241 15101
7164 15101
7164 14035
6510 14035
6510 13582
6113 13582
6113 13491
5636 13491
5636 13209
5187 13209
5187 12549
4508 12549
4508 11636
4144 11636
4144 11564
4012 11564
4012 10834
3494 10834
3494 10569
3255 10569
3255 10085
3069 10085
3069 8397
2652 8397
2652 6563
2472 6563
2472 5672
2004 5672
2004 5581
1612 5581
1612 4742
936 4742
936 4481
496 4481
496 3397
237 3397
237 0
23575 0
23575 868
23354 868
23354 1118
21782 1118
21782 1407
21182 1407
21182 1593
20590 1593
20590 1757
19458 1757
19458 2283
19038 2283
19038 2713
18330 2713
18330 3225
18046 3225
18046 4044
17688 4044
17688 4645
16655 4645
16655 4939
15758 4939
15758 4979
14633 4979
14633 5302
14220 5302
14220 5813
13944 5813
13944 6541
13216 6541
13216 6795
12249 6795
12249 7464
11481 7464
11481 8038
10589 8038
10589 8344
10365 8344
10365 9631
10200 9631
10200 10219
9863 10219
9863 10504
8295 10504
8295 10709
7859 10709
7859 11568
7579 11568
7579 12559
6703 12559
6703 13002
6293 13002
6293 13908
6261 13908
6261 14071
5528 14071
5528 14684
4910 14684
4910 15587
4631 15587
4631 16091
4192 16091
4192 16541
3970 16541
3970 17279
3430 17279
3430 17578
3317 17578
3317 18514
3294 18514
3294 18607
2909 18607
2909 19784
2523 19784
2523 20158
2351 20158
2351 20799
1608 20799
1608 21014
918 21014
918 21373
471 21373
471 21769
0 21769
0 156
4087 156
4087 282
4714 282
4714 412
5345 412
5345 579
6069 579
6069 671
8000 671
8000 784
8961 784
8961 1037
9350 1037
9350 1152
9822 1152
9822 1194
10833 1194
10833 1443
11309 1443
11309 1735
12375 1735
12375 1874
13579 1874
13579 2204
14431 2204
14431 2430
14565 2430
14565 2777
15219 2777
15219 3839
15515 3839
15515 4696
15601 4696
15601 5336
15970 5336
15970 5618
16564 5618
16564 5685
17216 5685
17216 6284
17862 6284
17862 6568
18512 6568
18512 7023
18809 7023
18809 7646
19098 7646
19098 7775
19310 7775
19310 8542
19972 8542
19972 9151
20310 9151
20310 9510
21234 9510
21234 9794
21534 9794
21534 10777
21628 10777
21628 11295
22336 11295
22336 11784
22844 11784
22844 11908
23190 11908
23190 12856
23718 12856
23718 13328
23878 13328
23878 13639
24187 13639
24187 13984
24334 13984
24334 14513
24573 14513
24573 15943
24663 15943
24663 18394
24701 18394
24701 19710
24970 19710
24970 21514
24995 21514
24995 24970
19960 24970
19960 24761
18688 24761
18688 24441
18300 24441
18300 24209
17716 24209
17716 24196
17181 24196
17181 23850
16664 23850
16664 23473
15659 23473
15659 23189
14904 23189
14904 22950
13892 22950
13892 22801
13612 22801
13612 22560
13180 22560
13180 22126
12107 22126
12107 21945
11575 21945
11575 21535
10938 21535
10938 21366
10620 21366
10620 20536
9358 20536
9358 20394
9057 20394
9057 20014
8608 20014
8608 19732
7903 19732
7903 19182
7666 19182
7666 18808
7055 18808
7055 18434
6369 18434
6369 18269
4467 18269
4467 17691
3905 17691
3905 17509
3550 17509
3550 17082
3267 17082
3267 16071
2996 16071
2996 15221
2828 15221
2828 14067
2549 14067
2549 13842
2435 13842
2435 13531
2271 13531
2271 13212
1902 13212
1902 11646
1575 11646
1575 11120
1455 11120
1455 10833
1222 10833
1222 9863
775 9863
775 9088
716 9088
716 8015
626 8015
626 7216
234 7216
234 6713
100 6713
100 3710
86 3710
86 0
24080 0
24080 1659
23352 1659
23352 2291
22560 2291
22560 2573
21915 2573
21915 3207
21149 3207
21149 3483
19963 3483
19963 3662
19062 3662
19062 4045
18836 4045
18836 5460
18297 5460
18297 5866
18008 5866
18008 6735
17557 6735
17557 6807
17284 6807
17284 7036
16902 7036
16902 7660
16494 7660
16494 8684
15945 8684
15945 8940
15410 8940
15410 9417
14177 9417
14177 9563
13237 9563
13237 9799
13059 9799
13059 9926
12059 9926
12059 10910
11539 10910
11539 11318
10297 11318
10297 12279
9625 12279
9625 13080
9282 13080
9282 13841
8732 13841
8732 14355
7900 14355
7900 14987
7179 14987
7179 15767
7081 15767
7081 16025
6273 16025
6273 16614
6093 16614
6093 16915
5100 16915
5100 17083
3518 17083
3518 17381
2603 17381
2603 17572
2231 17572
2231 17894
1751 17894
1751 18447
1292 18447
1292 18541
1013 18541
1013 19643
938 19643
938 21013
831 21013
831 21489
570 21489
570 24995
24467 24995
24467 21845
24008 21845
24008 20739
23497 20739
23497 19921
23060 19921
23060 19713
22561 19713
22561 19620
22317 19620
22317 19372
22158 19372
22158 18196
22000 18196
22000 17421
21351 17421
21351 16412
21138 16412
21138 15247
21013 15247
21013 13050
20599 13050
20599 12884
20520 12884
20520 11751
19959 11751
19959 11359
19460 11359
19460 11281
19132 11281
19132 10817
18777 10817
18777 10731
17136 10731
17136 10452
17033 10452
17033 10418
15407 10418
15407 10040
14947 10040
14947 9173
13757 9173
13757 8868
13464 8868
13464 8637
13323 8637
13323 8213
13052 8213
13052 6648
12124 6648
12124 5536
10826 5536
10826 4886
10021 4886
10021 4735
9651 4735
9651 4078
9141 4078
9141 3796
8759 3796
8759 3222
7847 3222
7847 2700
7295 2700
7295 2519
6815 2519
6815 2200
6002 2200
6002 1744
5087 1744
5087 1408
4955 1408
4955 702
4882 702
4882 638
3366 638
3366 321
0 321
0 1048
1142 1048
1142 2087
1557 2087
1557 3590
1880 3590
1880 4000
2388 4000
2388 4264
2769 4264
2769 4544
4153 4544
4153 4941
4604 4941
4604 5241
4980 5241
4980 6398
4986 6398
4986 6726
6140 6726
6140 7089
6344 7089
6344 7560
7530 7560
7530 8110
8223 8110
8223 8947
9007 8947
9007 9308
10134 9308
10134 9703
10536 9703
10536 10304
10940 10304
10940 11767
11122 11767
11122 11972
12052 11972
12052 12672
12378 12672
12378 13085
12622 13085
12622 14866
12752 14866
12752 15165
13200 15165
13200 16675
13407 16675
13407 17125
14140 17125
14140 17820
14735 17820
14735 18158
15621 18158
15621 18633
16228 18633
16228 19384
16295 19384
16295 20024
16829 20024
16829 21435
17050 21435
17050 21661
17903 21661
17903 22528
18409 22528
18409 22847
18926 22847
18926 23608
19113 23608
19113 23672
19996 23672
19996 23819
21780 23819
21780 24158
23153 24158
23153 24499
24995 24499
24995 3238
24006 3238
24006 4036
23880 4036
23880 5226
23545 5226
23545 6102
23314 6102
23314 6926
22852 6926
22852 7950
22487 7950
22487 8591
22127 8591
22127 8776
21721 8776
21721 9111
21420 9111
21420 10364
21262 10364
21262 10593
20764 10593
20764 10835
19943 10835
19943 11864
19375 11864
19375 12034
18413 12034
18413 13535
18254 13535
18254 13951
18085 13951
18085 14741
17448 14741
17448 15771
17176 15771
17176 17067
16987 17067
16987 17837
16595 17837
16595 18656
16156 18656
16156 19013
15603 19013
15603 19775
15106 19775
15106 20516
14411 20516
14411 20660
13949 20660
13949 21150
12496 21150
12496 22271
11877 22271
11877 22584
11306 22584
11306 22735
10869 22735
10869 22935
9427 22935
9427 23106
7636 23106
7636 23247
7240 23247
7240 23611
6674 23611
6674 24175
5739 24175
5739 24448
5018 24448
5018 24807
3276 24807
3276 24995
6533 24995
6533 24903
7160 24903
7160 24699
8190 24699
8190 24502
9077 24502
9077 24295
9714 24295
9714 24206
10502 24206
10502 23948
11544 23948
11544 23832
12732 23832
12732 23572
13279 23572
13279 23204
14249 23204
14249 22716
14609 22716
14609 22296
14900 22296
14900 22067
15053 22067
15053 21285
15684 21285
15684 20457
15931 20457
15931 19611
17193 19611
17193 19484
18119 19484
18119 18737
18376 18737
18376 18418
18723 18418
18723 18185
19858 18185
19858 17462
19922 17462
19922 16375
20103 16375
20103 15414
20898 15414
20898 15017
21382 15017
21382 14675
22072 14675
22072 14213
22244 14213
22244 13141
22344 13141
22344 12828
22855 12828
22855 12332
23063 12332
23063 11079
23171 11079
23171 8682
23425 8682
23425 8339
23712 8339
23712 7535
23867 7535
23867 6627
23981 6627
23981 5469
24099 5469
24099 4285
24382 4285
24382 0
24484 0
24484 3779
23817 3779
23817 4183
23029 4183
23029 4427
22170 4427
22170 4510
21754 4510
21754 4804
21198 4804
21198 5838
20581 5838
20581 6062
19719 6062
19719 7021
19103 7021
19103 7487
18986 7487
18986 8042
18747 8042
18747 8907
18211 8907
18211 9567
17901 9567
17901 11186
17726 11186
17726 11690
17466 11690
17466 12056
16459 12056
16459 12645
15709 12645
15709 13305
15199 13305
15199 14135
14715 14135
14715 14885
13990 14885
13990 16425
13679 16425
13679 17231
13411 17231
13411 17694
12805 17694
12805 18030
12280 18030
12280 18727
11374 18727
11374 19442
11262 19442
11262 20367
10617 20367
10617 20556
8553 20556
8553 20930
8127 20930
8127 22036
7343 22036
7343 22170
6278 22170
6278 22466
4984 22466
4984 22668
3721 22668
3721 23046
3221 23046
3221 23197
2126 23197
2126 23450
0 23450
0 20890
356 20890
356 19338
826 19338
826 17940
1139 17940
1139 16677
1308 16677
1308 15175
1378 15175
1378 14719
1734 14719
1734 14044
1791 14044
1791 13755
2217 13755
2217 13256
2507 13256
2507 11792
2919 11792
2919 10891
3186 10891
3186 10373
3857 10373
3857 9956
4257 9956
4257 9539
4751 9539
4751 8767
5039 8767
5039 7702
5955 7702
5955 7015
6936 7015
6936 6437
7355 6437
7355 5229
8463 5229
8463 4846
8860 4846
8860 4448
9564 4448
9564 4059
10807 4059
10807 3656
11537 3656
11537 3428
12194 3428
12194 3130
13097 3130
13097 2424
14079 2424
14079 2276
15066 2276
15066 2057
15845 2057
15845 2019
16606 2019
16606 1786
16858 1786
16858 1400
17266 1400
17266 1190
18101 1190
18101 563
18507 563
18507 104
19737 104
19737 0
7567 0
7567 102
8612 102
8612 151
9502 151
9502 437
10013 437
10013 499
11349 499
11349 782
12638 782
12638 899
13210 899
13210 1266
13524 1266
13524 1417
14390 1417
14390 1796
14508 1796
14508 1919
15489 1919
15489 2101
16011 2101
16011 2198
16528 2198
16528 2442
16675 2442
16675 2722
18621 2722
18621 3056
18760 3056
18760 4235
19116 4235
19116 4365
19372 4365
19372 5203
19656 5203
19656 5836
20099 5836
20099 6706
20578 6706
20578 7204
20855 7204
20855 8174
20994 8174
20994 8563
21788 8563
21788 8819
22562 8819
22562 9251
23404 9251
23404 9278
23882 9278
23882 9852
23994 9852
23994 10768
24374 10768
24374 11248
24470 11248
24470 11550
24644 11550
24644 13215
24792 13215
24792 15046
24945 15046
24945 18903
24980 18903
24980 24995
21941 24995
21941 24713
18551 24713
18551 24544
17889 24544
17889 24383
16933 24383
16933 24225
16402 24225
16402 23917
15746 23917
15746 23720
14676 23720
14676 23395
12750 23395
12750 22983
11983 22983
11983 22793
11615 22793
11615 22082
11314 22082
11314 21702
9175 21702
9175 21051
8257 21051
8257 21029
7261 21029
7261 20408
6207 20408
6207 19963
5318 19963
5318 19153
4806 19153
4806 18793
3823 18793
3823 18762
3609 18762
3609 17986
3038 17986
3038 17417
2694 17417
2694 16789
2417 16789
2417 16121
2037 16121
2037 15246
1873 15246
1873 14725
1769 14725
1769 13400
1664 13400
1664 12868
1502 12868
1502 12519
944 12519
944 11730
622 11730
622 11634
458 11634
458 10457
197 10457
197 9960
182 9960
182 7309
99 7309
99 4291
0 4291
0 3994
579 3994
579 5189
869 5189
869 5396
1301 5396
1301 6377
1729 6377
1729 7544
1970 7544
1970 8587
2668 8587
2668 9070
3014 9070
3014 10842
3274 10842
3274 11826
3513 11826
3513 12431
3749 12431
3749 13323
3919 13323
3919 13551
4670 13551
4670 13654
5485 13654
5485 14247
6017 14247
6017 15141
6787 15141
6787 16135
7026 16135
7026 16761
7549 16761
7549 17153
8482 17153
8482 17848
9297 17848
9297 18354
11342 18354
11342 19011
11560 19011
11560 19685
13123 19685
13123 19819
13977 19819
13977 20649
15869 20649
15869 21010
16388 21010
16388 21629
16947 21629
16947 22430
17157 22430
17157 22557
18018 22557
18018 22886
19674 22886
19674 23022
20286 23022
20286 23523
20830 23523
20830 24129
22434 24129
22434 24590
24995 24590
24995 21497
24773 21497
24773 18166
24485 18166
24485 16952
24211 16952
24211 16612
24104 16612
24104 14761
23792 14761
23792 13946
23222 13946
23222 13770
22793 13770
22793 13545
22436 13545
22436 12807
21693 12807
21693 12720
21353 12720
21353 11340
21020 11340
21020 10977
20222 10977
20222 9981
19500 9981
19500 8952
19239 8952
19239 8467
18787 8467
18787 7572
18440 7572
18440 7122
17077 7122
17077 6382
16482 6382
16482 6239
16090 6239
16090 5888
14333 5888
14333 5617
13179 5617
13179 5112
12407 5112
12407 4101
11904 4101
11904 3963
11416 3963
11416 3368
9787 3368
9787 2934
9229 2934
9229 2580
8845 2580
8845 2213
7726 2213
7726 2006
6911 2006
6911 1628
6056 1628
6056 761
5854 761
5854 654
4363 654
4363 0
1811 0
1811 2137
2640 2137
2640 2931
2826 2931
2826 4147
2975 4147
2975 4983
3419 4983
3419 5275
3798 5275
3798 6384
4577 6384
4577 7106
4811 7106
4811 8167
5602 8167
5602 8288
6422 8288
6422 9165
6607 9165
6607 10215
6938 10215
6938 11300
7435 11300
7435 11926
8231 11926
8231 12197
9182 12197
9182 12653
9774 12653
9774 14179
10309 14179
10309 14584
11740 14584
11740 15259
12563 15259
12563 16074
12913 16074
12913 16995
13301 16995
13301 18264
14190 18264
14190 18567
14857 18567
14857 19285
17433 19285
17433 19601
17500 19601
17500 20611
18634 20611
18634 21196
19261 21196
19261 21892
19718 21892
19718 22283
20448 22283
20448 22823
21089 22823
21089 23422
21947 23422
21947 23830
23822 23830
23822 24995
4708 24995
4708 24660
6368 24660
6368 24401
7702 24401
7702 24104
8292 24104
8292 23559
9153 23559
9153 23360
10274 23360
10274 23275
11410 23275
11410 23059
11893 23059
11893 22920
13727 22920
13727 22050
14017 22050
14017 21842
15174 21842
15174 21355
17914 21355
17914 21213
18229 21213
18229 19540
18624 19540
18624 18841
18682 18841
18682 18499
19323 18499
19323 18303
20151 18303
20151 18048
20862 18048
20862 17702
21411 17702
21411 17541
22131 17541
22131 16996
22619 16996
22619 15122
22827 15122
22827 14445
23139 14445
23139 13482
23229 13482
23229 12126
23898 12126
23898 11850
24417 11850
24417 11434
24585 11434
24585 10513
24675 10513
24675 8967
24722 8967
24722 7665
24906 7665
24906 6119
24995 6119
24995 427
21653 427
21653 763
20676 763
20676 1259
20158 1259
20158 1507
18180 1507
18180 2008
17047 2008
17047 2214
15842 2214
15842 3028
14797 3028
14797 3304
14037 3304
14037 3408
13110 3408
13110 3811
11470 3811
11470 4034
10993 4034
10993 4426
9950 4426
9950 5342
9103 5342
9103 6252
8694 6252
8694 6496
7797 6496
7797 6868
7391 6868
7391 8999
6080 8999
6080 10013
5683 10013
5683 10471
5300 10471
5300 11700
5151 11700
5151 14173
4297 14173
4297 15097
3865 15097
3865 15279
2967 15279
2967 16208
2415 16208
2415 17135
2176 17135
2176 17429
1613 17429
1613 17882
1355 17882
1355 19074
841 19074
841 20914
363 20914
363 24995
1204 24995
1204 21884
2039 21884
2039 21548
2459 21548
2459 20670
3898 20670
3898 20417
5006 20417
5006 20117
5290 20117
5290 19218
6341 19218
6341 18070
6773 18070
6773 16702
7569 16702
7569 15802
8245 15802
8245 15170
9093 15170
9093 14810
10442 14810
10442 13994
11669 13994
11669 13275
13076 13275
13076 12759
13481 12759
13481 11460
14114 11460
14114 11324
14472 11324
14472 10981
15990 10981
15990 9331
16409 9331
16409 8734
16917 8734
16917 8546
17797 8546
17797 8209
19160 8209
19160 7642
19504 7642
19504 7276
19726 7276
19726 6358
20807 6358
20807 4663
21141 4663
21141 3684
21427 3684
21427 1748
21809 1748
21809 1254
22089 1254
22089 584
24995 584
24995 27
16074 27
16074 266
15562 266
15562 580
14039 580
14039 729
13832 729
13832 949
13030 949
13030 1290
12457 1290
12457 1676
11098 1676
11098 1814
10221 1814
10221 1860
9112 1860
9112 2207
8322 2207
8322 3312
8117 3312
8117 3365
7243 3365
7243 3864
7001 3864
7001 4076
6509 4076
6509 5492
6012 5492
6012 6087
4845 6087
4845 6947
4389 6947
4389 8242
4176 8242
4176 8438
3728 8438
3728 9272
2742 9272
2742 9651
2108 9651
2108 10201
1901 10201
1901 10607
1170 10607
1170 11490
992 11490
992 12814
799 12814
799 13111
433 13111
433 13845
200 13845
200 14744
177 14744
177 19227
0 19227
0 23527
2148 23527
2148 22626
3101 22626
3101 21889
4435 21889
4435 21667
5536 21667
5536 21281
6082 21281
6082 19878
6423 19878
6423 18676
6799 18676
6799 17423
7401 17423
7401 16531
8157 16531
8157 15924
9894 15924
9894 15728
12027 15728
12027 15525
12828 15525
12828 14356
13614 14356
13614 13773
14060 13773
14060 13053
14536 13053
14536 11965
15669 11965
15669 11506
17149 11506
17149 11261
17623 11261
17623 9952
18258 9952
18258 9231
19087 9231
19087 8572
20014 8572
20014 8087
21310 8087
21310 7783
21458 7783
21458 6903
21774 6903
21774 5500
21964 5500
21964 4807
22133 4807
22133 1943
22248 1943
22248 1658
23233 1658
23233 0
24870 0
24870 4560
24217 4560
24217 5631
23859 5631
23859 6762
23493 6762
23493 7546
23322 7546
23322 8324
22734 8324
22734 9305
21674 9305
21674 10110
20860 10110
20860 11958
20473 11958
20473 12933
19805 12933
19805 13681
18592 13681
18592 14244
18367 14244
18367 14785
17058 14785
17058 15088
16865 15088
16865 16311
16242 16311
16242 17310
15732 17310
15732 17696
14834 17696
14834 17998
14154 17998
14154 18975
12774 18975
12774 20630
12019 20630
12019 20835
11482 20835
11482 21153
9815 21153
9815 21965
9775 21965
9775 22226
8097 22226
8097 22392
7625 22392
7625 23098
7003 23098
7003 23123
5370 23123
5370 23760
3376 23760
3376 24995
463 24995
463 20096
1194 20096
1194 19783
1494 19783
1494 19356
2226 19356
2226 18792
2893 18792
2893 18268
4134 18268
4134 16398
4722 16398
4722 15759
5068 15759
5068 14994
6282 14994
6282 14205
7036 14205
7036 13154
7309 13154
7309 12920
8746 12920
8746 11395
8798 11395
8798 10924
10356 10924
10356 10048
11923 10048
11923 9358
12359 9358
12359 8821
14005 8821
14005 8394
14819 8394
14819 7927
15281 7927
15281 6934
16554 6934
16554 5993
16740 5993
16740 5102
18082 5102
18082 4505
18222 4505
18222 3293
19085 3293
19085 2398
19461 2398
19461 1901
21078 1901
21078 607
21845 607
21845 0
24895 0
24895 4733
24539 4733
24539 6757
24277 6757
24277 8211
24007 8211
24007 9098
23819 9098
23819 9530
23208 9530
23208 10154
22592 10154
22592 11808
22234 11808
22234 14762
22113 14762
22113 15150
21121 15150
21121 17194
21030 17194
21030 18985
20628 18985
20628 19441
20264 19441
20264 20444
19915 20444
19915 20830
18989 20830
18989 21465
17924 21465
17924 21911
16843 21911
16843 22652
15303 22652
15303 22875
14655 22875
14655 23495
13790 23495
13790 23754
13636 23754
13636 23943
11625 23943
11625 24113
10944 24113
10944 24623
10435 24623
10435 24936
10046 24936
10046 24972
9168 24972
9168 24989
0 24989
0 1498
3176 1498
3176 2112
4494 2112
4494 2305
4789 2305
4789 2596
6027 2596
6027 2751
6613 2751
6613 3251
7463 3251
7463 4056
8406 4056
8406 4972
9562 4972
9562 6582
10045 6582
10045 8078
11265 8078
11265 8227
11775 8227
11775 9250
12936 9250
12936 10552
13826 10552
13826 12617
14790 12617
14790 13976
15343 13976
15343 14589
16836 14589
16836 15012
17559 15012
17559 15640
18038 15640
18038 17088
18487 17088
18487 17642
19001 17642
19001 18659
19300 18659
19300 19268
19668 19268
19668 21020
20762 21020
20762 21610
21386 21610
21386 21930
21971 21930
21971 22087
23607 22087
23607 24995
24588 24995
24588 19889
24391 19889
24391 17876
24050 17876
24050 16910
23794 16910
23794 15818
23168 15818
23168 15588
22831 15588
22831 13539
22679 13539
22679 12492
22511 12492
22511 7051
22198 7051
22198 6520
21445 6520
21445 5397
21221 5397
21221 4413
20468 4413
20468 4261
20282 4261
20282 3241
19529 3241
19529 3157
17401 3157
17401 2856
16343 2856
16343 2623
15455 2623
15455 2402
14926 2402
14926 1941
13839 1941
13839 1834
12576 1834
12576 1288
11323 1288
11323 926
11150 926
11150 628
9910 628
9910 453
9418 453
9418 409
8202 409
8202 257
6753 257
6753 0
69 0
69 6964
219 6964
219 8850
532 8850
532 10074
633 10074
633 10657
783 10657
783 12875
900 12875
900 13383
1659 13383
1659 13533
2138 13533
2138 14308
2279 14308
2279 14393
3510 14393
3510 14812
5271 14812
5271 16081
6314 16081
6314 16709
7298 16709
7298 18165
7835 18165
7835 18464
8009 18464
8009 19220
8680 19220
8680 21879
10154 21879
10154 22617
10723 22617
10723 22891
11049 22891
11049 23460
13476 23460
13476 23781
14693 23781
14693 23967
15955 23967
15955 24229
17049 24229
17049 24650
18153 24650
18153 24780
19825 24780
19825 24995
23047 24995
23047 22819
21771 22819
21771 22163
21237 22163
21237 21952
20045 21952
20045 21073
19337 21073
19337 20067
18953 20067
18953 19431
14304 19431
14304 18591
13051 18591
13051 17366
12777 17366
12777 16473
12358 16473
12358 15397
10057 15397
10057 14972
9476 14972
9476 14136
8496 14136
8496 13057
6695 13057
6695 11891
6366 11891
6366 11322
5865 11322
5865 9501
5481 9501
5481 9137
5154 9137
5154 8514
4478 8514
4478 6505
3378 6505
3378 5714
2639 5714
2639 5217
2233 5217
2233 4515
1467 4515
1467 3044
1257 3044
1257 1970
0 1970
0 8028
75 8028
75 8970
131 8970
131 11099
252 11099
252 11756
506 11756
506 13121
710 13121
710 14358
993 14358
993 15439
1437 15439
1437 16433
1928 16433
1928 16665
2062 16665
2062 18090
2868 18090
2868 19042
3562 19042
3562 19993
4319 19993
4319 20471
4533 20471
4533 21567
5968 21567
5968 21711
6118 21711
6118 23024
6612 23024
6612 23229
9106 23229
9106 23696
9785 23696
9785 24086
11394 24086
11394 24503
12281 24503
12281 24564
13150 24564
13150 24662
13613 24662
13613 24684
15680 24684
15680 24804
19637 24804
19637 24995
23873 24995
23873 21174
23463 21174
23463 20701
22667 20701
22667 18836
22536 18836
22536 18132
21384 18132
21384 17028
20693 17028
20693 16623
19528 16623
19528 14984
19105 14984
19105 14241
18344 14241
18344 12350
18144 12350
18144 11132
17803 11132
17803 9292
17430 9292
17430 7326
16777 7326
16777 5585
16345 5585
16345 4585
15065 4585
15065 3849
14631 3849
14631 3622
14453 3622
14453 2861
12147 2861
12147 2562
10955 2562
10955 2361
10158 2361
10158 1399
8659 1399
8659 1332
7645 1332
7645 960
5641 960
5641 769
4797 769
4797 0
23823 0
23823 3465
23370 3465
23370 4549
23009 4549
23009 5408
22791 5408
22791 7008
22004 7008
22004 7737
21843 7737
21843 8431
20494 8431
20494 8886
19295 8886
19295 9314
17213 9314
17213 9367
16737 9367
16737 11708
16150 11708
16150 13728
16025 13728
16025 14733
14866 14733
14866 15614
14555 15614
14555 16684
14167 16684
14167 16940
11102 16940
11102 17209
9969 17209
9969 19127
9550 19127
9550 19319
7881 19319
7881 20259
6699 20259
6699 20843
4003 20843
4003 21115
2551 21115
2551 21870
1688 21870
1688 24995
27 24995
27 14425
80 14425
80 11742
180 11742
180 10343
379 10343
379 8369
921 8369
921 7942
1235 7942
1235 7205
1704 7205
1704 6453
1988 6453
1988 5756
2170 5756
2170 4391
2774 4391
2774 4176
3777 4176
3777 3771
5289 3771
5289 3342
5914 3342
5914 2482
6415 2482
6415 1601
7424 1601
7424 1502
9408 1502
9408 1275
9889 1275
9889 1121
10315 1121
10315 460
11771 460
11771 246
12303 246
12303 150
13258 150
13258 36
14477 36
14477 23
24995 23
24995 118
20289 118
20289 465
17037 465
17037 723
16301 723
16301 1074
15895 1074
15895 1384
14446 1384
14446 2075
12941 2075
12941 2400
11664 2400
11664 2816
11197 2816
11197 3897
10544 3897
10544 5287
9248 5287
9248 6711
8707 6711
8707 7685
8309 7685
8309 8760
7185 8760
7185 10216
6404 10216
6404 10816
4885 10816
4885 11492
3598 11492
3598 12878
2901 12878
2901 13530
2820 13530
2820 14433
1633 14433
1633 15751
868 15751
868 16569
576 16569
576 18210
72 18210
72 24995
15312 24995
15312 24886
14250 24886
14250 24796
12262 24796
12262 24670
11278 24670
11278 24430
9553 24430
9553 24148
8537 24148
8537 23959
7450 23959
7450 23043
5508 23043
5508 22164
4222 22164
4222 21434
3993 21434
3993 20028
3327 20028
3327 19787
2697 19787
2697 18367
1999 18367
1999 17831
1627 17831
1627 17341
1150 17341
1150 15788
668 15788
668 15502
452 15502
452 14974
312 14974
312 13283
55 13283
55 11598
36 11598
36 9329
14 9329
14 0
8522 0
8522 468
8643 468
8643 739
9462 739
9462 927
12371 927
12371 1066
14725 1066
14725 1420
15918 1420
15918 1619
15928 1619
15928 1706
16114 1706
16114 3331
17579 3331
17579 4379
17821 4379
17821 4730
18422 4730
18422 5421
19197 5421
19197 8106
19360 8106
19360 10403
19839 10403
19839 12166
21341 12166
21341 13571
22128 13571
22128 15198
22715 15198
22715 16790
23040 16790
23040 18049
23221 18049
23221 19035
23485 19035
23485 21184
24995 21184
24995 24467
20221 24467
20221 23935
18575 23935
18575 23498
18351 23498
18351 22614
14911 22614
14911 22177
13769 22177
13769 21503
11545 21503
11545 20623
10912 20623
10912 16542
10106 16542
10106 15680
9508 15680
9508 15153
8093 15153
8093 14102
7282 14102
7282 13392
5741 13392
5741 13044
5633 13044
5633 12307
5186 12307
5186 9019
4246 9019
4246 8415
3157 8415
3157 7920
2439 7920
2439 6245
1806 6245
1806 4685
1216 4685
1216 2857
0 2857
0 21782
1075 21782
1075 20337
1476 20337
1476 17031
1893 17031
1893 15075
3054 15075
3054 13879
4172 13879
4172 13028
5577 13028
5577 12303
6549 12303
6549 11012
8110 11012
8110 9671
8973 9671
8973 8021
9808 8021
9808 7334
11043 7334
11043 5645
12284 5645
12284 5116
13148 5116
13148 3299
13307 3299
13307 2734
15518 2734
15518 1313
16831 1313
16831 1038
17851 1038
17851 492
19801 492
19801 0
4225 0
4225 1766
4712 1766
4712 2795
5056 2795
5056 3593
6738 3593
6738 3834
8915 3834
8915 4238
12377 4238
12377 6026
14033 6026
14033 6303
14238 6303
14238 7559
14665 7559
14665 8617
17169 8617
17169 9803
18470 9803
18470 10170
19348 10170
19348 12777
20322 12777
20322 13124
21161 13124
21161 15285
22264 15285
22264 17233
22960 17233
22960 18287
23144 18287
23144 18875
23710 18875
23710 24995
1558 24995
1558 19465
2333 19465
2333 18845
4308 18845
4308 17616
5157 17616
5157 17004
5343 17004
5343 15408
6970 15408
6970 14031
8073 14031
8073 11211
8853 11211
8853 9474
10496 9474
10496 8623
11645 8623
11645 7120
13699 7120
13699 6339
14088 6339
14088 5345
14611 5345
14611 3986
15614 3986
15614 3790
17303 3790
17303 3472
20396 3472
20396 2710
21319 2710
21319 1023
24995 1023
24995 3478
22704 3478
22704 4853
22126 4853
22126 6856
21760 6856
21760 8996
21380 8996
21380 12643
20849 12643
20849 14908
20385 14908
20385 15015
18899 15015
18899 16080
17552 16080
17552 16365
15049 16365
15049 16769
14644 16769
14644 19121
13675 19121
13675 19786
11743 19786
11743 20385
10995 20385
10995 22945
10332 22945
10332 23632
9913 23632
9913 24686
9008 24686
9008 24883
8339 24883
8339 24995
41 24995
41 14601
467 14601
467 14050
1038 14050
1038 12827
1701 12827
1701 11726
2249 11726
2249 10755
2510 10755
2510 6436
2800 6436
2800 5001
3194 5001
3194 4253
3776 4253
3776 3118
3873 3118
3873 2078
4640 2078
4640 1783
7210 1783
7210 1567
9316 1567
9316 1073
12693 1073
12693 618
13488 618
13488 419
14728 419
14728 198
17921 198
17921 0
2350 0
2350 2994
4048 2994
4048 4836
4706 4836
4706 6147
6223 6147
6223 6714
8101 6714
8101 10067
9760 10067
9760 10770
10535 10770
10535 12250
12660 12250
12660 12952
13554 12952
13554 14815
15406 14815
15406 15332
15638 15332
15638 15895
18557 15895
18557 16970
20431 16970
20431 18730
22440 18730
22440 19430
22586 19430
22586 21857
23162 21857
23162 24995
6055 24995
6055 24845
9926 24845
9926 24609
13868 24609
13868 24517
15246 24517
15246 24424
16536 24424
16536 23724
17209 23724
17209 22400
18900 22400
18900 22230
20600 22230
20600 22058
20997 22058
20997 20084
22851 20084
22851 19951
23702 19951
23702 14808
24129 14808
24129 13698
24254 13698
24254 11133
24756 11133
24756 10090
24790 10090
24790 8195
24995 8195
24995 24657
15117 24657
15117 24238
14340 24238
14340 24119
12038 24119
12038 23357
10849 23357
10849 23012
7919 23012
7919 21647
6721 21647
6721 19228
6688 19228
6688 17629
5711 17629
5711 16429
4318 16429
4318 12522
3420 12522
3420 11168
2531 11168
2531 10696
1815 10696
1815 8673
1081 8673
1081 8196
702 8196
702 6011
425 6011
425 0
8685 0
8685 52
10425 52
10425 193
11027 193
11027 2316
12270 2316
12270 3072
15099 3072
15099 3597
16339 3597
16339 4795
17944 4795
17944 6237
18616 6237
18616 7126
20293 7126
20293 8494
22183 8494
22183 10164
23037 10164
23037 11311
23632 11311
23632 11557
24040 11557
24040 15050
24356 15050
24356 16568
24807 16568
24807 24995
1896 24995
1896 20584
2516 20584
2516 19583
5276 19583
5276 17387
8389 17387
8389 16650
9959 16650
9959 15621
10398 15621
10398 13223
11714 13223
11714 11013
12949 11013
12949 9687
14187 9687
14187 8471
14613 8471
14613 5305
14831 5305
14831 4317
18061 4317
18061 3976
20555 3976
20555 3497
21601 3497
21601 1520
24995 1520
24995 3598
23917 3598
23917 8269
23715 8269
23715 8805
22940 8805
22940 12480
19880 12480
19880 14366
18789 14366
18789 17340
18363 17340
18363 18442
17562 18442
17562 18953
15276 18953
15276 20776
14173 20776
14173 22030
12556 22030
12556 22365
7359 22365
7359 24136
5010 24136
5010 24254
0 24254
0 24434
7231 24434
7231 24352
12412 24352
12412 23931
15364 23931
15364 23665
15519 23665
15519 21042
16063 21042
16063 19894
18597 19894
18597 19793
20926 19793
20926 19050
21581 19050
21581 18351
23988 18351
23988 17034
24373 17034
24373 12063
24831 12063
24831 10211
24991 10211
24991 0
21052 0
21052 493
16082 493
16082 802
15456 802
15456 2047
10674 2047
10674 3326
9318 3326
9318 3728
5447 3728
5447 4309
4581 4309
4581 5847
4085 5847
4085 5953
1345 5953
1345 9376
957 9376
957 11437
627 11437
627 14536
391 14536
391 24995
2189 24995
2189 21668
3753 21668
3753 20434
7886 20434
7886 18913
8873 18913
8873 17185
11677 17185
11677 15136
14925 15136
14925 14325
16178 14325
16178 12683
16814 12683
16814 12388
17710 12388
17710 8347
18250 8347
18250 4971
19565 4971
19565 3753
21614 3753
21614 0
3610 0
3610 1486
6620 1486
6620 2666
7399 2666
7399 5354
7918 5354
7918 6213
9481 6213
9481 8765
11557 8765
11557 10749
13312 10749
13312 12885
14277 12885
14277 13923
17689 13923
17689 14700
20984 14700
20984 16471
21290 16471
21290 22431
22266 22431
22266 24995
17 24995
17 8993
403 8993
403 6296
743 6296
743 5413
1126 5413
1126 5246
1499 5246
1499 3020
3471 3020
3471 1279
6247 1279
6247 727
6889 727
6889 543
7324 543
7324 185
11534 185
11534 48
12044 48
12044 0
9471 0
9471 22
16248 22
16248 281
18278 281
18278 1911
19111 1911
19111 4051
21578 4051
21578 5103
22956 5103
22956 5808
22972 5808
22972 8804
23916 8804
23916 9525
24438 9525
24438 9685
24514 9685
24514 17374
24995 17374
24995 24066
19642 24066
19642 23394
18567 23394
18567 21653
17494 21653
17494 20384
10663 20384
10663 19248
7542 19248
7542 15678
4089 15678
4089 13955
2722 13955
2722 12486
1654 12486
1654 10637
1148 10637
1148 5374
0 5374
0 23573
4571 23573
4571 22784
11179 22784
11179 22247
14353 22247
14353 21700
19136 21700
19136 21470
20816 21470
20816 20207
22472 20207
22472 12889
23082 12889
23082 10153
24346 10153
24346 8146
24995 8146
24995 856
17659 856
17659 1433
12943 1433
12943 3557
11464 3557
11464 6753
9325 6753
9325 8017
5718 8017
5718 12487
4613 12487
4613 17678
4364 17678
4364 22324
2928 22324
2928 24995
23847 24995
23847 17621
23357 17621
23357 12957
20565 12957
20565 7558
19659 7558
19659 7050
15533 7050
15533 4270
13838 4270
13838 3007
9043 3007
9043 572
8159 572
8159 0
15889 0
15889 594
8442 594
8442 1861
7043 1861
7043 4421
6849 4421
6849 6788
4994 6788
4994 9690
1719 9690
1719 11793
1095 11793
1095 15185
0 15185
0 18502
2945 18502
2945 15835
6031 15835
6031 12902
12700 12902
12700 12003
15298 12003
15298 10664
16261 10664
16261 5736
19691 5736
19691 3943
24995 3943
24995 4815
21679 4815
21679 6272
18364 6272
18364 12833
17061 12833
17061 17202
15248 17202
15248 23166
12113 23166
12113 23667
8015 23667
8015 24737
0 24737
0 24826
12743 24826
12743 24505
14348 24505
14348 23997
20433 23997
20433 22649
23336 22649
23336 20819
23896 20819
23896 10775
24381 10775
24381 8236
24995 8236
24995 439
15127 439
15127 5187
13164 5187
13164 9396
7388 9396
7388 10561
3761 10561
3761 16920
2450 16920
2450 24995
4855 24995
4855 20748
16250 20748
16250 20069
19123 20069
19123 17251
23064 17251
23064 10962
24917 10962
24917 0
23059 0
23059 6069
14000 6069
14000 9791
8944 9791
8944 15068
6987 15068
6987 23044
0 23044
0 10745
318 10745
318 5476
3747 5476
3747 3367
6823 3367
6823 105
24995 105
24995 11839
24741 11839
24741 18991
20956 18991
20956 24682
16592 24682
16592 24760
0 24760
0 11919
553 11919
553 5592
4063 5592
4063 4692
24995 4692
24995 7337
14456 7337
14456 9850
2878 9850
2878 16216
0 16216
0 17983
12219 17983
12219 13748
14873 13748
14873 0
18988 0
18988 22811
15602 22811
15602 24808
0 24808
0 17608
14292 17608
14292 0
