27
52982 31758 -60192
-11645 -79567 98983
-58390 74362 -65419
88126 84825 67636
-25795 85757 -46597
56915 -65218 -40636
91488 -60990 -72230
-90416 69342 -76179
95856 30766 -8981
-12845 -56321 -75219
-22960 -32297 12615
20133 -14358 -63002
33935 -14846 91753
7718 -44122 89142
45934 41689 -96367
54007 42539 -20579
-25342 -2274 -70010
8729 37482 21977
91084 -62924 -45525
72139 -30151 7355
90695 19777 -52234
-85099 -74301 41913
-87199 -57369 -91181
1184 53762 7861
9471 -50006 -39380
90263 -88308 -47113
-45948 81751 -66648
