55
-20124 -99591 37942
-26818 73478 -2370
82867 -8898 -20166
70624 -68037 43800
40750 25990 -87647
4829 18984 -55162
-86690 66463 -81754
-80930 -60631 -43147
-78066 43286 -76207
-65550 87881 -39759
8191 -65436 -9771
3544 73597 45684
90071 -72316 -47838
-6839 -7749 36197
-19490 16429 -84603
68183 -39111 -69592
-48861 87148 86963
723 7531 3472
-32946 -81917 -68066
-99590 -91068 -44544
-5827 -59406 34523
-19593 -56066 -90738
-63484 10768 -87391
-71663 49413 -719
-50249 -35645 43662
3942 81358 52374
39389 -84306 568
-63692 -51595 53833
421 93473 -80170
-3291 -5635 73256
51273 -20399 19284
43215 -59290 76341
-54256 98301 21501
-54886 -68959 79335
-90079 51428 -72276
65451 -43158 42109
47030 -75407 22326
33478 46363 35225
-4616 -85290 -68885
25528 32561 -58005
-34892 -65709 9469
37128 4609 50334
79422 86704 20062
41116 -87190 42416
58328 94522 7546
-22948 -91987 -7832
-18894 -37550 -9870
-23158 52624 22388
-52148 -25313 219
5639 94579 -59597
-66422 76316 57560
95662 26105 44725
86469 68269 -94810
-37714 82515 -37570
843 -31402 -49527
