84
-46400 -81382 34526
-54762 -65863 -64987
-44081 -68642 60716
-37337 36419 -23016
70324 75051 36052
-94111 49474 -71426
8630 15309 -1691
-87229 -75286 20291
36786 -85921 71737
36664 92795 -9711
26518 27222 -78623
15375 -31058 14371
21679 67867 18203
5810 -85059 -97624
-69055 -15200 54081
33127 53885 -44740
-60419 -28467 -16525
-81422 -70012 51536
24988 59844 54450
-41612 79297 95963
-34750 84674 67901
-42759 -46091 -53206
-93353 -30800 -60421
-10418 34337 -64329
90490 -23117 -13980
-54167 26116 35665
10703 -44051 -26206
-76398 86590 -68794
-72366 -79253 30865
79647 77560 846
-27170 -17960 18760
26216 77379 -99403
-80782 84596 -99004
40526 31742 -30515
78212 16953 -83685
81716 15343 24166
-66463 -68001 67416
51021 -51631 18882
-85938 -27225 62720
35163 29456 -94730
-12070 -34542 -44361
-1435 45641 -34379
25598 45318 -96873
95607 -32247 3355
-3286 33846 -96578
-27383 -70731 1618
39288 60891 65519
28271 28721 78568
-15555 -38676 36815
64369 77983 92373
-35860 52884 -6850
-18453 -35863 -62181
-80720 -59519 41814
63286 37358 28552
26006 -54400 -59485
-9167 83531 7949
98793 25362 76658
8163 83410 40763
9858 74951 87421
77471 23549 -71630
69783 -83788 -59479
-22685 -38652 32772
76127 -48927 -62903
-91486 17924 -5426
-82659 -19991 -88482
-41177 -85318 51507
54770 -93060 12331
-33135 -38707 26366
-80267 -35800 -94620
-24454 -17715 44045
46017 47431 41732
-57987 66321 -50666
48497 62409 -84496
-34109 84014 -62634
23340 -86544 -80790
-73622 -48821 -76627
48162 68254 49459
-53832 -61816 52877
-17218 -53614 37776
59252 -85134 34726
61074 92069 1195
58826 -44489 -32595
-33043 -16365 35746
-7159 76407 29276
