50
45641 -34379 25598
45318 -96873 95607
-32247 3355 -3286
33846 -96578 -27383
-70731 1618 39288
60891 65519 28271
28721 78568 -15555
-38676 36815 64369
77983 92373 -35860
52884 -6850 -18453
-35863 -62181 -80720
-59519 41814 63286
37358 28552 26006
-54400 -59485 -9167
83531 7949 98793
25362 76658 8163
83410 40763 9858
74951 87421 77471
23549 -71630 69783
-83788 -59479 -22685
-38652 32772 76127
-48927 -62903 -91486
17924 -5426 -82659
-19991 -88482 -41177
-85318 51507 54770
-93060 12331 -33135
-38707 26366 -80267
-35800 -94620 -24454
-17715 44045 46017
47431 41732 -57987
66321 -50666 48497
62409 -84496 -34109
84014 -62634 23340
-86544 -80790 -73622
-48821 -76627 48162
68254 49459 -53832
-61816 52877 -17218
-53614 37776 59252
-85134 34726 61074
92069 1195 58826
-44489 -32595 -33043
-16365 35746 -7159
76407 29276 42176
-51182 53389 24396
88152 62520 63660
-80351 -43436 36081
99336 -80093 -95500
-3120 25144 20863
-88554 -19762 9876
-39862 -77114 48216
