1787
-262 141 293
-253 257 119
-254 266 -187
238 2 102
-297 -275 204
96 66 -148
-138 -211 92
27 -57 287
108 -88 -216
270 -230 262
9 -197 -298
-46 -73 -149
-29 14 84
-23 -160 53
-291 3 10
-61 214 130
-138 -112 -196
194 -131 -292
-44 -104 -256
282 -252 -50
-258 -283 -111
-18 -217 -191
253 -286 33
-232 81 -43
-75 172 279
65 254 -265
-193 -266 -178
239 -114 88
192 -296 -290
-67 298 -81
299 299 -240
-101 -283 -66
37 64 205
-143 99 -14
0 -132 203
48 -261 -45
-9 -136 -147
-187 -205 258
-264 -279 54
271 -11 -88
-243 -40 -19
-250 -43 -214
-167 11 -202
-200 231 -86
-142 -121 -207
203 122 0
240 31 -295
-36 -124 -240
18 -65 32
128 161 178
262 78 -261
-70 129 200
-17 -256 191
-290 36 -34
213 -245 123
-188 187 106
-171 -58 203
11 214 -154
-181 114 -283
28 272 -72
-175 -152 -64
-21 117 -5
-58 264 -127
208 -197 177
27 -9 -14
63 -182 -280
-296 193 -75
234 219 -127
-71 44 5
199 135 -290
-146 -285 120
-143 119 -71
75 59 265
-109 21 -212
277 -208 76
-231 -112 185
-292 -196 -125
-241 -217 -131
179 -211 -115
-233 -258 -159
-292 160 -267
-80 -225 -186
283 -234 156
281 282 -117
-284 -241 -206
258 194 -31
-43 -141 116
97 -207 -21
267 47 -237
-209 252 -121
243 -261 -32
-123 -216 -206
-68 191 279
270 -221 -159
293 280 197
184 160 110
-161 163 156
174 -123 -289
113 169 247
-70 178 107
-261 169 -155
170 -163 -256
-130 -105 -179
-44 -54 -266
-240 99 73
-219 92 68
269 -117 201
-186 299 -268
106 -164 -149
-203 135 88
231 -23 -74
-298 -107 22
-208 -75 -77
163 -213 39
-104 -113 -41
237 -245 -42
177 -97 -51
-14 132 169
-184 151 -122
-48 156 -49
79 -49 -51
112 -131 75
-104 -7 -136
174 235 243
251 291 188
-126 285 194
188 243 149
126 133 -143
-202 128 232
96 210 97
-110 3 142
135 -73 -199
100 -151 -63
181 -155 97
150 -270 -76
-13 150 -198
257 -191 144
63 -210 74
-143 230 -155
-108 -201 10
-207 108 183
50 -270 187
217 -150 -295
-243 220 -51
-148 -199 -278
212 -41 203
212 7 208
79 -101 -268
173 -258 108
151 -181 138
57 -40 -158
43 278 74
151 8 -285
33 178 169
157 13 -280
297 -217 -291
-260 -12 -101
81 147 74
-5 122 79
-4 -118 -42
-261 -151 277
233 289 -65
260 -112 -182
-127 -234 -146
100 50 285
267 -285 -88
-27 83 146
41 60 -127
24 -180 213
13 -59 71
-69 3 215
258 135 -68
-66 33 23
-130 64 134
-204 91 46
-268 221 188
163 172 -63
-228 82 -230
5 -229 -13
130 210 -220
-17 55 196
34 73 284
-282 -25 -251
-293 -189 14
277 -273 256
154 230 -249
92 -124 -106
-170 -114 -26
-262 18 -168
56 -168 179
-199 -292 16
-218 -91 19
141 89 72
176 149 225
-120 -206 185
-170 256 276
-146 93 84
199 66 -5
273 -127 -26
276 104 -79
-251 15 -89
-187 -268 -81
69 101 279
142 145 42
92 -241 293
-211 -103 -25
-242 -50 -19
-195 250 -176
30 -46 -209
-41 -290 -81
22 202 88
36 48 266
-92 294 -53
240 163 269
281 15 -199
171 -294 -217
116 -31 -258
-197 17 -64
-117 270 32
232 -184 -39
-292 -172 7
190 105 221
251 14 197
11 101 134
-79 -215 2
-207 -73 -112
36 88 -105
-54 71 -155
-101 255 247
298 78 -97
9 34 -69
102 179 -238
132 294 -81
153 285 34
-150 101 134
-269 294 -213
-52 153 -158
189 257 -222
-138 236 -62
-11 -246 -82
224 -107 184
32 90 -131
-117 12 107
131 -100 -121
84 -78 -218
81 278 29
-244 135 53
-262 190 -87
6 292 -192
63 68 -40
-6 2 -158
-139 -68 -204
-101 -140 177
-85 180 -171
-188 196 136
-262 -93 -61
-79 73 -263
23 -204 -19
275 -66 160
-197 -89 -249
-82 -268 172
104 -55 64
-167 228 -260
168 205 -170
133 -87 115
-135 -197 113
218 189 -259
-73 -121 -224
-18 294 -252
91 -299 -17
291 -100 163
-94 272 -142
-188 300 201
118 -95 -125
-70 -91 -147
250 182 -143
54 -290 -15
-276 165 199
147 136 169
-291 6 122
69 -158 234
-7 -86 -99
127 88 295
5 -207 49
-38 47 183
-172 -265 73
201 272 -176
27 -127 -250
197 -121 75
187 -82 283
-206 -174 183
31 143 29
66 277 137
20 246 14
290 -255 -116
143 -223 -262
84 268 -207
164 43 162
25 -90 189
212 256 277
26 287 -171
103 -182 -9
249 -272 -125
-43 -257 300
-138 123 270
33 -126 -3
-155 36 64
110 -179 139
47 77 132
217 -124 13
-239 -3 17
-120 -188 -112
-41 80 50
55 17 206
225 71 -143
258 281 -83
-260 229 54
38 -245 -224
-100 42 4
-95 52 -48
243 -238 -66
218 58 -231
241 213 215
-194 257 -103
199 -149 219
232 -29 162
180 39 150
-48 -219 49
-256 60 225
-5 224 272
245 -275 223
172 -126 -16
-184 -170 -289
15 230 227
8 -179 -225
-243 -186 -44
95 62 207
-197 -242 -93
-187 -293 -61
-142 149 -164
-75 -282 -180
-166 119 199
43 14 16
-265 293 -28
207 -249 62
-210 -164 243
93 238 -255
270 107 -236
-3 -78 -92
165 -116 -144
-73 76 -12
112 -51 -34
266 188 69
14 35 -175
-265 -8 -12
-71 -274 226
-88 229 -155
55 101 -83
216 -114 -8
-76 211 120
159 211 52
-272 -16 73
-206 -181 259
-285 58 -53
240 118 -124
-142 118 271
281 -41 -281
68 284 -50
-112 -97 -95
-246 -234 -181
-282 -131 -110
-258 245 132
-235 -26 156
118 12 -95
235 102 -171
242 142 7
-270 17 112
-298 133 -77
-37 39 -245
135 -259 -159
256 -125 86
-151 -185 -85
60 -151 208
42 -49 -258
74 166 123
-136 67 204
-151 -224 -44
-112 152 -281
164 -69 -292
83 7 -252
-75 -239 -65
253 78 68
-232 -127 274
17 15 291
-74 -270 21
208 -213 -53
-209 -206 -291
-144 13 -20
65 -236 88
-67 -65 -243
-214 -54 94
80 188 -244
260 -239 -209
-175 -190 198
-282 194 -92
-151 143 227
75 -269 -179
65 221 -189
5 -14 -178
-258 -52 145
-212 -242 -267
-25 171 -281
-249 -218 -107
257 8 206
-164 -93 48
87 -287 298
169 -275 108
109 259 190
150 269 157
84 -268 168
-49 131 94
-85 -111 -157
-88 -25 -125
-149 81 -182
14 -118 185
-133 -223 -264
-134 98 226
-207 -206 -8
123 -205 143
-172 171 -65
161 -38 -247
33 -182 -82
12 -59 -292
-89 -106 175
278 -62 -43
221 299 67
-300 -175 -275
-267 -148 -22
220 287 -83
-162 -198 -116
-70 265 138
-263 -142 92
160 -293 -225
-45 -188 232
-24 260 277
246 59 -4
-263 -133 -28
55 76 -248
56 134 -78
74 175 -221
-127 196 286
257 233 -72
-254 163 131
-177 184 43
-238 288 -121
85 140 -1
-25 123 -299
21 -158 61
-196 -224 149
-184 -256 76
-159 -29 275
97 -166 -148
236 84 -36
6 244 296
10 -99 -286
-77 43 247
-38 -80 277
-150 80 51
4 -70 -283
-142 236 -126
278 -68 -162
-17 188 290
-147 232 26
25 -108 -193
234 43 263
-120 -73 273
-121 -220 65
-271 -267 -80
277 -268 159
-177 26 -101
-86 -96 -35
-40 23 -18
-38 32 252
220 -284 8
-195 -124 235
-128 -82 253
-182 -105 186
258 -139 16
184 186 -70
-80 -89 -161
-191 254 19
224 260 -218
270 -282 -197
-261 -188 -122
280 252 47
117 128 194
-223 150 108
-286 242 271
-126 114 270
205 178 146
89 -191 -234
263 -151 -143
40 87 220
-86 250 221
-213 57 -236
-59 -142 254
25 118 42
198 -297 -30
-129 297 74
-8 188 243
-37 138 140
-111 72 -65
107 -64 -12
15 -194 -241
154 -156 213
59 -69 -88
-170 -125 42
168 -281 277
90 141 -142
222 42 223
-4 -247 83
-27 -223 -13
-200 158 -120
-98 44 262
153 12 -238
-33 -165 -113
119 -50 -239
242 -66 -219
-145 274 -185
228 92 103
173 -235 209
-299 113 -191
261 -191 -213
-44 252 -191
195 -215 106
-260 11 -107
96 202 -156
26 -276 78
-253 -253 -32
288 52 128
192 -44 17
-212 -75 34
-233 -229 125
148 47 -287
110 265 -210
-130 101 -121
224 68 112
-108 245 141
-199 -212 147
38 91 -97
-125 226 -212
-108 80 -194
230 -72 -244
66 -250 -59
266 199 -54
229 205 241
-89 -240 262
-106 59 181
-159 25 -271
136 4 214
-82 76 141
-134 -222 70
-34 278 89
-105 0 5
-183 185 -250
252 105 -27
142 -81 59
51 -269 118
30 -1 -79
-128 148 -288
88 117 -181
-189 -271 89
-175 -238 91
243 35 -25
-60 -222 -258
-158 -86 96
88 -125 -5
18 -38 -243
199 179 8
72 -5 15
-109 -22 -98
106 283 -147
-66 258 192
220 -232 176
-1 -149 -113
186 21 -115
270 -235 160
-192 -291 143
-135 -204 -98
156 147 -131
-225 -253 -280
-219 77 201
123 -198 -19
122 -17 -110
144 161 122
-203 264 48
-188 143 -168
140 -200 -84
-79 25 154
-146 88 116
181 -58 248
88 -210 262
-66 -192 66
-19 -263 222
-245 133 -66
-204 -75 70
-215 -221 66
5 18 182
-221 203 257
-223 -223 -48
-82 -209 129
287 -247 154
20 -208 -160
-150 -60 111
94 -292 -93
-24 184 161
-105 -158 208
111 157 -238
-260 248 196
18 206 -60
-232 -254 51
86 273 151
95 254 -30
188 -269 -8
-79 -199 -76
-231 9 -283
-159 252 -63
-92 86 47
291 257 -222
-200 19 20
35 -159 -162
184 159 -130
191 -222 160
-200 -119 104
-45 298 -224
17 248 -71
-36 44 199
-108 -133 96
59 180 -60
-48 -271 55
-116 -232 1
215 271 131
88 31 291
-103 17 238
-253 205 -298
248 291 -126
-105 -34 257
172 71 178
-162 60 115
-13 -86 49
-13 9 95
273 -299 262
-222 54 10
187 18 291
-230 -290 -109
-88 296 -21
51 59 -237
-131 -288 75
-240 -202 268
-282 182 174
-161 131 286
270 26 272
272 2 91
-56 -167 100
55 -245 145
-96 -242 -193
-179 -46 9
-46 221 -236
-110 287 205
-155 -120 277
172 -4 244
122 93 -176
-22 268 56
27 -185 -296
-3 0 23
-37 66 -239
203 -73 -138
119 40 226
-259 -210 67
14 -192 236
81 262 -139
185 288 -262
-207 -86 248
-273 97 -219
193 -246 -148
255 2 -10
-221 -179 207
-154 -82 245
263 241 287
-72 97 -245
-49 -41 -59
-161 91 250
275 148 -111
88 133 42
150 -111 221
-236 -70 -254
25 -112 184
129 -213 144
-231 42 266
-44 -251 -50
-10 205 -101
295 188 4
-270 -64 -24
152 -126 29
168 -271 273
-253 -285 212
118 -140 154
192 -241 -200
102 223 83
61 -26 -225
13 181 23
-92 13 -63
295 259 -109
274 -277 196
28 -240 164
-50 -242 287
223 35 -186
-90 -84 -30
-162 -30 -61
-187 19 224
274 262 15
82 -26 -6
49 -193 -262
-248 -185 85
-41 180 283
-219 -193 139
29 -61 106
252 8 285
-210 -82 -74
-89 -17 116
203 -260 264
295 -116 -91
-89 -87 50
-15 63 -250
-78 149 -174
-282 93 -299
-125 -77 -101
100 138 -230
-19 -80 226
47 -202 -40
-265 212 -195
262 -153 -22
-31 282 13
115 -207 -245
-25 -190 -31
47 -91 -217
85 -81 -203
-144 111 84
202 134 -116
-125 -8 203
121 -168 -105
37 189 220
243 49 -218
-184 38 -229
211 144 -124
-214 -269 57
33 173 -273
-104 -39 -6
-79 -72 -132
-261 115 -238
61 229 -179
209 -240 -57
-113 -144 -30
172 -258 170
113 80 216
169 -122 282
-207 56 166
297 -8 45
-163 -285 165
-100 101 -156
-251 -262 5
-215 269 220
-212 -106 -170
-139 -35 -71
55 -96 -247
-45 103 -45
131 -84 214
-187 -253 -142
163 244 -266
53 295 -161
-212 118 167
-149 -135 195
-48 209 -240
-35 -181 -275
103 -295 280
-74 -168 139
86 171 -274
215 224 260
-31 -144 225
-254 -259 -266
-64 56 119
-162 156 -282
157 127 -105
-122 78 143
-266 75 190
191 285 63
-62 -65 15
-205 -79 -202
-26 -7 -195
70 81 -37
-30 -121 59
48 248 -5
176 194 -242
127 216 -20
89 -161 -187
-13 -36 -168
-238 286 -238
80 39 -166
-267 -73 103
-23 291 -270
64 260 -88
-41 -1 143
-100 -181 212
10 281 -98
-288 230 246
263 -131 -134
-76 84 -30
60 -181 186
180 216 -218
-143 236 -118
-155 -102 167
38 -78 81
-188 55 127
-278 -285 46
107 -196 -96
206 71 196
-4 278 258
-275 -57 -2
-298 225 -183
174 95 117
-230 123 206
-98 -88 290
-209 252 140
120 -46 -191
67 -252 -252
24 -277 171
-275 40 -30
90 171 254
-203 78 -118
208 148 -174
73 -227 169
249 97 -211
88 125 219
-249 98 132
-14 104 167
34 -127 229
-142 -89 -105
36 53 -19
-143 236 -28
187 -132 -197
-112 206 29
7 -78 226
-203 -283 -63
22 -20 185
165 69 -140
44 -16 -10
297 237 291
202 17 -99
296 -108 -151
-74 -241 -289
40 -201 274
205 -84 290
-150 31 185
288 7 -107
19 156 -239
151 288 -218
-93 -146 136
-110 -16 -45
227 -148 -112
-94 -281 166
100 49 260
-134 -120 -213
-235 24 101
-272 199 291
-85 -268 99
239 228 -101
145 -67 -266
21 -294 -257
224 -207 -155
42 -295 15
176 292 -269
-284 126 -4
168 -262 27
-111 65 -89
276 -178 297
102 280 209
-28 229 -87
-110 -186 -9
185 224 202
96 -282 -185
-297 -31 -177
237 -189 -289
-218 -119 -120
252 -170 197
-178 -101 165
-250 80 -292
-225 -221 -80
85 -82 89
-147 98 255
246 -65 -8
227 -240 267
-7 152 -274
-4 287 297
-94 -67 287
8 220 288
101 -262 -231
-174 -296 -166
-92 -15 129
-94 164 -194
167 109 -89
153 267 -22
100 -66 -96
-11 72 -67
-245 118 -109
83 135 250
-78 58 -295
-223 -281 164
-127 -282 262
111 266 7
71 21 -134
-169 -100 -262
-96 68 39
-118 75 -102
244 235 216
199 79 168
280 282 1
163 -11 196
285 265 -267
219 59 -202
269 116 223
-31 -197 -229
205 121 -214
33 234 -110
268 -66 50
199 63 -19
-280 98 -215
282 -125 -189
-88 -195 5
242 237 243
-61 -203 -31
-41 -214 20
85 -123 46
-285 180 191
-70 266 -170
-174 204 64
-110 -155 -239
90 240 -174
-76 -215 -123
57 68 -287
17 68 67
-166 291 -167
4 194 -180
-70 291 229
-130 109 -43
153 -266 -293
237 -58 -243
-190 -163 286
-210 -292 -187
-199 -151 110
-228 28 167
-187 -87 176
266 224 198
-234 -142 -143
-30 -300 -183
-39 -210 37
79 -170 240
143 -166 -263
70 15 84
-182 -172 180
-163 -214 289
-281 58 130
263 43 137
-159 64 -201
-188 -139 268
-218 272 29
154 288 245
127 -130 -227
128 7 10
-248 255 118
61 270 -274
-217 -28 -117
215 254 -190
97 -126 71
191 216 -129
149 167 -45
259 126 116
221 -137 -290
-247 45 55
82 -247 -212
169 290 -127
-115 25 137
158 287 -257
10 92 107
152 258 -150
-185 -54 -23
-137 39 255
73 -33 38
-158 217 182
-132 211 242
2 -62 123
116 189 36
-43 265 -202
-109 3 24
103 218 -271
-212 -94 -95
244 -54 212
-285 281 130
83 -144 -159
-27 79 -265
170 -209 147
110 135 -212
294 83 -154
-256 -77 75
-2 166 -217
194 212 -58
-159 256 -79
-46 57 -40
-28 -257 20
13 -224 -7
194 -231 -140
266 190 219
-161 -25 178
76 -182 300
207 -82 145
-96 2 151
-292 86 268
102 -252 269
-3 206 -253
261 -116 -24
146 294 -60
-94 49 16
-215 263 -61
-198 11 -278
-111 -300 232
-47 -54 229
152 -164 134
-96 -7 54
176 -25 -90
-210 -278 149
-54 152 -162
-127 268 74
280 -204 84
-69 259 165
252 57 -271
288 -274 138
25 93 -201
-267 -221 34
77 129 -236
-214 252 -130
151 236 -294
-153 229 -12
269 210 271
-128 -159 113
199 -182 50
239 42 121
23 272 155
-219 271 12
-253 240 211
-36 -6 123
164 203 202
-221 -192 -194
218 114 132
-261 49 232
289 -82 244
140 -299 -260
-137 -162 111
209 196 -24
89 106 -290
114 23 -155
-49 27 -149
-30 -13 -158
-202 -61 108
-248 141 -151
-63 114 75
263 -214 -52
280 -153 -41
-160 -178 102
219 -275 -257
239 -25 -101
-269 111 -75
217 -93 -133
-38 183 284
-95 -221 277
-115 150 228
-73 -230 -58
-217 194 258
238 127 -103
-143 148 148
-272 16 -20
162 -1 -173
-78 -55 -41
139 -114 -45
-107 -176 -174
-69 -25 107
110 123 176
91 17 -228
-224 -157 142
282 -92 151
-27 -99 -247
188 298 -17
202 -16 -106
-73 -17 -42
-25 -166 -213
-277 200 45
-136 281 -175
128 0 -138
-290 -82 189
25 133 -12
194 -141 -118
-178 85 -268
-233 108 -63
-167 198 -47
-234 -123 51
-233 72 -241
-193 272 -48
298 255 -286
8 33 -12
-67 -38 69
299 -207 -68
-268 252 -12
-221 -25 -85
-32 -44 107
213 -251 294
241 -71 -201
-174 -293 -59
86 -204 181
-176 -234 -65
-143 -210 144
64 -18 -33
-277 -199 -257
89 -163 176
205 -57 -179
-280 108 290
-190 231 -75
-264 285 -246
250 202 3
16 243 138
24 183 70
279 202 -125
19 191 -146
86 -237 -137
-51 -62 -158
-116 193 21
92 -125 -60
15 -292 -9
-259 266 -195
119 134 231
-225 143 62
-55 -230 -42
-132 -257 -178
198 253 126
32 -199 -65
39 25 185
-8 -187 25
98 -250 -113
145 -58 -281
-103 263 46
118 14 239
-137 194 -136
-62 71 -205
110 276 219
119 -235 150
259 -73 -47
-44 -231 -113
-196 -141 -252
-158 -278 96
-73 162 -52
-85 -267 13
27 130 -185
-295 91 142
199 16 -276
-52 55 -52
23 12 -82
164 243 5
56 -235 -200
81 -139 266
171 -190 -233
278 -109 -134
130 175 279
80 -117 -161
-136 -253 140
229 272 234
185 37 -50
14 -19 207
-154 128 79
-255 -150 -140
16 88 77
138 -85 -101
261 213 -234
-74 -219 297
155 -55 47
-108 127 -179
246 79 0
76 132 -139
292 9 33
-38 -240 23
108 -204 118
107 -100 -134
185 -94 178
12 163 -100
-247 276 -37
173 92 183
-58 83 226
165 9 2
214 -157 -292
262 -62 -244
245 -107 -69
29 -113 -75
-243 -107 130
13 -34 -237
-186 264 140
222 174 -97
255 119 202
-136 -3 -191
-289 -7 113
296 118 208
-58 13 -72
84 79 -207
95 -35 -88
-40 -109 299
-258 -123 -293
276 -86 58
296 26 186
-256 -156 -70
-109 -82 -290
232 62 202
37 153 127
-113 275 50
-23 234 -67
67 -299 -125
-7 -63 273
148 -177 -220
264 275 236
-192 -261 68
-138 -57 23
-128 219 279
251 193 257
203 -172 -105
252 -41 126
230 147 -246
-175 273 -265
228 253 125
-172 269 -3
180 -4 -53
-15 -194 50
161 93 -102
275 -46 -86
75 -213 -198
110 -41 -68
209 166 237
-11 -259 236
-156 297 4
12 -73 -242
-46 -233 -85
-231 -269 -40
-225 141 -223
49 108 -188
-37 -214 -92
-136 86 -48
-109 -259 144
206 -179 -251
259 -175 -141
97 22 17
31 -91 -265
15 -66 -45
-235 -265 -2
119 -147 90
-177 -293 -171
175 86 182
207 -59 -298
265 -39 99
82 223 -117
152 -217 -236
121 168 -4
-109 79 -232
164 267 -151
265 -73 271
-287 -176 203
160 -163 57
98 -229 -79
-57 130 -83
-269 -154 164
189 -262 -222
131 -153 252
-166 190 -47
-277 43 -90
123 163 205
-284 218 -245
277 251 116
-271 -128 -166
101 238 76
-126 87 -144
-97 200 271
264 -141 -115
4 174 -135
-17 237 -283
278 260 -33
-181 289 234
-8 36 87
74 -230 -238
-12 -188 20
-96 -208 121
272 -118 -297
-189 252 69
-140 241 25
279 -185 246
-259 14 11
155 270 -149
219 30 -110
-7 130 103
-236 -131 -271
169 -126 -73
83 57 -192
-78 99 -208
10 -21 -129
162 106 -153
-212 -117 106
154 -271 -96
-7 283 -160
-26 -61 -218
-33 -246 -31
112 -187 -176
60 -57 -299
220 -241 33
-266 -239 13
-6 -2 -83
-142 224 19
-226 230 -5
-237 215 170
-184 148 -195
-267 22 -223
245 75 138
39 97 239
-11 174 160
146 -13 -259
25 -73 -36
-156 -286 -227
-208 95 -20
4 -120 -4
-161 275 -186
288 175 205
-12 -45 -111
-144 116 89
72 266 -124
91 45 228
-190 -202 190
179 -134 139
-71 -157 56
-289 40 -299
-181 -120 -284
173 241 -213
-201 -132 -190
87 -279 231
141 -259 162
-245 195 -208
-103 -58 111
295 62 -283
-267 -48 40
-260 39 -80
-11 211 -172
-53 113 282
129 -144 114
114 -96 -215
-288 -201 84
25 264 -126
189 225 -21
-243 289 -49
3 270 -123
143 -75 92
18 -273 249
-122 -208 249
296 -78 -91
280 -274 -189
175 -46 206
-161 -42 -124
-264 58 34
176 -163 -247
216 204 -119
217 -166 21
96 -148 -169
300 188 -234
109 -291 -264
271 122 86
98 115 183
277 -88 -111
-130 -17 173
-36 160 14
186 274 -155
119 157 158
-286 -156 -39
185 177 -251
-28 51 295
150 -271 -187
71 228 285
-154 176 212
179 113 168
-156 204 35
300 -95 -237
252 188 -227
-124 -290 -69
175 67 -8
49 245 -134
-161 -168 -41
-22 -157 238
-275 -255 58
142 -292 -168
-211 -46 -141
-287 153 80
123 -6 42
81 -176 255
236 292 66
57 -38 -224
-112 -112 -223
32 278 198
-196 249 188
190 226 225
116 -188 -108
191 113 252
127 -71 243
-1 183 65
-82 -266 18
239 -110 168
259 202 -108
-172 245 192
-233 191 -153
-282 251 23
-138 -254 -261
158 -169 -251
-176 88 168
-190 270 190
13 -112 -91
23 36 -259
288 -92 76
253 209 -157
-135 266 179
-243 -300 -241
-268 -65 -275
-86 -31 -218
174 -290 -238
-225 172 -206
118 79 -110
79 -6 -201
18 -152 -62
4 -123 232
-10 -281 184
-58 -116 104
-292 -250 -56
-250 295 6
44 -135 -129
292 186 -259
-101 85 -13
-81 -263 201
15 -112 18
187 -190 -153
157 -82 124
-262 243 293
111 -96 -182
201 223 241
5 37 -2
12 60 -128
-144 -56 236
277 246 -300
55 170 266
103 -131 -282
286 -78 -279
15 -106 -133
-79 -253 -3
-157 285 -286
-292 46 192
170 119 -255
147 195 124
266 262 28
-44 126 -123
154 -297 227
75 18 186
208 141 199
-38 -146 149
25 -127 139
-17 -37 -62
-135 -27 32
241 -133 137
-220 275 -33
215 -214 1
72 -234 275
20 -62 10
-147 -212 -95
-38 223 -234
-221 -246 -134
-87 -214 97
-193 298 227
-240 37 254
-46 -218 261
118 -151 -292
-200 -190 83
262 15 -202
195 -241 -162
267 30 -244
-42 297 127
-11 -2 -126
127 -234 -7
-274 100 -146
-23 190 1
188 244 -214
18 89 206
-183 229 22
25 -97 -182
-124 267 102
247 157 18
-34 -248 -111
-270 -105 -172
243 166 172
-72 99 -237
257 -21 -38
21 -129 213
273 -262 -144
131 -256 265
94 -281 -223
232 107 -241
184 262 105
203 155 -20
-104 13 -29
199 36 66
181 2 265
-46 243 257
-246 -272 -211
89 106 -195
262 -276 202
45 -130 144
-151 63 -14
266 -290 -62
258 -188 -132
259 38 48
183 130 -196
256 290 -174
-236 -26 -192
241 103 260
-32 106 -87
-181 -62 -275
222 -58 124
12 -93 -87
15 -95 -65
278 39 207
273 -29 -287
206 -225 273
92 -297 224
-26 270 -176
-300 90 -238
-60 176 90
-129 -253 -197
200 -88 78
131 94 -94
-40 232 48
-62 10 -4
-96 27 73
-186 -151 -52
240 163 -113
-50 -56 280
-283 146 42
129 -97 -227
208 39 140
233 -109 81
-30 -204 -205
202 96 -238
-200 -252 -96
-11 103 -91
-282 -25 -166
-198 88 138
206 -145 293
293 29 -34
207 174 252
-65 -44 -27
241 -185 134
-248 210 -181
255 -247 -168
122 180 -237
242 -99 200
-168 -169 -23
-57 277 58
57 -178 -118
127 252 -125
61 -277 -144
127 -270 287
-229 187 95
-270 52 -225
272 -21 -127
-192 -157 80
8 -80 -270
-67 -106 103
-196 48 -276
291 134 292
-293 84 110
298 36 -87
126 220 -95
-1 -252 38
102 -74 224
-181 202 -129
-55 -147 39
96 -13 -4
27 98 82
-288 -92 122
-74 -99 210
-60 46 -47
31 273 -116
-221 276 84
-295 -166 -73
76 19 -191
99 -16 213
-200 104 -261
276 270 287
65 -58 194
216 177 92
-176 -223 273
-233 263 -51
-270 -231 54
-228 214 48
-10 -99 -232
-84 293 -86
-144 143 -142
-257 74 267
30 -48 -29
-155 41 141
-134 -277 -284
286 -112 -25
287 -285 37
93 -92 23
-173 -144 -28
-52 -192 -14
268 -143 259
139 138 104
-196 -241 -199
144 142 -31
287 -199 297
116 -150 215
-100 102 131
-225 140 107
-260 -159 -96
85 -253 -95
60 82 128
109 -251 -198
-144 -162 -157
83 -106 -157
-245 252 -6
-199 -222 217
-230 72 -153
53 276 197
-149 13 -52
-253 -228 177
-64 -64 108
19 -144 -195
-231 268 246
20 -60 79
129 52 66
142 55 75
-249 165 -196
-292 -201 -142
-281 162 121
104 -88 -180
-140 161 30
-61 196 226
8 -239 67
-298 195 -10
125 -163 5
-78 169 230
159 196 295
91 142 -195
263 -152 -271
92 257 -210
296 100 -57
-33 -256 28
-245 -216 96
-40 -140 97
97 -298 -294
115 -110 -224
6 242 -93
-256 -275 -181
146 -202 145
106 -80 -80
256 148 -56
-156 -177 -194
-300 -151 150
-139 158 207
235 -190 -81
-180 -147 203
-285 15 119
-244 109 -230
219 90 -221
25 -88 -232
49 19 192
104 162 -7
184 291 167
266 133 209
294 -28 -134
-35 19 269
-26 -208 283
223 -55 -35
75 -275 152
-295 -204 -29
151 134 -249
-282 -173 100
270 -30 -60
167 -290 218
32 -143 255
260 -250 260
7 -161 -181
155 99 32
-71 11 -224
228 220 244
-13 -167 92
19 157 -13
-38 287 33
41 285 -1
-206 208 231
9 140 219
162 234 269
-96 -104 -56
199 -195 -283
-188 -268 82
299 -135 274
-134 -280 175
108 -222 51
156 -176 196
214 -13 -255
-113 230 78
181 249 -275
217 117 146
-144 -200 -87
-161 168 277
-202 -133 -291
-39 -289 -201
250 -142 286
94 -76 296
118 166 229
269 146 -165
113 -84 -20
-109 -279 47
-245 -20 -292
102 226 -185
-56 218 61
-29 37 273
295 186 126
31 -293 -111
35 -227 190
268 -282 -228
73 -101 37
286 151 -141
62 -164 -17
-210 -212 158
49 121 -148
-94 104 19
77 178 193
49 67 -127
293 228 -216
119 -266 -51
-186 -119 142
149 181 165
-25 150 -166
128 20 -185
-12 -285 -74
7 54 -172
32 -203 58
-14 -287 -73
-17 97 226
278 176 -121
267 -151 170
-212 -69 -54
224 -276 -249
-224 90 187
238 35 272
279 232 -8
-29 -156 -126
156 150 29
115 -148 52
246 -250 -76
262 182 -99
49 -174 128
173 -47 216
289 91 -151
-228 -170 5
-17 -192 224
164 182 -140
-211 136 -122
-268 284 -84
272 -58 -124
182 197 289
-288 292 61
4 -165 267
9 297 -31
