498
-85 -5 -51
44 -67 53
-64 49 44
-2 48 -78
-6 -74 -37
1 -50 -26
74 -54 47
83 -5 73
13 30 10
-50 21 37
24 32 -95
41 16 -57
-51 -8 88
100 -19 82
76 -85 -1
-75 18 98
-10 -69 -41
-14 -95 -68
-93 -40 -48
-71 52 25
86 -46 37
29 32 78
71 26 85
-39 13 72
-81 -81 -26
46 16 -43
86 49 -87
29 -14 38
-82 -2 41
49 -85 72
10 -87 -99
3 -65 -63
10 -93 -13
7 27 -67
76 -44 67
-78 -53 20
-84 26 77
-42 -83 -38
87 43 33
-33 60 -36
-20 78 94
-29 -29 -22
-88 -85 -100
85 86 77
27 -25 65
-68 5 -98
56 -13 -52
-100 81 -55
-38 -43 -35
78 37 -54
-59 -84 -22
-26 -8 94
12 17 2
64 69 -42
94 23 -98
-44 -43 -30
-74 -15 -15
57 -79 33
86 -53 26
-80 -16 -60
40 21 -69
-95 25 5
20 87 -3
7 -49 -25
58 -8 -36
-52 -99 62
-54 5 -44
86 46 84
-61 47 9
-98 -88 16
100 -66 46
-40 85 63
-73 14 -12
94 -3 -96
20 -45 -26
-34 15 -97
42 -47 96
12 -5 24
86 94 76
-74 5 -54
8 -97 46
-36 5 -95
-54 -83 -90
80 79 74
22 -65 78
16 99 61
-51 -87 67
-15 27 -57
-21 -99 28
75 -99 -22
46 -16 76
36 81 -95
35 -56 9
-23 -24 77
99 -23 92
50 -91 -67
-44 89 -77
-68 -81 79
-4 -76 -92
-46 -30 -24
78 81 33
-64 72 64
63 13 -84
-57 34 -57
29 81 -96
90 67 -98
60 84 37
6 -71 65
67 -44 -36
-9 13 27
38 2 8
-44 4 10
-90 -81 78
-15 92 -42
-78 -89 -62
-37 -18 -72
59 -1 -3
5 -52 14
-53 -43 -5
-21 75 25
-66 -82 -31
50 -86 1
-71 18 -99
95 -58 -71
-84 -68 12
-98 -54 -44
-33 -84 -30
-24 16 -6
-7 -27 -74
-45 -85 -76
-44 20 -69
-20 -82 3
-31 49 20
25 -88 65
-25 2 56
-26 -54 -33
-60 19 51
-19 -93 -38
88 -95 -22
-72 -24 -3
85 -66 49
-34 80 0
46 5 59
56 57 71
-97 1 -36
45 -27 -64
-15 -35 -2
-53 -14 -97
0 -81 -63
38 44 64
59 100 -97
-95 -68 90
-21 -79 78
-42 -61 61
98 -45 -14
70 -36 -99
83 -70 -92
-44 68 97
99 -43 -60
-51 -58 1
89 -91 -40
-22 -41 -93
12 -59 -100
-66 12 -29
-17 -12 41
35 -30 66
35 70 -70
13 7 41
13 -2 -17
20 78 -78
-50 0 66
-2 57 84
-92 -26 -79
58 72 -35
-29 89 -2
51 -46 18
-22 -37 11
-38 -5 -44
-16 52 3
64 -51 38
67 32 89
35 -66 86
92 -87 -21
-7 74 -45
62 -91 10
-10 19 -59
-21 -95 -5
-51 -13 36
97 -59 -10
92 -19 49
29 -29 12
-12 -18 76
57 -57 25
-6 75 17
54 -28 -80
-50 77 98
-54 91 28
-73 83 -1
-26 -2 -43
-22 -69 100
1 53 69
-78 65 80
-54 56 -35
-59 74 -48
63 -29 23
48 -1 -49
5 -80 -16
-33 49 -85
-77 70 -66
21 47 100
-85 -51 12
-3 -37 86
-95 -74 22
-28 99 -35
94 52 18
-51 -79 -84
25 -30 -91
-60 -69 -22
69 11 -52
-86 -28 -94
-63 11 -42
59 -74 -46
-35 -83 29
-79 -20 -75
-28 -25 -96
-42 -5 -42
-89 -52 -19
68 71 -42
50 -15 31
30 99 21
-56 8 -37
-91 -40 -86
49 -18 41
-36 -57 54
38 -77 -79
-39 71 31
-10 10 -74
-94 51 8
-74 2 -81
-94 -16 97
-39 -13 -47
-15 -43 98
-3 17 92
48 40 82
82 35 -66
88 -69 -63
63 -62 98
52 -76 78
-23 51 -95
62 79 47
-22 -45 -49
100 -52 85
24 -55 21
-80 -68 -46
3 -93 97
79 19 11
1 96 94
-92 -66 -95
-90 -66 16
-85 -13 78
85 39 85
-26 80 72
-99 -50 -19
28 -54 98
-16 -59 -78
9 -74 21
73 -34 -22
-63 -91 -67
-72 -29 46
-78 14 24
-38 57 -56
-17 -73 -88
-3 2 -7
-29 58 6
-40 -36 -82
47 55 -34
25 -46 14
-49 55 -30
-19 -83 18
-31 -86 -52
-19 55 -53
-68 -76 49
-52 -1 -61
46 -43 -71
-67 66 30
-39 -70 -48
38 93 60
23 -95 -50
-25 25 15
-13 43 -25
86 33 2
67 28 81
27 -57 -48
-11 -36 3
32 83 36
-24 38 58
-27 66 77
-66 71 15
81 -22 -27
45 -14 68
-30 -60 61
-77 29 26
55 -2 -57
54 -62 71
-30 77 54
30 61 -19
83 -43 -59
90 -68 65
-93 -64 40
-15 53 43
75 76 98
41 -68 51
-3 -70 58
92 -98 81
-73 -16 32
-40 29 78
87 74 79
-56 -18 -37
41 -20 -89
93 -97 71
24 53 -61
8 58 35
-56 -49 -76
39 -6 -9
9 -73 -74
24 -64 -6
-52 60 97
72 38 27
-94 -30 60
24 12 -18
-87 83 -45
-31 -95 -24
-79 -63 -44
75 23 -87
58 -16 -50
89 -66 77
-38 -78 -75
70 -35 25
-17 -84 -68
30 51 84
-62 -34 35
-48 42 29
-46 -37 -5
-39 -64 -53
-37 -43 -71
-45 90 41
-36 -97 64
60 78 7
64 43 -58
-12 -41 12
32 -92 -34
2 54 -28
50 18 -4
92 -28 -31
-15 -36 -82
-45 -37 27
-69 -33 -91
-56 58 -80
-14 83 76
45 -31 97
97 -6 -26
-96 5 -98
-43 -67 6
-10 -3 22
20 60 40
-31 -28 -34
42 19 -66
27 18 -72
-63 -68 51
10 -70 -39
-71 -64 -62
-19 98 -30
-38 -71 65
42 -37 -38
54 -100 12
-79 -83 91
66 68 35
32 83 -74
14 18 -7
-96 -34 -42
-36 47 -37
92 5 -39
-9 -80 75
73 58 56
58 47 -8
75 -74 -61
-10 90 -17
-2 10 -35
76 74 -17
19 -29 15
-9 -34 38
73 31 1
22 7 -68
82 15 -75
-69 27 73
-84 83 -4
-81 54 98
-39 2 40
-35 -51 78
46 -95 -50
74 26 -69
-98 83 -3
80 73 -59
95 -53 -37
-74 44 45
78 -96 23
41 -95 -74
45 54 27
68 -64 -82
-57 -36 17
-55 -77 -77
26 77 -57
78 55 -23
63 -94 15
-6 -100 8
-23 38 39
12 1 43
-85 42 -53
16 58 81
-24 -98 -21
62 53 -6
-86 -88 -27
38 -20 58
97 43 -3
82 32 -33
60 -82 6
-84 80 -43
45 -12 71
74 59 -87
-17 -53 -14
12 51 37
-94 -92 7
90 84 28
-37 -41 0
-93 -92 -44
74 -31 -43
-18 -16 4
75 -18 34
8 36 31
-82 36 -32
-80 42 -23
-28 81 -93
16 -2 57
6 32 -69
-20 62 0
-71 -80 15
85 -29 -31
-68 96 -35
-10 55 -31
-72 36 75
-14 -33 -68
1 58 -25
2 -42 -74
49 22 7
-46 -68 90
-22 85 24
-38 -5 41
-65 4 9
-89 2 83
-91 29 -67
-86 -96 20
-49 -19 -87
94 35 -16
-53 -87 59
2 -48 46
-8 49 78
-93 -85 -53
-37 -91 -79
18 0 69
-5 -95 -22
9 51 -32
-69 91 -59
-61 2 -62
-83 90 32
87 -55 33
-54 55 -70
54 -91 -29
-40 9 -77
-50 20 93
-52 -11 83
81 4 -56
71 28 -97
81 84 36
60 16 -54
-66 8 34
42 -57 40
-37 -71 -75
-1 44 50
59 -68 -15
-64 32 5
24 -80 31
68 60 -21
-39 -100 70
7 -44 -91
-3 -83 -20
-25 100 -95
-84 20 98
23 34 54
