3256
-71 20 -10
-86 -1 81
-64 76 -2
91 89 -84
10 81 -6
23 72 39
-56 -57 18
-99 92 64
45 93 -9
-25 66 0
-39 19 -57
24 5 -94
-53 98 77
23 -26 -52
-44 96 -73
-63 -83 -12
-29 -99 -83
-52 46 -16
-55 -39 50
43 -86 -50
75 19 -12
75 -54 69
30 -55 89
-3 88 -73
47 -71 -77
-5 -67 -32
22 5 -34
-73 15 90
-14 66 95
19 -61 19
-87 90 78
45 -60 4
-3 62 -24
-68 90 -72
-80 75 19
-83 -76 94
98 -35 75
-83 54 -77
65 96 -90
-15 6 -14
96 -69 -24
-16 76 -10
23 56 31
27 -92 -79
-56 5 -70
-53 -90 64
32 99 35
-6 -35 55
68 79 -87
93 -66 -43
-12 27 -48
-84 86 -13
21 -30 -79
-99 -18 -62
-60 38 60
43 -67 -92
-42 48 -91
0 -38 -6
-39 87 33
-91 -1 24
86 -67 -17
5 -97 -9
20 -43 -77
36 0 15
69 34 91
-4 -87 -19
11 -58 -68
-18 -90 -87
-79 -57 68
-74 18 81
18 91 70
-52 -10 19
-27 75 -1
12 -60 27
-17 97 -36
-93 -8 40
-22 80 61
-60 74 -26
75 -58 63
76 37 -6
15 31 71
-11 -36 63
6 -60 -99
-18 -55 -28
52 -30 57
33 -12 -85
-74 -63 -9
-87 38 74
26 -60 -1
-52 -75 87
80 -60 -61
-14 -43 -33
18 96 -67
-15 -16 24
-82 -85 12
30 31 -12
-24 -13 -81
-84 64 -69
25 -44 -76
94 95 24
-49 -45 55
41 60 -30
-7 -69 -60
80 -58 10
41 87 -65
-70 98 67
65 99 -22
-66 -91 -82
-24 -54 -23
-9 -13 59
72 -42 -35
9 50 -4
-82 5 -73
-16 11 27
16 -65 10
-95 -84 98
51 -54 -94
-80 31 -62
67 51 -18
-73 -62 -11
-74 -30 81
-18 83 65
-8 -99 1
42 10 -38
51 13 53
13 -26 34
68 40 -97
-74 66 -91
61 -87 55
2 38 -51
73 -6 -31
-63 -90 69
-96 -98 39
-38 77 37
-76 -10 -30
45 -57 25
-39 51 -29
-61 22 -4
91 59 -82
76 25 75
-79 -98 24
-49 53 -72
-9 93 87
-76 9 21
-95 20 60
-8 -63 -77
-5 30 -78
41 78 56
-91 9 60
99 23 86
50 69 89
96 13 -36
56 -23 23
-77 32 30
29 82 -83
-11 52 93
-83 -92 -74
-99 -35 -30
-38 -9 51
9 -89 84
68 -5 94
-3 -20 83
5 25 63
-76 -91 20
24 1 60
-22 -43 -88
-74 70 63
-48 40 -11
12 -1 -35
43 -53 27
-46 80 3
-54 98 -63
-84 -91 18
-12 -82 -61
-87 63 -69
-17 -7 15
-40 29 -26
12 27 -37
18 -21 -84
-69 23 -13
86 74 -48
31 -15 11
-64 92 -10
-40 60 -26
-49 21 22
65 70 -19
-60 94 -6
-49 -14 -20
-77 -30 3
-97 -85 98
-76 13 -66
16 -46 -10
-97 4 -26
-56 -3 -33
24 -2 54
30 -14 -11
30 37 27
-11 -8 94
-63 36 -63
33 -40 -68
-33 -47 40
47 -68 39
-94 -18 98
3 -45 52
-70 79 58
-13 3 -91
15 -3 57
45 38 18
-52 50 -82
82 -13 34
-77 -48 -70
-53 91 -72
67 -42 72
65 -21 -44
96 -4 -35
-1 -10 30
-6 23 26
3 43 68
-12 -36 51
79 -62 -76
65 -3 -88
-77 97 -96
98 16 -91
31 -64 43
-100 92 -33
26 16 -22
-43 24 -87
44 88 3
11 -14 -2
-46 -8 -52
55 39 40
55 23 -45
-8 -35 67
53 64 -36
98 9 -19
-32 -78 -40
-18 17 -72
-64 -94 -19
-22 50 94
48 -94 -82
-18 32 -5
13 -26 29
-44 6 95
-99 38 -79
71 96 -17
12 -59 70
-7 31 -41
21 40 21
-60 20 64
69 26 12
77 96 90
-39 50 -73
-58 42 38
-2 100 -34
53 23 38
-23 -45 93
54 28 -98
69 36 -66
-33 -24 -55
-41 -70 9
88 41 75
-58 30 97
31 10 11
-35 80 52
65 86 61
32 -80 11
-53 35 -57
30 32 -68
-22 -97 43
49 -71 -100
-82 4 -26
25 26 -8
45 -48 -48
36 78 -2
-46 34 67
73 46 96
-18 64 22
-43 44 -75
-67 -7 56
39 -62 -83
-54 81 -5
-60 -49 -69
-62 -86 -64
-92 69 -35
-36 -73 -20
-69 28 -70
-60 23 98
-100 -28 97
-8 50 11
4 16 44
8 59 -59
-46 -83 -62
86 -28 -89
3 -8 32
-11 -67 -29
-40 -11 8
-97 72 -17
53 -70 -22
99 -54 53
-90 14 57
25 -64 78
-26 -36 33
91 51 -65
-95 -58 51
-43 88 -35
87 -76 -99
-47 -100 83
-50 -98 -95
66 -9 -92
-84 -16 -11
80 -13 62
-74 -45 -7
-81 44 94
69 -23 -87
93 90 -59
97 47 -57
-51 -26 -37
86 40 -34
-70 11 -45
15 29 -66
78 -60 -57
1 51 15
43 12 -23
9 -16 -87
-50 89 -71
-87 -90 70
-48 36 25
87 -30 9
-99 -51 87
37 -44 -5
26 -75 -28
40 -64 -74
-95 69 28
-29 32 -91
-96 -57 -6
-13 44 14
-43 -78 89
-12 -4 88
81 17 -27
61 -76 81
74 26 65
72 -27 -21
9 25 -12
-37 8 20
-64 54 -13
69 7 -69
22 0 -18
95 65 -92
19 -49 82
-68 -3 -74
84 82 -42
-49 62 68
-58 -80 47
76 -36 9
-52 47 24
84 90 6
-63 -41 2
-17 29 73
-38 91 -77
-61 -98 33
5 -65 -30
-45 -49 -15
-39 67 -4
85 29 -88
23 72 -64
49 98 -46
-7 -24 88
-76 47 -11
-56 40 -65
8 84 9
-38 55 -71
-94 -89 95
-32 12 79
46 19 -44
3 47 95
83 54 3
-82 90 9
6 -71 -75
-38 -29 -36
61 13 -81
-87 56 94
28 23 15
-80 -61 23
95 -40 -21
73 -93 -77
-86 99 -1
-92 77 -65
-70 67 -59
22 31 69
62 -59 -59
74 0 -4
70 -76 -76
-84 -56 -33
8 38 83
-70 -5 5
-24 86 28
94 -29 95
17 -17 57
61 74 44
27 65 68
49 -47 -95
31 74 -81
-79 -16 19
99 -46 -27
8 53 27
-58 100 -3
-15 -8 39
-99 22 -54
-95 19 31
-23 -72 -15
35 29 87
-43 -37 -49
60 -1 -67
-47 -15 -35
96 54 -25
-12 -51 -85
89 64 69
41 -50 71
66 -52 -13
63 -71 42
-21 5 80
13 -29 86
59 45 -92
-58 -94 -79
-95 90 30
-45 86 -72
47 -57 43
-72 25 8
98 -12 -7
2 3 74
-85 81 10
94 2 -66
-38 53 8
-83 -65 -25
-89 60 1
9 -88 88
-98 93 40
-96 -17 -17
-69 -3 17
1 -69 33
12 -82 74
-8 64 75
8 85 40
-63 -54 40
69 -59 -49
31 -43 -21
3 73 55
-28 99 5
68 50 11
78 -62 -37
-18 7 17
27 -1 27
34 68 -23
76 62 -29
79 59 52
-64 -91 32
-54 30 -29
-15 26 -42
-8 -85 -15
22 9 11
-9 -89 -97
28 37 49
33 -37 64
46 -8 1
99 79 59
85 -42 -54
44 -37 -58
-38 -81 59
41 -91 2
9 -67 -52
-35 -56 -33
-57 -75 83
70 76 23
-49 76 9
30 53 6
68 77 -45
-97 59 42
-43 81 71
-14 -49 46
-54 -3 90
90 -85 3
-36 48 -6
37 64 70
12 -14 98
50 83 -41
-52 45 -48
65 78 -12
-43 -87 -56
-20 -31 88
-67 -20 8
-90 40 -66
-21 88 -22
67 -81 -36
31 -28 10
45 -1 99
89 83 44
69 -21 16
10 -97 -24
59 39 -88
80 -58 26
-80 51 17
91 54 56
-73 59 -3
23 -76 -30
23 -99 50
-10 20 19
-41 95 14
-88 17 -61
24 52 -57
-31 -56 89
17 -12 -69
86 9 83
-84 -100 27
-3 15 77
46 20 -70
-13 -3 15
16 100 -82
-87 61 -71
12 -23 49
51 -45 -30
-13 42 -41
94 -71 45
30 30 -43
68 79 -39
-26 -57 -1
-4 -46 83
-18 35 49
92 38 -82
23 52 30
-63 32 47
-34 72 32
-49 -91 -97
-70 89 -78
-7 75 93
70 85 -9
12 -68 76
97 70 99
4 3 -30
-64 -58 -60
-41 -52 -97
97 -90 50
11 -65 -26
99 -29 96
30 -65 33
-79 -95 2
39 -35 79
-1 98 35
79 81 -33
77 -82 -62
-1 -11 -20
67 -40 -66
35 -62 -29
100 84 63
-89 -60 -65
-15 61 -11
48 -97 -13
1 13 85
48 -16 -60
29 -24 -3
9 -73 -72
-94 1 17
25 37 12
-2 96 -68
-69 -99 -94
-66 -98 60
-46 -59 77
-60 -92 -33
4 50 -60
55 61 -48
63 -70 74
-10 -36 21
-68 83 94
98 -81 17
51 -78 -68
-63 62 -50
-39 -46 -69
7 -2 -57
-73 5 -1
16 59 -87
36 90 -90
43 82 -44
39 -73 -47
27 -90 19
48 -18 54
92 19 56
-24 -67 -52
48 -94 -14
57 47 -83
66 -66 2
-14 -33 37
-3 -25 -39
-70 -32 -73
-70 20 -82
28 38 71
96 -87 -16
48 -68 -19
-81 -73 100
36 -46 -79
-18 -44 -67
75 -12 -94
-25 -50 -86
20 -14 -37
-80 31 84
98 -46 -44
23 -28 -81
-64 -1 29
61 -69 -93
58 -77 -58
-20 -86 87
67 98 -61
-49 16 52
-72 -73 -93
66 98 79
-88 -24 -92
30 -95 57
10 41 33
60 62 -84
100 87 83
14 -6 -70
32 84 78
58 71 -49
23 77 46
26 13 96
-83 -15 -25
41 11 -86
-71 -50 10
-50 77 47
76 -82 24
33 -36 17
-12 28 -95
-93 15 -99
-97 -54 -22
58 95 -70
-7 99 -34
35 -39 -29
-82 -84 22
54 29 26
-47 71 0
71 60 7
-25 -92 -36
53 39 -31
-67 69 -73
72 100 77
62 46 -50
56 -100 54
-16 66 41
71 -76 -63
-94 30 99
-78 33 67
-20 84 27
28 -7 -57
83 -88 50
-47 -55 68
35 82 -6
15 94 -58
56 89 92
-6 88 -61
-47 31 91
-28 56 -52
13 -67 -72
2 57 50
88 14 -8
-82 -6 -100
28 -21 -81
96 29 -56
66 11 9
-96 -68 6
-94 12 -26
15 -16 6
-67 -21 -26
59 -30 78
25 -56 -8
39 -2 54
-60 74 -51
59 -40 31
38 -51 59
-98 -38 -46
14 7 -5
6 49 66
-16 -57 58
-98 -62 22
-60 -14 65
94 10 -70
-77 53 -92
26 -30 20
-61 87 80
-51 58 48
95 42 70
63 48 -99
-15 88 30
42 -100 -46
-63 63 0
42 -98 -54
90 -100 77
-37 -13 77
-17 90 -35
63 86 -39
-38 -57 -54
81 17 -11
28 -69 -56
-66 22 -19
-33 12 -78
-37 12 -95
-38 57 37
70 63 -28
14 65 92
-77 79 -80
15 50 -69
-72 -59 0
-3 -98 -17
-68 91 35
0 2 -3
57 21 -90
85 60 86
-56 4 -55
-66 -51 91
94 51 -12
-61 -48 74
90 -74 -12
49 33 -41
68 87 -14
-99 -78 -76
-79 -91 95
-4 73 39
99 89 72
-71 -26 66
89 -79 10
0 -21 -49
90 26 41
-17 24 62
-77 -93 -14
8 69 -58
-1 94 -100
-58 52 -69
-47 58 -60
-23 -93 -1
-91 65 25
87 61 -9
-20 2 57
-23 -82 43
-20 41 20
94 -67 -83
21 -90 97
91 -18 23
43 -88 -79
68 40 -68
-5 81 70
40 -3 20
98 11 47
-49 66 96
-7 71 42
-50 -64 97
-60 93 47
-65 -80 72
51 21 25
-58 -14 3
-21 -50 65
54 36 -92
29 35 30
12 -38 -15
15 16 -2
-70 17 -98
100 -40 -15
-33 -82 -74
-88 -89 48
9 47 12
-91 -48 75
-43 13 88
79 31 19
99 -98 46
-26 36 27
-93 -76 39
-71 22 -53
-5 -40 -63
85 84 32
0 -91 -85
-86 67 -33
72 -3 -5
93 -42 -71
-13 -57 7
-32 84 69
77 -77 0
100 -90 61
30 2 56
42 -87 -56
-41 62 5
-87 44 47
78 -1 94
10 65 -28
-82 48 -15
-14 6 7
-4 36 -67
82 7 -28
86 88 -50
-76 -42 -50
8 -93 35
-80 -81 -12
31 -19 -12
-26 59 59
92 -4 96
93 -84 -12
-54 76 -82
-59 39 -47
-93 -43 46
-7 -25 64
-51 49 -18
-50 48 59
-91 -70 11
87 -22 11
82 -47 87
-42 -8 -38
-33 -8 26
78 83 66
-40 100 -86
-81 98 -74
-78 -25 98
-96 -68 -36
-48 58 82
-89 60 -39
-28 -70 13
-23 69 -17
99 -99 20
-53 -22 68
-35 -54 13
22 59 -38
-57 30 -11
-35 86 -12
63 -75 -57
-78 -2 74
75 15 27
64 10 78
97 -1 51
23 79 -80
3 -27 -100
-18 31 -65
100 -32 5
-54 6 -20
-72 16 8
83 52 79
-64 71 78
-88 54 70
15 97 -100
10 77 -80
0 -92 -23
59 64 -26
52 -7 -77
2 77 14
100 3 23
-99 -85 23
-56 76 69
-46 51 -46
92 39 -66
78 10 94
-20 -78 2
-49 56 13
-22 48 -21
-45 94 -84
63 97 96
60 93 -50
45 -33 -98
-57 -59 -91
-28 -91 61
-65 76 -28
55 -86 -20
29 -34 33
0 -56 83
-77 94 -81
39 -44 8
5 26 76
32 -52 53
-51 -5 -42
-65 59 -4
-44 42 72
79 -38 -42
5 80 49
2 60 -53
-98 -50 -77
37 -13 98
97 -54 74
-17 -44 59
9 45 -19
46 37 -35
-16 -42 -99
73 96 46
33 -17 79
-34 8 -60
40 -53 7
-59 66 63
22 -78 32
-32 -77 -74
-3 100 87
-57 88 -17
-63 36 -54
8 -43 98
-43 72 70
-98 -80 -52
93 -40 -52
-91 21 -71
71 88 32
-37 -76 3
-30 -29 28
98 90 -45
88 19 -4
48 66 17
23 -12 19
52 -66 -27
-8 26 -49
-33 25 65
-36 -59 95
-16 -78 63
-27 48 97
70 -68 -16
-79 1 -84
34 -40 5
87 41 75
76 -13 54
-5 63 -84
20 54 23
-64 86 -33
87 -18 -92
85 -96 84
-86 -76 -73
67 -42 49
39 -3 100
12 -39 3
-22 46 -56
93 -41 69
6 -47 21
99 38 70
-43 -48 -78
-2 37 50
93 -28 -12
93 -97 63
47 -67 74
-51 63 43
10 42 -12
-19 -35 31
-54 94 -58
-48 85 -47
91 -44 14
-92 -97 96
94 -44 -80
99 -79 0
35 -16 55
92 -98 68
-17 -67 -60
17 57 -66
9 -98 -99
58 48 98
-24 67 21
0 -17 28
12 95 -21
-64 -97 -46
77 -22 -100
-19 31 10
0 72 0
82 43 43
65 -99 91
11 -68 -20
-91 92 24
3 -97 97
52 56 -26
28 -38 -64
50 68 61
85 -95 -73
70 -13 -15
-46 -33 54
-16 26 20
-70 -9 80
-7 -49 -24
91 -61 -1
-86 -66 -83
38 81 27
80 -11 23
-65 -92 21
-88 -29 85
93 86 79
76 -92 32
29 -42 -71
66 67 -63
-78 -75 49
40 -72 -31
-99 -95 -3
-24 96 97
47 50 6
-53 79 -32
22 89 52
-48 -14 82
-79 -65 68
-94 12 83
-59 78 84
-89 12 91
-8 57 86
-95 15 -55
50 96 -35
-16 -2 15
78 -8 -45
-60 28 88
-72 -62 6
-61 89 -96
-90 51 -83
-10 -36 41
-4 25 63
-15 -6 53
59 -51 26
-53 54 -15
-1 -33 -51
-62 -87 -34
84 -60 -91
-31 -81 -89
68 -99 -86
-97 93 63
88 57 -16
23 -5 66
90 -90 19
36 -55 55
88 0 48
-43 58 40
-2 -88 8
-16 -95 67
-14 1 -69
-27 80 -44
-78 -98 40
44 -5 50
-39 -65 65
-80 -32 39
40 94 88
-53 93 -66
-23 -82 -32
-92 63 50
-9 86 8
42 24 87
-27 0 -75
-28 -54 -19
-21 63 -57
44 -50 -39
33 -60 -50
65 95 87
-8 -70 9
79 62 82
-72 91 86
3 22 -100
-98 34 -20
-98 51 99
-40 6 -82
-99 -82 -20
-70 90 36
35 -17 39
9 -48 4
17 -33 -36
-65 -55 55
35 -71 38
-96 67 -29
47 12 78
-96 -87 -96
24 -59 -68
38 -51 -97
-13 -21 42
-62 64 -2
-28 -50 -43
75 23 -21
-45 0 99
23 96 6
-9 66 -52
37 97 92
-29 19 -7
37 -25 65
-94 -89 36
45 0 -7
30 -13 23
100 38 -45
-80 87 -75
90 4 56
-26 -31 64
-58 -95 55
72 -7 -70
2 93 -36
11 -1 -27
11 80 -19
-86 15 79
-96 -5 -64
42 -24 -90
-48 -17 -70
71 33 -21
43 9 4
-87 -88 88
-58 -74 21
65 35 64
82 -6 -44
-78 15 -76
-75 -91 42
65 64 -52
-20 -29 51
98 40 -76
56 61 57
-97 -21 38
-25 58 83
-59 52 -29
3 71 26
-65 79 -45
36 6 14
-47 17 74
-52 31 -20
97 -66 13
94 -63 95
38 99 93
-85 8 73
-15 74 74
-17 7 -30
34 10 1
68 -19 -71
-91 -78 -37
-31 34 -59
87 -57 41
89 -79 -5
57 -46 11
-85 2 99
61 23 37
19 95 99
-71 78 -39
54 -2 97
4 -28 -42
35 -47 -55
57 -99 -16
64 48 -94
81 -5 -64
-9 -48 17
10 70 -34
53 7 47
-100 47 -19
91 64 93
-16 89 -31
65 100 28
-81 53 64
-60 5 -74
-42 -45 -98
43 67 81
-58 -38 -36
-66 -73 78
-68 -77 -24
-90 86 -59
88 -93 14
2 -8 -89
65 -54 -26
48 -8 29
79 -56 77
80 18 -4
-59 40 -40
-40 72 92
94 -27 -6
-3 88 96
-84 38 18
-12 76 -22
13 -79 17
-1 -95 -70
-75 -73 36
-48 86 -35
-69 97 -69
1 43 -12
48 -51 73
46 40 38
-17 98 47
32 -89 94
17 45 6
72 -61 60
-38 59 49
-13 24 -56
-63 -81 80
-29 -28 -52
53 89 -92
39 77 -36
99 -95 14
32 20 -88
-15 -36 -20
-87 7 78
28 -32 60
46 -26 -58
-46 37 18
17 -24 -5
-33 78 7
79 -73 36
-41 66 47
-72 17 70
-60 -18 57
-60 -1 -82
-13 -4 88
-67 -30 -52
-83 15 56
19 -91 44
-25 93 -90
-83 92 23
58 -47 -31
-41 -67 -49
-22 -20 24
-28 -3 -36
-81 64 -81
42 -33 -84
62 -33 92
-52 -37 47
84 -75 -37
67 -80 69
-71 -22 13
100 -67 -66
-1 59 -10
49 -71 -65
53 -66 84
-99 -63 -97
-45 -17 51
-13 67 -58
-16 -91 15
67 -67 93
47 57 18
-100 4 80
19 -50 -2
6 79 -7
12 -42 87
-63 95 88
33 -100 41
-37 -55 -43
14 -81 -33
-75 -83 7
50 -38 -5
-25 75 71
-85 -72 -35
-38 98 -60
30 -3 -12
-66 59 20
55 -38 -96
-15 -76 10
-87 -55 -65
-75 7 63
98 17 -9
11 1 35
-60 -20 -67
-8 13 -27
95 -87 12
-65 -40 47
-45 29 23
-41 35 -8
53 79 -43
-3 -16 -44
-9 -85 -27
-42 -34 89
-13 -11 -14
-10 -85 -62
-45 -82 96
-7 72 89
7 54 70
12 -9 19
-18 -66 -43
27 38 -44
11 4 -13
48 60 -37
19 -74 -43
41 36 -59
-89 64 -88
-49 64 -18
-91 82 -75
28 28 53
41 -74 -94
10 47 -25
7 64 33
-45 -72 -21
-26 -25 26
-18 -50 18
-8 -17 -48
-5 61 45
81 60 87
-90 -48 -58
80 -85 -4
56 23 3
31 48 72
5 41 68
67 -41 -62
15 85 -82
43 -37 72
-61 3 -45
-59 91 -69
96 76 -42
-16 65 -62
-67 -50 -15
-9 9 76
-42 -81 2
-27 -21 -84
19 -25 28
69 -50 100
-70 46 69
-9 62 41
-62 27 69
-30 -35 39
-22 40 -86
93 67 -91
-41 -6 43
-80 -88 77
-96 96 -79
-57 -29 95
-4 -50 32
-88 27 41
19 21 -73
-18 34 -24
21 -12 43
19 -90 72
-96 39 35
-47 -100 -24
92 -58 97
-24 47 -67
76 80 69
-13 -24 0
-27 -91 -65
92 -21 59
-76 45 -100
53 29 0
46 -21 23
3 91 -43
29 1 44
35 10 85
19 -68 -5
61 -29 -77
82 -84 71
62 87 24
23 -87 -47
-5 -85 38
31 -28 96
34 79 13
97 84 62
36 -10 -100
-69 -87 -73
87 -96 -23
6 84 -61
34 -84 -81
-37 4 39
17 -3 -85
78 -82 -73
42 -85 78
49 -39 34
-37 10 16
33 -86 -31
-35 -47 -56
70 61 8
-36 63 -94
-30 67 53
20 29 -79
-51 -80 84
-90 84 -36
13 -61 38
92 31 -93
-96 -38 66
-55 88 -35
45 36 -16
22 -32 -11
-50 -85 -20
-29 -78 73
47 40 57
27 96 -40
-34 35 -65
-36 -4 -43
38 67 73
-35 64 50
-8 32 -53
23 43 26
81 -74 -54
-82 89 43
-51 -23 79
90 5 18
84 100 22
-37 44 -88
39 -32 38
59 -32 -41
-9 87 -81
18 -98 85
-72 79 -73
-13 38 -88
-94 -86 11
93 -19 -45
58 21 23
-47 -42 83
-56 -61 -13
-11 -61 15
78 -16 76
-65 57 15
-70 9 28
-100 48 -11
85 -28 49
91 58 70
38 92 85
-52 13 70
-52 24 -24
-55 85 -30
-8 -42 -82
-10 -34 -95
-44 -50 -81
12 -79 45
-36 82 62
-95 -50 77
-8 79 19
-23 100 -22
98 -56 -33
-76 -5 71
49 -69 -45
-39 -36 47
-13 66 -79
34 -37 -33
-86 51 54
-1 37 3
49 67 -63
50 59 -39
20 20 -67
-54 -18 -72
-42 96 99
-55 -82 58
-22 96 23
-61 68 62
39 -1 -69
-40 16 -24
40 69 65
34 89 65
-72 99 69
-54 8 -71
74 59 -76
-44 -48 66
13 23 -99
-9 -93 -87
60 70 -36
57 79 -61
20 39 81
-1 -99 97
5 78 -36
-8 66 56
-62 30 38
-45 54 -69
51 -6 -29
40 79 -63
-45 -21 54
22 -3 59
-79 41 83
-19 58 -17
40 80 74
-82 65 -97
92 43 -22
-45 94 -67
59 37 83
-2 -100 2
76 -67 90
58 26 7
81 5 -62
-40 63 54
69 20 -63
98 -66 -18
25 8 -62
-81 -22 -1
-88 -4 62
-80 88 51
-21 -4 67
88 25 -17
93 -68 -8
17 -71 63
11 83 46
99 39 63
-39 73 -47
77 -73 24
18 33 19
-40 -47 5
-13 72 63
57 82 -67
58 -79 -88
84 -1 -6
16 -51 -79
-14 72 -94
69 8 -18
-12 -27 -90
96 -20 -50
-63 80 -78
-26 9 62
-26 -97 -31
66 -80 -42
-39 -39 100
-48 49 -54
-54 47 -34
-63 56 -84
91 21 74
83 78 39
53 -62 -38
68 -68 -24
-52 100 -82
-25 -92 -60
30 -18 21
12 50 -41
-64 -42 -1
-98 -96 -35
76 70 59
-48 53 -82
8 -58 55
68 3 -56
-77 93 -55
50 82 -7
36 54 -22
-34 -97 -58
59 77 -78
30 23 -23
3 -58 -28
95 12 66
93 -88 81
-94 -52 -56
100 -72 -40
-47 39 -31
-51 59 -70
68 30 22
-12 67 -19
65 -28 -4
-14 -76 72
-13 76 80
-24 36 -35
-46 58 -71
49 -94 -58
6 10 -61
26 -22 74
-91 -90 -19
-65 -51 -79
-33 -79 12
-47 -84 44
16 -8 -25
19 57 -27
-62 -93 11
-71 -83 83
-41 42 -2
33 -23 46
99 -60 12
-82 -44 -22
90 -90 -28
0 -35 28
64 29 -70
-16 3 51
-54 39 -14
63 51 -72
94 -77 -63
57 -74 24
0 -18 -81
-56 -21 47
-62 -54 -8
-61 -58 7
61 72 -19
-34 53 -86
24 -44 -50
-68 -23 -81
78 -83 -4
17 -19 81
88 84 -76
57 96 24
42 -58 -45
-32 45 -49
-20 49 -29
21 -71 -88
-30 29 -4
34 -49 -40
-98 88 -4
39 37 -78
19 77 77
-64 33 -82
38 20 59
2 -29 -87
-85 -53 96
43 -4 84
69 21 -6
92 1 -90
-23 46 19
27 60 94
-84 78 13
55 -49 52
84 50 -90
64 -70 -25
30 -97 23
20 81 52
3 -48 -54
9 -68 1
-30 2 -37
-38 88 -98
48 -92 1
66 -42 -92
47 6 77
-90 -54 56
80 76 -98
26 -67 88
-53 39 38
85 -11 19
71 -100 -90
-57 23 -83
-28 -4 40
-87 -23 -17
-26 55 88
-35 61 66
-28 -22 49
18 19 68
91 -76 -95
5 -6 22
-61 58 -11
46 -75 -41
42 -31 -44
-69 -88 84
-62 99 -66
-34 -92 -12
-33 -26 -27
36 -31 88
41 -20 -95
18 74 48
-1 -83 -16
-17 21 72
-67 -78 78
62 -16 53
-61 36 -81
-24 -64 -35
3 -21 -97
-57 -21 57
23 -12 -21
-16 -49 79
12 44 33
52 52 -22
-45 31 12
-36 49 -79
29 -93 -8
-33 93 -44
0 -13 -90
53 -21 -56
-50 0 21
44 -56 -11
63 -69 76
-28 16 -100
55 -41 -71
84 -76 -15
83 -67 -37
76 55 86
-1 86 13
94 -90 -74
-21 -99 43
-3 -80 -46
-19 -74 5
14 -9 -44
-94 49 14
-29 85 -30
63 -64 -19
27 -73 -42
25 55 -31
-63 5 70
-5 -64 28
-80 -86 -71
-80 -11 -41
-32 88 -50
-45 -57 -20
11 32 31
1 -95 3
0 48 -37
-88 -71 -24
-83 59 7
-97 -17 -62
-55 -41 -93
-35 40 -42
85 -3 5
-87 -89 68
-65 3 -71
-13 -71 49
50 3 -83
44 87 -66
-20 5 6
-32 21 -60
-12 47 -83
-59 -93 -96
-57 -89 -90
96 53 53
-50 61 91
5 8 -39
-40 50 97
60 24 -82
41 63 79
-57 2 61
45 32 -98
-7 7 19
12 -39 -42
-55 69 -28
86 75 -87
38 -99 -22
-15 -74 -52
-79 -55 -51
-22 -29 86
73 48 -87
-13 -37 -24
42 -70 -74
83 61 42
48 -60 48
-98 84 -28
81 92 75
-57 -89 68
-3 -43 -35
-66 -26 -42
88 -34 29
24 -86 97
-36 -71 94
97 -64 -85
-92 -98 88
-38 34 27
2 67 -52
74 -27 7
19 36 -54
-91 69 76
61 62 20
82 68 3
-17 72 -3
29 10 52
-50 69 6
-25 -17 -50
-67 68 4
86 5 64
-75 -11 22
31 -65 44
-45 72 -49
82 82 63
-74 100 -62
53 2 -7
21 76 33
-85 -77 -97
-45 -37 -55
-70 -5 -59
94 -67 -12
-21 -93 70
-57 -62 0
99 -93 -26
-97 49 -76
93 -86 32
65 -51 -2
-78 -83 -33
-94 74 81
88 65 -15
10 -43 98
36 -60 46
-61 72 96
26 -40 23
45 -40 -67
35 -50 1
4 91 7
76 24 -70
57 -94 -8
75 97 -66
-9 -11 61
5 -24 -31
-26 -30 74
12 90 36
96 -71 -97
70 71 -69
95 -31 -95
87 -31 95
52 -37 -36
-97 53 -90
27 -16 90
-83 -22 55
58 53 6
-4 87 58
-47 20 -71
-19 40 -72
-24 -7 -17
98 4 12
-76 -15 -29
-42 71 54
-90 -69 2
8 98 -15
94 42 -69
81 -45 19
-50 45 35
-69 -89 -10
23 -67 -66
-78 -50 -83
-54 -55 -40
-84 46 -23
-29 23 -48
89 -46 38
81 -72 -33
27 66 14
-24 53 -53
34 -35 -47
24 -86 -51
-83 -26 -28
-92 22 -20
-81 25 51
8 -33 -36
-24 12 -85
-19 97 -41
43 -39 -83
48 9 88
67 88 91
-13 -85 44
-13 43 17
65 -68 -7
24 49 47
-84 49 -60
-59 47 19
-57 98 100
-30 -11 53
-53 83 -61
-67 -75 -75
-17 -12 29
83 72 -53
-63 89 23
-48 -82 88
91 -71 72
-72 52 21
24 40 -7
-88 10 -65
58 25 81
52 -43 93
-100 -83 97
61 -15 -96
13 -45 -4
41 49 -12
-8 76 35
-45 9 70
-69 -63 -35
67 -21 10
9 -67 -80
40 -69 18
39 24 62
23 83 30
-83 -64 -44
60 -90 -99
-45 13 -29
49 16 -75
-42 89 2
-71 -41 67
93 -63 -40
76 -31 8
41 58 -2
39 100 -98
52 45 -99
54 35 -71
-98 78 -68
-22 45 95
98 20 -36
-78 8 23
-59 -98 68
-59 -5 69
80 55 -24
-32 98 -79
-31 1 -2
-47 71 24
-11 33 99
-49 7 -100
70 0 -64
-61 -75 -8
44 65 32
-52 -84 88
-78 -48 -11
-82 90 -48
46 30 -68
67 37 -72
76 -29 -40
60 -66 96
90 -61 -90
-52 -4 38
5 46 26
-80 74 -18
65 57 -37
-86 0 4
16 18 -45
-58 -84 -19
-96 -49 -34
15 -59 46
-61 -95 68
18 -100 -60
-24 98 65
72 95 32
67 -92 76
57 -45 84
49 11 -93
-54 72 -39
-34 -74 -10
13 -29 -90
56 -87 -33
55 46 -59
-24 -3 22
-60 -21 -66
99 -76 -25
65 43 -3
-49 -25 -91
-73 -69 -85
61 32 -49
94 -20 -41
12 -21 39
3 -38 26
-44 -19 -91
88 90 -47
-82 -92 28
99 -68 -57
70 74 22
-92 94 57
-48 -7 -83
39 29 -71
-100 89 -26
9 94 -70
76 -58 -91
35 -30 -51
78 -93 20
-11 -94 -31
-79 100 -19
89 -87 91
81 -64 72
-98 -30 -61
60 14 -100
-64 23 30
100 32 17
63 -83 -84
-88 58 24
-25 46 64
89 34 -27
38 65 -14
31 55 -23
57 78 14
-82 -58 -39
4 -82 -57
53 -59 -22
-85 -92 25
93 -12 47
87 -70 71
49 48 -80
9 -5 -9
-78 96 -80
17 27 92
0 100 27
-91 -85 -2
4 -92 -33
30 57 71
83 -33 -60
61 -93 -73
16 83 100
42 -14 -55
-16 57 -42
-25 -96 97
32 75 57
-24 61 87
-12 -50 93
33 -26 84
-14 -81 12
-26 55 -92
62 -2 44
-35 -22 -81
29 -80 54
49 -59 78
31 41 29
50 -38 -6
84 48 85
52 -43 -48
86 -16 -14
-53 27 38
93 97 60
-19 -53 -67
-50 5 32
-36 -19 28
-16 66 -88
82 -41 -52
97 93 98
20 -80 -11
-88 -45 57
94 -60 89
-67 48 -55
-96 -70 -39
-6 -75 -53
-65 63 -52
92 -40 -65
79 -16 67
75 -10 95
96 -52 -91
29 29 -27
-62 82 44
-93 48 51
78 2 51
3 -67 -75
-49 40 -20
-10 74 58
44 41 -7
-55 51 23
-84 65 -97
-37 -36 46
-3 -59 -8
39 -34 84
49 -83 -51
-6 54 73
-20 93 71
-80 -93 46
82 -9 -19
85 27 -21
82 46 -77
22 -43 -23
9 20 21
-27 -28 7
-92 89 87
-39 17 -69
-19 92 5
-33 72 -80
29 -19 -47
76 -100 -12
-1 -11 32
-60 1 -43
-82 32 -9
-32 -94 17
-29 66 -65
54 48 11
-66 -74 40
26 -56 -93
60 -49 -1
-86 -63 -61
78 -2 -89
-52 85 29
59 56 96
100 32 32
72 71 50
-54 93 41
-23 23 27
-20 54 -7
15 -32 39
-4 -6 8
-47 -59 -16
0 -33 48
-26 -21 -11
-58 60 64
90 9 63
-12 -74 -2
-93 -63 -70
-24 -5 88
-15 -41 -79
-83 -10 -4
4 93 72
48 -13 -17
10 76 95
10 -81 -70
61 -86 -92
-4 51 80
-73 79 55
66 -48 -99
-1 14 -14
44 -3 85
-77 -48 -77
22 43 83
19 -65 94
65 -69 71
-69 28 -61
84 -28 25
-37 55 -20
-48 -16 -23
75 25 -74
66 -71 14
-24 -16 -64
6 -24 -45
-53 -13 -48
-47 91 -3
-85 60 -68
23 -69 77
0 4 -45
-16 -82 82
72 -87 14
-55 50 -27
78 -23 -34
85 2 47
-7 16 -23
47 -43 -36
67 -93 93
82 26 -1
31 42 83
-21 -24 59
32 -64 -88
-40 32 -71
98 -57 -17
-73 57 -25
99 63 98
-53 -60 -11
38 95 15
-50 -97 12
28 -19 49
-83 9 43
33 -70 -62
12 19 -57
92 56 -85
-42 -88 -77
-53 29 54
-43 -63 12
57 -10 69
40 52 -88
-12 -90 -59
-50 4 -52
-16 15 59
-75 95 25
-24 -45 -66
31 87 -40
61 -21 -94
21 -17 -10
32 -94 -77
-7 -38 24
49 22 -86
-29 -58 -15
-9 -35 57
20 55 -1
29 -2 -61
64 96 69
42 33 94
73 -27 -60
0 7 72
-15 69 -85
37 9 17
-36 -86 -81
32 -6 5
91 -93 -17
-7 57 -99
-8 -76 30
-47 -70 45
-12 7 -90
-3 53 -100
-59 -21 47
-89 50 91
79 46 17
-88 44 51
-19 -99 14
-81 58 90
-18 -30 -83
43 10 -49
51 78 -50
-76 17 65
-43 -56 -38
46 66 -61
-97 -87 -51
33 42 -4
-73 26 53
-25 -7 -93
42 42 11
-26 -68 -47
-60 -36 -68
32 -89 -80
44 16 -75
-78 41 25
79 -19 41
-28 6 82
-80 0 6
-84 -45 -73
-21 48 -41
60 15 -54
93 -85 23
-2 13 89
-42 -85 -84
-66 -32 14
-98 -98 1
66 -26 -53
-44 -80 -77
-52 62 40
2 60 -91
-10 5 -89
-34 -57 -64
-97 50 -58
30 -6 78
60 -21 -26
99 81 -26
-80 88 -16
-61 -15 53
-51 -39 -32
74 25 82
30 -92 56
-37 -46 -8
42 -31 -39
-66 -41 -56
-13 95 -7
-53 11 4
43 -97 -71
-81 80 -94
-85 88 98
-14 -58 3
-82 78 9
-71 -28 -43
-34 71 -40
71 50 62
45 50 -81
-15 30 -9
-49 65 82
35 -71 -65
-67 12 -76
-83 -50 -81
-27 -56 -79
5 -23 42
80 44 -69
62 72 -17
-73 11 -52
-100 -51 46
98 64 -21
-78 24 42
-10 -3 -60
-80 58 13
8 60 -84
-57 23 -86
62 54 -43
47 74 77
22 -40 85
30 50 57
-49 -75 5
-87 9 -67
51 58 91
74 -31 -46
62 -82 70
-56 17 -15
74 92 -32
-40 59 20
-4 95 -48
-26 35 -1
-88 -26 -30
49 36 52
-40 56 84
-96 -39 -8
63 34 -26
42 4 -90
89 -67 -39
57 60 3
53 -66 32
12 7 -77
58 47 43
40 -23 47
-41 -82 -47
26 56 94
11 45 85
30 99 -87
15 85 -19
-27 -84 -14
4 73 98
46 72 -39
-15 43 67
-60 33 -81
86 58 -56
-68 22 -36
66 67 -75
-67 -61 -8
92 -24 93
9 56 -8
5 -29 -21
11 -77 14
3 79 -74
-100 -34 -90
100 3 66
32 -60 -83
62 -93 -97
-47 -52 66
62 -94 -48
17 -90 -58
-10 36 13
-72 98 -70
-42 3 10
98 -89 -5
-50 77 -58
-20 -65 74
-54 -17 -12
55 -17 85
-5 70 88
-12 -7 -31
72 -25 60
56 66 -7
10 -30 41
33 49 42
58 -16 -14
25 -12 -65
-18 44 -42
4 48 22
77 95 73
9 -76 -17
-43 49 -37
16 38 -8
56 -34 -54
11 -26 46
-5 95 66
30 -89 72
55 73 -47
65 -90 -14
77 84 -42
-26 7 -28
89 65 -19
-44 -82 -71
-67 16 -74
-80 -10 -48
-50 23 29
37 45 36
-95 -71 12
-57 -16 89
-16 99 22
53 82 -34
-68 21 -27
7 88 -39
-70 74 83
-41 -76 33
83 -75 -6
55 43 -67
-12 -41 -6
-51 -62 -44
-68 70 33
-16 22 -82
71 -61 -57
-8 64 -36
53 76 35
-39 39 -98
-13 -12 -55
96 -24 5
36 27 23
-74 52 -98
-21 -76 -31
-1 93 -64
-47 1 -99
96 100 -17
-83 -56 93
45 69 -25
-91 -6 37
85 -20 76
-55 47 81
-24 60 -54
63 57 -46
95 -65 -35
23 67 -98
-25 1 84
85 -59 42
-11 25 94
35 9 -16
26 28 25
51 69 -31
-38 -4 -100
-69 -39 -67
59 57 -85
87 82 -34
-81 55 -63
78 23 61
-19 -96 98
58 -47 -12
83 -10 -10
71 -68 -17
15 25 -14
94 -93 27
36 -97 -28
-24 13 92
48 -83 -99
98 -44 32
44 -65 27
-84 -62 75
80 -73 -95
65 14 19
39 99 -47
63 -88 -90
40 53 -45
22 -24 -62
-53 -56 46
-55 -67 -64
-42 -38 -90
-43 81 -96
-48 -13 92
56 99 -64
39 -15 -32
-40 -31 14
27 24 -82
-20 -28 87
16 -87 -81
-67 -24 18
-91 14 -11
-10 1 -21
79 -21 -33
-69 9 -86
53 4 87
-38 -9 -86
-24 -68 -76
-37 35 -16
70 -11 -74
19 57 -64
60 -51 -77
8 -35 37
86 12 -86
-56 98 -49
-11 47 71
-50 -17 45
49 -68 48
-99 76 20
50 67 -35
38 -30 -34
-96 -63 -72
77 35 21
-82 81 -99
-29 97 83
30 -9 -36
-10 -44 51
49 -21 2
-64 -58 -53
43 44 38
91 -20 10
38 -31 62
-52 70 -82
61 71 -85
-15 -66 -76
79 -58 -66
53 -64 -40
-97 16 3
35 -90 -53
-19 38 4
-11 54 80
74 16 31
92 14 -12
-94 -8 -39
98 -34 -63
-88 14 -15
-46 -83 -91
55 -11 17
-64 -83 97
-95 -51 -59
43 -12 -17
40 -7 -41
-26 36 62
-38 -23 4
25 13 -38
24 -48 46
-68 -79 56
-39 -7 -21
-78 -33 -33
-66 28 -14
68 -41 57
-34 24 -42
-13 -53 -3
78 -11 72
-72 -34 44
-24 -19 31
-9 -48 -22
34 6 -18
-25 63 -7
89 -68 -82
-26 35 21
69 36 -89
88 -69 -75
-54 -82 77
76 -4 -78
-31 -37 87
-47 -55 -88
76 99 9
34 -43 70
-38 -87 42
-14 -17 44
-43 -1 34
31 100 67
-26 -41 -94
-99 42 59
-73 75 22
92 49 47
-59 44 49
-34 -12 11
-51 73 53
-57 59 74
97 47 1
39 13 77
29 -60 96
-46 6 11
36 9 12
63 -46 51
30 76 -13
44 -70 53
0 -6 67
72 -27 33
-92 68 -76
-92 -26 -66
64 -49 -56
-62 -14 1
39 71 85
23 93 -86
35 -57 21
-23 -46 -63
7 70 47
85 35 -79
-58 44 -17
73 -77 -63
85 -39 -85
47 -42 79
-28 -58 -83
-51 68 -80
-28 -50 -39
-6 -46 -78
-37 -22 80
49 -23 -52
-7 65 0
-87 39 73
0 30 49
-14 57 84
-79 -100 -48
-28 -1 -99
63 72 -34
33 -91 82
-34 65 -14
-78 -63 76
49 78 16
-94 -22 -22
7 29 -57
4 30 64
-87 99 -29
-44 53 -60
-38 56 55
54 -7 30
13 49 47
-64 69 -81
-3 -84 19
-41 -93 64
-87 -92 37
100 -24 53
72 32 13
4 -74 11
-35 63 88
70 13 46
63 56 28
-52 5 8
93 -45 0
91 94 37
40 -53 -32
-39 11 42
-64 100 -46
45 25 -48
-81 32 4
-33 87 -55
14 40 -95
-99 -59 -84
-40 89 37
6 28 79
31 42 -90
91 38 4
38 -7 27
77 -29 -19
-46 47 77
2 -28 13
69 -5 98
16 72 69
-96 53 -88
-99 -18 87
53 21 -25
-70 -71 99
56 -48 -10
-33 -86 -68
-99 35 -75
37 -66 98
-52 14 8
1 -77 28
-93 58 11
9 -94 -85
-38 55 98
20 -23 -82
23 -75 16
73 -38 -80
78 -28 -75
10 27 -85
-4 23 41
0 -3 85
68 -16 -62
-8 -90 -67
-76 -10 80
-28 -38 65
-95 -94 -39
-75 -24 -23
-21 49 99
-55 -81 59
58 53 67
56 73 -30
50 -11 3
91 -30 -40
-1 91 17
7 -94 -59
38 96 8
98 13 74
50 -55 -11
-65 29 -79
-32 31 -97
48 -39 -28
34 12 75
-20 -14 30
100 -69 -82
78 -2 13
48 72 90
-58 49 46
-30 -36 95
-18 -29 64
-54 91 -56
19 -33 10
86 88 72
69 72 54
76 -63 -66
-2 -4 -32
-97 -61 -9
-13 65 4
89 46 -98
-29 92 -22
-50 -95 -50
-1 60 -1
84 -35 -67
89 -64 -64
-5 30 -14
-25 62 -28
-83 -40 52
57 52 -68
-7 -83 24
58 -46 54
77 7 58
91 63 -48
-13 -48 81
-43 84 45
66 20 42
-32 3 92
43 -16 -79
22 -91 93
-32 -20 98
-84 2 20
72 30 -5
-93 87 84
80 92 -90
19 -100 -10
-72 34 33
74 -88 82
9 -98 50
-73 2 37
91 31 16
-24 92 22
29 41 48
-17 -52 -35
-59 57 -68
14 38 -35
-98 -66 33
-14 -70 -67
-25 -13 -2
62 12 -67
56 -95 1
-48 -75 41
23 12 23
26 88 29
-22 -83 -95
-32 79 87
74 -98 -48
16 -63 -64
-14 -71 93
-58 -84 -33
-5 6 33
3 19 99
-7 -85 -89
-5 -7 -33
-57 42 -76
94 4 94
21 63 29
-43 65 -67
-19 8 89
79 90 29
79 -75 59
44 -77 -16
12 51 -29
99 -58 -91
-48 69 -56
-56 -89 61
2 -86 -12
44 -37 49
25 -84 -53
-13 69 23
-29 98 75
48 10 -31
-47 87 -36
-99 -59 -19
64 -72 61
-65 -54 -99
99 81 -57
-86 18 60
-51 -67 64
1 56 -63
-75 30 32
-24 -85 16
-10 -34 56
15 -37 30
-68 -97 16
-3 53 33
61 34 -61
-26 12 64
-48 66 -60
29 -50 46
-100 -16 -53
21 -64 66
64 53 17
-50 12 25
45 -38 -94
49 -54 -46
-56 87 -47
60 2 97
20 79 96
-18 -60 41
-5 -20 -5
99 -5 -99
87 -13 -51
86 65 49
65 2 83
41 89 67
-33 -18 -30
-37 10 76
5 -96 -60
86 -4 10
-31 -17 -75
54 42 17
52 -19 56
-20 -3 88
-92 -50 -99
-6 22 6
-14 94 -16
-94 9 81
-19 53 2
66 -99 85
-84 16 21
-93 68 15
-58 -47 52
10 30 18
17 77 -62
-62 -26 -2
49 -93 72
-32 40 45
100 78 58
6 42 100
68 -43 -94
-26 95 -36
43 -90 41
-52 87 53
-90 94 56
-29 -43 -71
21 -29 68
-23 66 25
-99 -44 10
77 19 -31
-32 100 -64
85 81 -14
-31 91 100
-68 58 9
-76 11 49
47 93 -73
-56 -34 99
-58 -61 62
38 47 24
44 -78 50
22 -68 66
80 -26 38
84 -42 -65
25 -72 -57
89 23 40
60 -19 -51
-97 -78 11
-14 5 -14
10 -82 28
-25 -61 -100
-75 76 94
86 74 1
4 -22 -71
87 81 -51
57 -3 9
88 67 16
7 -61 -98
35 -40 44
-34 -57 12
-95 -85 -21
-81 91 99
-74 79 53
48 62 40
45 -43 -39
95 -33 42
73 -2 -23
16 -40 72
-17 79 74
30 -5 -79
29 92 -70
-54 -20 -74
39 -44 68
48 90 -4
-39 39 86
78 -86 91
-85 22 -93
-51 -6 -74
95 27 62
-41 36 82
-57 -30 36
42 -76 40
96 -61 -17
16 -93 93
-51 -36 40
65 70 81
15 -59 28
69 -71 73
26 24 100
18 -37 82
88 83 -27
34 54 43
-78 -31 -29
-33 76 -35
86 -22 -80
-98 -42 2
82 30 -61
59 22 70
98 -52 77
31 -90 -43
74 -89 46
92 -87 36
80 -51 -78
-95 -39 -72
-87 -63 33
90 -100 79
-88 -15 -19
-55 77 49
-23 -48 42
87 -52 -91
-72 -100 21
90 81 -5
78 85 -48
1 13 -75
-84 -16 -39
72 36 -60
-51 -76 36
-33 19 65
55 -84 -52
15 29 -95
47 -49 96
2 16 -54
100 63 -33
-36 2 -30
38 14 76
29 -77 56
79 46 57
-71 8 -41
95 -82 -26
-42 -72 67
57 30 -69
-93 -14 72
20 -7 -19
48 36 10
14 -34 58
29 74 98
-86 -40 -28
19 72 78
-24 -96 83
-82 -96 66
19 -95 22
66 -4 34
33 -45 22
-5 45 -49
-70 29 -70
92 98 -47
54 -33 -86
-31 -29 91
-35 0 -65
-83 -12 44
50 -64 -69
48 -73 -64
46 80 69
67 -87 69
74 -7 -18
91 -40 -39
2 -26 -37
25 26 -72
-4 -94 -9
31 -17 13
-71 43 43
58 21 -10
-78 -31 -3
100 -73 76
89 -8 -5
-3 100 36
76 -34 100
75 41 15
-80 50 83
10 -74 45
-87 63 -13
-72 10 -12
-30 16 -43
58 8 43
55 27 85
39 24 19
90 -25 20
24 65 -71
87 3 -100
-65 -39 -79
-94 -22 -76
-46 -98 -61
-37 35 18
-31 42 73
73 -40 -55
89 -18 -22
43 54 65
31 -21 -20
-33 55 63
19 66 -2
86 74 -8
62 -65 -35
58 98 -50
2 50 97
-91 57 -98
86 50 -71
-18 -66 -45
-39 49 -87
64 -46 58
-34 -1 -58
10 -38 -88
-84 52 -31
92 50 -9
-89 -75 -99
50 2 50
18 -14 -33
94 80 -99
31 -20 -28
-38 69 -11
37 57 -40
-94 21 73
-70 81 -82
34 86 -91
50 6 59
-5 9 -72
37 -98 32
-12 -27 98
-26 -19 -13
66 -89 -78
-24 39 -9
-3 -27 90
23 3 -94
43 35 49
-79 40 92
100 13 6
9 -23 30
38 58 5
-28 -1 62
-15 -76 41
-85 73 -22
40 19 10
88 90 0
76 6 -51
94 -33 51
-2 97 98
-69 100 -25
-22 46 -1
-83 2 -19
75 0 54
60 59 58
59 12 -56
-24 60 21
-10 -66 72
99 90 1
-19 -55 -70
-22 41 38
-97 -32 50
24 90 73
-64 4 3
-14 47 -58
-23 10 -4
-94 86 -12
54 17 49
-99 -65 -29
-87 -89 96
-22 16 -76
-76 52 -9
58 -51 -48
-15 -53 87
15 -12 26
88 83 71
74 -12 -51
9 -7 -39
-83 28 -88
-70 -21 81
92 -22 48
-87 61 90
88 44 10
73 -29 6
79 -8 53
24 -29 13
-47 -38 80
32 -97 -46
40 -12 -65
43 -63 -16
-41 -37 97
-58 -65 70
-40 -59 -11
75 -21 -8
23 -55 -49
-25 6 33
-41 -77 73
-88 84 48
-69 -99 99
-32 18 -72
-44 -81 19
-24 93 56
-89 -73 1
-20 85 -100
-94 -90 -37
49 99 -57
-8 14 45
-15 43 61
-58 -74 -83
74 50 15
23 -68 5
-100 -52 -24
-38 52 -15
-87 67 -98
-69 38 27
71 -95 -28
98 5 10
74 90 59
-27 -84 -70
20 75 36
-38 -26 -31
82 12 -95
-82 -65 26
-34 -95 -36
-14 -2 21
-36 79 39
-68 84 56
-7 53 42
-99 -77 80
-60 85 -81
62 61 -55
45 39 73
35 42 -95
-32 59 85
90 -23 6
56 -47 -97
-26 55 1
-54 67 45
-24 -45 23
56 5 -58
-12 95 13
-22 -28 62
97 39 85
35 -98 80
2 70 98
-42 16 -61
51 50 51
4 60 33
90 31 70
-51 69 -16
-12 65 95
84 -19 -55
-21 58 -63
-49 -63 84
52 94 5
19 37 -45
70 81 -45
-2 14 -78
89 -22 -61
-96 81 -4
77 16 39
80 -55 -87
-81 54 -86
10 78 91
40 32 98
14 -46 38
44 89 5
-10 15 -53
-48 -4 39
-66 32 -24
-62 -63 -40
-4 -96 -35
65 65 -51
-44 90 -68
65 -81 73
-22 30 -98
4 -96 6
97 81 -85
14 -21 12
-23 -62 75
8 -78 -10
-21 -78 65
-61 -56 -28
-28 38 -26
86 40 67
8 96 91
-75 93 98
-28 -79 31
-23 6 27
-78 -78 -15
-60 -82 12
-67 73 -57
-77 56 19
86 -53 82
64 67 0
-49 -90 -11
64 -82 53
-34 -7 -87
60 70 -62
64 -74 -5
-38 -43 69
91 -32 -94
27 -3 -31
-20 57 -1
-53 25 65
-87 -31 -48
79 -43 98
77 43 -89
74 33 43
31 12 93
-10 53 6
81 37 -41
-56 78 -99
91 30 -90
-45 51 67
-71 52 -9
-14 -85 26
37 -82 92
-23 -85 -16
79 -68 12
87 -52 -36
-68 78 -37
-14 -68 52
-26 -53 -36
-64 -26 28
-8 -66 24
50 54 -55
-9 -10 49
90 81 47
-67 76 26
51 -76 -47
-90 28 -54
-44 87 31
-38 -44 -61
-47 13 85
8 51 -5
-77 -25 54
-1 -89 -29
-47 71 -56
46 -61 -14
58 83 -20
96 -33 -32
-6 -73 -58
71 76 -30
9 -2 52
1 -3 37
-82 -67 -5
-68 -81 11
43 46 -3
99 -87 27
-73 -14 -31
93 50 -95
59 99 99
-17 -31 -93
-42 -20 -95
91 -70 19
-95 -11 -13
-72 -42 34
92 -72 17
-70 24 100
-14 -85 77
-5 -51 -10
-96 62 -10
-94 -84 29
-79 18 66
-41 73 97
-49 50 95
98 40 -45
-30 -90 96
59 -24 52
38 60 -7
-40 -5 27
10 8 76
-77 -31 -38
-16 -2 59
-84 95 -70
-42 -28 32
10 4 3
37 -29 -15
-5 -71 92
-12 -52 -51
8 30 -2
81 53 1
-70 66 -2
-67 18 -53
42 67 -55
50 70 18
-11 60 98
48 80 -68
98 -43 -27
-84 -46 12
-87 -69 12
-31 100 -85
57 -31 83
-3 71 26
58 91 -75
-66 49 78
28 -57 -75
44 -2 -39
33 97 93
-22 69 -2
-2 -61 42
3 -5 15
-43 90 3
19 -45 -75
87 42 21
1 -26 -94
98 -61 2
-76 -3 62
-98 -58 66
-81 41 -54
46 -60 -51
-47 -29 93
-100 -14 17
-7 43 -11
-8 36 -72
-42 62 -94
-97 79 81
23 46 -10
29 -47 -95
-64 13 -25
55 -22 18
-21 58 -4
-61 41 -22
-80 -85 -37
-59 -21 -96
25 -85 13
-99 57 95
-40 88 71
-80 54 85
74 -66 30
96 -15 89
-61 57 80
86 97 76
-12 22 56
-60 -91 41
-61 19 -31
-71 -30 31
-94 -7 91
48 53 2
84 -49 -89
44 62 16
-38 66 -56
-75 27 -62
61 -36 -82
97 28 41
-71 -27 57
-92 7 -51
43 -53 -28
-86 50 45
-25 -100 30
-31 51 14
89 71 49
19 26 3
76 -63 -13
-99 5 73
-85 57 -61
81 3 -28
-63 64 59
-38 42 -9
-90 -80 82
-49 -10 72
-64 33 -70
-6 15 -53
8 6 82
96 -59 75
35 64 -12
56 59 -7
30 41 42
56 -79 -65
77 25 61
24 8 -23
16 89 -58
67 -96 -90
-7 33 -97
-33 -64 90
-11 -99 12
43 28 57
24 -3 -93
-43 -57 44
28 67 -5
-71 74 -7
