3691
-63 10 -7
-68 46 -70
-60 -13 -23
-50 37 2
-32 -96 -37
87 -18 -22
36 70 -1
0 -25 -20
25 -70 -56
-51 -91 39
-98 -68 77
-14 23 -97
-40 64 11
-40 -88 -6
-69 -27 25
11 2 53
16 43 71
-85 -12 -28
51 -54 -12
97 35 -84
81 -82 10
-56 -35 -34
-40 38 5
-31 84 66
12 14 45
-47 -15 -34
-75 39 -33
-50 -20 71
59 -47 75
-9 -74 90
42 -36 23
-80 -45 89
-28 9 55
97 33 64
-49 -46 31
89 12 -64
1 -66 -85
-38 -86 -8
97 86 83
-80 78 12
-40 37 75
10 98 67
-35 -34 28
-45 14 -26
87 -27 -37
-70 46 10
-8 -38 -12
-3 53 -92
97 -58 54
26 42 97
-26 47 51
-78 99 55
44 51 -67
3 17 19
-50 89 5
-47 -70 -26
-37 -12 60
-25 62 -34
-81 6 -22
-24 -82 61
90 33 11
28 17 4
51 28 1
82 -27 -52
-98 77 -31
41 18 -32
73 15 -73
96 -4 -18
-86 -21 -34
-32 -91 -99
92 -72 -13
-22 77 91
-49 -100 -33
-75 -50 -52
-27 21 11
-100 71 13
-36 3 8
27 -82 -65
72 70 59
47 -90 73
-71 28 1
-5 -69 -23
11 -93 -7
22 23 -55
-79 51 46
82 -11 -12
10 -47 -46
-100 -79 -6
-84 52 79
-47 -79 85
73 91 80
-91 -36 12
9 -79 -18
91 -72 96
10 11 62
95 67 67
12 75 -63
3 -45 -40
72 -100 -31
-16 -75 -28
-39 37 -11
78 46 85
20 -61 -19
-38 -97 -90
-41 -18 -36
-81 -86 -64
-32 86 -93
-55 65 -88
49 -5 -79
-6 -64 -94
28 -13 48
22 -73 -89
0 27 6
-2 30 -53
2 -10 -92
58 2 71
-100 -53 84
-69 -30 -77
55 -43 -6
63 61 66
24 5 5
87 82 40
-80 -31 -75
-83 -10 60
27 -60 -21
-86 59 -18
67 -5 -11
37 27 32
89 86 15
-31 -46 -75
-6 40 64
-8 -45 45
-42 -99 65
68 -29 61
-59 -11 83
84 -15 -53
-41 58 72
-70 93 15
-87 17 33
95 35 1
21 98 45
-60 98 -36
-5 96 -92
-90 -18 86
16 40 40
51 47 88
69 23 -52
71 33 58
42 9 14
-51 -66 -45
-91 99 -95
7 -61 -33
-58 -62 90
24 -49 -36
-10 27 68
-34 -64 -87
85 -69 -86
61 -82 -92
-14 98 51
-82 43 -95
83 -91 -83
-97 -13 75
-76 26 32
51 -18 10
-33 8 -42
50 -33 -45
2 100 -59
-64 53 48
42 92 -56
54 -17 94
40 96 -84
43 75 67
22 -55 8
36 57 -37
91 68 3
31 60 1
-46 98 -3
72 91 23
96 32 40
-66 62 53
79 83 52
74 1 95
69 -75 -41
-11 2 -5
30 79 -81
-89 56 50
20 -71 88
51 30 100
72 25 -28
-53 -36 100
-35 75 73
47 40 -62
-7 -43 -24
68 -45 57
-82 -19 -13
-92 50 -61
-17 35 71
-92 54 -10
-8 100 -62
-57 -24 -100
-59 -45 3
88 -29 43
-93 30 59
-32 -21 -46
86 -77 -29
93 29 49
45 43 -60
91 -86 -32
47 48 -75
0 0 -15
-73 -6 75
-100 17 -47
54 -87 24
83 81 57
-33 61 -30
-100 -38 -38
54 -51 -28
-56 85 39
41 93 -99
-89 59 -26
-96 -77 -64
74 -11 1
84 -29 49
-95 -39 71
-79 48 93
84 24 -93
-1 -92 -3
-90 -3 1
-64 -68 83
-39 -98 -44
89 94 -100
-47 24 -6
-95 -44 -62
-38 64 45
-87 -67 -13
8 -12 -53
-3 39 -33
-3 97 80
76 -37 4
-85 -27 -94
-95 93 -25
25 -11 9
-50 -40 -74
39 25 -1
-44 -57 62
0 -88 8
-37 -78 -54
-7 -28 71
14 64 -85
6 -31 90
-62 39 75
99 -11 -17
-60 -22 8
-92 96 13
-2 84 64
49 -100 -8
-49 92 52
-17 55 -2
-92 22 17
60 -15 52
-90 70 52
-25 -27 -84
-88 -23 1
-89 -15 77
5 92 -30
-25 63 -27
-55 -9 -18
-89 -22 -3
-6 -80 -52
73 -76 -98
7 72 -46
-93 9 99
-62 24 78
20 -63 -73
-81 55 52
29 -4 -44
-42 -91 71
-7 -52 -55
-65 -51 13
-7 38 -73
-20 88 -35
77 21 43
8 -9 -56
-85 32 -44
-86 46 -30
90 -98 -7
90 -43 50
82 86 -73
76 81 -72
67 66 52
72 -19 20
81 100 -27
1 -57 18
23 -14 -27
64 -44 -42
80 20 98
-78 -15 19
89 71 74
79 -98 -88
-27 -5 60
-26 95 83
-62 -39 -35
-77 57 82
-24 29 -36
81 -1 -96
-70 68 12
20 -45 -16
22 -38 -27
8 -26 66
97 15 -97
68 52 -92
-9 12 -84
-33 37 15
36 -41 65
-61 -47 -49
21 -27 -62
45 73 -34
-68 42 -80
90 32 31
-8 0 78
11 -2 -52
-31 -41 -94
-66 62 -13
-48 57 -68
29 -20 -24
29 74 5
-48 1 -40
-47 -76 94
94 -86 78
-41 -85 68
72 -33 -96
-48 -21 30
2 -31 -5
73 81 58
84 97 -99
35 -36 32
37 25 45
-68 75 84
43 -47 -97
-43 23 -45
14 -9 78
-29 54 86
5 89 32
44 -29 9
-81 52 33
-91 22 -83
-39 36 -77
-20 16 -43
7 59 -51
77 -3 47
82 94 -69
-16 32 83
-70 60 13
15 -32 55
91 -33 72
-21 36 -44
-22 0 -16
78 -6 4
-100 93 44
-71 -58 32
75 -29 -31
51 4 -31
41 -88 18
47 -81 -11
-63 -54 3
-63 -41 -50
38 17 18
-92 43 95
-79 -49 -13
91 -43 -22
5 -78 1
74 -7 -93
-43 -53 -28
37 15 -61
-36 -46 16
-42 98 -36
-81 34 8
29 22 82
-93 -76 81
75 -7 -8
-49 -41 -46
90 50 93
62 -64 -86
38 65 47
-60 -24 -81
-99 11 -60
56 -51 79
-7 11 90
-7 85 99
-25 95 -11
18 88 -47
-61 -42 -56
-40 32 76
-2 -45 85
15 63 -8
-21 -57 50
35 -96 -38
-26 1 18
57 -48 -43
-1 -57 -99
91 -77 -11
42 -44 54
-61 -8 -72
69 95 1
-18 61 -15
13 6 -47
-29 54 -50
68 -47 -25
-96 -84 98
82 -36 -14
67 -82 -73
-81 -12 -67
89 -72 -62
60 29 8
34 22 -19
-25 -75 -19
-1 -4 -65
-99 -12 -67
12 -4 -11
58 12 -42
82 -39 -62
-71 91 -8
-89 -23 89
76 -55 23
36 -38 75
-65 -15 -96
78 32 -70
-78 -59 -61
-53 -70 -77
-50 -56 14
28 -31 16
62 -49 68
39 -80 -56
-18 -49 27
14 82 20
-70 -67 -6
29 18 0
42 42 1
37 4 67
8 -18 35
45 4 5
-10 74 63
99 36 -67
54 4 39
19 -89 64
3 -54 48
96 64 21
41 -31 -12
-65 -23 97
-60 42 22
-85 -32 23
100 0 -43
98 -61 47
16 -72 33
-13 98 13
63 95 -86
-57 -63 -78
96 -3 -93
90 99 27
93 92 95
78 -86 43
-66 34 -87
26 -20 -88
-74 67 -99
-47 25 -16
-73 -41 26
-4 -70 -46
6 -53 47
-4 -13 -5
-26 -20 25
-17 86 36
-86 100 87
-89 -6 -13
-44 51 -90
9 -31 -8
1 -52 44
88 77 35
34 -62 -78
75 14 76
27 -86 -32
77 7 52
-11 -61 -38
-100 -48 -72
46 -65 -65
-9 27 45
3 34 -68
44 30 -43
-94 -33 -76
-54 -18 73
42 -84 0
7 42 -78
99 69 -34
-69 -32 84
27 78 -56
-5 -68 -75
-56 -62 -46
-36 26 -94
-12 21 -30
27 -40 -56
11 -37 34
-68 -41 13
81 -9 -61
-53 70 81
57 13 -11
79 -37 -89
68 -97 -64
-26 -89 -38
95 -63 79
-2 -26 32
77 16 99
28 -13 -53
-63 61 17
-15 88 -51
49 38 99
-2 63 69
5 -89 -100
-53 70 58
-23 -3 -84
37 62 11
-85 67 76
-17 86 40
94 -55 52
42 66 -21
83 -84 51
-24 36 75
59 -33 -1
-62 85 -76
-16 -21 97
-29 -24 22
13 -98 35
-22 -86 33
-53 89 -57
60 74 -23
91 -2 90
19 57 -51
64 -50 -24
83 66 17
-69 15 23
36 88 -50
-65 -59 96
-78 -59 76
-32 -66 99
-12 -30 -57
-55 71 33
48 67 81
-32 89 -30
34 27 -16
8 94 -6
53 -79 -19
-62 -12 -7
55 -4 25
28 -30 -87
85 -1 -29
13 0 93
77 33 10
37 -66 100
44 67 -10
52 92 59
13 -11 -80
64 14 -87
76 95 -93
-76 -89 84
20 50 -46
-50 -57 31
-42 -97 -1
31 -24 39
2 42 -42
87 -83 55
99 -78 -46
49 -1 37
13 32 18
52 -44 -76
-44 -91 -58
86 -82 45
-75 73 34
72 -49 2
-51 39 -63
-13 -51 5
-46 7 100
58 17 -95
-15 -47 22
43 -5 24
56 52 -54
4 -3 -96
-42 -73 -54
12 60 49
31 -70 -84
74 -60 49
40 -65 -85
32 -55 75
-61 17 45
27 67 81
-5 -68 -35
-58 -56 59
-38 12 21
42 1 40
91 37 8
29 -59 8
12 -37 -62
48 61 -12
71 -13 55
-29 83 76
-25 27 63
73 -52 -66
-72 87 33
-39 -47 86
4 58 -67
-85 22 -11
35 60 -45
-67 -75 -40
-45 -17 -7
82 58 5
-83 -68 29
-91 -2 77
-94 10 -77
-35 43 -21
66 12 -38
-64 -75 -94
73 79 -20
29 39 -52
13 34 60
62 -51 -59
77 96 -51
92 25 -20
65 10 50
7 63 88
-3 -56 60
-15 -14 20
21 -49 42
-65 -58 -2
-54 51 57
-78 59 77
-39 70 96
79 -43 13
-6 17 6
4 11 -20
-12 -39 -68
-97 -61 -85
19 75 -51
69 3 -70
54 78 3
-19 -100 46
93 -96 22
33 -30 56
65 84 0
71 -81 -100
95 -98 -5
-28 41 -85
90 43 -3
-91 -65 -27
33 100 -43
-11 15 3
-32 4 39
-22 -21 75
31 71 100
49 -13 -95
-52 -51 -35
-56 12 -74
-68 97 21
-56 49 -39
91 -86 15
-58 -35 -44
-73 -43 52
-8 55 58
-75 -12 77
-23 -75 66
10 -56 86
-11 73 56
-82 -26 61
-97 49 33
50 87 29
-73 -56 66
-61 37 2
27 -61 -40
-87 -27 -75
-52 25 50
-57 14 3
39 -16 -50
20 73 -77
93 25 59
98 66 100
-1 31 41
-42 -58 99
-18 12 -17
-51 26 -90
78 -19 -85
67 -18 94
39 -86 7
-78 -76 -64
75 77 -93
-4 -13 -49
-24 -67 95
-21 17 85
7 -21 38
-98 50 -48
76 84 20
-67 -45 93
57 -80 -49
-99 -2 6
79 71 52
-88 -31 47
66 43 71
-66 91 77
22 44 41
-5 64 -41
22 -26 85
10 -6 -26
-18 -39 30
60 69 38
-81 5 88
12 31 96
91 67 80
98 -2 26
8 18 -37
55 49 -88
-88 85 -49
34 1 -6
-52 11 52
-39 -48 21
-13 32 -33
76 34 -33
95 88 8
95 54 68
3 -89 33
14 55 80
-60 13 -44
47 -92 -11
12 -4 69
53 30 -88
89 69 18
-62 7 93
25 56 82
-31 -46 -65
-16 -60 -28
4 90 -43
-47 20 39
13 -70 -36
-9 -40 72
-83 69 33
67 58 -59
-19 24 -47
-46 70 -49
-2 82 -30
-2 -49 96
9 -19 35
-99 -80 -16
-90 -85 -54
-8 -78 -88
-45 -35 -13
-54 -89 -99
-44 5 97
-19 -11 29
-3 -81 -38
-92 33 -1
-66 -20 -15
-20 6 -80
33 -58 24
95 96 45
49 -40 58
87 58 76
-56 28 92
69 80 21
10 21 -21
-11 29 -20
100 29 7
-83 -75 24
13 -65 85
78 -6 63
65 46 61
43 53 -46
-14 -20 -16
-42 29 4
-69 -39 -77
0 94 -88
37 -3 -80
17 -72 -78
-31 15 30
-19 -54 -18
17 61 60
-98 -6 -89
-63 -16 17
-71 55 28
-18 89 -100
-61 -10 -51
12 -18 -55
-59 -15 -61
38 29 -47
-11 53 15
-53 62 90
24 -94 47
-95 -16 -77
62 57 73
63 -6 -9
75 -53 -1
-78 80 -99
32 -52 2
-53 6 -66
93 -32 -45
-80 4 83
-21 -47 44
92 -32 -57
-19 -88 -6
18 27 -15
-51 -34 -97
-78 -21 62
-71 32 18
-74 -14 -39
-32 -38 -5
72 22 35
-72 -62 -84
91 -16 -5
60 -62 -3
26 -44 -84
-35 -10 -19
-77 64 -20
-22 -50 44
40 -1 55
67 59 -83
11 -51 10
-9 -35 -63
84 -76 -76
-59 1 -86
74 30 6
55 9 19
-13 36 -93
67 -28 -64
-18 34 -59
66 -72 -96
-69 42 -91
80 41 -39
88 55 -39
-31 -86 14
66 -34 -89
1 49 -61
-3 -22 -7
-93 -8 -31
-69 46 -77
-71 57 78
-20 -91 -54
-62 -84 -14
42 -100 96
-91 -58 21
46 -99 36
20 98 -44
-38 -17 67
-37 -36 -70
-87 94 56
15 -91 44
20 93 29
73 -86 79
-12 -40 57
60 51 -21
41 34 -24
-75 -1 38
71 28 2
35 79 -30
-67 56 92
78 70 -17
17 12 -35
-90 60 13
11 -28 50
-27 33 58
-57 -52 -35
39 -54 -34
38 -43 -92
72 -81 77
-84 -44 -86
-95 55 -43
95 -99 48
26 56 87
9 -16 -60
72 -80 43
2 43 -74
11 81 96
66 -66 -16
-8 96 -16
79 -97 -52
-19 -40 51
-92 -40 55
-67 32 -24
-34 -6 -93
-32 -90 9
3 97 -80
-5 62 -83
-63 -52 -34
-99 -18 55
-15 6 -20
-6 44 99
44 -6 7
-50 -11 -96
-82 -22 -58
-39 41 8
-39 23 -91
-85 -87 62
-44 -88 85
-28 -17 79
98 65 75
-20 47 16
18 -95 -14
49 -16 -22
-79 69 -88
88 5 19
-84 -96 78
-1 21 8
37 39 -77
-67 -11 -16
-24 66 7
-64 -83 37
-92 -38 -67
-100 -99 30
46 34 -83
-38 100 28
9 -12 -62
81 -23 84
97 -44 63
-10 1 -19
-45 63 2
10 68 54
-55 50 -11
-9 -62 30
5 59 -47
35 63 -17
66 -46 61
27 48 92
13 -65 -7
-37 97 17
-45 14 -59
62 85 85
-93 -68 37
-85 -94 27
-50 -45 83
-40 -28 -54
17 52 2
48 -76 20
-19 -22 -31
56 -52 -57
45 58 43
14 20 -85
-81 -42 31
22 -81 -85
9 90 24
54 -4 11
38 99 -58
23 -18 92
-22 -43 -23
9 23 74
-4 75 -75
-16 30 62
82 54 35
9 1 44
48 46 17
-13 -68 82
28 -30 72
41 -25 -11
64 10 50
78 74 -53
-42 51 99
-6 -80 24
-71 -18 -93
43 68 -76
-87 65 -71
51 -83 -31
84 -8 45
-13 -20 -92
-73 -84 63
24 -65 93
-21 5 38
-83 30 -75
51 57 50
72 -25 -88
-62 -79 69
71 -22 -82
-7 -81 -41
94 -57 12
-38 -48 64
4 60 -30
-56 73 -10
97 -17 33
-72 -97 94
-60 -38 35
85 83 -4
67 78 77
-86 31 -9
13 55 -88
-54 1 31
75 35 -14
8 23 10
64 -61 -36
-72 47 56
-27 -39 -94
-40 60 58
28 -10 57
-7 37 -50
-60 53 -20
94 -56 -56
92 47 -85
-40 -59 -32
-55 73 -36
93 84 49
91 99 11
56 46 35
-55 93 96
28 47 -70
38 65 -85
50 -29 -82
-84 72 10
-53 -49 -33
95 -86 -38
-8 -18 0
-34 -27 60
79 90 37
-58 46 18
-39 5 -28
-5 -60 -13
-65 -75 -30
-86 -96 -29
-26 -29 -91
-81 -11 -89
88 -63 27
38 -64 24
7 64 84
-38 90 24
74 21 15
-30 -38 31
-99 76 4
-13 -44 -82
-71 2 -56
-68 99 -25
96 48 -35
40 88 54
-11 56 19
67 60 81
-88 -1 66
21 2 -93
-82 -81 -46
-63 -52 -69
59 76 -100
80 -24 -67
92 -15 -63
35 -92 20
13 -61 -37
27 67 12
-1 44 38
-85 -46 -89
-58 90 46
-18 -83 97
71 47 -95
2 63 -98
-61 -32 40
-72 20 43
25 33 -55
-27 -6 -56
55 35 -52
-85 37 48
15 63 -14
77 9 73
-94 -57 44
6 -69 -74
89 -80 12
-89 -10 11
-89 25 89
91 96 -62
-72 43 91
-90 95 -12
74 100 -67
-95 -55 -77
97 -29 82
-46 -73 -52
-35 -55 53
24 84 71
-60 78 -73
50 -77 45
-27 44 18
-47 -65 23
-82 77 -80
-85 20 -25
48 33 -83
-2 -1 40
82 -46 -54
16 89 100
48 70 -46
36 -56 53
-5 58 -23
-2 21 -79
12 68 -14
53 -18 -75
30 69 32
84 77 -73
-49 87 -44
-48 -35 95
48 41 41
-41 -34 85
-91 2 82
82 -29 1
47 8 -50
29 -81 98
32 -7 85
-40 -77 53
-28 83 85
-27 44 -36
-45 -63 -68
-92 -88 -24
71 -37 -58
21 78 83
-89 -38 -6
-61 35 11
-80 16 -67
-61 22 4
-62 -42 -6
-26 -98 11
-36 5 71
-13 17 58
-69 -7 69
-75 -53 -60
53 -51 99
-7 -17 -94
-60 30 46
-56 -83 -47
25 82 -78
35 -68 4
49 68 -94
60 97 95
-33 -61 -97
-19 -67 -45
2 82 -66
84 -22 -16
21 -24 97
-52 -73 39
-52 -17 31
-81 -14 49
13 41 -85
-31 -51 -98
35 89 45
54 -43 -46
-84 55 -5
-6 -51 98
82 73 -38
79 -61 -62
50 -45 -16
63 63 100
58 -68 -21
79 -57 -9
-49 -79 15
97 -8 13
-44 65 -82
-62 10 77
9 -57 -11
20 45 88
-15 4 3
66 44 -52
-86 67 68
-41 -13 98
-58 60 -73
-53 -9 56
-5 43 -69
98 -97 47
48 -55 -91
-5 -58 -45
94 53 -96
-12 -10 62
-21 -39 -10
95 -18 73
31 88 -11
72 -8 -74
-60 -3 56
-40 11 -20
-63 -59 93
33 -38 -76
4 -91 -94
-34 -75 65
56 65 -21
14 -99 84
-76 90 -95
-11 97 -100
34 -41 14
-69 -1 19
18 7 87
-72 17 9
-31 -11 85
23 18 -75
-1 21 -31
71 -7 -78
-16 9 -55
47 88 94
45 -17 32
90 6 23
-29 -85 81
48 -96 3
84 -43 14
77 -67 6
-91 98 90
-6 61 -81
-7 39 -69
-33 82 83
-53 -95 -83
3 80 12
54 35 33
90 98 3
-69 73 -45
68 -80 67
-80 75 23
-73 -90 -72
8 47 -79
-18 -42 91
89 40 59
58 83 50
81 -31 65
69 -13 -7
89 -48 56
-76 -61 16
-51 -60 -86
-95 83 -55
-23 82 -49
49 62 -47
86 -8 49
13 -80 1
-74 -95 -94
18 52 22
9 76 12
-74 -57 -74
-95 -14 -25
-80 88 7
-42 52 -63
-1 -9 85
32 -9 14
4 -15 82
-20 74 51
-81 -78 -30
-34 -46 96
-19 -56 8
-82 76 -18
-28 88 -52
-85 61 27
-55 -13 45
93 9 -92
-52 -26 -36
4 10 57
-72 51 23
69 -43 -39
77 53 -92
-37 4 -72
-73 50 -27
-83 10 42
65 -80 -52
38 -40 46
18 16 -26
-18 -84 -66
-3 -98 -80
-70 -20 95
-20 -40 -15
0 82 15
47 -35 -1
24 5 -14
-48 -82 69
-96 77 41
-89 23 -3
65 42 48
-62 58 -89
87 -71 70
17 80 17
-15 1 -68
-62 -28 -84
25 -4 9
19 -31 73
-37 6 72
-44 -49 -15
-33 18 91
-40 -23 -6
14 -92 -42
65 99 -81
4 -99 98
-79 8 58
14 16 -85
-99 33 96
50 -19 78
-83 17 29
98 -32 -86
99 -51 -57
8 -46 -26
-56 -2 6
83 83 75
-50 9 -30
-65 15 -18
43 -53 -38
50 63 -28
-41 9 -73
42 88 -15
-71 -83 -1
32 20 80
89 -38 -58
-68 -14 31
-85 13 -18
10 -97 80
-82 -60 -17
-94 -11 28
82 86 51
-5 34 12
92 98 86
-85 27 -66
-57 -49 88
-29 -17 5
0 33 59
-8 -51 7
67 61 -65
83 -41 -3
64 28 -18
-48 -3 48
-15 96 -72
-79 -11 37
-41 13 66
-31 36 68
71 81 76
-63 71 -53
31 58 -48
-25 31 51
96 -76 -93
-32 -78 -63
19 82 -76
-26 34 -35
40 66 -100
-2 17 -2
-2 -34 -29
80 -85 98
-17 -23 -88
97 -68 12
-88 -66 72
43 -72 80
31 -3 79
-94 -40 -39
-20 -29 30
-81 70 -18
-11 -32 97
60 19 -10
-38 87 66
83 -95 -30
-97 -29 93
23 5 -92
3 30 -50
-65 3 75
-13 -37 11
48 -71 -68
39 36 -50
-58 31 87
-15 22 -75
-3 43 -95
-55 35 -100
72 -52 8
-24 12 76
6 -35 75
31 85 -50
77 -70 -80
1 87 91
-19 -2 -49
72 -55 61
31 -18 -45
71 -15 50
63 -15 -49
-2 -71 96
-59 -18 11
-66 -40 -88
72 88 -51
30 56 36
-43 18 60
23 -100 -12
26 -30 81
3 13 92
43 65 -37
-3 35 -78
37 -62 86
-20 95 -53
-60 76 -73
34 -63 63
-20 -60 6
-85 30 -43
69 31 26
-96 -69 8
-56 -98 10
62 -41 13
62 79 -6
-7 -29 -38
41 13 -45
-27 -66 34
42 58 -90
0 -100 32
-88 -10 -33
-30 65 72
93 30 48
78 61 -35
61 -54 -17
22 26 -45
63 -83 -33
-23 31 -72
77 3 -30
-32 37 20
14 -55 -67
73 47 72
92 13 -77
84 18 -71
-95 92 -66
-39 35 -18
48 50 20
-69 -15 32
-17 -52 -45
52 95 -10
-63 -55 13
20 99 99
96 83 32
18 -70 49
-61 -75 -7
-22 -14 -27
-3 -72 -42
-6 -23 -85
22 -5 0
0 94 -31
-1 31 51
-28 -97 57
-48 -51 62
57 36 -52
-70 79 -79
-69 46 85
-76 -28 -32
43 -70 -27
7 -81 59
-78 88 -96
17 57 6
-71 -24 48
-55 -58 -39
15 -89 34
86 92 -26
-34 93 -56
-57 46 -92
37 98 23
-13 19 -48
0 -40 -39
-15 48 -90
-56 39 3
-81 -26 -96
74 -7 70
47 -53 -100
60 -26 48
90 -88 62
20 60 -66
0 55 -80
44 -79 32
-27 4 -23
43 100 78
0 -37 -85
35 -41 88
29 -59 9
42 -38 -68
-70 -47 -74
18 -25 20
26 -3 -51
-13 14 46
23 82 -31
71 -8 -68
-76 -5 -47
38 -22 -33
-98 11 -87
94 -73 -46
-27 -14 66
95 42 -33
-62 39 -81
-62 1 -2
-72 -66 -16
-72 -81 30
8 -79 -23
-2 -86 3
-72 89 -52
-64 -89 -48
47 89 3
57 95 1
-91 68 75
37 95 81
34 7 19
100 -33 17
15 74 81
44 -41 51
-36 -25 -47
79 41 78
94 59 71
13 -4 -36
11 -77 57
2 9 50
39 71 94
-98 -1 22
-64 66 76
86 9 81
-14 31 90
99 94 -20
-46 22 12
-3 13 34
65 -58 -24
-59 86 -6
81 -54 36
-83 -39 12
94 29 9
36 22 2
-27 13 64
-79 56 20
99 31 59
73 -90 38
59 -3 98
-46 20 17
-73 34 -10
-41 94 4
49 -15 -77
-84 39 17
64 22 -8
-26 -46 71
-77 59 19
-96 -42 -41
97 7 89
59 -15 4
-98 -31 97
84 -24 -69
35 72 74
34 61 -35
-96 -94 33
5 69 39
-31 -98 8
-53 -72 -50
-64 24 -53
60 -94 -60
-92 -36 -70
60 -42 28
92 58 89
7 -32 10
-13 21 41
93 -8 88
34 -13 -3
-2 38 83
12 -68 97
69 -66 37
70 -96 32
50 -67 45
-71 30 -72
76 -23 -2
-10 -90 21
-93 12 -67
69 -50 56
39 62 95
74 -17 52
22 64 82
-69 -21 -79
75 66 -39
89 -1 -5
86 -89 -98
-55 23 -73
50 68 -66
-93 63 18
92 -64 -77
-53 -70 16
-51 -72 -21
64 -4 5
-98 -31 74
-39 -51 -81
-4 42 29
99 89 18
-81 -87 -100
-25 -78 17
25 -16 -98
-79 52 -37
-55 -95 -1
-41 21 61
87 -3 74
83 17 27
45 -42 52
-50 -10 56
73 -5 -36
12 2 89
92 -92 -76
-53 -64 20
72 -9 27
63 -23 -38
77 20 -92
-80 -73 74
-71 41 -68
57 23 -17
-94 -91 -67
14 -29 21
-54 95 8
79 24 39
-60 -32 40
18 -69 -88
22 -58 66
29 -98 86
-39 -56 67
-14 18 -19
10 -1 -100
-13 78 2
5 -22 -86
-97 7 8
-43 81 -58
-54 97 18
11 -13 -32
68 65 -78
27 -49 -60
-20 28 3
24 -2 79
63 -88 -17
-9 -66 -43
-17 -49 85
89 -66 -43
-39 53 -54
-46 -89 -74
-100 -69 -45
75 -16 -90
70 -23 62
-53 66 -67
-54 50 32
2 53 -54
-83 -81 -28
-2 45 69
87 71 -21
8 28 40
86 -44 77
48 -58 -63
100 -24 -88
62 41 85
-99 31 -19
-21 74 -95
-73 71 40
26 74 82
4 -20 32
-23 -15 23
-47 -39 43
-45 54 61
-51 92 87
-69 -8 32
1 -41 -63
-60 65 72
-12 28 17
-36 -47 63
91 43 87
70 -15 -12
-65 -52 84
-2 -9 52
29 -94 -89
-51 57 82
-9 21 84
29 19 -88
22 -14 85
86 -69 -94
17 17 -60
52 -79 46
19 78 -44
3 -3 79
18 -78 27
95 30 74
48 11 96
36 -86 -78
95 -10 -52
23 -96 -40
-23 -49 -75
37 50 -72
47 -84 9
-36 36 -88
12 16 -73
-52 -62 -67
61 24 -76
-47 96 -7
60 -45 -12
-7 -47 76
32 -42 -61
-36 -82 66
-6 -19 81
-94 12 60
-62 52 -10
-10 91 46
59 -50 29
37 78 19
96 56 36
99 0 -54
-56 6 -25
-59 -30 38
-56 84 98
68 40 -55
-41 -24 52
77 -87 -93
44 -82 7
-63 -14 -93
63 15 -19
26 32 53
41 -49 66
2 19 89
76 -100 -61
31 70 79
-99 11 38
-77 -65 -66
-80 7 74
-73 39 9
-77 -71 -14
-45 -41 -38
-59 34 100
39 42 36
85 -51 77
91 17 -74
-27 90 76
-2 9 -91
95 -91 -65
-34 -49 77
66 88 55
-1 -22 68
44 -70 37
-65 -78 56
-65 47 -3
7 98 55
81 28 73
-22 -71 69
-30 94 60
-33 51 -81
-22 75 -84
-61 -84 87
-3 -17 85
95 -84 75
-25 64 -54
-93 -29 -15
-45 46 0
-73 -9 -43
74 68 73
-47 -61 -14
61 -51 -80
32 -22 -94
-74 -78 57
83 -96 24
-51 1 4
71 76 49
-82 -25 -38
17 -73 56
-92 -93 -17
78 -1 85
72 -42 -25
31 13 -91
64 2 88
32 -37 -34
-7 -66 -88
2 31 -22
61 -49 -64
-4 -100 -65
43 43 82
-59 -12 48
58 18 -79
-54 -98 -47
-99 84 -21
12 -99 57
58 14 70
-22 60 -6
-8 -34 12
-35 -75 -6
63 2 -89
-82 -63 15
-59 4 29
-44 -17 90
40 -61 -61
-61 15 -8
24 -57 -89
-56 65 -98
-28 -36 -5
-46 7 27
-72 -97 -19
-71 88 -35
25 6 25
-27 -54 61
25 -43 -66
70 -81 -59
-50 -74 27
36 70 33
46 58 7
35 -91 -46
95 58 48
47 73 82
-33 26 66
-82 -62 30
-44 -42 88
-29 22 59
-75 81 34
28 -19 -1
56 -33 -74
-91 -31 -69
-50 -31 -59
-69 24 -15
-54 13 93
-60 38 -87
1 -48 83
-69 -48 24
26 -86 -6
48 67 69
97 69 -36
49 -5 -61
40 76 41
61 -85 -97
-87 73 -99
-21 -36 -91
-78 -18 50
78 97 -53
99 -99 68
75 45 -74
96 94 -10
-67 73 31
-47 85 -4
-31 97 -60
3 21 38
62 -42 -16
59 43 -5
0 53 95
81 50 76
-5 87 34
-31 71 -69
-59 60 90
39 42 -27
-97 -93 34
6 65 -37
7 36 -84
-10 -87 -38
-69 68 -58
18 -74 46
-49 17 -52
6 48 -30
-30 -32 -85
-96 -97 23
75 68 -79
-8 -21 16
-66 81 70
-96 39 43
-74 -6 -28
27 -2 12
-9 -55 76
91 -61 -55
-31 35 -57
-72 91 30
90 49 9
-98 60 60
74 -36 -71
-86 -76 -87
18 -74 -24
94 87 66
60 -69 -79
-66 95 -13
33 9 54
-21 51 -21
-1 -47 -87
-80 54 72
-33 -25 -52
-45 47 98
89 40 -64
64 55 76
-89 86 28
5 -47 -100
-28 -53 -68
-88 -9 17
21 -84 -19
-97 -36 36
39 -36 -55
-71 0 100
-2 16 3
9 -36 57
20 -83 -57
-30 -1 66
-45 11 -64
-54 -41 -82
17 82 -3
29 -15 -24
-8 -92 -80
5 -33 -39
-95 -84 -41
-66 -53 21
34 -43 -2
-36 24 -10
80 -13 5
-53 -3 -23
-12 -47 -68
-71 87 36
91 41 33
-39 -40 -90
6 2 70
7 -73 -53
-19 -33 -15
-17 96 66
-18 1 35
-69 63 32
-53 89 -99
-46 59 -7
-30 1 -34
39 -43 -36
2 31 5
81 -18 49
-70 76 62
-48 -55 2
95 -20 -85
59 -49 95
71 -53 62
16 20 -31
25 37 97
39 -63 49
74 41 -37
26 97 42
-3 63 -14
13 -90 -84
-50 49 43
-79 -71 1
-26 -88 -50
-86 20 99
19 -90 -88
75 30 -46
-62 -79 -2
53 91 -25
-96 -25 81
75 -75 32
75 -59 80
-100 -67 96
-6 -31 -85
53 74 -27
-99 -88 61
-98 -90 61
-53 98 73
-37 -10 -24
-58 60 -47
-40 -9 3
64 70 -34
-41 71 76
-40 -70 61
63 8 40
-22 -60 81
60 -62 -29
-18 59 -57
-39 -27 -16
-82 65 -52
-84 -96 64
-39 10 59
77 -53 -55
63 13 55
56 -84 -24
-57 93 82
81 28 7
-10 -11 -12
63 -20 -57
13 41 -44
-79 -10 -86
-4 68 -66
49 -7 -64
-66 57 -78
-97 29 59
88 -72 69
13 -5 31
-34 -30 -36
-20 94 97
-100 -48 80
53 73 5
-100 -54 -96
-40 98 -54
40 -2 85
-26 72 -77
83 -67 64
-51 -89 35
-46 -21 -99
-96 -100 -75
0 90 -66
-30 -61 60
-56 -44 11
-67 38 8
-72 -19 -89
-25 61 62
88 95 66
14 -26 -76
90 75 84
-71 -61 60
-10 82 24
-43 -64 10
-36 57 -70
28 18 -80
46 -18 -22
-77 -88 25
-75 -59 -88
-42 76 36
-25 100 -62
-30 -12 -93
-95 -76 85
60 95 -13
-62 51 17
-67 -83 20
73 -43 9
-88 40 88
-15 -86 33
18 -46 96
68 88 87
37 56 55
15 57 -91
85 27 -48
15 -6 5
-56 -14 -55
-19 14 98
-74 -42 -100
48 61 19
38 16 -61
-28 96 70
-10 4 82
-100 38 39
76 46 23
56 -40 -47
12 -9 -69
-34 -13 95
-78 -99 3
-23 -47 -41
-98 62 -79
53 -60 41
21 -74 -74
73 94 -4
-37 78 -73
61 31 -95
65 -99 -9
65 -82 -8
42 -100 -6
-49 -80 -5
68 -32 66
-54 84 -9
-92 79 -44
-1 78 9
55 51 25
-57 -17 9
90 70 -69
23 47 23
-41 -46 -93
96 -59 -7
3 32 -70
-25 19 16
-21 -29 9
-73 -51 100
60 58 22
-56 -20 47
-21 -21 -32
-56 4 32
81 96 97
32 -9 67
-49 -67 39
-41 -60 25
96 10 78
-34 15 -43
70 31 -93
-82 -39 -57
22 -19 -36
6 24 -22
64 92 -25
23 90 93
-72 47 15
-70 53 -66
64 -98 -79
-32 -80 -33
-16 29 -19
-34 -27 -48
52 41 -90
-25 67 -83
-14 23 -53
4 -8 -89
-32 15 78
64 -84 34
92 32 76
32 69 19
-17 91 97
-64 -4 23
-35 -75 -17
57 -61 14
23 62 -94
-69 -99 -33
-45 40 -4
42 -18 64
62 0 -49
-56 51 -9
56 72 -99
-18 -79 -47
-63 -47 97
-36 -86 -36
-72 66 1
44 -100 -72
-100 39 -45
-40 38 -76
-56 -77 -29
87 -63 34
-76 58 -79
16 79 -40
-78 -37 46
83 11 -12
-4 -94 6
31 77 -64
21 74 -6
1 53 35
80 95 12
64 41 -28
68 9 25
-87 38 -9
2 -67 -41
88 -79 77
-32 -29 90
-54 98 32
95 35 40
60 -85 -40
78 68 30
-38 -10 43
73 -60 -73
-15 -59 66
-58 86 -17
27 -40 -83
7 38 -69
-53 54 42
-21 -68 -71
-74 69 -91
20 -59 87
-42 32 -55
47 76 22
-54 -89 84
-4 -4 -73
-92 -39 -71
8 28 34
43 0 96
95 -33 92
84 98 6
-71 -85 25
-1 -21 89
10 -66 7
-52 29 -31
-95 54 -62
7 -64 25
67 -91 -77
18 37 -39
-58 -56 -15
-62 -94 79
84 72 37
-82 40 -22
-38 82 -43
22 3 -33
71 -60 66
44 -21 -2
-16 67 93
44 -39 85
89 61 -55
20 -6 49
-43 -50 -62
17 69 -16
-32 94 -14
-56 63 2
-72 -95 95
-64 -13 -59
-88 -97 71
65 41 -97
-35 -73 87
-53 95 67
-88 -92 -66
91 -84 -91
81 83 -73
82 68 53
78 32 86
-76 90 -70
-33 -47 13
45 52 8
97 -11 49
52 30 43
-25 76 -7
-48 23 17
-6 85 -79
40 11 55
-78 54 -60
51 -33 -47
40 87 54
-40 17 72
-89 97 80
13 32 24
26 82 -90
-15 0 88
-98 52 -23
62 76 65
-85 -39 59
59 -52 -64
8 58 71
6 -4 -22
67 -27 32
-74 73 50
-40 -78 39
-89 -1 -68
63 -8 -18
7 -39 -79
-1 -7 55
-47 3 -50
81 98 20
-2 68 17
-64 -34 66
26 96 -41
26 -31 -63
-6 91 63
-17 -44 72
-55 52 94
67 4 -70
-89 12 27
-9 86 -67
-24 -63 -6
33 -100 43
84 12 -87
75 6 42
-44 -99 -62
86 87 -93
-76 30 92
-87 64 70
37 58 51
-23 4 -94
-21 84 99
13 -58 3
72 10 21
0 68 -31
77 -32 -97
-15 51 -24
-99 13 33
-100 30 93
-31 -4 79
-44 -78 68
-4 -10 64
21 87 -49
59 34 -60
35 -48 71
-15 -19 59
-69 60 83
82 -32 -7
-58 24 -40
-37 -62 -56
30 41 -95
-66 -81 68
21 -99 -9
7 72 -37
10 51 -99
-48 12 61
64 -100 70
-70 46 33
58 -13 -85
14 -20 -3
3 -9 -20
-2 13 -47
44 52 57
57 33 -40
23 -89 -75
-65 -72 99
56 -73 39
53 -18 10
-56 57 96
88 60 2
-42 -7 -48
-76 -2 -2
12 33 -57
-27 85 86
-12 75 7
-77 79 -97
-5 -7 95
97 -53 76
-39 -3 -42
100 98 -78
25 -65 48
59 45 -81
-24 75 -36
-63 -8 -48
-73 -12 69
-97 -53 -80
-91 72 -6
-64 98 -55
81 -81 -84
28 39 -19
-17 -43 -86
-72 73 28
58 -66 -24
-72 -55 -10
-11 -6 -28
-73 -70 -5
13 73 67
10 7 -31
86 -83 30
-17 -69 -18
19 31 76
59 -42 75
32 -98 72
-84 63 86
52 -6 -45
-50 -90 -57
-8 38 -7
85 90 -73
54 -35 67
90 -87 55
15 88 91
-96 17 58
-52 -75 87
75 -13 -77
-27 16 0
-33 46 11
-75 35 2
-64 -79 -4
-3 15 -60
20 38 83
-45 96 73
-60 -48 -71
-8 -7 -23
-94 94 73
-30 58 6
-86 -99 -2
71 -14 -45
23 2 -99
78 -47 -26
-74 -91 -62
-17 91 73
33 -70 86
-44 6 55
35 -13 44
-46 72 -2
-91 -2 91
-64 23 100
92 -11 -43
48 84 -84
-78 86 -66
62 81 92
-88 -91 5
-45 -53 25
29 -7 60
-28 5 -23
1 -70 -89
64 -54 61
-54 65 -34
64 -44 4
9 -29 -23
-9 62 36
80 50 -6
83 -97 -4
11 66 -92
-97 -9 93
-30 96 -87
-26 72 -98
53 3 16
-62 -3 25
-70 -45 -49
24 42 23
77 -21 -92
-34 82 14
57 27 77
-28 -2 -53
-59 -54 14
15 4 71
61 -1 -10
-24 -55 24
97 -63 99
-88 -13 -33
-88 -14 30
42 34 -45
12 65 -73
79 38 44
53 82 -58
45 66 -39
62 33 -29
-66 70 -16
-78 10 -69
-45 42 60
-61 36 -62
78 -11 34
-57 -46 25
6 -39 -36
29 5 -100
79 -36 56
87 62 -33
18 64 -68
28 29 50
-69 -49 87
24 93 -32
77 12 -79
86 90 16
-6 74 -99
-13 20 -36
49 -80 -10
14 -68 -47
-47 -57 -55
58 -79 62
-1 -98 13
62 39 -46
34 -65 60
-28 11 -86
-13 -34 -63
-20 -7 28
40 -96 72
-1 -91 -48
9 95 94
40 -87 -82
7 22 -99
-71 -59 10
-35 -1 27
8 88 -3
-95 73 -2
-1 -92 77
-78 -67 44
-100 12 -1
79 -67 -68
60 -95 41
85 37 -6
-90 -52 -49
-45 2 -80
75 -46 -77
35 29 -20
92 57 18
-59 -73 -71
-99 89 44
91 94 -95
-50 -84 -16
-11 -33 -40
-19 -42 99
32 -93 -23
-38 -88 -82
-73 -22 -90
56 -34 87
77 -13 28
88 -89 -82
-29 -34 -32
85 -59 10
83 -30 28
59 14 -20
-34 -95 -60
58 -40 -68
-67 -12 25
77 -30 42
64 80 16
-86 71 -71
50 9 17
68 -82 -78
13 34 25
95 -30 -20
35 63 24
-60 -12 25
42 -57 -85
-23 -92 -27
-53 89 -50
-49 -90 86
-76 -4 0
-75 -99 -22
71 61 -3
20 -71 -14
51 45 97
-97 6 92
-46 87 60
54 16 -28
-33 -19 13
6 -31 89
55 -42 -45
-3 83 60
-88 0 -38
-61 81 -49
69 -25 -15
-85 75 43
-68 100 -98
26 -2 4
-95 97 92
80 -99 25
62 24 27
-2 26 75
-83 -70 -37
-60 41 -71
-37 73 43
-9 -90 25
93 -15 -67
43 -9 -38
-74 81 98
-65 37 -71
96 9 68
-22 -18 -32
-100 -100 -31
-83 33 20
-19 99 -83
42 -51 -5
73 -24 -30
70 6 63
57 66 -37
-79 -70 1
-16 31 -24
-13 -63 29
45 12 -2
-4 68 -74
95 -46 -2
42 69 80
-67 -83 -48
87 93 83
-86 27 -33
-32 -76 39
-1 -47 46
34 -23 93
18 48 -79
-89 -16 -79
-31 33 -68
-57 77 -29
82 21 78
-66 -30 18
73 74 30
-26 -20 86
-52 88 -86
-51 -11 57
-70 -25 -50
-6 -7 81
-25 13 40
-20 83 -79
-98 52 40
88 61 -30
-36 98 -32
21 29 54
13 -86 12
92 67 78
38 -68 -56
-38 -84 -87
-70 16 64
91 -84 30
69 -44 -67
-61 -69 66
-40 51 19
-44 36 35
36 -95 -43
26 45 -86
79 -28 34
-61 29 16
-10 34 -9
-62 -100 11
-59 84 31
-82 -66 -82
1 -69 56
29 2 -96
36 -27 73
-88 -18 -18
-97 -13 63
0 -85 -80
-66 -10 -50
-29 75 9
-97 -77 -23
8 -11 -59
33 91 -20
29 93 -79
-61 -30 -99
75 -48 24
95 -69 -95
74 -38 -84
-67 36 -25
-99 39 91
83 -83 -35
41 59 3
64 88 -72
-31 -74 75
32 39 66
91 18 -27
78 -15 10
-35 -7 45
54 8 -18
-11 95 93
26 51 82
59 -40 -72
-56 95 93
-90 72 -74
26 -87 -12
-88 56 67
-13 85 65
-65 74 82
-33 -95 -14
40 20 4
48 50 97
-32 -28 52
-96 -12 -95
15 33 -10
76 87 44
94 -5 57
-66 -75 72
-55 53 75
-22 29 -62
-94 98 97
-8 -17 100
75 92 35
-18 65 62
86 13 -98
-36 -57 -30
84 46 20
-14 -86 -33
0 18 -11
-94 38 -43
-64 -88 30
29 11 -99
71 -21 -88
-60 93 36
-51 49 44
6 -42 -1
55 -99 -81
93 -41 -80
-11 -26 38
-32 -12 43
-93 30 -70
49 35 69
-93 87 54
-5 -12 6
65 -73 -49
49 -94 -85
81 -98 -22
-60 35 99
70 19 46
-6 -96 82
50 -4 40
-28 -44 -7
-16 87 78
49 -28 21
32 47 -28
66 43 8
0 -36 -22
74 -42 -34
-36 26 80
-7 42 47
24 -73 -70
-81 -36 99
-36 -40 29
-5 -49 78
35 -75 -76
52 -9 -56
57 32 -11
-69 75 -11
9 85 -19
5 19 -57
-84 18 87
-91 64 96
-71 62 -48
4 -98 -96
24 18 -9
-45 -7 94
52 -9 43
-15 33 -33
-100 15 -16
-38 40 62
47 -87 33
-96 35 -82
-4 64 27
-30 82 56
56 -84 -11
-14 -1 48
82 35 -10
-22 -92 -65
-97 -72 68
21 -75 54
87 1 -36
92 -12 -9
72 -75 56
-87 -74 21
78 13 56
56 -90 57
4 27 -96
-64 -37 -45
-38 -100 -4
84 -93 82
17 -32 11
8 -14 -44
-97 -40 -22
-53 -69 27
53 84 30
-4 69 -5
59 -12 86
76 57 50
-13 43 -24
100 18 -12
-55 -83 -1
10 67 -91
-24 13 8
-1 -62 -34
52 74 -81
-78 -17 -33
-17 -82 -90
-100 -73 67
8 -78 63
-27 -70 30
-99 -17 -39
8 69 -39
-38 46 51
99 -88 32
31 -16 -35
70 89 -97
-94 90 76
35 -35 30
-61 -21 -5
76 61 12
-49 -81 -71
0 -83 -1
10 -21 40
76 -69 24
75 12 25
52 -9 25
28 88 5
72 -23 -79
-66 -48 -3
-90 7 -99
-11 41 -17
-83 38 -91
-37 91 55
33 36 2
-16 -92 96
-69 -56 58
14 77 -26
65 39 -10
21 26 -41
-79 13 40
88 85 97
97 -63 58
-41 -17 -11
-17 72 30
32 -28 -85
1 -7 -12
65 34 58
86 -90 -78
18 -55 -68
-54 55 68
89 -25 42
-62 19 -40
-65 4 -8
44 -96 6
-52 -56 -48
9 21 98
56 26 87
12 90 47
-83 45 3
-12 74 31
4 -20 -7
-33 -67 62
25 -47 -77
94 -24 -27
77 80 -6
92 -82 -72
100 -83 -33
-41 -90 -6
44 -54 -54
-65 -52 -25
-76 -87 37
55 24 5
-51 -77 -66
29 96 47
84 -90 -47
-100 64 56
77 -95 -37
-15 -69 -84
51 59 -6
-46 92 89
66 -70 -92
-79 50 -11
-60 -4 -53
-98 59 -98
-81 40 -40
-50 55 22
22 -46 -24
-58 55 53
17 38 38
9 -41 87
-63 0 43
81 75 -21
88 29 -92
98 98 45
-67 91 75
58 -66 -84
-83 -78 42
-31 -63 37
66 7 34
52 -4 31
21 11 -12
-15 -61 18
85 62 -40
-6 -35 -82
65 -10 89
16 -72 10
-70 70 -11
-75 -61 60
39 -32 34
-68 100 33
-82 7 -71
19 -29 -29
-13 -86 -58
-53 -73 2
4 48 32
-90 67 78
-22 25 -79
-67 38 93
81 -64 29
-54 84 -26
-10 -46 85
-87 -18 -12
-92 -75 -83
-10 17 49
88 -32 -52
7 7 -57
37 -77 -66
52 -88 -54
30 -59 53
-18 -82 -34
31 100 -82
-59 -9 19
23 65 79
33 91 -37
-45 90 -20
33 62 43
-78 -24 19
-66 -82 -75
-16 4 72
-21 -86 94
-31 2 71
-10 -63 -38
-47 30 51
62 50 67
93 -28 91
85 92 40
92 79 43
25 45 22
-90 -43 57
51 -15 26
71 -79 -79
69 33 30
38 97 40
-51 54 62
-83 -51 39
26 19 55
-61 -51 -49
75 -47 42
75 87 -58
-28 -95 -8
7 52 54
-47 43 6
-42 -19 -19
-82 33 -51
-26 -10 -18
53 -95 79
-67 -37 2
94 -28 10
50 -20 66
45 -66 -60
-9 93 40
4 60 -54
-13 5 68
12 -94 -8
-50 -49 -49
-40 3 39
78 -2 67
65 86 53
65 -92 -33
34 -52 60
-69 -57 92
-65 -74 -36
-8 -100 24
23 -46 73
-66 -30 -64
10 80 97
-15 7 66
-73 97 -41
-82 44 13
-46 94 -86
-74 -49 70
79 -30 -20
-89 -53 20
-54 16 -66
-58 58 23
-72 -27 -82
22 -40 96
-29 -69 -66
5 32 96
-41 -9 -51
48 73 26
-61 -41 96
-75 25 -47
-7 49 72
2 -69 -83
100 -4 40
59 -29 -39
-62 -69 66
31 30 -20
65 82 -62
-82 100 -55
-37 8 70
82 -49 -19
-81 -71 81
27 30 -17
-71 96 46
23 34 -100
-95 9 -25
-79 -5 79
0 2 77
-95 -41 -43
-85 -92 21
41 -49 -48
96 -57 -77
-53 -35 -61
46 -67 35
13 23 32
85 -38 -99
-42 28 39
27 15 7
17 36 68
49 -23 -5
-70 18 -11
-87 30 85
-94 -11 -61
-77 38 -45
-27 -76 2
-21 99 -19
-62 18 -93
91 -24 -59
13 75 -83
-36 -4 -73
42 92 -4
-47 -70 99
20 -22 75
47 71 41
-12 -34 71
-73 25 24
40 -21 39
-75 -85 23
95 29 -72
-45 -1 45
-7 -65 -31
83 43 59
92 71 -14
-17 -20 15
48 56 54
-56 71 -59
22 -92 -88
87 -96 55
87 -65 -70
-58 47 -98
-2 6 92
-17 -15 -65
5 50 30
-57 -92 -65
72 -97 -20
-45 96 -18
17 96 47
-60 -12 9
-78 -22 59
-78 7 -32
48 -3 -59
61 26 83
-69 -12 46
24 -68 15
84 47 -8
22 -38 11
97 -88 -59
-5 49 47
-33 8 39
89 40 -2
-29 -31 62
62 -1 -59
-51 19 -2
22 91 -49
-62 -91 -91
-15 -64 66
-40 50 -21
16 -59 97
-7 96 3
58 9 45
-29 -18 -93
-76 14 15
-19 31 -1
31 5 -18
-81 31 48
84 -62 99
-73 29 11
-20 -49 -42
88 -24 51
11 45 -69
69 42 28
24 -97 -70
-62 50 -15
6 -35 91
-25 -39 83
75 -9 10
-71 -82 91
-32 -94 -77
38 -28 -2
-65 55 -18
-19 76 54
-78 -27 -48
-51 -12 11
-65 -41 88
-4 -76 26
74 26 -49
-51 -93 35
-7 91 -19
-25 52 -6
-20 62 -17
44 -77 1
-80 34 54
94 -17 45
-76 -66 -9
-73 -80 77
-56 100 -64
-29 -19 -57
73 83 86
74 38 -19
-47 48 -20
-36 63 30
-5 -16 -94
-23 8 -75
98 -31 -72
100 -35 4
90 63 7
60 -26 90
8 -86 -36
-17 -71 38
86 -36 74
-99 -91 33
-7 -87 42
5 38 -35
71 63 -53
-48 6 0
94 49 97
68 83 -90
-67 20 -27
97 62 -86
-91 4 66
73 -96 -88
43 23 -44
-19 82 -36
75 45 -14
63 -76 20
-10 -1 -75
-77 32 21
-17 -82 74
33 -80 89
-41 44 -76
24 -82 -16
-57 -9 -95
16 87 31
-89 24 40
20 -43 -25
-25 85 63
71 25 -79
44 -67 -41
-18 -92 -77
-25 28 -45
-95 -3 -47
-8 -21 -9
-51 -6 71
-33 4 22
18 45 11
17 14 -56
-18 9 -42
40 -11 69
-5 -28 55
-56 -65 53
85 -65 -62
29 47 78
-25 42 9
-91 96 28
-32 -27 -24
-49 17 59
0 15 82
96 -14 -47
-48 -75 -21
52 -35 88
-66 42 18
3 53 19
-61 49 32
57 -5 -84
-5 -37 71
88 62 73
40 22 -45
-48 -70 -43
-69 -51 -4
-28 33 0
90 -32 70
-47 9 -53
-80 -14 76
-85 -31 85
59 95 69
-38 69 21
19 -57 0
85 97 -54
42 -50 -37
-94 -97 -84
-24 -62 14
-73 57 -56
9 -38 92
-33 41 -34
-13 96 -49
-50 -25 20
7 83 -42
-17 4 -44
-31 52 -97
94 -94 -40
1 9 -89
-46 -54 8
34 -24 99
-72 -61 -62
-21 42 -82
-49 40 21
-85 -9 -68
61 82 69
-55 67 -38
-36 -26 -62
4 -78 79
42 51 -88
-9 90 70
-31 -11 47
52 59 93
-90 7 54
91 -32 -92
9 -41 21
85 -19 -45
-85 -76 10
-99 -1 1
98 16 53
100 46 96
41 15 80
-52 81 95
-20 92 -39
51 14 -6
-73 -86 -87
2 48 -5
-66 -86 89
77 -96 -73
-69 -19 13
-76 92 -78
9 11 12
-64 -48 -22
34 -15 100
-34 48 52
-15 15 -67
34 -89 87
21 83 -24
82 -50 -17
5 27 88
46 90 27
-45 -5 81
-51 79 73
-94 75 47
-27 -66 -43
99 -4 50
-40 -45 -81
-85 93 -5
30 -21 -52
74 62 -13
-99 -52 -23
38 -40 -21
62 17 9
60 -36 -85
37 -29 34
-26 50 -20
11 -59 51
-69 48 89
-25 67 -28
-37 69 91
89 -63 33
15 -81 -54
-5 26 52
-41 1 24
-5 -1 64
-44 -91 -40
34 53 11
-8 -56 -94
-91 23 -87
72 -41 -85
-74 56 19
93 61 53
77 -31 42
27 10 -47
26 -74 22
-28 95 95
11 13 37
44 -97 42
-96 -15 -87
45 -71 -2
55 -33 22
59 -25 95
-16 76 62
97 -19 -45
97 12 47
-79 -92 -9
36 32 36
-82 66 -93
-56 -40 31
-41 -7 10
70 90 80
-56 -48 -74
41 79 35
-33 98 98
-24 24 62
89 -30 36
88 78 52
-58 -5 43
58 18 -98
-81 39 21
-67 -62 61
31 67 -77
77 -40 -19
-81 -99 -74
-17 -83 58
-55 89 -50
-38 79 48
-74 -44 96
-61 -45 10
-93 -51 -10
-54 49 -22
82 -66 48
62 25 -9
48 96 69
74 -81 91
23 -95 65
93 -42 -56
89 97 87
80 67 -71
-20 83 0
-12 3 -28
-54 -47 55
10 -23 -6
39 -44 -57
-62 67 10
-59 -36 86
-63 25 94
-69 -67 64
-8 99 -95
-12 23 1
-13 -72 95
67 40 72
57 -7 89
-3 40 61
-72 -57 -67
75 76 -54
-61 24 -83
19 -17 13
83 92 -8
21 80 -89
87 53 32
-91 -92 -62
-95 -94 -64
24 -30 -90
31 79 48
27 51 18
-31 30 7
-88 -82 65
70 35 8
-53 -86 -90
78 19 -74
71 32 -53
-85 98 -44
-57 -21 33
-3 21 -32
3 91 36
90 34 12
77 -70 5
-98 4 0
-31 -31 -59
9 80 -5
45 95 20
-9 5 -45
-92 2 -78
14 73 15
21 85 -96
46 -25 -25
38 -3 29
49 -51 -61
-70 10 61
-98 85 85
-66 -59 41
27 -14 27
95 80 -97
80 -42 52
19 -24 -88
81 -36 -63
68 -48 -85
-78 51 -48
-34 -84 -23
96 4 71
64 -75 19
-60 80 -7
-97 -67 -24
-40 44 66
-96 44 20
-20 -92 -19
-28 45 -68
-78 76 -92
90 74 37
-21 27 -16
-22 -9 29
-64 84 68
-79 -63 82
-33 -41 -99
-84 -12 -39
-51 -86 60
-5 -50 -20
8 96 88
-19 97 14
-94 -93 69
7 81 -81
95 -40 -73
-38 92 11
99 38 -54
97 75 -12
69 -14 -33
-37 16 -84
84 99 39
-72 -85 -68
61 20 -90
-3 44 37
-68 -64 10
22 78 25
-36 -15 -66
-91 91 43
14 -66 -86
3 -27 84
-29 75 49
-54 -38 100
-81 28 -44
10 -32 -19
-91 0 -12
-67 52 -81
-16 57 -94
30 -59 -7
74 3 91
35 -91 -68
45 -93 -31
38 -95 62
-50 -29 2
-48 -41 64
-58 27 37
-31 -12 88
-73 73 -65
57 1 -70
-46 73 -23
21 -23 -37
90 -92 -46
51 -17 57
-15 45 46
-85 -91 71
78 11 -35
-12 -25 -26
-78 60 88
47 -62 24
-49 -45 64
28 96 -78
10 0 70
-6 -34 -95
-69 16 -82
82 -55 -36
71 -67 79
68 94 38
94 59 48
28 32 -91
-62 95 -67
-84 -22 -47
-58 70 70
27 -84 -51
76 -15 -6
83 -46 36
-49 -62 -85
46 79 -73
36 48 77
-82 -28 -32
-79 -56 0
-16 19 14
-29 -51 22
96 -63 55
44 -2 59
52 -9 -1
-68 42 0
92 -60 37
-55 -97 -23
21 26 -41
99 -51 -12
-82 -10 27
72 -60 62
-98 -2 71
15 -9 -23
74 -60 -82
-89 -56 -31
-83 3 -71
-29 -66 -49
0 -66 90
95 82 -79
59 -92 -63
48 31 -37
-94 91 1
84 -89 -38
-7 50 59
-89 27 -41
-26 -65 58
-3 20 66
-47 -90 83
90 -24 -51
-71 36 90
2 -88 54
-76 21 -49
-42 42 -83
-1 -83 -26
40 -96 -63
76 46 -75
74 -25 22
-43 35 -80
13 58 21
-97 28 -64
-83 -33 -67
-28 26 -17
-32 88 51
25 -19 18
-76 -78 -86
44 -38 -30
13 -54 -5
31 -96 79
92 8 -66
-37 -79 -43
18 -17 57
-17 -86 45
-49 -51 8
19 -76 13
-77 -20 3
-76 -54 49
50 -50 71
32 54 75
-10 -86 95
88 -16 -48
-39 -55 -100
11 78 10
-68 -3 -24
-93 -23 -90
34 -18 -33
98 65 -27
11 51 3
-90 -22 48
-49 10 -68
-16 72 16
-16 82 72
-68 -28 21
30 -4 -16
-58 8 1
89 96 77
-22 15 -59
-14 87 53
41 -81 6
65 83 -86
-23 63 -54
-4 -93 -68
-53 80 31
29 -68 12
71 -96 38
-27 -35 -91
28 49 -90
16 90 -91
0 98 -39
-36 11 95
-37 -76 -52
39 -41 21
47 64 16
-75 42 61
-42 48 -4
-96 99 86
-13 -47 43
94 -36 80
78 -88 -94
58 27 -65
-86 94 -45
-86 80 -89
37 94 -89
98 -50 -27
65 74 3
66 -17 -50
9 -10 50
-87 17 -3
34 97 -53
-93 43 -65
77 13 -58
79 17 74
-17 -36 -60
61 -31 -54
-54 41 71
22 -62 -13
98 -9 88
47 -44 5
-48 4 21
-56 44 44
15 -57 -14
12 -26 71
-94 -10 85
42 92 -50
-56 35 68
31 59 3
23 19 88
-30 66 52
-22 65 -50
-61 -94 -26
-8 -27 12
-8 -59 96
72 -18 -45
64 51 6
-91 -3 7
-65 -62 48
46 49 -40
-19 -22 -46
-68 17 9
69 58 80
-63 -16 40
-37 -38 -18
-14 18 69
97 -93 48
74 -52 20
54 -40 26
-90 96 -67
-56 -53 11
-57 -14 -87
0 -83 -51
44 38 84
55 71 47
99 -9 9
93 85 -24
-62 7 -84
-83 45 -22
29 -20 54
60 92 69
-2 -24 9
77 36 -46
78 -98 66
9 -46 49
-29 -49 6
-65 79 34
-41 0 33
72 -73 6
69 55 -54
62 -55 -91
80 -40 9
6 -42 9
29 94 54
-94 -98 -31
2 55 83
-51 -89 -20
-34 44 52
18 20 27
-40 51 75
-31 -31 76
-49 -20 88
-1 -28 -57
-5 -61 -18
76 50 -25
16 -13 52
48 90 -99
22 8 -54
-41 -72 -67
-59 -15 -24
-46 40 -84
-47 -38 27
66 47 11
-97 72 52
-10 -95 68
-51 -13 -7
5 -5 -91
-93 86 -99
69 -24 -57
-45 -20 5
-41 -48 23
97 43 61
-57 75 22
-18 53 -81
-64 -1 -100
94 66 -65
32 42 -74
77 -73 -52
92 73 50
33 34 83
-41 -30 21
-19 8 98
2 1 13
97 19 -24
-57 -58 82
21 -11 -31
83 13 99
-77 55 -91
-36 -62 37
84 88 -86
75 95 -90
84 -51 52
9 75 -97
32 36 -96
53 42 10
-78 21 -86
89 -63 81
-22 -67 60
59 -36 -9
-70 -2 -57
88 -11 -3
35 -4 -65
-21 -83 9
-52 -79 96
61 70 -30
-100 -66 -11
-20 -81 -67
92 15 -12
-76 73 15
54 8 30
50 -8 -30
-95 -78 7
-14 -47 -93
-90 2 45
36 59 -73
44 88 -28
-83 -19 -90
-32 -3 -64
90 37 58
-16 -79 13
-41 -35 41
-18 38 -25
98 6 55
-43 -20 17
-34 67 4
92 3 54
18 33 -64
48 29 61
-40 62 -30
81 -26 -69
51 -14 -25
40 77 -97
37 5 23
-99 -71 67
-20 16 81
6 -47 -43
39 -23 -3
-90 71 48
80 -3 -52
81 -74 -27
-80 -54 17
-82 98 50
18 55 -25
72 -34 -93
83 2 91
25 55 20
-98 -31 22
32 32 2
-55 49 96
-90 12 69
51 -67 -23
-10 2 80
1 6 32
80 64 -97
-45 -9 97
46 -56 -17
-16 44 27
18 -40 -54
-57 -15 14
-6 98 -12
-71 -14 -9
-14 -41 -8
33 -17 -86
-100 82 -72
60 9 66
-62 -18 -63
-66 -30 -57
15 -28 -51
16 -65 -47
-64 -57 -16
-56 -98 51
-87 45 -60
8 5 -49
30 -43 -26
59 60 92
26 89 -58
-15 -17 -59
63 6 91
44 40 15
25 -21 34
-47 -63 -84
-79 9 -75
26 -61 -29
60 71 -66
-40 17 3
-26 -88 -26
71 -68 65
-7 -86 76
65 98 -51
-20 -27 84
86 -98 80
-52 -24 -74
-96 65 80
-29 73 -99
72 -55 60
-64 77 -25
97 -36 1
-56 -22 44
-4 -23 97
50 -6 8
-56 44 30
-48 -1 16
-54 61 -55
-68 -52 60
56 -72 64
-100 -95 43
-23 -15 39
74 26 51
52 -21 27
-66 31 -9
-26 14 -88
6 -37 -7
78 -96 -38
98 -9 61
-88 -88 -93
-67 -45 -81
-83 -87 -88
35 -47 17
