571
20 77 -64
17 34 78
89 -79 99
84 -64 10
62 15 10
-26 93 -39
18 63 90
-14 83 -21
59 81 49
97 65 -75
-37 -31 1
70 8 -84
-83 52 -23
-21 -99 9
99 -81 72
-7 -78 -63
82 -10 95
-85 10 -73
52 -80 -2
-38 87 -46
50 -59 73
-33 8 -97
-99 -100 76
88 -84 4
-64 -19 -1
-15 -42 27
-2 -14 16
22 -89 -49
-89 2 79
-21 -76 -71
-84 61 18
-76 -52 75
-71 -72 -25
-66 -97 -53
25 86 22
4 -71 -33
21 51 -69
-27 -42 45
65 84 34
59 -86 -21
-97 67 -45
39 93 6
-9 26 -62
52 -32 -45
-8 100 89
17 -24 82
34 8 73
-11 -64 -25
1 -99 10
87 46 21
75 25 -21
88 59 16
98 -97 84
53 -89 -11
46 -40 47
64 5 58
-89 46 -86
62 61 -46
-39 -98 71
68 -37 62
64 -1 54
-97 18 84
-94 43 -36
-97 47 -37
-12 69 -71
51 -44 81
-63 -45 -86
18 -52 -89
-50 -89 -18
-93 71 0
77 -48 -67
-80 -96 -43
60 3 -61
74 5 -33
-88 -99 -11
90 32 58
-92 14 4
-66 74 4
-61 8 0
-28 94 94
60 -52 93
-58 28 -39
84 -31 -48
92 -91 51
-66 14 4
-33 -1 44
-49 -42 -90
100 0 82
-89 -17 -49
44 50 94
-37 70 8
-7 -73 -49
-57 -28 12
1 58 -28
-62 -14 -51
46 -18 82
77 67 -86
-7 13 53
-24 33 94
4 86 -66
-79 5 16
25 6 10
-57 -81 -48
0 -5 65
-99 93 -93
3 -35 -89
-70 70 51
39 44 89
11 -44 25
33 66 -44
-27 -7 -98
-48 96 -85
-96 37 91
-55 -18 60
-36 13 40
33 16 -60
-31 -21 -78
-9 7 67
-64 61 92
-42 32 -12
-10 22 93
100 -71 -99
71 62 -59
-51 2 -59
-1 8 100
56 88 -19
-77 16 15
36 -19 95
-85 -7 -83
-40 -18 -39
-1 88 0
-41 -48 33
-14 -13 -91
34 28 -83
68 13 -67
46 -19 -40
-29 51 -49
-83 65 15
-100 77 20
0 -97 80
-99 -33 -98
77 -14 64
73 80 -76
10 15 -17
80 -66 -88
-12 78 47
15 53 52
97 -35 90
21 53 85
9 25 81
28 -65 4
87 14 -27
-30 -100 -45
-15 -53 -95
58 16 21
-79 -33 -90
19 53 92
89 19 94
-96 -21 -18
-15 -99 80
-86 -39 75
-32 100 63
-24 -40 -60
35 32 21
69 -86 -63
1 41 -45
-53 26 -89
15 73 -91
51 5 38
-99 65 33
-58 -30 -60
-63 -5 -13
-13 -61 -54
1 61 1
-67 -35 -90
-22 -20 20
-18 -21 83
-81 54 12
-46 10 -56
-76 14 74
-32 66 17
56 -37 15
-72 -41 28
66 13 -57
-64 35 90
-41 -57 13
18 -20 -31
94 71 25
-18 19 5
-22 -16 4
-16 -56 -21
8 10 87
-90 48 49
67 -79 8
-72 85 34
2 98 53
40 15 36
73 -90 -62
32 70 95
-18 -20 -45
61 -83 23
-56 -33 -36
-24 -59 -94
-83 -37 -1
-72 -13 -88
-37 -28 25
44 -68 -11
33 -67 67
-4 -27 31
-10 36 34
-89 35 44
-84 27 -84
-81 -78 -1
20 80 -59
89 59 -69
-35 46 -53
-44 4 -57
9 -76 -70
-63 -64 -97
19 7 89
-27 -1 99
-75 -63 -70
-56 -65 -25
21 48 79
76 -13 9
-73 40 78
-58 49 -21
-75 92 94
-59 -55 95
-75 -51 72
65 -100 70
-7 -94 -81
-14 3 -65
-99 -57 90
9 4 97
3 -68 -57
-54 71 27
83 -85 20
19 -62 -52
15 26 94
58 -62 49
54 25 -75
-22 31 -26
-32 -32 -29
25 -16 -55
48 51 -26
-33 -91 -75
-35 9 -46
-52 -4 -79
16 2 -30
66 -83 81
11 12 -18
52 54 -60
19 66 -96
-100 100 38
76 31 5
9 -24 -74
-56 -57 37
70 44 -3
-49 -66 -22
82 -61 85
28 -68 -8
68 82 41
44 12 44
40 -45 68
85 -81 72
70 22 -13
62 -94 83
-10 -84 -30
44 47 47
-1 -73 1
-59 48 -86
-33 66 70
55 74 -57
-59 68 -94
72 27 -74
-28 24 -33
31 -82 25
-23 -73 -60
71 -93 23
10 -34 -77
60 64 66
36 -68 35
56 38 37
51 87 34
90 -37 60
92 39 -11
9 -35 95
-41 -39 -42
40 -26 -33
14 -58 63
63 90 32
75 -60 9
47 63 63
86 -87 38
86 -35 14
22 10 -65
-68 50 -3
-77 -20 -75
-65 -3 68
-11 9 18
93 -27 81
-1 -83 -84
-78 4 -89
22 -88 -32
92 53 -97
-25 79 84
-31 50 -39
29 47 -81
-24 -6 -31
-54 -52 69
-98 90 28
36 -54 -61
15 -49 -54
74 -57 100
48 89 98
83 5 -67
21 50 -60
-47 -28 76
15 21 -22
-59 12 90
61 -44 -44
-58 -64 -35
-29 50 -65
30 6 -50
-49 3 -38
-80 7 -34
-55 77 -97
43 49 -84
-30 2 -76
84 35 24
-47 -12 57
87 68 58
-46 -18 11
-31 57 26
79 1 -19
74 98 -85
18 79 -78
68 -58 -12
-100 77 48
48 -98 45
-22 94 77
22 -16 -56
28 11 0
-79 71 -51
45 40 -65
81 -88 -56
21 -25 59
79 -33 96
-14 -66 -20
-62 -21 -34
84 -73 61
-23 -69 -56
36 48 -47
-88 -56 -81
73 -66 4
-5 -4 -19
11 64 57
88 4 0
50 -89 78
23 -56 -49
86 -69 99
-95 72 23
-70 93 -70
-86 17 85
-20 17 -64
28 -82 9
73 -19 19
10 -97 -34
-72 98 97
63 19 80
-68 67 -12
38 -96 74
56 22 46
8 -69 -63
35 -56 -81
68 7 -44
7 79 72
-34 -10 51
48 100 -88
81 -8 -46
95 -46 -15
82 -58 -33
-28 -5 91
57 -31 8
97 -41 -16
35 -63 46
-72 -24 -13
46 -66 -86
-43 67 -17
11 80 3
28 1 -88
-21 -62 69
48 -85 -7
67 56 -11
-89 -7 -87
16 71 -12
68 -31 -42
32 -55 -38
-86 56 45
13 -50 -77
-76 -3 68
18 57 25
84 9 -31
33 -88 -29
13 -67 -38
-83 68 57
55 -97 72
-98 70 54
-50 -85 -19
53 -31 -24
-81 -72 -30
19 98 -33
78 44 -3
-86 -6 -63
9 39 48
-63 92 -73
-31 0 21
-91 59 50
9 72 27
47 -61 95
58 -6 -72
74 7 17
-88 30 -78
82 73 63
-8 -70 11
-99 -49 -84
-85 -8 -48
-84 -84 -80
-46 -52 29
61 59 -52
-18 82 -56
49 77 -88
49 67 -99
0 19 -31
0 69 94
-27 74 -18
-13 -7 29
89 -30 -87
-59 -14 -88
-86 -11 6
-10 14 -55
71 -9 -85
-59 69 19
-41 60 -50
-72 -10 -96
-85 -71 70
-18 -63 -13
-46 -69 -69
83 -51 40
-86 36 86
-3 7 -10
17 6 22
12 -29 -84
-93 -49 -30
-7 73 76
33 47 -93
38 87 71
30 32 63
6 56 81
10 -84 -29
6 -97 -82
-56 65 26
58 -77 -52
15 54 20
-97 19 -63
65 -28 21
-6 -79 46
88 -32 -15
20 -97 -40
-62 71 34
12 -69 -12
92 -81 -57
-2 -45 -78
18 -17 -87
31 -92 -8
70 -8 -77
-49 35 60
48 44 -47
-33 -51 44
41 54 76
-43 69 11
-97 -3 86
-77 -80 57
12 -68 6
-26 -47 -77
-6 73 81
61 58 -60
37 -20 68
54 96 -63
31 -41 61
-7 -17 -86
-8 -27 -22
-94 38 -25
-59 30 -68
-33 -60 -47
71 31 77
-81 49 -2
-2 -14 -6
-70 -71 -92
48 17 -49
23 61 -43
-13 -79 -31
-41 -75 -54
69 -7 5
-36 -44 -84
62 -14 -40
73 -83 1
-58 -36 -39
97 -76 18
-6 35 35
87 85 20
-66 46 -24
-53 -32 -28
36 -60 37
-92 78 -81
98 -14 8
-50 -27 12
-99 -12 9
16 -79 84
-68 84 59
-37 72 65
59 88 -92
91 34 42
59 61 28
-45 -35 96
-20 3 -18
-72 -77 94
88 -66 -80
77 -2 -57
-9 -89 -51
20 -12 3
-4 37 10
-33 -44 20
75 -74 88
-60 -71 97
-43 -91 54
67 -31 82
-56 29 93
-49 -81 -91
47 -24 6
-93 79 6
0 -6 16
79 -26 -95
-41 -83 33
53 -43 2
84 -94 -67
-3 -77 -19
-8 13 -17
-71 36 -76
-12 95 29
-25 57 51
-87 76 8
-94 -13 78
-29 -91 -80
-38 -46 21
-61 8 41
65 -78 -83
32 9 -51
58 50 0
-94 50 1
-15 25 -82
85 -42 21
-27 -73 -53
83 -42 21
-13 -11 -76
-53 18 0
76 17 98
79 -88 -22
-19 -45 16
96 19 92
