3107
-246 122 188
238 -169 6
182 134 97
-292 -20 21
56 37 -118
-127 -163 206
-82 256 223
-261 113 -295
-67 -43 -221
-157 -236 -163
-152 -66 -88
256 217 145
-261 -39 -111
-71 126 -209
-222 249 184
125 143 -180
143 -292 252
-85 243 276
226 -172 -265
204 -9 -130
-106 -197 -77
-125 263 -101
87 72 -257
290 -108 -211
282 291 -190
-256 -276 -293
264 -113 103
80 7 202
-156 222 -80
22 56 108
-161 -272 205
228 181 186
61 245 202
8 -52 216
-9 87 31
156 -150 206
17 -76 -51
-149 -200 202
12 258 14
191 -225 -34
66 91 -195
130 -135 214
-145 245 246
189 -221 300
-185 158 5
-22 64 229
98 -255 -231
-289 -136 -110
-163 -209 -14
-176 280 -201
-36 -62 -278
209 -170 -185
0 296 -279
-77 -289 147
-226 278 -257
96 196 -153
-5 -234 -249
-98 -282 221
242 264 195
-44 30 -128
292 107 -179
139 -183 215
286 78 -119
69 134 -121
-201 106 -149
3 11 271
20 228 70
-209 169 -280
-24 223 291
-198 -28 -33
182 14 -73
-92 -78 -89
220 34 271
108 288 -213
-290 209 213
-206 285 -93
-284 259 -93
283 157 -109
-107 -289 159
-270 81 -49
269 -248 -65
164 174 159
19 -13 260
174 -140 59
-212 -57 120
-215 -72 -20
-51 294 11
36 -228 -44
-85 -126 211
162 -268 -207
6 25 292
-46 280 126
-206 243 -135
57 -150 135
103 -207 -265
-29 70 -201
-196 -234 -149
-248 -162 -165
-120 -250 139
-70 -85 68
-143 267 -138
113 242 -214
-99 79 197
42 -70 158
-159 100 -105
-141 72 -256
-154 -250 -77
-84 -275 65
-60 -241 76
152 25 -99
-107 -72 35
-253 -58 290
-122 127 -117
-247 143 26
264 201 262
272 -38 -254
133 -40 130
52 194 -202
-20 71 145
142 -250 146
-181 -176 139
56 -171 294
299 -89 -33
160 -158 249
-182 -202 -223
-225 -49 -35
85 248 216
-159 -189 267
68 -142 -246
264 271 -212
216 -216 155
63 72 119
-21 -262 29
-194 173 74
242 154 -129
277 -299 -247
289 182 -44
-287 38 -133
-12 124 148
-35 -24 228
105 -133 28
210 -206 -189
-106 201 -63
31 27 -199
-239 118 -206
54 115 71
185 70 249
89 -247 -193
-132 179 -269
-297 -135 40
-86 146 49
-223 -126 265
7 -211 -122
202 278 -188
-121 228 -92
24 123 174
-7 116 298
-294 155 134
-297 162 105
-212 -292 233
-203 -67 133
285 294 59
-109 -232 24
68 -177 -294
203 -178 -15
206 240 164
-73 -97 293
-236 -92 2
-5 -140 211
72 -34 98
295 -147 20
-299 209 0
-192 -183 -223
-25 132 195
95 -155 -253
263 -234 -143
-34 -244 271
-144 139 89
-204 199 112
-216 227 -88
-120 180 -199
288 270 -183
-270 -155 -13
115 15 138
78 -239 222
-52 195 170
-110 -258 -1
13 47 53
-136 -173 -250
-57 -287 -148
-101 44 -177
138 -183 -284
204 54 -298
-178 -73 294
194 216 283
96 199 -276
227 171 -134
250 146 32
-279 -162 216
-118 -102 -221
-31 39 -87
-270 168 -259
-99 165 138
-176 -71 -8
66 -178 -63
-198 297 -229
-75 194 127
-10 -147 -75
-272 -219 -208
-255 183 95
-147 281 -59
-121 35 -63
115 10 -115
78 -131 -57
-271 263 269
-139 -246 -275
84 295 -204
-172 208 222
65 -277 280
171 -143 -22
-248 115 88
-212 -298 267
-77 26 280
-210 228 -173
-273 104 -89
-153 235 -279
60 -32 -282
-93 -236 298
-56 267 -261
271 241 -191
216 -294 -91
-181 178 42
-299 -192 68
88 298 95
50 189 -249
-251 -264 175
72 -74 138
191 266 101
-80 113 194
-40 93 165
-69 171 232
41 -246 -175
-118 12 -246
-170 159 -178
-66 -253 -275
76 278 -35
140 260 -208
212 147 143
-238 26 -14
-28 -234 287
-239 50 81
274 1 298
79 -272 -254
-6 13 -274
-99 89 170
211 247 -99
-178 181 -278
-220 47 249
298 124 -43
-163 -47 170
-125 -74 -286
292 97 224
169 -72 182
259 -37 -149
277 99 -77
253 -41 -241
37 -76 163
-275 185 -6
131 -104 -66
-243 87 -238
160 147 -177
233 93 123
87 150 -115
-17 251 145
255 156 -129
-144 257 -47
-41 -158 80
115 278 289
180 -56 -159
-199 -150 14
95 -108 -56
83 -49 199
-262 246 -123
-155 291 278
294 60 -240
-33 -263 -133
170 280 -179
267 -199 143
-166 -287 -209
-117 -17 -224
-160 -195 188
-154 276 -119
-193 236 -48
199 225 -29
285 286 -154
-273 86 87
-80 -185 246
133 -278 143
153 234 5
151 10 -199
-224 -148 119
-59 -29 221
173 132 123
-21 -163 154
68 -251 195
-289 -111 -107
139 -9 -175
-23 116 -101
250 147 -248
-153 -17 162
218 -61 279
211 -240 -277
139 246 -26
-55 253 80
-62 247 138
-231 66 -129
-68 26 60
63 -81 -84
22 -275 267
259 -118 51
-207 -56 274
15 -99 216
-239 86 -58
-141 226 -300
-35 -3 -34
96 -179 4
-129 -246 96
-28 -95 -281
52 -85 198
-193 162 144
32 -198 -222
121 77 -168
-279 180 -146
-2 -257 -187
-182 235 -5
-265 -155 255
86 177 167
288 300 95
97 214 213
151 -163 280
122 -70 68
81 -59 160
-20 44 -97
116 -13 -19
24 -140 -178
-48 0 -99
145 -78 -62
-33 -173 180
190 269 27
188 -37 -220
-5 -279 -188
-208 -73 -15
263 -46 -123
-236 -247 -28
-11 12 277
216 144 -38
-50 30 226
284 29 -241
-208 181 -258
-276 -12 153
241 -218 235
165 197 -145
-295 -3 42
-42 130 -8
253 -230 -145
-230 66 130
250 57 -195
281 194 -206
211 -206 85
-183 251 -85
76 -112 165
-61 -143 -47
-68 223 76
-222 198 -212
42 -71 -49
-193 17 -72
-136 -160 -40
-144 -141 272
-8 -253 178
-205 69 -208
230 -1 11
-135 -49 -246
246 216 -259
41 -166 148
-80 233 -70
-103 253 6
141 -22 47
-69 139 -128
-106 199 -277
277 246 79
-2 94 124
247 -63 -73
176 96 -192
-263 -121 94
-212 294 -171
-52 -217 172
-73 295 189
293 -160 -179
-33 115 285
45 -148 -290
37 82 -57
146 -249 26
128 98 -209
-187 37 57
-171 275 168
-254 -124 -263
-230 -159 87
162 -128 -189
36 171 -30
206 121 155
-262 -37 -268
-178 -150 11
-155 -48 46
176 -226 283
74 -73 -135
-197 92 262
-121 183 -61
-282 64 -51
-30 96 -282
-229 -22 -114
72 146 66
-259 -86 -174
-46 -26 -104
170 59 164
-2 86 -7
-183 192 288
206 126 99
282 218 -81
-178 0 20
216 -45 205
-255 109 28
50 -107 -257
-241 96 -17
16 273 -278
-50 -21 169
-296 -24 -229
90 -139 -209
134 -37 20
-269 -9 158
-299 -177 -62
140 -266 149
273 235 138
51 -263 132
154 -56 -296
41 -242 174
269 -54 -90
-249 129 30
-147 153 234
-150 -227 51
195 -129 -167
-114 136 199
-182 -290 -260
-154 100 127
-11 -217 77
158 -76 -21
-278 124 125
34 -77 -205
-141 -179 -107
-205 96 -267
-239 132 49
-224 -234 123
74 236 -58
122 -82 18
246 -240 -1
19 -251 -135
-218 -62 143
-122 180 46
-162 278 -254
68 -6 38
265 -127 -255
-250 -197 -97
43 -293 -292
4 198 -77
-159 -133 -241
-229 -156 184
120 6 180
-271 -29 16
-265 -102 -170
-192 -289 148
-173 90 -18
234 180 -61
-78 296 243
-79 -240 262
-46 -182 -45
158 -152 -117
-94 223 74
245 89 -274
166 -111 -139
-23 126 -93
-116 -197 -121
-167 -38 285
-20 -159 33
13 130 -291
-214 -243 240
-281 -253 265
292 -42 -172
8 -244 233
28 -214 -85
-128 -101 212
-118 213 150
186 136 148
-241 -44 90
-27 -145 194
246 105 -213
-196 -201 35
-227 -248 -150
-242 -80 -166
-236 15 -69
126 238 131
-206 186 215
-50 -219 32
-157 -298 -152
137 292 192
-62 -232 72
126 -30 -9
-178 -240 174
40 24 179
-252 -170 70
-257 185 161
-129 141 221
230 66 -119
256 90 149
171 -145 -224
16 -261 27
-201 153 175
271 222 -94
-139 186 -245
210 -166 50
-46 220 276
-97 -118 177
58 -12 284
-143 -78 106
-3 -263 -79
-89 145 108
155 -119 166
252 -287 -116
-25 189 101
-76 126 13
-269 268 -200
-117 170 180
9 160 -197
96 37 20
-229 173 141
129 118 -69
141 -122 -245
-142 76 166
281 32 133
255 90 295
-260 44 255
-58 -80 -251
-41 12 217
294 138 215
-116 -45 129
199 -181 99
-241 257 174
-168 -203 65
-109 196 200
-224 -202 -182
-24 274 -71
279 28 168
-23 14 -85
-63 34 -231
42 8 237
-222 -299 -101
-270 299 10
197 96 -180
-247 185 -279
-291 -141 -157
197 185 -281
-144 51 -269
-174 -30 107
39 -214 294
-209 -124 8
31 294 -266
-14 -150 231
-175 -59 -194
220 -161 -50
-35 164 -51
255 -15 210
262 -35 -22
-91 215 -75
180 166 196
-20 31 -90
123 97 146
127 175 -47
-43 74 -36
-195 -54 131
-127 12 145
65 231 285
217 27 -226
-50 -129 146
-110 49 115
-24 167 -102
-160 33 -79
136 -15 283
196 89 -265
217 166 219
-140 194 -270
-43 232 250
-124 -78 20
-82 267 195
-58 -131 -244
-212 -200 49
-220 -238 -29
-145 -149 70
87 112 134
109 -285 -213
36 -171 -49
267 -48 297
66 159 245
-101 -203 64
-82 20 264
-118 -209 221
249 -121 -226
98 249 -226
-17 165 129
-200 -36 -123
-17 -153 -186
-132 -204 209
98 -48 66
-244 213 -183
-170 -24 191
-108 157 228
105 -115 117
-293 -38 -35
-165 286 -72
14 108 80
67 -222 156
-294 -63 -227
-94 -3 279
-192 -141 3
-295 286 299
-50 -247 -167
277 134 205
-76 -272 -17
110 255 -60
227 -164 140
241 -72 180
-163 188 171
-137 284 -195
-103 69 201
-293 -76 3
252 255 -176
126 -32 74
281 106 28
-49 78 82
75 154 205
-93 -113 -11
-299 -205 -117
-200 178 170
-253 261 246
-103 -243 166
-188 233 69
182 -56 -286
293 174 -141
-37 250 -30
-30 212 -202
-51 44 76
-42 283 -277
79 108 -289
-85 -71 39
276 143 -249
-297 294 -131
95 131 -195
80 -250 -185
224 240 -219
-283 195 43
58 115 297
-140 187 -263
-269 120 159
-136 66 -73
-186 -160 -167
138 -163 -199
-192 -126 -114
-270 -128 242
-286 -144 -38
276 167 295
-191 115 -45
-97 -118 -92
43 80 71
-245 -60 -85
260 48 -260
-243 -201 -71
54 -272 42
-33 -29 4
-64 237 -63
-97 -206 26
-256 159 12
260 -115 -27
-258 -73 -204
-227 -111 106
-48 209 -34
-221 57 172
-192 181 -153
-230 24 -104
110 258 36
-258 -168 292
-146 -33 141
212 -150 -51
136 146 -202
145 -295 226
61 151 201
-104 115 -90
-103 -286 -189
-215 231 105
62 -245 243
-295 -87 289
249 89 -27
-109 -29 -131
152 147 -64
6 -192 -173
-158 127 130
114 272 -60
31 113 -92
186 -155 209
-246 183 214
-254 -46 -198
-228 236 -173
-197 159 -191
-119 -291 48
8 104 -270
-159 -57 112
12 -34 162
241 221 49
91 274 41
-36 -281 -25
-117 292 -101
-188 -263 43
-45 -137 -249
-273 166 -33
50 -192 -248
289 -285 -152
-177 127 -37
-50 121 -22
-124 -77 109
184 -115 -69
12 75 38
-113 72 -145
138 -202 -237
167 -118 -20
-61 -233 -98
-100 -198 84
-41 204 -122
169 -102 72
-127 -39 -159
-9 233 -32
214 -214 -101
131 -72 -58
93 -28 -143
-67 102 17
-53 -75 188
-20 267 -204
-246 -79 104
63 205 108
-266 263 -207
-225 -163 -244
229 226 -11
-233 -92 -111
261 -142 -166
-264 227 297
26 101 -127
210 -115 -261
127 -41 -52
133 -128 -3
101 93 300
201 -79 -121
-281 -295 127
176 -217 224
67 276 148
139 -175 132
145 -103 -37
32 -154 220
157 -170 177
221 289 141
4 116 39
229 88 -179
287 -137 19
32 109 26
37 188 -137
153 91 228
-40 130 -211
158 -1 -19
199 216 -81
99 -275 205
-229 -274 -78
-198 192 -148
-167 -185 -40
4 116 213
254 67 278
-257 104 -171
63 -69 -138
-189 20 209
140 254 104
-235 -173 132
-51 217 -230
-188 254 -118
-255 141 -127
235 -83 -174
-249 -153 203
-239 -84 -149
-118 -17 -137
-233 -111 -66
240 147 -68
-154 -21 194
-1 -259 116
219 1 90
146 -41 171
252 -235 -299
-145 -84 -3
-295 189 214
-102 97 -271
245 -102 194
-41 -233 -188
226 147 233
48 -282 -67
-65 21 85
-171 13 90
191 -259 297
-87 -130 159
-181 -113 169
166 160 -20
91 39 147
139 -190 207
-243 -8 -250
58 -124 -278
191 -261 -274
112 299 -73
158 216 95
39 13 -221
33 -104 190
264 211 39
137 188 167
83 -156 16
25 279 -135
0 271 282
111 119 -159
-96 -115 33
125 -191 299
-139 135 74
-143 -242 95
13 -100 261
-165 42 120
-285 -295 -176
-251 -119 267
110 18 85
235 91 126
-268 274 113
11 115 -20
80 230 -87
-58 -139 139
230 6 -83
38 207 -14
292 49 215
205 -286 158
-262 -297 -55
260 157 62
-75 -209 -213
296 166 -145
-31 -99 -258
-202 -298 105
-224 112 -196
293 -156 43
23 3 -230
84 -278 172
34 26 -282
-254 -113 165
294 61 -68
-246 67 -226
49 217 -115
-239 234 -84
-225 30 79
-253 -11 68
124 -1 -10
255 204 -47
-186 -24 -270
-201 -228 -30
241 -82 -113
194 -284 -282
-118 -225 -71
-68 -63 146
295 -163 -241
175 173 157
199 166 218
-90 151 -32
8 271 -90
-119 -4 273
52 20 -282
-177 113 288
24 294 40
221 150 -166
-33 -194 87
-237 -95 93
-291 144 -117
-83 102 36
225 -61 -41
91 298 -207
-245 235 -7
40 145 215
268 -173 147
139 -90 -107
283 -53 -87
190 -161 273
-168 56 -98
29 258 263
216 206 216
162 227 -187
-198 -5 -11
-97 -290 -182
-28 -38 193
13 266 138
-294 -87 275
-67 -151 -284
-149 -4 179
-3 253 -104
-199 265 -191
-193 -15 91
-43 -75 185
-85 -248 -119
155 171 157
-204 -22 -249
71 174 -137
161 230 21
173 271 190
-145 -38 -143
242 -129 252
135 198 61
126 -97 9
275 127 -47
-237 64 -271
279 -97 -59
292 -250 5
61 214 88
-16 -277 260
251 239 276
-269 57 -299
-28 -215 102
98 221 -263
247 27 -293
149 -217 5
110 273 92
49 -73 275
65 87 122
144 -51 -156
-103 -177 170
-202 41 115
-104 -293 -197
99 -43 -209
-202 -74 -38
-6 186 37
-201 168 -285
2 -143 -224
122 70 36
70 76 262
87 -65 -249
-283 -94 237
260 221 -294
-144 47 -189
-193 -41 -212
277 -175 -250
-97 -14 18
99 8 56
296 -22 -255
-266 -14 -22
-99 -170 126
-229 282 12
282 61 188
86 -129 194
-201 -56 23
265 236 268
88 237 -225
175 131 -231
-47 35 151
-87 295 -173
-273 -145 206
-168 -167 -267
182 6 -257
-36 131 -111
146 76 -251
-160 -38 206
67 -86 294
224 144 30
-93 -141 260
-108 -295 -177
-56 193 -216
182 -195 -161
-296 296 243
-171 -258 53
180 -152 -200
191 3 167
-189 -224 90
95 -70 -253
47 -30 -101
168 46 -111
90 -204 -289
47 -8 158
98 182 103
-183 -77 37
193 -142 198
-180 86 -149
139 -300 -47
-158 63 -190
196 193 158
52 -149 37
73 136 -114
-281 147 -163
-139 -167 260
-140 180 7
290 61 237
286 -53 -180
123 -15 -60
-14 297 -14
-297 260 -40
-152 256 194
148 193 5
250 123 266
201 -98 -54
-90 -109 30
229 14 -286
-180 257 -12
31 -93 -51
-225 160 124
51 154 -56
167 -59 -9
264 -277 -151
-296 -19 65
19 -42 282
-47 -281 27
242 -55 160
6 197 -296
254 -250 49
62 -277 204
45 -172 -142
157 30 89
53 51 230
-186 -185 -77
-5 146 -279
217 -95 121
135 298 234
172 17 124
299 205 -129
-282 -77 285
-109 129 -268
122 -155 259
158 -270 282
169 -88 -129
-213 62 -88
204 -70 199
74 -296 -130
29 229 55
-94 -95 300
-192 256 243
-41 -93 273
298 -203 175
26 -227 32
147 139 278
-217 -168 -102
295 -173 -183
187 114 141
71 131 -232
150 67 -202
198 239 -78
114 252 -126
-195 74 -216
-169 265 69
120 179 -57
-152 -289 -234
32 -41 16
-43 30 -246
84 -75 -183
-298 -225 228
282 257 221
4 13 -65
-214 260 243
-151 171 -10
26 264 200
48 21 -182
-294 104 -121
133 -103 -170
36 -285 -254
-63 -243 272
297 -223 236
159 144 187
120 135 -127
-117 285 -100
127 217 -5
-70 48 -119
216 -51 235
221 90 -14
-237 87 275
-208 -161 -60
-222 115 -133
203 143 268
-13 -116 117
257 233 -256
273 -255 65
-277 -153 -17
-222 284 82
185 -123 107
246 -172 -88
108 126 -229
118 288 -182
-51 46 -278
277 -153 -107
118 195 210
241 45 -177
83 205 -212
219 79 72
300 54 -111
246 263 249
-82 103 162
128 -234 -91
-88 -99 227
-104 256 -67
-238 -292 -126
5 246 89
-183 176 66
208 293 -157
231 93 -270
-130 221 -266
136 276 -261
108 238 -152
-232 -284 -117
-215 -259 -190
98 270 -299
237 -264 -46
-56 -166 230
146 -70 -145
125 261 -156
-271 -214 -300
63 270 241
-15 233 255
-145 3 38
-223 -251 -47
-116 216 107
-179 -151 -227
107 -99 56
194 165 -252
-155 44 86
-283 140 -147
286 6 48
-160 300 189
-98 -107 6
-88 113 41
228 86 -231
167 237 137
171 -213 23
-124 283 -246
-77 -127 -216
201 171 89
-207 -278 -43
215 59 -20
-58 142 107
31 42 -102
174 86 222
294 -257 -121
-84 57 215
233 -73 -288
247 -246 -286
196 57 -285
67 199 -12
102 98 -135
65 -16 136
-145 -208 88
-208 276 294
-141 161 -99
-257 -94 -87
272 -106 0
-193 -249 -37
131 150 -190
-205 143 -219
-190 137 238
206 200 -260
207 222 -22
-55 271 -119
-115 7 -78
-112 76 78
-217 -12 -281
-27 93 -50
40 -213 128
128 174 62
-29 -235 -93
-10 299 -217
227 265 -25
-15 -8 299
108 227 -101
300 225 121
45 -240 149
248 31 -220
134 -261 188
-38 -214 29
-36 -90 47
-130 172 23
128 165 80
255 118 73
56 269 -75
61 70 193
-213 261 10
-298 -194 -117
-236 -282 -67
-227 -137 -294
-182 -112 106
55 -93 125
219 219 -119
-164 266 -54
-65 128 160
194 93 -63
-59 -100 163
189 56 197
-6 259 220
-23 186 -193
-105 173 293
-149 7 150
292 -272 171
-292 258 148
-213 -54 -196
-133 -116 147
-261 190 -138
175 -103 -2
-173 30 -114
-262 -251 157
-92 274 149
-27 -266 -225
-297 150 7
150 55 -43
-99 282 240
-295 93 -60
-83 -113 206
-34 111 171
-120 -282 61
219 -210 242
-246 102 257
-272 149 19
176 -16 28
-216 110 -293
97 -35 -80
294 -79 -55
-38 197 -265
-235 -71 117
-27 -8 -82
269 69 10
-282 129 105
146 -235 119
276 299 38
18 28 -68
88 113 175
15 -83 -4
186 -44 -226
123 -253 219
-64 118 56
30 262 271
1 229 18
-152 281 -99
152 -7 289
294 -206 299
-75 -65 137
-3 -249 5
-57 224 0
162 180 176
173 176 34
-169 -72 180
63 -30 -198
216 295 268
3 -57 -166
-210 -66 122
114 -291 -97
151 71 268
219 -191 12
8 -41 141
-173 -69 30
-12 -280 257
-35 163 52
146 -295 -195
-86 -259 -267
286 -67 47
-227 -226 156
-27 172 -151
-143 -45 -158
262 46 -36
77 264 248
214 223 -35
-152 26 -20
-118 -248 83
-263 -208 -62
241 275 -66
145 -260 182
270 262 131
31 219 -87
19 237 -24
159 71 -87
37 -140 -114
238 95 -290
-137 120 -35
-195 128 -190
-47 -122 -110
290 -172 -195
209 -121 -177
-33 224 -61
-23 67 -165
-147 -75 17
97 -122 -232
218 -262 251
144 -207 -295
297 -95 52
-214 -132 -242
58 -72 279
167 -267 -219
4 -59 254
-298 -280 -270
-112 145 297
-172 -25 41
134 -44 128
183 -173 -220
-247 221 151
44 69 -204
14 -298 -156
-71 -113 155
-46 -259 199
-292 -206 113
81 213 -285
-85 294 13
29 220 270
177 -82 -252
-209 59 223
108 -115 -79
-93 245 37
-284 -246 -194
78 -102 -285
-106 -41 -5
63 -107 238
116 -204 251
168 -21 158
126 -295 -231
239 -180 255
-241 186 181
-164 135 118
220 104 127
-284 -95 177
254 269 -69
18 168 -141
-290 -77 164
2 -162 201
135 -72 -134
69 167 15
-174 -37 283
38 -66 -82
185 290 118
254 105 -293
238 6 209
294 -127 49
-182 153 148
154 12 180
98 268 93
210 -153 207
-49 -34 195
285 252 -56
-163 -64 174
-188 -145 -189
250 156 280
15 56 112
-136 211 243
-134 -5 42
-234 266 -67
-181 -288 242
-11 231 49
117 239 -164
-259 -243 162
-258 29 233
272 120 95
292 41 -138
112 132 267
14 -29 46
-159 -143 -13
115 -196 94
-72 -186 -189
-119 -12 -288
-106 194 194
-153 -132 270
-202 194 -243
218 -65 90
-293 13 -288
18 291 241
-255 41 -63
36 -68 -185
224 23 -235
-30 -63 -234
193 -184 -168
-83 -83 115
-78 258 119
200 25 287
272 -223 278
293 -83 -237
93 -67 18
81 -234 -235
-44 -178 -245
35 -200 218
-170 -231 167
57 256 -159
244 191 199
0 -146 -268
-33 191 -245
160 -101 -22
-261 180 211
-186 192 -221
-14 -114 -127
205 273 -96
-280 82 -8
-92 -60 171
-3 -160 76
193 -261 -93
-144 237 -130
294 230 129
-267 220 99
129 93 37
279 -31 157
17 244 112
-123 -167 234
-296 271 90
-269 -133 151
199 -211 157
-27 -40 -253
79 110 -245
274 -70 -255
-47 236 -204
35 259 -154
-108 -204 232
-111 -42 -205
156 -77 -157
-106 -191 -78
85 -25 -196
70 148 161
-165 -27 -31
147 269 241
139 -199 228
78 154 -228
-141 -268 83
-162 -130 261
93 -113 -133
-183 -140 39
253 25 153
-16 -230 -75
162 -2 -266
-88 -140 212
-168 137 -183
-43 173 249
-59 286 -98
-95 -18 -219
-175 211 227
-90 27 -5
156 4 -8
109 -245 -201
-15 -203 -242
33 127 139
-10 297 -261
82 -218 -42
-93 277 151
-284 176 295
297 -51 -92
-277 -126 -61
-284 272 -209
56 -285 -32
-40 -216 -126
102 276 -216
50 -210 72
298 -41 -254
230 -14 -153
-29 -289 186
-29 -282 -251
87 -235 55
198 -122 218
291 -147 150
284 292 120
-133 -88 -268
288 178 -72
155 112 178
-20 -119 -15
82 29 23
228 -230 -93
-114 -49 -5
177 -252 285
-210 -124 -85
94 29 12
9 111 -86
-45 -14 -213
276 -35 -155
-153 23 88
-7 242 159
3 -211 196
-7 -201 55
-159 125 200
-165 151 209
54 -34 180
293 145 239
-203 292 -127
-81 -252 -137
35 -260 -208
37 -93 298
-255 171 -93
247 -8 213
77 175 272
-224 -199 148
232 83 -170
-225 133 -6
-118 98 289
278 -66 206
-5 -5 -182
126 9 -15
45 -130 270
10 58 -134
-224 261 125
63 3 -78
-281 293 -182
7 -226 -10
187 -294 -174
198 -243 124
-161 136 -179
-153 -141 -86
278 -299 -43
50 -20 128
-34 -25 109
-216 -126 187
-281 -289 237
241 69 136
-30 88 -139
-283 -192 40
-75 164 -65
55 -64 174
-12 -181 123
-67 -238 -253
-111 -176 -62
-287 75 -254
39 -296 171
285 -120 263
211 -239 161
253 223 -196
90 288 -46
265 -182 169
239 256 289
226 -37 66
168 -181 -272
121 -184 57
-93 -214 -89
92 -280 -20
271 144 158
5 250 -147
-266 132 185
47 -113 198
-169 -225 81
-185 184 -106
-244 291 83
124 -213 -79
172 -276 22
-151 129 -159
-82 -256 149
134 -75 -298
89 -92 153
41 266 214
145 57 79
8 227 -189
-40 -296 16
220 -254 170
-183 243 9
-85 -188 191
177 -114 127
-26 -270 -241
246 -145 -31
217 -193 100
-209 -17 45
-157 24 17
245 288 -177
224 103 192
-37 169 178
-20 90 121
127 168 -235
-193 231 74
183 73 24
-70 48 266
-174 201 -287
-270 -21 100
-289 -99 -191
270 -34 -295
36 129 84
171 72 -8
-280 -130 -170
132 83 202
-16 -212 222
-20 143 -189
29 -21 -203
136 -208 -178
-38 -67 -149
109 5 -95
-286 -111 259
-54 -65 108
210 -3 0
-76 -59 74
-208 -166 -151
-273 116 -292
-203 231 -42
70 -291 -118
191 32 -118
-263 -19 -207
-82 74 34
6 159 49
127 212 -253
-35 -84 153
-163 -36 290
106 -252 244
-245 29 -167
-104 -100 -120
115 15 -94
250 199 36
42 133 -139
-44 -102 -223
116 -99 -150
-59 212 176
-140 225 -28
-223 268 124
-106 70 -239
-133 267 -83
27 165 289
97 191 -147
-137 92 266
35 -190 2
-198 -254 -115
-258 -24 289
257 247 -238
234 36 -120
110 226 31
293 201 -103
-100 84 -135
42 -78 260
-82 -110 -210
137 29 -24
-112 -35 -10
158 -275 289
-174 160 79
124 291 -79
140 154 -234
295 163 132
153 -199 9
51 56 -150
265 16 -140
-210 -78 -110
-35 179 -74
186 -101 -243
18 -67 -73
-244 182 268
100 34 84
52 11 153
83 2 246
-81 -155 -293
231 -93 122
55 -96 217
46 -218 288
-13 -53 -257
-62 -101 -95
-273 -297 276
-214 -40 -65
230 273 -146
-298 -99 -225
-149 -155 -81
62 34 -300
211 38 -109
8 24 80
-246 -194 215
210 176 140
-270 217 -213
84 4 -15
-205 -70 33
-279 -22 66
70 -164 -237
153 136 245
-32 -36 29
-142 -137 -299
-236 -19 -251
156 237 -140
-236 254 219
271 239 -271
-108 35 27
-237 -55 271
-215 288 30
32 184 285
199 199 36
226 -188 8
-133 -119 216
-300 -92 -48
-225 -83 -116
111 -32 234
139 254 59
-184 -56 -114
-291 -271 -122
-52 -108 -241
-257 -192 -96
256 -277 -164
194 -264 147
-16 -237 -18
-191 -281 85
-40 145 64
-218 -267 1
82 18 -6
89 -158 6
-30 -276 172
5 211 -298
-160 252 -207
-91 -229 165
-129 -18 189
181 196 73
13 16 261
245 119 -239
-94 -223 -248
-31 178 80
-180 -63 -257
178 -52 199
-16 -32 111
82 97 265
256 45 -93
-138 -223 -17
119 192 -23
-133 134 -127
-295 196 202
-88 183 -175
-33 249 250
-45 -157 -124
174 215 -209
277 44 -261
52 100 283
106 4 62
292 136 -178
294 -108 -16
287 -275 -270
-53 257 48
120 121 153
141 263 206
68 -156 212
99 172 125
27 41 -152
-198 -135 -272
295 -285 20
-182 -97 -174
-186 271 72
-146 -107 -29
81 203 -102
-192 -259 254
-206 -256 183
-244 -274 -41
293 154 -244
129 -284 249
-273 -247 -290
-38 225 -228
79 97 152
-53 30 -97
24 -126 150
-99 -136 6
298 -175 -192
159 144 127
275 -166 160
-50 281 119
287 -252 127
224 201 64
-164 23 106
172 -111 272
203 8 93
180 3 -138
294 -10 215
272 68 287
97 118 -198
186 159 235
248 156 220
4 284 205
-225 -121 -34
7 -16 91
235 -243 -267
168 149 61
-212 264 154
89 300 215
73 -83 -159
-107 299 -103
223 217 140
120 -186 -20
-129 -73 204
-133 170 -246
-55 -39 -274
150 -182 -51
104 212 -275
162 -30 -23
300 -185 -172
-73 -299 -175
-135 8 263
-85 130 -278
90 175 -95
-63 -138 259
-229 -88 279
86 146 134
130 -181 271
-256 -94 141
143 -225 0
0 -46 -217
-17 224 -298
52 -140 161
-261 71 249
242 169 -100
181 -90 -298
-115 -113 162
-151 -82 -168
254 117 122
277 -296 -265
177 -79 -287
-231 -192 221
-32 3 250
-86 146 -285
-116 211 -235
143 279 251
72 -278 -2
-276 -10 -270
-8 2 -193
-203 248 -116
-293 -132 265
280 -298 -140
73 -17 -283
-133 -186 -112
191 134 -260
-200 -39 24
-37 -159 -8
117 -98 -10
290 238 227
-112 12 -255
-80 -280 -284
279 -76 76
-33 27 -149
-120 -220 115
75 -2 -132
-170 185 0
-263 23 -111
-235 -161 -20
-84 212 41
191 -254 19
-92 270 -186
116 225 297
-32 -52 -181
-65 24 -275
286 40 -5
252 190 147
-298 -25 -146
276 156 -52
166 -6 -276
67 51 179
-44 156 -268
208 155 -74
-80 -251 -263
-70 4 -265
-45 230 16
274 -89 -75
188 -80 -166
-26 -53 -265
-65 -9 -19
-240 -157 219
-227 -294 19
216 -138 -279
27 297 -184
71 233 59
-187 -218 -243
165 156 87
-12 -131 -127
-272 213 -22
-155 -166 -193
-153 40 -21
114 -219 -59
264 -106 232
63 127 25
-26 -166 -254
96 -132 -258
136 -89 269
-293 -20 269
-128 151 246
257 -218 226
242 -214 201
197 156 214
-57 61 243
300 -81 3
-171 53 68
-43 -80 191
-133 -125 238
58 292 -232
-44 56 267
212 220 237
-292 -263 -81
-14 179 -77
283 248 -186
-117 -103 -230
169 245 -73
88 -107 242
-3 -287 -209
204 35 59
-134 -48 65
-112 -80 24
-77 196 291
43 -289 204
156 -274 -26
37 -252 -99
110 44 107
-122 193 -181
-141 -148 63
-81 -184 136
218 -101 -202
127 -238 269
95 92 -25
-1 235 32
-7 -155 -94
-121 -281 -197
185 -38 -144
172 -203 86
-61 -71 87
222 14 -142
3 -119 -142
-228 280 282
-257 234 -124
-253 202 214
-100 -288 -143
-62 90 6
-91 -14 217
241 173 252
290 -297 104
-109 95 111
75 134 -202
225 251 129
-142 -289 -129
69 -135 42
-28 234 -88
161 257 15
267 95 132
-85 28 -241
156 98 -272
66 -248 -117
106 -229 -60
48 -128 20
176 -153 232
-8 141 245
282 -206 -48
95 248 -210
179 39 45
-97 165 273
-100 215 -62
107 -133 -67
0 -48 233
-19 13 -298
279 131 -213
-174 97 225
-86 -93 151
12 -94 122
-264 55 139
-242 -33 -187
-163 9 -189
-122 -149 114
50 52 -275
129 284 -236
-146 -38 271
-129 -67 16
-232 3 221
-20 -278 -129
-159 -85 112
46 -182 -108
-138 49 -125
292 -108 -243
101 23 87
65 244 -278
-227 243 226
-22 -25 -146
-123 -137 269
150 277 186
-191 -257 114
193 139 -179
-73 -241 -297
32 -180 168
-152 237 -22
33 270 -21
254 297 -76
284 -32 52
264 -140 -182
-126 -167 -121
95 227 -6
-135 255 46
190 -24 -64
-171 148 104
-288 -114 -79
4 55 170
-144 -130 -2
-170 -295 273
-231 -34 126
-133 161 -182
-24 -216 206
283 2 -54
183 -45 38
19 -140 -88
162 -151 204
-140 -74 -287
-250 293 244
-109 -41 202
-245 -219 -242
-37 -200 267
-216 -186 180
86 24 101
65 -56 -76
-223 -57 -3
-13 -194 -296
-36 -201 36
-12 -33 173
36 -127 244
-117 -186 -213
271 -23 -265
-68 265 227
-165 68 109
-112 224 -193
-46 -288 234
97 -209 -232
-177 -184 -159
-210 -230 -150
-167 40 84
-93 48 185
-148 202 116
-239 -166 -53
-147 82 41
245 60 -211
-202 -18 87
54 0 125
126 3 110
11 199 23
-53 104 134
13 15 -30
222 188 297
106 -200 161
12 118 57
-266 192 10
-161 145 287
191 64 123
-93 -36 -194
-69 289 -179
125 67 -253
-95 70 300
1 -128 293
-182 141 48
-216 100 -40
294 40 189
285 -257 -171
-190 -233 286
-8 -277 269
297 81 278
275 283 234
-257 128 -199
101 -260 79
-58 -262 -222
199 -295 -140
76 -47 -218
-121 77 -12
-210 -137 17
-157 139 -11
-39 -15 -79
-61 76 -51
256 107 -258
300 260 -267
-17 -40 -133
152 -270 27
-92 -23 4
-156 131 263
230 105 101
-185 -234 223
41 226 81
-257 -96 229
21 155 -32
-182 -115 -300
-142 -214 137
-195 -193 -28
81 134 9
103 -203 133
88 -127 -281
-98 -229 -163
-54 217 125
-251 -1 21
126 -233 296
207 -101 -207
-95 252 81
232 -168 -15
-205 -226 -169
-185 -137 -109
76 -281 -36
64 -90 80
-121 -168 34
-110 101 -204
-123 39 241
-26 -184 -159
209 243 170
40 -32 237
-110 -266 202
-291 -192 -77
-266 -113 285
-188 237 -5
-77 95 232
48 296 84
-40 -157 -190
181 52 -45
262 -154 147
115 297 -6
188 208 15
-267 -299 -159
208 174 -69
-8 -251 109
187 33 -255
199 227 -52
257 121 281
-164 156 125
196 -62 247
-252 154 -71
106 226 176
-97 -2 -187
253 -227 -47
-64 290 -87
-71 66 39
-293 103 -67
-256 98 -158
267 -170 180
221 -70 271
-7 269 56
170 -152 192
-149 -73 248
197 51 -206
44 67 107
262 -149 -195
-176 287 -234
-177 227 -95
-198 296 -35
-89 -171 -163
211 99 145
202 243 -96
266 -90 103
79 -48 24
281 -19 159
-237 -57 -185
-37 -21 164
-12 75 83
-91 -261 254
-4 -86 40
-1 279 230
97 30 110
-197 299 131
202 -30 156
275 176 38
-32 -239 191
42 -261 227
284 -278 -228
-265 252 60
150 -138 -150
-170 92 -126
-289 -3 91
-71 117 5
125 -127 260
-249 165 297
-233 -138 147
-3 111 39
96 53 157
-131 -228 -132
-272 -174 257
-245 136 -224
218 103 216
-147 7 -152
116 -187 -39
-152 14 -137
20 298 174
50 -283 -46
-140 65 127
-13 72 167
156 -160 12
-9 -286 -127
-220 -162 35
180 146 92
-208 -251 222
-179 147 119
-193 -254 97
-164 225 -183
51 135 82
201 242 -16
-204 -104 -173
-168 175 -112
35 64 126
3 121 273
111 23 87
-176 23 34
-110 -184 142
181 -36 211
-38 164 -87
248 227 -75
81 187 217
-157 -196 -214
259 100 -117
-142 257 12
174 -202 -253
65 -33 104
180 -134 -202
-225 -119 -134
-52 -21 244
174 15 -247
-204 87 -271
-7 231 -281
29 -230 -104
127 -62 198
36 -113 -192
-223 -282 220
237 -59 87
115 -156 40
102 181 186
-153 -178 231
287 -153 274
74 -59 194
30 149 22
187 263 -8
-167 181 -44
-41 59 61
-146 127 -193
-174 -6 -162
153 169 -234
176 231 -118
211 287 236
-129 40 -19
50 19 13
32 -59 -36
-117 -203 -290
-183 -255 57
223 -151 206
10 -209 161
232 10 -56
-298 137 279
-286 65 99
-89 168 194
251 -1 212
-242 -299 284
-294 -16 -83
123 -255 268
128 -10 -271
-195 -81 98
299 -127 -33
45 10 -95
13 116 -65
-63 226 92
211 299 147
-37 -284 -155
-153 -104 -166
37 -220 -204
290 64 -167
146 -116 272
-256 45 -174
-105 -131 -219
-129 156 -23
166 173 -226
-37 231 -70
-223 198 29
-167 256 -32
217 168 -247
-78 182 -291
146 100 150
261 86 -218
-166 199 -184
111 7 81
-181 -121 -259
-82 -225 -156
76 148 -172
42 9 115
-47 -150 61
219 -232 277
74 178 294
198 300 -4
93 122 -126
-173 295 -53
35 -51 -152
77 -269 233
-58 -253 201
-55 282 118
-256 20 -233
-229 -192 225
230 -279 -12
-38 -147 -72
-200 283 -63
51 255 20
-63 115 -294
149 -142 227
251 59 -201
-136 277 169
-240 -146 -295
-5 18 236
212 157 -263
-94 140 198
129 211 -196
273 230 67
131 122 -16
192 -124 66
-77 255 30
-17 -78 -55
-117 90 179
207 115 -243
16 263 36
93 286 272
200 239 294
-7 76 25
54 -112 164
147 -263 -263
254 -146 101
3 -18 -154
32 156 -116
-143 62 -38
96 -99 228
102 -98 284
263 25 284
163 203 9
-267 99 41
164 238 -180
38 -131 140
-276 -34 36
-11 205 157
90 -262 267
206 55 -186
22 279 75
168 244 -93
-136 -193 -47
-178 -82 11
268 -129 -141
60 118 40
-208 -109 -26
-118 215 -247
205 97 200
175 -177 -56
70 -140 -137
208 -146 -7
246 -90 -5
-146 287 27
-56 105 -296
-239 -47 -270
-255 -161 -25
-232 -264 -136
-105 -38 -160
-265 -297 -133
16 291 -57
-32 86 -10
-242 -113 -275
99 -4 -199
-59 -46 -59
17 -238 100
-173 72 284
288 134 147
-118 174 261
174 227 -167
84 275 207
240 62 29
62 -63 -34
88 -60 299
86 22 -249
-225 71 40
-195 255 234
-19 190 193
137 183 130
158 -136 -41
-61 -47 -126
86 11 -207
-116 -229 0
280 -265 109
-8 -239 52
-216 -234 -92
46 90 -56
-161 -54 50
182 178 -293
-19 -266 -188
-47 50 -212
166 84 -55
267 -298 -183
-29 -152 35
-53 -166 -176
-45 -181 112
88 -141 -34
158 46 -158
186 269 72
-281 140 -284
-48 -230 186
170 217 188
-19 -28 225
-160 -4 -234
240 -296 96
-156 7 -158
17 -197 279
-97 -136 -240
13 250 -62
-140 132 276
-96 -170 -57
-265 -19 53
81 -45 -152
-103 -291 -234
-61 186 -213
96 54 -221
-40 -116 -96
-115 -15 216
66 106 -215
-186 -252 271
-48 -14 178
-187 -8 78
-132 -250 -104
-29 -57 -232
191 -60 -65
-148 131 119
-3 164 201
178 -248 31
-152 28 -25
-105 -188 252
-227 -228 -176
3 -257 221
89 17 164
26 58 -40
107 -278 202
-83 -192 -54
103 -175 197
-215 -288 -207
126 -271 240
122 -117 262
164 -117 -93
-256 43 197
-102 -266 4
146 -181 -9
-66 -20 -279
-24 -92 -206
139 -230 -213
170 234 -60
-271 -161 -186
-251 -43 125
-299 288 -272
-172 63 139
-295 108 59
294 -133 -115
-50 200 -112
-109 -209 -260
281 168 45
-271 132 59
278 86 218
-256 236 -35
-118 170 179
152 -63 122
102 -72 -224
-2 113 211
83 7 104
236 -91 -200
166 275 233
208 -52 51
37 -105 -268
180 39 34
-85 150 -81
98 172 -171
-154 -103 117
-163 -102 115
-130 -276 214
-241 231 -250
-132 -258 -283
166 -127 283
-297 145 79
166 262 27
-49 -180 216
-238 129 7
129 -222 34
244 286 198
-199 -49 -24
287 -47 237
-290 -156 -57
-119 151 -274
-120 166 -201
97 -71 -100
-17 -279 -96
-270 28 7
291 -240 -14
186 -248 -189
-154 -103 -297
-53 163 -44
19 -60 -19
132 295 131
-18 21 -150
-34 -286 -245
-67 -174 -116
122 25 -115
70 -271 -253
-260 184 -132
-263 255 -84
-50 238 294
196 224 -59
140 49 53
-284 -41 147
-48 -65 -237
206 -262 262
15 57 -251
-287 235 -3
62 25 111
117 -229 -202
-34 -49 -70
199 22 -191
-247 109 -274
-115 -201 -298
-295 89 139
102 -247 -114
298 83 26
-35 -185 243
-70 251 290
-133 188 -29
2 -56 -134
189 6 31
202 162 -166
148 -33 -26
-185 90 14
175 -140 105
187 -49 198
-137 183 80
143 276 38
-195 -21 -110
290 52 -134
41 -177 185
254 253 -277
-203 111 -255
-280 81 -150
-134 250 -120
-82 -162 52
154 7 145
-227 59 -57
-65 -93 167
-156 -172 135
174 128 41
59 -255 -242
-125 93 65
-243 -255 27
271 71 162
-11 33 115
296 -174 68
-53 274 -66
-129 -67 27
68 222 -12
224 -224 -49
90 187 245
161 106 26
2 132 145
139 51 -40
-203 246 85
-89 216 122
-75 -33 191
31 149 233
220 -159 -125
154 297 -18
-238 73 -212
-55 -279 130
204 -227 -260
195 -211 152
-247 -93 251
-24 134 -38
-60 -275 -219
-251 187 72
-195 277 -63
14 112 -249
89 -223 152
171 149 215
-76 -263 -186
-237 206 213
-64 -246 -21
-243 -124 282
-171 35 -113
-142 192 13
181 -90 -168
218 -29 290
-50 99 -216
-290 282 -181
-113 105 254
248 -12 200
234 231 -256
93 -28 38
164 -262 -161
3 91 225
106 -41 23
67 29 193
-183 -109 -217
140 167 -80
-116 -281 -119
179 175 83
-29 171 -20
110 -151 -178
160 -60 282
-169 -169 275
139 -255 -118
-177 -96 -163
219 -107 277
250 145 272
297 34 168
139 105 -166
279 288 84
141 -209 112
194 -255 148
-88 -246 -252
216 31 -157
-145 -99 285
-256 -112 -25
-54 -1 -101
-80 179 238
268 109 -174
139 54 -118
16 -83 -14
-181 -37 -196
-226 -89 -258
-288 -86 -78
-86 -273 -241
-32 -265 263
-189 82 113
-193 72 22
192 250 -114
269 71 220
64 45 -90
-113 93 -296
226 12 -40
-131 -245 -212
5 -166 -203
297 -74 287
144 -104 120
262 160 -32
167 58 201
181 242 -264
-4 197 63
6 -279 -245
-242 -138 -188
-155 -206 178
228 -298 240
-72 -199 275
-45 -188 104
-276 59 39
-183 -111 81
200 35 -2
132 113 -254
-136 -266 -173
269 138 -53
-248 291 212
140 -284 7
189 -292 -183
-95 120 -216
61 128 76
100 -165 -80
-17 -166 165
104 -157 -255
112 145 46
190 -41 229
26 218 -280
-169 133 18
-207 -221 266
-238 35 -266
-29 32 -267
76 265 273
287 -184 -215
129 271 -269
286 -36 220
299 -201 -285
-163 -229 291
-86 244 -139
-219 -154 -105
-164 157 72
250 212 -179
234 -217 150
-230 134 -82
132 55 -140
-194 70 -246
232 -238 -255
60 -74 142
99 -249 -6
-4 119 246
-136 -161 47
265 299 143
209 -138 108
-169 158 -14
174 -68 -5
63 -238 37
204 -42 157
-54 -225 90
207 95 252
229 -219 -146
259 -131 -144
-105 285 142
122 122 -121
-101 253 -273
5 244 245
-86 3 140
24 -149 88
-242 292 96
-20 254 -118
-230 158 -83
248 253 -81
130 -109 -134
-187 -202 -276
-262 -72 212
-111 -172 62
233 249 -265
-114 -17 -181
104 32 -239
47 -201 -181
64 11 -186
-127 -17 -79
-294 33 -108
15 212 -40
52 173 -206
-22 206 -223
-158 -179 159
-153 295 -22
-50 -281 -179
90 138 -166
-247 -140 75
246 -234 106
-202 13 145
204 -282 179
290 284 -98
-182 -289 -58
-199 -134 6
245 -197 251
-67 -48 63
-73 290 -155
-220 118 -155
-52 92 -243
-42 146 38
124 -256 -93
-152 -292 104
265 135 162
-128 -137 -250
165 -14 -17
-153 294 245
218 -113 236
-182 -184 148
-135 -49 188
190 299 172
-203 -62 238
-170 -26 -147
-237 45 290
-24 39 -131
196 -246 -185
31 231 25
-170 -32 58
134 264 -45
13 8 197
130 -155 -258
201 203 -122
-39 294 -174
180 -217 -157
-27 167 -15
128 -206 293
-291 140 145
-164 -273 -16
-172 -134 281
157 -288 -35
-29 184 -62
-116 -30 284
-54 217 93
262 -32 215
-25 -223 -179
-10 166 -119
34 -61 -187
-176 278 98
-113 -228 13
-271 -280 -101
-224 196 168
194 -63 43
-297 251 -227
270 -285 -32
290 -299 101
-124 43 -207
-2 58 54
20 261 -216
50 28 -92
-33 254 69
55 -225 -3
64 -91 214
-21 -232 -48
28 -166 139
264 281 134
-50 96 269
19 69 -88
-253 242 142
-288 9 250
-129 43 230
-201 17 -272
292 270 -19
184 -244 -20
118 -207 -99
244 249 -158
-284 -247 10
239 35 162
103 99 270
292 9 -206
219 -134 203
-239 201 -239
224 69 -218
-269 -215 25
142 -236 -53
-125 271 266
118 178 173
248 149 244
-94 194 206
-39 -20 267
-144 167 -226
-182 47 -152
-180 -258 -283
250 -163 -68
246 -146 146
185 -140 258
-23 146 40
-239 3 -220
-284 -281 54
154 66 27
227 36 -222
-171 -222 -286
-43 -73 -239
263 21 -125
155 -189 -4
-27 255 94
-26 41 11
-44 245 -59
220 153 -242
-232 -89 -100
-137 286 -58
-167 24 -244
228 -53 -82
263 -155 -254
182 79 -166
-38 134 278
26 -276 -156
-79 -107 11
31 170 -215
152 69 205
-128 -118 231
158 -276 -111
12 -215 -217
150 -81 -249
31 125 195
-239 -154 114
-119 139 54
48 -78 -54
-252 -196 -8
-294 -240 -208
-59 284 -60
-119 -44 1
245 45 141
-105 -4 71
14 -41 -143
-246 205 -287
231 124 -265
68 -8 194
125 145 -187
175 -265 261
-211 209 52
240 51 -45
4 -203 -186
-83 -250 76
-13 27 57
-93 219 -110
18 214 -130
-146 -44 -98
54 271 -119
-69 -19 42
-276 -125 194
295 -241 12
-297 292 -235
24 174 43
49 -255 -295
100 286 150
-55 234 -249
50 88 294
-95 -256 296
-152 -170 23
-139 -77 -168
-6 18 248
250 223 -149
26 -89 -195
44 -53 128
-158 -114 149
189 -83 -123
26 -218 126
263 -46 -213
-247 -4 95
60 239 267
-113 -174 -203
-43 93 -255
40 -53 28
-289 240 -245
-181 -50 -281
-34 84 247
257 153 -13
102 37 276
293 256 -255
82 -197 -170
-147 264 -88
-49 16 -1
98 176 -23
-153 20 200
182 -194 248
-124 -9 190
83 -54 -144
-8 143 -44
288 -215 -237
-32 112 -124
39 197 -92
108 204 212
242 226 -189
213 -159 93
172 -142 -75
93 151 287
-227 -279 -95
-232 -189 56
246 -228 -77
103 -104 120
198 -300 -6
51 -7 -6
-102 -85 240
-254 292 -52
-70 -262 291
-202 36 -264
-197 214 129
-215 238 93
-8 236 -282
-120 -117 -61
-86 89 -241
210 -54 -33
-94 289 181
56 -29 -113
261 196 247
-284 -88 -289
-86 278 70
14 -274 8
89 -151 -194
8 226 -39
-110 34 143
-211 -203 117
108 -149 -172
94 260 -46
66 -225 -10
129 -284 -164
104 -298 214
-154 25 -71
37 226 17
-103 223 93
253 -148 232
-210 -239 3
260 273 -57
-5 -148 217
-163 182 93
-53 -134 212
-44 148 188
-45 -146 -7
-212 287 -177
-55 32 -197
-119 -263 216
262 -154 89
167 107 -129
54 180 70
-299 -35 77
-89 242 8
38 274 130
194 -111 -10
103 -234 111
-186 256 -60
283 -160 -179
226 -217 102
-189 187 -59
-179 19 -255
88 -129 206
94 76 -286
-205 23 -168
-292 29 186
-122 39 186
237 -17 -21
-87 -112 122
38 -136 -80
-198 100 127
172 -270 0
-298 95 -262
-29 -98 -91
193 215 277
90 142 233
183 -105 181
-160 -52 67
78 -135 190
-248 -98 -68
93 -214 229
8 -88 -97
110 59 41
-165 -201 218
142 215 274
38 -231 250
54 -211 -285
276 -198 -116
104 -55 143
149 60 -205
-46 96 -51
-157 -135 154
285 -29 -188
-165 38 61
296 297 286
249 97 54
-211 146 -183
-225 -21 -67
-41 -80 -8
-215 -126 -18
-68 -254 67
-16 1 1
280 -93 -2
93 153 -85
-291 171 -142
-153 185 170
108 -155 -209
235 -235 -207
139 254 -227
-84 -95 129
-209 -80 21
-242 176 -233
262 -288 52
169 17 -212
-72 143 -166
-175 -116 46
-265 103 257
275 -79 -102
278 -168 -169
138 -274 109
294 69 -38
56 -145 0
-118 -116 -45
144 -269 -168
116 8 -244
-78 -286 220
-19 208 141
-159 -300 179
-77 145 268
-264 186 59
180 -198 -1
166 -240 130
-236 94 -80
11 -70 128
299 233 -1
-110 -253 105
-121 263 87
-175 28 126
-113 -204 -210
-140 -220 53
-76 61 78
-10 -153 -37
41 136 69
244 -93 212
-25 -202 -227
-14 -139 114
-65 -97 -294
32 -261 280
-217 -137 -82
-42 196 285
124 -97 -186
116 -241 -185
3 -6 -215
-198 -47 -216
-243 89 23
-236 -69 -6
-256 10 -215
266 -155 -192
-267 -142 141
267 8 171
285 4 -271
203 225 110
283 243 101
21 57 298
-98 52 45
220 241 130
-123 152 -109
-75 -140 238
121 232 280
178 211 40
-12 -108 33
-229 171 7
26 149 117
213 282 -293
-4 67 -191
196 227 258
28 243 -41
92 268 297
281 -59 -137
67 35 -10
38 102 196
-175 -71 -178
256 -17 242
-163 108 -247
-118 36 282
86 27 106
67 7 -81
38 190 -236
169 60 295
91 175 217
-269 114 175
-8 293 -138
61 50 -217
101 -28 -122
281 11 145
-46 -232 -250
115 51 190
65 -25 -77
-137 211 -230
177 56 -288
-126 -123 290
20 266 175
-44 11 -294
-91 290 252
-72 -207 104
214 222 102
183 -104 -288
-280 99 14
207 116 -94
-292 24 -159
