1681
54 65 45
6 -95 -89
11 -80 -89
64 -100 72
-43 31 71
-60 -75 -51
-99 41 14
-31 -46 -21
0 -37 27
7 27 52
-83 -62 97
-86 -94 -67
-74 -9 -40
82 -48 67
-76 -58 -60
33 -16 -98
-57 -87 63
-89 61 -12
78 -6 97
-22 -31 34
-84 43 98
-98 -21 27
82 53 -56
-53 61 21
-6 -74 -18
46 -56 65
15 -86 61
60 -85 -73
-72 -36 3
-41 56 2
-62 2 17
-68 3 -70
-40 -76 -14
-10 -73 78
-25 69 -52
-90 -47 -99
-29 -41 19
-29 -43 -48
9 11 -93
-42 17 47
-54 -50 -99
89 18 2
44 -41 -5
7 -48 -90
-75 77 -97
-66 41 -56
-73 -25 -95
33 88 82
-40 -73 93
5 -46 78
11 46 89
43 8 57
-46 -37 77
35 -87 31
28 -18 48
34 94 -46
-90 -75 28
29 96 -45
-70 -89 -48
74 -10 -71
0 -20 91
-100 -23 -94
89 -43 86
-8 -47 -57
26 -8 37
28 15 73
-13 -83 -47
-64 16 -99
67 -30 92
-14 -79 70
2 43 76
81 -22 -41
-73 -20 -11
70 49 21
43 -75 55
10 61 14
-22 35 60
34 -82 -55
9 15 59
-9 47 -20
-73 -95 -49
54 -69 88
-18 -15 -53
-58 55 61
-6 -72 91
51 -9 -74
-56 -21 0
39 -81 -67
-81 -72 77
2 77 45
-39 5 -4
-68 -71 -23
16 51 59
-44 92 -22
-44 -7 -57
-27 -28 2
-97 75 -67
8 -65 46
75 31 52
72 -77 49
70 -7 47
19 16 59
63 -76 -80
59 -16 -44
54 -3 -72
45 56 94
-53 56 30
72 93 41
2 58 -33
58 -12 -48
-6 89 90
72 67 -10
64 89 50
35 99 11
67 -94 14
27 -44 64
-12 -63 53
-50 37 -77
49 -94 -89
-87 88 -73
-80 59 -74
6 96 -81
29 -93 58
-51 39 -59
31 1 10
12 -74 66
-38 75 99
-55 -38 30
-33 68 -52
-80 -5 47
-6 -1 -70
1 -81 -79
-50 2 23
84 67 -22
-15 52 -36
5 -4 -90
-20 -91 -39
-35 40 2
-30 3 95
-78 -66 -70
14 92 15
-15 -99 0
-16 -37 -64
48 63 77
-73 90 27
-20 20 -5
56 65 30
79 59 33
19 -64 -18
-59 5 -47
-41 -41 -37
93 87 -55
68 57 76
-44 -32 24
90 -82 60
-28 -22 71
-23 -85 6
36 24 7
-56 -3 42
5 -88 10
-94 -3 28
-47 38 -41
32 80 0
9 66 89
15 82 -100
-97 -13 -47
-8 -100 -14
71 61 -16
-70 -34 -19
61 -59 -81
94 55 92
0 33 40
-24 32 -84
-1 -27 -31
-58 -85 88
-54 89 -13
-23 -63 -52
48 68 -6
-81 -50 23
-16 -88 3
98 -8 -35
21 53 32
-76 61 -24
-5 81 26
-55 -46 64
-100 80 -14
55 -47 -71
-48 77 3
74 52 -100
18 55 -47
-22 -34 67
65 15 40
99 -13 43
96 -66 -50
98 -60 0
9 61 -49
34 -3 -100
23 84 -45
-98 57 18
-80 -69 -18
11 100 -11
-65 -66 52
57 -35 15
39 -72 -67
-67 -4 82
76 -43 37
66 29 59
-4 9 30
74 28 61
24 -98 44
-17 56 -15
61 -25 18
72 -11 -88
9 1 91
99 -27 -62
-6 7 33
62 84 -75
-11 26 92
94 -86 46
33 16 24
-90 51 -90
57 -35 -61
-21 12 69
67 -52 16
28 18 70
-10 82 79
-98 -42 9
-49 -77 -2
28 52 -44
16 43 97
-10 -66 -67
58 50 -44
78 -77 -14
-74 -72 -25
-59 -14 29
21 8 -60
39 -90 -96
-88 76 -64
-51 54 -85
59 -73 -66
43 41 40
-79 7 -35
76 39 38
10 0 -35
16 91 -80
-87 81 10
93 80 -82
-75 -57 83
35 52 -88
97 -98 -83
98 -56 79
-72 75 -8
25 38 -93
38 -98 59
-19 -26 98
78 17 -48
96 -33 44
11 17 -54
100 45 43
-52 99 -69
57 72 0
5 74 -29
18 93 55
-19 19 -69
-28 -27 88
16 -48 -32
27 -80 -91
61 29 98
-62 -9 29
11 -44 15
90 39 74
18 42 0
-85 18 -9
-75 95 -37
-69 -83 62
42 67 28
-25 -23 -1
-20 -5 30
-74 -60 85
4 -34 27
49 -72 88
87 60 63
15 76 -89
-46 2 90
2 -18 -51
18 46 3
-89 -61 -31
-19 45 -67
82 -72 60
-34 -54 12
-31 -82 -31
-95 -94 -60
-11 -99 98
95 -59 -83
77 10 -9
53 25 22
-19 56 21
-97 75 99
97 27 -16
-15 -20 16
55 -29 -39
16 96 -54
35 16 -39
-62 -79 10
-70 1 2
82 -2 72
93 -78 -28
17 90 -82
-87 -12 -44
45 16 83
-31 -65 72
-20 42 -68
-40 -93 -77
92 16 -30
33 -68 17
50 -19 33
-88 -69 78
-19 82 8
-55 22 40
-97 -69 11
27 10 30
-56 -86 -87
19 -100 86
84 22 -38
59 -67 82
85 -99 95
97 -35 -75
16 -14 46
51 -29 -32
61 -51 29
-96 -63 -88
-89 33 -20
-50 -74 -9
-71 -48 80
96 87 -2
46 35 81
88 -14 -43
27 -87 -94
-70 -66 -40
-43 -70 52
89 -57 -20
-51 -45 -15
81 81 -45
31 -10 -6
81 -20 77
-23 59 97
72 -45 9
31 18 -15
80 -39 68
-63 93 53
43 -62 -84
29 19 26
34 58 -2
86 -34 70
57 -29 81
-7 76 -57
8 92 -67
-75 -93 84
23 11 72
91 2 -72
55 90 -15
45 -44 54
-71 15 -40
99 19 -3
13 86 -1
0 -57 -80
-100 61 -99
23 -78 87
-22 68 -31
-1 71 -1
27 8 -97
87 -16 -89
-86 -41 -100
80 -28 12
6 -97 6
-41 -45 -92
93 -81 -12
48 -43 50
18 -24 16
-12 59 -26
59 -95 63
-85 -14 73
66 -96 -69
-60 87 -79
27 61 6
84 10 92
-28 11 -16
-88 85 2
-100 84 -7
49 -36 10
82 100 -96
-24 -62 95
-94 -20 87
87 -94 35
-59 -45 -6
2 49 82
10 -51 71
-77 82 -26
-89 94 61
4 -40 26
51 -35 94
63 -45 51
-76 56 81
-2 36 39
45 -57 -39
-64 -54 28
-72 41 68
84 -23 -10
91 77 -65
67 -43 -95
-27 15 7
-64 -28 -2
42 7 -93
-26 -29 30
81 39 32
95 -67 69
-86 -76 51
-30 -26 25
-61 -63 -60
50 76 -91
14 -30 98
-16 -71 28
-41 78 -10
-92 -91 24
-93 -7 7
14 84 -33
67 -23 36
36 67 31
-67 -33 -64
-75 -98 2
62 88 20
38 -77 -11
87 95 -11
-52 -71 -35
-8 -16 -1
88 6 23
-42 13 16
-46 77 -34
25 11 94
-87 37 -33
-93 -69 -64
80 -8 88
52 96 65
29 38 -4
26 59 -75
-7 -17 93
72 -51 44
-49 71 -24
29 21 -84
68 -35 80
-42 -90 -87
42 -7 -57
-75 70 -40
79 -40 -17
-4 -67 22
-24 21 92
46 -94 92
83 -80 33
-13 67 -18
-97 82 59
82 3 -51
-45 19 1
26 -91 36
68 -37 -3
38 51 -53
36 -74 20
-81 94 91
59 33 94
78 99 73
-19 87 -87
46 84 33
-63 95 -24
-77 37 -62
-73 46 -41
49 -39 52
85 -78 -24
83 53 30
39 28 -27
51 -81 -25
78 -4 87
-33 -75 -39
-43 2 72
62 -77 -4
-93 -37 -4
58 -45 98
-88 44 -5
52 35 94
34 -70 -64
93 79 15
44 -52 -48
-78 -61 -3
55 41 -89
-14 -55 43
67 -78 100
-92 -65 31
-16 47 95
-84 4 77
-35 -28 32
-92 -80 78
9 -24 16
87 -53 -67
37 -64 -80
58 -93 97
67 -24 1
83 -96 31
-60 82 -52
97 -72 -85
-91 -58 -14
66 49 -10
90 -69 79
18 -90 -86
-95 -40 -8
56 98 30
-88 94 -5
32 -27 -94
-42 -97 75
-88 -89 1
-75 -50 -62
-77 -12 64
96 -10 4
65 57 -54
-49 42 73
-42 88 -76
95 72 -55
64 -93 -73
-48 42 46
-18 83 -15
-49 80 -24
71 -40 48
11 -62 19
-97 -19 88
-43 -31 50
-100 -34 73
9 -58 -67
22 -24 59
-21 -66 16
65 -75 32
28 40 -23
8 -7 72
91 80 -40
-22 -41 -23
69 -71 76
54 96 82
47 -32 -92
-28 36 48
74 21 -12
67 -14 -20
67 -90 32
-80 91 -63
35 58 -54
72 -42 26
-14 15 -52
-29 41 81
14 98 -88
25 18 67
19 -58 65
-91 17 -22
-97 94 62
-95 -65 -62
100 16 52
-8 -78 -29
93 -24 63
69 19 -50
-51 -3 -94
65 -12 -40
-61 84 -91
-4 -89 46
-78 -91 -61
-49 60 -23
-40 -73 -62
93 84 82
76 69 39
-23 54 32
27 -2 -15
-95 -45 2
-50 -16 -20
-5 81 -39
-33 24 80
-74 -44 5
8 -8 20
-28 -28 -11
65 -29 -77
22 5 -27
-78 -36 70
100 -57 -47
45 -68 -47
-13 -5 -81
-32 -11 39
99 30 -61
0 -10 -22
13 -91 17
41 -9 -47
-68 -27 -50
-57 -68 68
-36 85 -3
98 13 53
42 -68 58
-60 -98 -25
-82 91 -79
-53 0 74
100 38 100
-1 45 -74
1 72 15
56 -84 60
5 11 -38
-75 -28 -10
61 29 14
-14 -56 -2
-40 -59 -81
-72 -60 -86
-12 8 -7
-26 -19 -23
-29 69 70
-38 7 -41
-13 32 -6
17 -59 -86
-72 -29 -37
81 6 43
-7 -40 76
-3 -79 -99
39 -13 -34
76 -64 -66
14 54 -64
8 -70 56
-18 -44 -49
-15 -60 -11
-50 -80 39
-37 -45 -18
-35 -88 -54
-24 -42 -28
-81 -100 77
93 58 -10
-17 -88 6
43 -39 22
41 7 37
-55 58 2
54 -67 18
-34 -17 70
-14 86 94
-27 -45 -87
35 76 -8
-6 93 -46
70 32 25
98 -35 -53
52 -62 1
91 22 -18
-27 42 -45
23 -69 80
63 -19 33
-100 -30 -82
-38 -26 -32
80 78 -41
-22 -96 11
-8 11 9
65 -6 -84
-26 70 -79
11 94 53
74 -20 -38
18 79 -73
63 30 -63
-6 92 -90
-8 92 -79
-8 90 -2
-6 -48 -70
48 27 20
-51 64 44
70 -93 31
8 -36 42
72 91 20
-63 67 17
16 -12 -36
83 -54 78
38 32 -100
29 31 21
-85 -96 72
3 -35 49
26 29 21
11 39 10
-43 7 -27
-61 -3 -20
-78 -29 -86
-41 62 78
37 50 -24
-90 -50 89
14 56 -48
-21 -85 20
5 63 -59
-4 97 47
-53 57 -80
-9 -64 2
14 -9 -15
16 -41 17
39 -22 100
-11 -95 97
-83 38 67
-91 -15 -16
34 -54 -54
42 -87 -10
97 -56 -70
41 48 -30
-67 96 -80
-25 -34 72
-92 46 -93
-30 -90 84
-24 94 34
-73 -65 65
-28 -57 47
-27 -34 -5
36 79 -100
-26 43 -78
66 22 4
-48 75 0
-1 33 2
-29 17 -33
-69 -24 46
-73 31 87
-51 100 -6
-92 -98 -13
-88 35 -46
7 -29 -26
67 41 59
94 22 16
23 -91 100
-89 66 -22
-53 -31 21
14 -21 -72
-74 86 -82
-95 35 -39
99 -62 -86
37 -2 -39
-63 -97 -39
-83 70 -1
-28 58 21
37 96 -16
78 21 -27
-54 -77 81
12 46 51
-80 -74 -22
-85 60 63
-87 57 -56
-29 -85 -76
-64 -99 42
-67 -50 -84
19 -73 -22
-32 -70 7
-41 -25 23
-61 53 -75
51 94 -37
-10 -12 74
-10 12 68
-11 0 50
-24 42 76
88 52 -56
45 -66 -93
-44 -26 26
-96 37 60
8 -34 -11
28 -21 92
-1 -8 64
-34 17 18
-24 -51 67
67 -75 -51
-42 89 35
77 74 -72
-73 -84 -63
-10 16 -65
86 37 59
24 6 -62
-67 -19 -61
87 17 30
0 17 62
50 32 35
72 68 -50
-10 -27 -62
33 21 -80
-95 -2 -36
-11 2 -70
49 -1 100
-56 26 77
49 -32 40
-41 -35 -62
14 90 15
51 -91 66
43 -39 66
-30 2 -77
27 -49 97
91 -41 79
-71 -42 -45
-51 100 7
68 59 -48
-27 22 14
40 6 100
70 -65 -63
33 -61 -17
58 66 33
-73 15 63
84 11 -86
100 14 -62
100 -20 70
98 -11 -88
30 1 91
24 83 -37
64 -77 -97
2 85 46
83 21 57
-41 63 -14
4 6 73
-51 -57 -47
62 5 57
-95 -97 0
19 82 -28
78 92 -56
80 -72 3
-28 -40 -23
20 25 13
33 -83 67
33 -59 44
13 48 34
-94 -26 -39
89 47 -44
54 53 -4
-78 78 -14
48 68 59
-59 -67 -60
2 -59 -70
47 66 -25
-4 12 -99
-4 -40 52
-33 6 34
-5 20 -60
-23 60 -26
25 3 -39
-54 94 -10
-87 50 37
3 67 -17
-36 56 -99
-80 -23 47
86 61 57
12 72 82
35 74 52
97 61 14
-73 35 41
-84 67 -73
-5 -61 -95
71 -89 45
-42 68 17
-16 -70 71
-84 -71 -20
73 -94 -27
-91 -83 -62
-57 46 16
8 90 54
-41 -38 -62
-90 49 -34
2 62 38
96 -91 22
-97 51 -24
100 -32 93
-36 76 -98
42 -93 -9
-41 -9 52
-22 -4 2
-54 -77 77
63 -29 84
-84 11 36
65 24 -78
37 -15 -61
66 86 -57
63 4 -67
-95 -58 56
38 -75 86
-41 -43 -55
66 -14 83
63 73 -23
-87 47 81
-8 -35 97
68 54 74
82 5 -6
10 17 27
-55 -99 19
74 -94 36
87 -8 -27
-65 67 -92
19 -24 -8
3 4 19
-23 -48 -37
-63 -36 -46
90 46 56
3 87 -1
18 -41 54
-71 27 94
-24 84 -94
7 95 -80
-3 -19 -95
78 -46 4
-21 -71 51
10 4 -47
-74 40 -100
-84 -7 -82
-14 -90 40
-49 -20 -5
84 86 46
90 8 -6
69 21 -60
42 -31 72
59 63 15
-50 -10 90
54 -94 2
-23 18 -29
-88 -4 14
-97 -78 -60
-63 -21 63
77 70 9
99 53 6
23 -19 -97
-20 89 97
6 -51 -20
36 -87 18
34 -41 -66
93 -95 21
-42 88 93
-78 -30 70
-82 -81 72
-86 38 76
-16 54 85
-27 57 41
40 -71 68
30 -65 44
-93 74 29
72 -70 84
49 35 16
42 36 100
53 100 87
78 -61 78
-93 6 74
92 -74 55
87 96 100
65 42 -43
-17 -100 -38
66 36 85
32 92 -25
-40 78 -61
9 -42 -53
-56 -53 -21
47 29 -85
6 11 -83
-50 -40 96
-82 -98 -10
-14 79 79
46 -24 45
-6 41 97
-66 6 -12
84 -2 -14
-94 -90 -87
-85 -32 77
-7 -23 -92
85 -23 -29
15 46 -84
89 76 -49
-20 70 -89
-40 31 96
-8 -10 -61
-91 -58 85
40 91 35
-81 -87 35
16 -30 40
-49 -49 46
91 49 49
41 95 32
-95 22 77
76 46 -61
-64 59 -82
25 -62 31
49 -70 -52
10 -4 -90
96 -15 -99
68 -65 -29
-90 -50 -9
6 87 11
90 16 8
-29 -96 32
-3 -42 -21
51 -8 13
-24 -66 56
93 92 56
-49 -21 21
26 93 68
69 -2 72
-8 96 46
40 4 40
37 -78 3
83 77 -56
-88 -14 18
-9 -52 -43
-65 -30 94
-91 65 -82
-43 25 37
31 49 -42
37 -86 -61
49 99 73
32 -12 32
-6 5 -17
99 4 42
17 -100 48
-52 41 99
-21 -90 -54
85 66 -43
89 -10 57
59 -9 75
-93 -95 -92
-82 62 43
85 60 9
46 -52 -23
7 -58 31
-2 35 -38
-7 -52 -69
73 -64 62
60 -30 -41
91 49 -40
84 -69 22
-60 72 78
-74 0 95
15 9 12
-37 25 37
-63 -15 70
-5 64 29
-45 98 37
78 86 -58
18 -34 -58
-67 42 13
31 44 -92
48 28 -92
85 10 8
-16 -90 80
-97 66 -9
12 76 37
-11 7 -85
68 -49 50
-46 -36 -34
25 92 4
76 95 97
77 16 -22
-17 -19 -40
-59 2 -45
-99 4 98
59 -2 -69
-4 -40 61
-53 -23 66
-89 7 -5
-88 -59 19
60 -66 -16
67 -54 39
-15 74 56
-73 35 84
-35 71 23
-7 51 64
41 -39 3
-28 -40 -77
34 -96 6
28 22 82
-19 -90 -67
-63 66 -94
93 -87 -58
98 -82 -41
67 17 68
3 20 29
8 -49 -61
-46 64 -92
-81 96 51
78 55 20
72 98 -89
-33 -20 -70
90 -84 54
-17 -35 -35
28 -96 -77
54 -84 -30
-78 -83 9
-29 83 -98
-62 -8 93
19 -97 79
-63 -19 79
-51 29 -40
-50 -48 -73
97 11 94
-6 -11 2
59 -32 3
-4 -77 -77
91 69 63
38 63 -74
-87 -26 -69
47 -81 76
-50 19 60
35 5 -37
99 38 -70
-74 -19 35
-64 15 69
-6 41 -49
-91 -14 -96
99 50 -88
-18 -54 -21
-18 68 7
-45 27 31
-16 -43 -22
60 -52 -26
-90 35 39
-98 -40 -14
-22 46 -100
-21 -57 55
9 69 42
-88 -25 87
82 68 52
27 22 4
-40 -97 -92
19 63 -58
-16 -22 47
91 89 35
57 -100 81
-80 -23 83
21 -19 -48
99 7 -97
72 -90 -80
-15 80 21
31 -59 -81
-21 0 28
3 -57 68
4 15 31
-81 69 12
-60 -26 -89
-41 -92 47
16 -50 -90
58 38 -66
19 66 -46
-82 -9 -20
43 -24 -83
53 -55 -23
0 -3 2
73 -31 -18
-31 -1 34
-3 -8 93
74 93 13
76 -81 -1
89 -7 95
-96 18 -96
73 -91 46
-17 -91 21
12 -71 3
90 -53 71
-42 -35 96
76 92 27
-78 -77 -49
48 -67 -97
45 29 5
-18 -17 -83
8 -48 -53
10 -42 -17
30 -9 67
-25 32 63
24 0 43
28 74 -42
-97 -33 -43
99 40 78
-7 13 -79
92 -56 -78
50 23 87
77 -69 76
-65 90 84
-3 -95 86
87 14 16
-27 13 -19
94 -17 23
-16 -100 53
-76 84 71
96 -71 78
-13 -80 -94
62 17 80
20 -40 -57
-67 27 -70
-95 74 -81
-44 96 31
-17 12 -75
-44 61 46
38 -100 72
-5 -85 -91
-26 16 80
-19 -56 -33
0 94 -61
-100 -45 61
19 14 -15
-69 21 -88
52 54 -97
77 -48 -60
-40 71 -52
9 -28 2
39 17 -100
65 49 -67
85 96 32
-88 -36 -89
49 -32 50
-88 -32 88
2 -75 58
21 74 -49
94 93 -25
75 -85 47
55 82 18
-79 -9 -36
41 91 -11
65 -87 -75
53 45 61
-17 -63 38
-48 -90 50
-14 -84 -24
80 -41 35
-72 33 -32
-8 25 -26
97 85 77
-32 -18 100
42 2 69
92 -47 -34
63 -29 26
93 -6 87
65 -18 67
85 91 -13
90 36 91
-47 89 -12
20 56 -34
67 -11 -100
94 22 -76
-84 17 58
16 -39 36
-56 -82 -20
-75 -68 -72
-74 -15 61
-13 -23 12
76 -13 -74
83 49 83
-7 80 -41
85 -13 -75
-2 -72 85
49 88 -85
78 42 -84
-38 75 -68
-19 -73 17
49 39 -81
27 -5 -20
43 -61 -88
20 -54 52
-97 94 1
-5 67 53
-55 -19 90
-65 41 13
-18 -4 -17
83 5 -24
56 26 99
0 -45 -22
70 -83 -65
73 -94 9
88 10 -1
84 5 -93
6 24 45
-90 -98 41
-39 -92 60
82 -28 74
16 99 49
74 22 40
96 84 83
-82 42 -52
94 -80 18
-94 -94 -62
18 79 0
-23 -60 -21
68 8 -7
-20 -22 -61
-77 -35 20
23 -6 26
74 -82 48
-8 -95 -35
39 -79 -57
-67 8 -12
-77 -17 -63
-28 -21 -92
55 -46 44
68 34 -77
-67 48 48
55 -8 68
11 -2 -56
10 -59 -90
-83 2 -25
-58 -73 66
-26 -84 -91
95 54 22
8 -88 61
-87 38 0
-9 -81 -39
60 -24 56
-89 -30 53
81 11 7
83 -6 88
-38 -45 -96
-45 -48 11
-25 -97 -52
-68 90 -74
7 -8 87
39 -8 93
3 -82 54
49 16 25
35 -2 -61
-66 -14 -53
-20 88 90
0 46 -66
63 -54 -81
50 13 -14
48 25 98
10 84 71
-9 -34 -48
-39 40 1
5 -63 83
60 -99 -14
-69 -87 66
17 57 2
23 77 -29
56 -46 34
-3 68 92
-39 85 39
-96 -5 -15
-8 -8 78
6 54 -81
-51 30 16
-50 56 -45
54 -65 100
24 -53 1
-61 87 17
48 -69 -40
-82 53 -67
64 75 48
-39 -57 -45
-37 -88 -14
84 -14 -51
64 -92 -5
45 -95 -42
-71 24 -22
49 -39 -85
2 26 16
-37 16 -93
38 -74 28
13 -26 77
40 -90 9
51 -28 -41
23 -24 18
24 -40 62
39 -97 -99
90 -13 66
11 -90 23
36 -8 -18
-34 -61 32
16 96 24
-42 23 -35
52 -57 58
5 100 -95
-33 -38 74
-37 5 -28
-69 -52 -36
45 9 67
-28 4 88
-41 27 4
35 -32 48
-47 77 -12
7 5 59
99 12 33
16 65 76
95 19 -60
61 4 -13
-89 96 78
79 -29 52
-50 59 -74
93 4 76
-38 88 79
-43 -95 92
-62 -28 97
43 -92 -8
70 -26 46
-17 -69 29
68 -96 7
-20 75 -56
-37 -87 -1
-32 22 -97
-3 90 37
-15 -44 -71
41 -60 -2
34 -4 21
32 24 92
-82 24 2
9 14 8
-23 33 87
-62 -71 2
89 66 -92
30 53 85
-95 -87 99
-18 71 18
-57 -47 -88
33 -18 83
2 -58 -78
92 -59 -53
56 93 86
-8 -50 0
39 -78 -31
70 -57 -36
-18 40 12
-59 -23 48
-47 -14 -29
-54 43 -68
-42 76 -100
-34 -74 -85
-13 -90 -43
59 -82 -23
-45 -34 94
-82 -34 25
61 -53 4
21 12 -65
29 -76 73
88 10 46
-100 39 -38
31 13 63
65 -34 -81
-47 -19 -48
-97 -46 -40
-88 28 -83
-21 -97 57
66 -88 -6
58 -35 -71
19 37 61
41 11 72
-1 -38 -17
17 24 -93
37 74 -91
-36 -57 -35
31 87 59
-95 -18 23
-49 9 40
-69 0 26
100 57 -93
82 86 64
-39 -61 29
14 84 16
69 16 -97
-34 60 60
-59 -36 65
94 24 -45
-43 7 -35
82 74 -93
-23 -88 -71
-39 -95 87
-6 -8 -14
-40 -86 -89
44 54 15
-67 -83 53
4 89 79
97 -63 17
-94 59 14
82 -63 98
-28 43 36
23 -90 -84
-26 -100 84
45 -59 6
90 94 0
-40 0 -95
15 30 -58
-8 79 64
63 56 -17
52 -24 100
-4 75 -69
98 66 -60
-76 3 14
94 84 -7
72 -13 -26
24 72 -39
9 77 11
-92 48 40
-45 -39 83
-87 16 26
-36 -43 16
-23 85 24
-29 -51 10
26 -65 18
96 43 -91
-16 73 21
-53 35 -51
-75 61 -100
97 14 -73
-74 67 -12
-15 -82 -42
-79 46 -60
-60 7 -5
79 -27 72
-86 56 89
-50 -82 37
-72 29 -86
71 98 -11
73 -77 -30
82 -69 34
83 89 -90
-6 45 -56
-27 -7 -11
96 30 10
52 81 90
8 16 85
22 -51 84
-82 -49 -25
31 25 71
87 -73 76
-59 64 -18
-87 -15 -43
43 -97 -74
-36 80 -35
95 14 -81
-41 -27 80
-61 89 -90
-8 -37 43
66 -38 -46
25 -75 -48
-69 56 -99
100 -81 -50
-21 -99 84
-35 -76 87
44 -57 51
63 -83 -54
-53 92 4
88 -29 -19
28 -92 75
3 -46 -1
-9 -65 -57
32 -98 88
91 -58 85
9 52 -78
69 -75 -77
-8 2 -48
-94 83 73
30 -70 92
-80 2 62
89 -54 34
45 84 78
44 -53 -14
97 -28 30
-81 -46 -21
87 -59 -100
-15 2 73
-36 78 -60
90 60 8
-83 -2 40
-10 34 40
-52 -99 76
24 65 48
-61 37 66
-25 -70 2
59 -43 -92
39 33 18
-48 7 0
-55 12 -59
44 80 -79
89 -57 -65
-66 -11 -26
58 10 -87
70 18 85
-13 37 -36
-10 -87 -5
-90 57 -84
-20 52 22
-91 40 57
-48 83 21
89 -16 -6
-7 65 -25
-69 -6 86
-45 -2 87
-32 61 44
83 21 56
-66 95 -72
-20 -95 46
7 93 4
21 91 21
-73 28 46
66 60 22
-34 -92 3
-55 -9 -53
-71 -26 -58
-22 -82 81
-13 60 -33
15 27 69
98 72 -72
-9 48 -97
21 35 -31
-55 -18 15
-63 -30 73
17 -77 -2
-52 21 -49
-73 -29 -87
82 -26 -95
98 -38 -38
52 -45 3
14 -32 -63
44 -12 80
-3 36 1
22 -83 -76
32 -21 25
-98 21 -22
35 87 5
-80 -29 94
-24 -31 25
65 14 27
48 -57 8
33 62 44
-75 38 -74
-21 -48 23
92 -56 -6
-85 -73 97
-29 -54 71
-2 44 -25
-67 -80 56
-2 41 57
93 -13 -81
-49 -38 -89
-3 -81 -7
15 13 -16
89 78 -34
-71 -77 96
-25 -49 56
-87 -99 -62
14 -14 31
80 51 59
-56 -45 -99
42 11 -9
-3 -32 -25
-42 -35 -1
-81 -52 49
-32 66 32
49 6 52
-76 56 80
55 -93 -84
-16 -2 16
-94 2 -44
7 -17 -15
4 -33 85
-22 7 17
65 59 42
-48 -21 -73
-24 56 -98
82 -37 -88
-53 40 1
-8 64 28
47 13 -28
-17 -5 -83
21 -4 75
60 -47 -81
22 51 38
-55 -15 -18
20 -54 20
-41 16 -4
-80 83 -78
-41 -67 59
33 -2 10
56 -80 41
57 -73 45
6 81 89
-34 -51 14
66 -74 85
-58 -44 -100
-5 -79 40
-99 56 -85
52 -17 -19
-24 12 25
50 34 -10
-99 76 -58
45 -22 57
20 -80 -4
100 99 -54
-90 -58 -60
38 21 43
-32 -29 10
60 -81 98
39 -71 22
-2 -82 54
-9 53 62
-70 -85 -52
