4967
168 -217 117
158 -53 29
-169 170 287
264 179 6
-125 -22 -145
-229 -6 -6
34 99 -171
-81 254 258
-35 225 19
-230 237 -290
-16 -20 284
289 -160 228
-118 -9 -125
300 294 -232
74 -194 142
178 136 -242
-70 225 -107
-190 -23 -144
-219 -36 207
-291 -158 -239
-273 215 -18
-190 294 -165
243 -242 -252
83 116 -57
-50 -129 -256
-216 220 83
173 -198 -71
-217 -166 -28
-32 -17 -84
-219 -211 -16
40 217 201
29 19 -93
257 -249 90
-51 -208 -54
57 93 228
176 -127 223
97 -295 216
-250 189 257
155 -19 -135
-149 -270 -171
-23 112 -21
255 269 -220
162 -105 201
269 -261 163
43 262 272
-287 50 174
-154 -225 261
224 -39 -229
-81 46 -1
-100 139 34
-224 106 5
-191 -237 -12
-8 46 -180
61 115 249
-134 288 218
-178 -143 -213
-23 -21 -70
-282 281 217
-91 175 19
-256 -296 -5
213 -43 -134
69 6 -295
234 -141 -77
-220 -272 -185
-52 271 218
97 -208 256
-132 17 164
105 -38 131
-136 215 -7
-272 -6 271
-191 68 298
276 -32 -128
145 250 -250
-232 256 -197
185 244 275
-264 -273 16
-136 -158 74
88 -22 181
-84 15 -68
3 -210 -267
192 -161 181
-161 194 -103
193 -130 13
26 -87 -68
-28 184 108
239 151 -18
248 -289 -12
34 198 -276
-291 -28 279
-89 287 -259
-79 215 -293
160 10 48
-186 -10 76
-208 -136 -147
72 126 70
230 -62 -275
-101 244 42
170 80 229
-83 -7 -160
-177 -163 43
46 11 212
182 -3 -29
-70 -163 73
291 -189 295
-262 -38 -99
-264 -42 89
125 103 -134
37 194 -218
235 113 131
157 244 -173
136 196 -117
185 98 -86
-196 210 -47
-233 30 -206
-135 124 179
-184 107 -186
233 -32 103
-170 -137 74
19 -116 -106
88 14 -298
236 -107 167
261 187 -98
53 190 -204
84 86 150
-208 -147 261
73 277 -96
230 36 -236
256 269 47
-19 222 -297
-39 61 -107
146 -240 -30
42 -202 -140
-141 -171 -163
174 -236 186
-3 -294 37
187 118 -137
101 -195 180
-83 32 -257
-39 -103 -188
-60 -21 85
121 -286 214
-4 -273 -144
28 283 280
121 -262 -245
20 65 -295
-213 -177 31
-105 -3 81
24 263 -8
-285 217 -7
-4 -275 230
-233 -201 133
-298 35 -2
237 -201 -203
178 -285 123
253 110 -17
-268 -157 -147
-134 5 -241
224 -136 -229
105 86 -60
274 171 55
-175 -219 -212
-295 265 132
273 282 -285
-151 -252 -47
-34 -99 -120
-57 -124 297
96 -278 -68
-114 -264 -244
-220 -65 -268
168 -103 261
230 -39 84
262 -265 -245
-87 -102 -97
254 -175 30
249 -90 83
178 41 -60
-102 -283 -179
172 -119 -204
-200 -35 74
230 -88 125
190 240 47
-258 213 -214
150 26 52
204 -246 -233
40 102 74
284 -91 -59
105 188 72
-178 -35 75
126 -169 -256
-68 -275 -80
-159 267 -150
-147 -270 256
-227 -11 -1
-224 -297 -65
212 182 -10
59 -211 -42
152 135 291
-289 19 276
-139 260 179
162 49 -85
-99 -56 40
17 -92 266
164 -125 -136
-9 247 180
-265 0 -113
-183 243 -146
206 -75 -46
-255 225 130
-202 298 -294
77 -6 11
-283 289 274
240 -295 75
185 73 82
-5 78 225
-249 -209 -110
-179 124 -212
-112 218 128
-26 -269 75
279 -45 -201
129 -27 -115
-223 243 292
-195 112 -211
288 27 205
-66 -54 -96
-298 -299 -94
-249 99 58
-57 297 -248
126 -152 -16
220 -70 -90
208 18 188
170 197 -111
-237 -210 4
-48 94 -72
-38 -189 85
135 36 -6
-12 203 -222
284 -137 -7
125 206 240
-202 -248 -143
261 277 247
-258 79 -98
-96 -229 117
-2 -140 136
103 -67 277
55 144 -235
-265 -47 -237
-92 100 -204
-172 230 -87
245 63 235
-197 -91 54
218 222 90
-77 -59 258
-157 264 -258
-153 -34 169
-210 -74 -150
-19 -21 242
-76 38 119
-60 250 -235
-294 157 121
262 181 -90
-108 292 -96
62 87 163
37 -257 37
276 200 235
114 -203 -168
-115 -250 -260
-210 48 193
271 -251 88
205 -131 -200
-183 -205 197
-121 151 57
-131 109 106
108 -284 -130
78 133 -258
236 -84 101
-182 87 48
-29 101 -28
-184 -300 32
-177 250 94
-245 -198 -244
3 -206 168
86 5 -288
109 -82 218
-264 -53 -53
-290 -38 189
1 -254 -238
-196 -30 -149
-88 225 27
-291 -231 -69
25 -32 -176
100 274 -59
87 279 -237
-184 -90 -295
224 -144 72
284 -207 -285
220 -114 -252
-202 107 -76
-296 115 273
248 -250 -104
123 176 9
192 264 -214
-94 -220 224
95 116 197
273 53 -81
234 -45 30
-104 -22 136
162 25 -53
-32 283 277
78 151 246
176 -121 -214
-168 283 279
-270 215 -222
77 -261 -37
-264 166 201
-40 255 194
-194 222 245
-98 -284 -43
118 59 11
143 151 291
-97 -82 156
-287 -37 -284
44 98 -29
228 260 131
281 -14 171
-199 -226 217
-164 159 225
-64 85 -185
-280 292 289
-25 -51 300
225 277 104
-53 194 186
257 38 -292
-107 -170 -90
251 136 59
-41 -258 -99
-1 54 -34
-281 114 -129
-192 -262 91
86 33 -296
213 -64 -264
-178 277 107
-152 146 132
18 -126 -4
165 -296 -243
278 -122 -238
-33 -78 115
-97 -37 127
-277 90 -208
148 104 205
-278 259 163
-16 -37 18
195 -218 -147
147 -282 -255
243 -293 -65
-179 103 296
209 56 138
-19 -287 246
151 -11 120
-83 -130 -22
-48 259 233
145 -82 64
96 140 -83
198 128 25
1 -107 -65
220 -126 -101
-109 77 240
-20 124 140
71 -219 -209
-241 -109 295
-107 -120 88
-14 -146 233
103 -225 -228
154 -27 -167
170 95 -34
-207 224 -33
28 254 -56
14 56 -172
-252 54 260
-272 190 288
-212 186 -144
12 -293 -288
72 53 -27
-135 -21 281
155 -26 127
-45 99 -99
-298 46 -48
-112 120 185
141 -261 99
-287 104 -246
-11 191 80
-91 245 168
168 -251 -33
-40 -4 144
246 105 -31
-64 -275 -194
-290 -215 204
62 -225 162
260 3 -108
275 -35 -27
214 -225 166
-260 -222 64
232 39 168
168 -268 171
11 81 -287
-191 -112 -133
-113 -299 -12
251 -278 244
51 -95 34
23 -41 -132
-289 -119 -65
-157 -205 82
158 252 89
-12 207 -14
177 -37 257
227 171 150
-40 130 -73
300 54 -36
-164 -247 -3
29 199 -273
-72 39 24
-4 -187 -100
155 221 -242
-234 -51 -100
-51 -246 -271
-299 -218 201
25 -233 189
-80 -209 90
-295 -51 -115
25 207 -118
-115 137 152
296 -263 96
92 -47 -106
208 267 -291
-281 268 227
103 -104 90
-182 -64 -13
227 184 35
-147 -242 -211
0 -248 -4
31 -63 120
226 -207 72
223 36 73
156 -27 75
83 263 14
214 -69 -238
-196 -143 -9
-269 20 -296
-33 123 -52
-248 114 -271
-111 271 166
100 109 5
-48 -277 288
-206 -166 172
41 231 -78
194 118 -30
62 79 -123
-236 40 119
263 253 290
289 -188 175
-123 -52 -33
-50 215 90
97 -83 -253
4 -22 -37
193 103 174
257 -268 -234
54 -166 -205
-161 164 202
266 -76 125
-184 58 -119
-196 13 -24
132 -288 17
-157 -168 -144
27 64 293
169 78 261
36 269 141
-249 133 9
-37 222 93
13 -60 -20
-100 -202 184
75 -140 -229
280 -71 -82
230 238 -18
274 -245 -214
298 -248 -100
-123 -268 -18
131 -162 -163
-195 -156 -74
-227 -262 110
163 71 14
-154 -230 -198
88 288 140
253 -270 -139
-298 191 167
230 -285 -111
-45 -205 -250
151 175 -18
-137 274 266
198 -209 -275
-238 150 -33
-181 -12 -158
-292 175 -293
-241 119 -121
-148 165 64
67 -138 -72
-174 164 158
51 113 114
27 -123 260
-187 0 129
242 224 -61
262 87 -274
293 293 134
-201 271 224
174 -197 -251
-247 -234 127
-94 -189 111
196 21 100
155 -12 92
62 32 -37
-44 -181 53
255 184 -121
-17 -105 -245
194 -29 267
47 -216 30
-209 211 -33
-225 -181 178
118 -96 101
-203 299 98
-244 20 -212
57 -87 -88
-40 -256 -172
-159 -220 7
13 143 95
-270 201 232
-66 73 -237
-201 112 277
241 -191 86
-161 252 -77
-30 -137 255
-262 -54 -36
-274 -225 -248
-30 51 145
262 -97 -157
20 20 -172
110 -230 -197
156 -264 -161
91 -176 157
-54 -245 -100
92 298 -247
-177 -26 58
69 193 238
99 273 -111
-136 268 -60
100 186 128
-233 -72 58
-197 -245 -224
-48 12 216
-63 -258 282
-91 6 212
-30 -187 -115
-139 89 151
184 150 199
277 -85 272
255 276 120
276 235 127
75 134 65
-268 -127 171
152 -44 79
214 -236 -237
206 99 90
113 290 121
-152 160 186
-248 -152 116
78 58 164
-182 -154 -146
223 -141 125
225 259 -175
-84 -285 -24
22 156 161
-140 128 17
-126 -58 -56
-245 100 -153
-78 -31 -55
157 -284 235
-199 -110 6
282 -84 31
148 -61 199
135 -199 -179
-27 277 120
13 181 -163
-37 14 202
36 -282 -23
-148 -147 -146
-121 10 118
232 -7 199
194 257 159
195 -275 -98
100 -155 179
-207 -170 277
-193 -222 -109
-24 -299 71
70 -137 218
-197 -91 -191
30 238 289
-46 20 199
-217 289 -121
-245 131 38
-137 280 -256
-220 -147 209
236 -89 -60
-265 -159 61
-163 49 -197
-174 175 69
-216 -80 -245
66 -119 287
-87 -206 -197
14 96 287
-122 -28 -152
142 218 78
-184 -124 288
-225 73 -139
-20 145 214
7 -205 -249
299 -13 120
176 -87 -118
-186 -206 199
93 88 -60
194 247 -186
-246 298 -164
-110 23 208
245 -147 -57
-241 -212 242
82 91 -50
-212 286 139
68 101 -300
-284 26 -76
-235 -14 235
-1 5 232
-285 -122 -130
-253 -275 62
123 -145 -145
288 -169 -231
-158 -105 -183
136 -201 105
39 67 97
254 -114 -297
-126 82 117
80 46 22
51 107 204
146 -69 -14
-209 55 -34
-261 91 255
-281 -34 -183
-231 114 -136
-82 -226 6
-64 297 -57
-185 53 -277
271 -72 -175
38 224 -249
-109 -12 -218
124 275 -11
-140 -208 295
59 -65 225
139 213 122
-35 -100 211
-219 75 72
119 -62 117
-225 -255 69
285 87 -215
-136 -2 136
-20 -194 -91
247 128 175
274 213 -40
-50 -58 44
144 166 161
-167 211 -176
66 -275 -264
262 -288 165
260 -194 -208
-172 140 -292
-7 17 274
-49 -45 -194
16 149 90
-170 -275 -193
215 -289 -61
-135 286 -53
50 287 141
-179 -35 28
-232 -66 177
-233 20 -96
144 -9 -177
183 76 248
-207 -36 136
70 -205 44
250 140 -24
66 -113 33
290 -264 -176
-16 148 141
-97 24 117
266 120 -7
-86 -94 186
184 -3 -177
-152 56 -6
65 272 -146
-185 -272 -272
-44 -190 199
-118 150 -63
48 -176 289
-21 287 9
174 27 136
-87 -54 -279
-228 41 45
-58 93 -2
93 15 -54
-243 94 145
251 -184 296
-219 88 32
-60 -148 -127
262 -71 152
34 134 -208
207 127 83
73 -290 -208
-184 149 -46
17 -105 272
-76 -118 247
223 -26 30
-212 -244 273
-96 -281 -232
113 -85 -5
-193 163 -54
-56 229 160
-234 -82 -142
-153 -35 32
-195 -124 263
-12 -226 79
221 78 -147
-152 -277 105
-21 272 -58
-75 156 -17
-61 185 -50
131 -229 3
-238 103 161
282 -50 135
-228 -199 -26
-218 -240 230
-167 300 -190
-87 -58 -172
219 249 256
222 113 -56
-141 145 -60
-109 187 89
-14 -48 -281
-68 25 -223
292 -93 -215
298 -105 12
270 190 21
181 -78 270
23 -257 -109
-52 -213 114
257 -107 220
-295 -273 98
-21 -261 127
14 113 -106
212 187 -158
-144 18 1
281 147 289
202 249 -269
-199 59 -80
289 185 -258
-271 11 196
217 -288 -263
130 70 -132
-56 246 -109
224 136 -42
187 -227 60
-30 -2 -225
-230 94 64
-50 -245 223
99 -239 265
-124 132 -228
72 -244 -48
-172 -27 -283
47 260 92
-265 71 121
58 -128 -74
-75 254 189
212 75 -237
131 -200 -122
-54 -274 -230
-74 85 -134
-283 -9 -142
-24 -62 -28
-152 -18 211
-98 11 66
53 134 32
52 42 -169
-53 27 -127
121 -34 207
-16 -84 164
-167 -195 157
253 -193 -185
87 142 234
-74 125 27
-272 287 83
-96 -80 -70
-148 51 176
0 45 245
288 -43 -142
-145 -224 -63
157 -104 263
-199 126 55
9 160 58
-181 147 95
169 -16 -252
-16 -112 213
264 184 220
119 66 -135
-143 -209 -127
-208 -152 -12
-84 98 1
270 -94 209
-142 27 -160
-241 -43 227
-255 -92 253
178 284 207
-112 207 63
56 -170 0
255 289 -162
125 -149 -110
-282 -289 -250
-73 -185 40
-217 170 -168
27 -114 276
-99 122 -102
-38 287 -146
-148 -76 60
20 247 -126
-49 12 -133
-93 157 -289
282 -280 -119
2 26 -265
-139 -162 25
101 -71 297
-217 -182 -186
-64 127 -244
-146 120 64
-253 -26 -204
184 244 207
-163 201 -112
-107 -79 -186
11 -233 237
127 154 -264
-27 268 208
-93 -31 142
156 177 278
-269 21 161
272 -96 -275
28 -122 62
255 -57 -136
-254 -228 28
-296 -2 4
293 48 159
299 138 286
122 45 238
-155 243 285
-60 276 -118
152 42 -16
-218 -257 -260
7 145 -15
-198 -257 265
229 -286 -217
-205 -58 40
-226 276 -233
28 33 36
-192 -142 -67
101 -45 299
-103 142 154
-44 45 -199
103 -266 260
64 248 -70
245 -151 -52
16 81 264
138 269 80
-133 -14 242
-153 235 218
-282 223 140
-80 -199 -129
295 -12 150
-119 -133 -242
-253 277 -15
91 -64 -154
223 184 -38
-297 -155 -68
115 -120 -61
186 50 27
179 -109 -254
109 -87 102
-76 151 -59
32 -176 154
-205 142 265
-75 199 -83
-111 206 273
265 -187 100
44 -243 -162
-16 77 157
-121 2 72
-15 -2 192
-133 -274 -119
101 158 33
-25 -167 -280
-271 70 -260
214 -122 -255
-221 169 57
278 181 160
231 -93 127
79 30 -141
77 -223 67
-84 283 285
34 40 110
132 -290 124
-287 -46 -260
134 -213 -6
165 -100 67
177 -76 283
-47 229 185
291 -58 -136
291 37 142
-235 -275 -27
107 97 108
-244 196 -277
-168 -119 93
-123 -22 29
210 270 239
-167 -145 -221
122 237 105
-97 294 293
-71 70 184
266 -89 109
264 235 156
-172 -14 129
174 55 -293
-242 115 62
-201 -186 184
93 200 -232
230 -119 -56
-242 -295 -222
-52 -249 173
-163 266 -150
-114 236 142
-220 -131 286
-183 -136 29
-277 -153 -30
-160 146 -67
245 -198 144
184 75 -27
142 286 206
221 -243 271
69 -284 193
279 -126 -168
267 289 259
239 199 -211
-59 248 1
-36 10 -85
-161 -139 164
31 -70 -18
116 -132 -171
-185 200 30
-178 -107 256
-188 74 282
-206 -200 191
-23 296 -284
-37 68 4
-39 -216 284
199 121 216
170 -20 266
-9 120 181
-215 -172 -202
225 228 -161
-184 71 -248
57 -50 40
249 276 -24
64 240 -267
261 157 96
-273 -275 -185
-284 -280 -192
72 -89 -269
93 237 143
82 151 54
-92 89 21
-262 -245 193
211 105 24
-158 -258 -269
233 56 -221
213 94 -160
-253 294 -133
-171 -62 99
-8 62 -95
9 271 108
270 103 36
232 -210 16
-292 12 1
-91 -93 -175
26 240 -15
134 284 60
-26 14 -133
-276 7 -233
42 218 46
62 255 -287
137 -74 -74
115 -10 86
146 -152 -183
-209 30 182
-293 253 255
-197 -177 124
80 -43 80
283 241 -289
239 -126 157
58 -71 -264
243 -106 -189
203 -144 -255
-233 151 -145
-103 -250 -68
286 12 212
190 -224 57
-178 240 -21
-291 -201 -71
-118 132 197
-287 133 60
-60 -275 -56
-84 135 -204
-234 227 -276
270 222 110
-64 80 -48
-65 -28 86
-192 252 203
-235 -190 244
-99 -122 -297
-250 -37 -117
-153 -256 180
-14 -149 -60
24 288 262
-56 290 41
-282 -279 208
20 241 -242
283 -119 -220
-115 274 34
297 114 -161
289 223 -35
205 -42 -100
-111 46 -252
252 297 116
-214 -254 -204
184 59 -268
-10 131 111
-204 -192 31
64 232 75
-107 -46 -197
-271 273 128
41 -199 -258
9 -82 251
-87 224 148
-161 -115 300
-242 83 -131
29 -95 -56
-272 0 -36
-201 156 -243
-47 170 -282
89 -178 -22
222 10 271
105 -272 -204
134 -277 -92
113 -283 185
-150 -88 5
-143 -123 192
-173 82 111
-94 -35 262
-220 217 -194
169 3 -209
-137 217 -69
64 -68 -111
270 -275 -137
153 -51 170
-46 133 137
-255 -271 213
233 31 -104
-35 -75 -78
-233 179 263
140 -186 72
-148 -134 193
85 286 -234
31 0 209
-19 -100 -285
-207 48 -246
244 -165 -109
212 -201 237
203 280 114
281 177 143
82 97 -271
-185 284 -201
-250 -67 -140
-173 210 209
81 -252 -152
228 -46 -19
248 -139 107
-147 -185 -255
137 235 -218
108 142 230
-246 -83 -95
-237 -167 0
-49 58 43
-86 -153 66
287 -189 165
131 -6 175
155 -27 -2
-205 126 -1
275 -180 112
-166 -290 -68
62 76 -123
295 -153 -35
-244 -30 80
216 -178 185
-294 -5 211
45 -26 -69
222 -179 -246
-265 -168 -91
-248 8 -212
-87 -197 -146
0 -196 268
284 244 -237
175 -274 -188
142 94 -110
-280 272 4
252 -267 -114
-22 151 175
-267 81 -123
-77 -194 173
-9 59 197
-139 -269 247
270 -73 -153
-213 106 269
5 -262 160
-227 62 -148
-126 124 -248
-3 -248 -77
120 -286 -188
228 138 -225
222 -75 65
-128 104 -240
40 174 62
-291 85 -190
-248 -99 -201
-84 77 -50
-95 263 152
74 -57 55
-229 -232 -258
133 -114 -89
39 -160 -15
92 -286 235
275 25 -196
-111 -236 -128
53 -51 169
-52 -258 134
-146 -153 24
56 -226 39
-230 -59 10
-226 -161 146
150 -151 212
96 162 224
-29 -258 284
264 -47 -143
-116 -165 -300
32 234 30
-203 -8 -72
-278 -69 -268
102 -55 -98
293 196 -81
33 151 10
-269 -65 145
-146 29 -204
-49 216 48
-47 244 215
-202 -83 63
88 -12 -47
-174 24 3
267 286 231
-67 44 -178
-40 259 159
121 -243 16
195 247 -256
-69 188 -161
-11 -278 -203
-157 238 94
86 -204 35
213 -286 114
-80 -106 -273
84 146 -269
47 269 -273
-1 293 -116
-108 32 284
-111 -226 -157
117 -123 63
140 191 48
-224 126 184
-124 143 -12
-286 295 258
-40 -140 128
280 -108 239
232 -262 -281
175 81 -195
-256 280 -135
-257 238 -265
112 280 -265
293 -148 -80
194 221 9
197 -52 -151
25 -29 149
-261 51 -8
100 290 -160
-278 130 -194
230 38 -173
235 51 220
-51 -106 -179
184 -93 -161
-162 123 211
66 -184 -40
293 -26 263
142 -131 14
-144 13 64
-168 130 131
43 -169 -43
37 -79 213
-282 -31 254
126 274 -148
-167 105 203
92 178 9
69 58 262
-90 197 155
-65 193 -149
-182 -282 -79
-23 -82 36
-25 -176 286
216 -54 -135
192 151 17
-271 -10 20
-194 -186 142
137 146 -120
-58 -67 -137
-205 50 26
205 175 238
-187 -46 120
-110 -114 -54
-43 53 206
289 -279 143
222 -154 59
161 -121 77
-268 288 -201
-166 -159 33
-172 -43 -259
-1 -248 -153
132 115 252
163 212 142
296 -26 26
279 254 -72
-185 21 -252
-248 133 -67
86 -60 162
178 276 206
-5 -72 27
230 107 -139
234 -292 198
28 -136 147
-87 -147 17
-195 236 102
-121 1 97
216 -218 19
206 164 -162
185 -165 -273
238 -119 27
17 -126 28
85 281 163
-281 -293 -92
7 164 249
-152 -265 -60
-103 131 155
54 61 82
-120 154 223
-92 -94 227
-147 -60 263
-3 -83 -170
-14 -182 -54
227 150 -74
48 -39 157
142 268 -296
64 22 -161
-122 -215 -200
-177 -46 -71
-138 119 -250
-140 -115 80
197 140 32
-290 216 157
-29 -283 202
-154 -39 -20
14 -14 -272
-277 258 -296
207 -72 -171
-135 -60 16
-123 -145 68
290 129 184
-171 223 66
-55 160 -242
-192 -4 -300
281 197 -193
95 126 -221
229 -217 -155
276 218 150
99 101 248
-122 -91 63
-57 25 292
6 2 38
292 56 -72
-169 -174 244
63 -33 -94
247 40 295
-231 164 -272
-107 -185 110
252 262 -258
224 283 -269
250 -153 154
28 225 -289
96 106 -287
158 127 29
-234 62 -257
265 -190 242
-65 -200 179
175 -107 -28
-209 -7 -170
263 -33 -9
105 -11 -194
-63 -249 26
-155 -237 286
181 209 -88
-298 -198 -33
-60 -241 -199
276 45 -35
-228 217 46
160 23 89
149 -25 -89
-285 -234 21
-41 -139 -277
-268 6 136
109 178 -217
132 263 -85
-248 -56 -270
-96 -9 -190
269 110 172
-49 -237 39
-123 -104 123
-53 114 -76
292 18 163
-127 -59 50
-102 200 13
274 8 160
55 98 -192
143 87 183
-120 184 -91
243 -79 -207
153 -43 -74
121 229 -290
110 15 70
-295 -211 200
-59 48 243
19 -140 -129
115 -68 -8
-270 212 143
239 -10 -155
243 -222 -80
-240 -162 52
-245 294 151
55 163 -76
215 -101 -279
249 5 273
74 164 60
-292 -91 66
97 96 6
-163 145 287
-268 36 207
151 -199 -68
-31 7 241
2 17 96
240 190 -289
-134 -27 291
138 -168 -51
-49 132 80
54 -119 -161
-172 -46 43
-16 292 -36
-213 -42 -28
-41 -121 -25
98 -52 -259
-299 245 -215
179 25 196
-186 -54 -188
-196 -88 -171
44 -84 -153
49 -193 -140
-190 -169 -49
-167 -294 151
-261 135 -181
24 14 -146
91 -127 -79
177 181 276
78 267 -174
-46 -50 -177
188 19 271
130 119 46
74 -64 102
-139 -189 -250
-237 27 -225
78 -184 -87
178 212 -198
-119 52 8
-78 -263 -78
213 -203 195
-22 -258 228
195 293 -151
-60 -81 252
257 -292 239
-154 -73 -222
-286 195 238
-88 220 -295
217 -166 179
-191 230 -75
289 -109 4
-167 -66 132
-12 -70 289
151 -17 24
-167 132 91
-144 -4 47
-162 182 -165
-204 -156 179
166 -215 191
-299 -283 128
-68 -44 117
221 78 153
155 -62 80
-199 94 -28
-78 42 -264
19 -110 -21
234 -286 -113
294 -28 182
-265 -262 -277
-199 -133 -243
-249 -259 -262
104 -141 50
64 -221 -285
18 -124 224
143 64 -286
226 -164 191
-245 26 226
-98 228 266
127 -57 -199
255 152 274
-3 -37 245
-183 217 -292
-281 153 -233
-19 207 148
9 -46 144
37 221 195
-260 295 194
142 -150 257
156 -100 17
-297 -266 72
-262 -105 190
-148 116 254
-172 39 -282
191 225 -154
118 -202 -260
-51 280 -190
277 26 -104
-235 110 121
-133 -226 148
-189 -30 154
-256 184 180
-269 -117 -182
110 117 -153
-111 15 -278
133 -39 -283
-71 -190 252
270 -41 -130
95 111 -225
281 -190 -269
108 203 13
151 63 -65
-2 134 -10
-66 -221 225
-283 177 -134
258 -31 2
232 44 55
45 247 -82
-284 84 -192
133 80 126
251 -187 128
192 -193 63
37 181 -1
-225 -75 -213
-247 -149 1
-32 259 113
265 -202 -110
238 17 139
88 288 -125
166 -268 168
-180 102 28
-263 -39 93
50 -112 -73
234 -188 290
190 -173 173
-162 70 -235
-253 229 -83
-123 275 -116
118 -127 96
163 -46 -293
-61 -268 -108
49 28 -220
-297 130 -177
-117 18 257
-193 -140 94
200 254 -202
185 -176 -175
-19 -95 75
88 -65 -233
297 -143 25
-190 -5 297
209 117 234
-189 235 -50
-184 34 -46
4 -190 265
98 -157 278
-293 96 -246
122 -239 -271
-111 -202 -166
-97 -241 -47
-200 40 194
-290 -129 -3
-223 216 262
41 -184 -220
-51 -226 196
38 56 242
-258 251 294
-196 295 -190
-86 -298 68
-229 -269 141
255 -180 91
-268 273 -57
-231 -271 -66
-52 -105 180
204 -240 -100
-70 -176 17
62 27 84
140 49 -193
-134 -274 -93
77 213 207
-284 230 -109
42 259 -242
-235 -222 228
-237 29 -217
148 -83 225
-228 273 46
89 -122 -207
-115 155 -149
260 172 261
291 -91 -125
-141 -118 130
-264 -17 29
25 -42 175
-138 145 -298
273 -184 -136
-235 -189 82
19 -159 58
25 -223 -30
-238 234 149
240 11 92
-187 290 117
-23 -146 75
159 -183 -7
208 48 75
249 71 95
-231 39 201
217 3 -267
225 272 -95
-201 -172 -200
-206 -175 -96
-285 234 -21
198 178 -235
-73 188 73
187 -137 87
14 58 130
-7 -159 206
55 297 -228
79 272 -97
131 -50 -266
61 220 -42
-58 -166 -131
-118 -259 -200
50 -82 -239
293 97 29
70 -103 112
-88 246 54
-210 121 -212
-209 105 -168
-46 -113 -135
-119 -115 -34
-38 -157 157
-294 142 -192
-185 -202 -273
168 -59 0
-233 -217 -134
-146 -272 -245
294 -259 73
-202 -161 44
-53 109 285
-279 -21 -26
-14 -118 -115
275 298 -134
237 -184 -95
-261 285 57
-238 -236 133
234 -287 -281
-124 182 -70
-182 -140 127
-21 126 -169
132 255 -110
80 261 37
-249 -41 72
100 -270 -112
98 -24 -165
222 -71 290
-31 -291 70
232 189 7
141 146 -12
155 -127 212
127 183 -219
283 24 -235
-254 1 276
143 297 235
76 222 97
-164 175 121
-180 -17 -48
-271 277 156
-49 151 -23
-22 -199 -218
290 -262 111
220 -60 7
124 -80 -5
127 -23 -179
-64 -193 -65
194 -114 -287
-254 -295 -190
-39 -10 117
-123 17 127
-211 -49 -125
156 -162 -298
-3 255 -162
-222 277 -131
-285 241 136
230 -73 -207
-12 -76 -13
-172 0 115
270 -87 98
138 98 107
-282 115 162
25 58 15
-43 -112 -57
153 -189 62
168 -86 -279
154 -29 -290
63 -59 -37
205 216 -98
118 123 33
279 -300 -238
-145 -216 123
20 -241 126
191 -162 165
-176 236 291
85 257 183
156 28 -263
-280 -44 13
232 244 79
-199 94 219
-45 -194 83
262 -142 -138
149 -254 299
35 -192 239
-114 -276 222
-223 -42 92
-47 -209 -106
-259 -265 23
162 131 209
-231 183 -48
73 14 -118
288 173 296
144 -169 198
267 -73 36
-65 -206 259
49 -11 98
-260 -184 -251
270 -264 134
-208 59 -138
87 300 -30
148 3 113
1 -1 -103
-265 288 -14
180 -56 -53
131 -101 -185
263 137 -292
-12 174 168
268 166 227
-178 3 -215
-27 198 -224
1 -252 -92
127 -291 -276
260 185 -126
19 -44 46
-168 -145 -237
-265 268 285
21 159 -178
298 -12 -280
-188 -147 103
212 -138 50
213 164 -293
-45 22 -32
-13 -59 50
180 178 70
103 246 -65
216 -233 206
-261 -249 213
-258 -22 -148
-2 -44 176
25 -48 -26
204 -89 -67
230 -169 178
-166 45 244
43 47 107
73 167 7
-44 -227 256
-152 288 125
27 54 -87
219 233 -85
115 -1 294
82 -138 -163
-158 246 -228
19 -288 222
8 131 55
-93 -267 -157
-86 74 -12
-111 23 56
-238 123 281
192 286 -187
13 299 10
-212 -271 -157
0 290 -202
-179 -272 -76
217 -63 -120
-247 -85 -267
216 65 -108
-87 -271 43
-207 -285 230
-22 200 -235
65 289 -149
269 39 189
-70 267 -155
107 -287 -109
-21 -260 289
70 -45 -221
106 -234 201
157 -193 207
-39 162 -198
-283 186 116
-209 -54 -37
-240 224 25
-160 -269 -55
270 52 -190
245 191 -82
88 262 195
-168 -41 -80
-283 -95 82
266 165 -199
-190 149 293
-58 -193 -105
10 284 -116
218 116 -235
288 256 133
0 -98 266
10 -251 98
-209 -194 93
51 273 -52
-14 -193 -91
-28 -254 -15
-53 190 -188
-217 85 283
-232 -105 285
175 85 56
-25 -189 176
-236 70 76
152 22 42
-163 192 138
87 241 -211
28 -153 115
-125 175 86
282 107 241
142 -159 226
259 188 -105
256 -180 92
196 -44 -260
227 -228 -152
152 295 -187
111 -197 -8
206 -260 291
204 -197 144
298 -78 68
259 178 -288
193 -60 -39
-228 -67 223
113 260 284
-43 -110 116
166 -268 140
59 -185 -228
-90 276 56
-138 55 291
129 182 238
100 137 244
70 -177 158
-67 -46 183
261 -61 -197
-265 -158 242
-29 34 131
-288 106 -17
-1 -155 -244
142 -25 230
-296 291 209
285 -232 -256
-228 -71 246
4 -173 -7
18 -152 -95
-146 147 277
205 100 9
-161 157 -281
73 229 7
10 192 210
-103 190 251
136 219 -12
-293 11 154
143 21 220
107 209 135
35 -53 116
204 -31 -160
-113 -92 100
-47 48 -16
25 228 172
92 233 278
163 37 106
235 -38 30
-247 91 7
-215 23 -159
74 -268 -282
286 15 99
-54 -241 197
256 -232 -293
-106 68 -187
-211 75 -274
-64 7 74
8 220 291
-49 199 -53
-259 -132 268
168 -120 -79
-107 192 296
44 -46 121
57 77 122
46 114 60
120 198 9
159 132 -212
119 -148 157
-80 -296 -278
-297 -244 -105
119 -154 10
-265 -149 160
160 61 -214
-217 68 175
-36 75 131
-74 294 -228
286 46 48
13 -130 -57
235 -88 -188
-143 -3 117
165 -35 -64
-185 24 248
-213 156 293
36 -34 -215
-79 -257 -159
-3 152 64
175 -276 -271
-18 -80 120
-51 163 -224
288 -235 72
218 -198 77
-79 15 258
-259 -15 47
238 -204 -192
41 47 135
-3 -101 -110
51 -4 267
-11 3 288
-185 -149 188
-255 -152 267
66 -169 -171
-113 -273 -139
232 -41 -152
-209 -174 -148
-162 -35 168
-51 -166 -61
-149 211 168
258 -92 19
7 -199 -204
207 76 -33
-279 -179 -241
-236 -173 -220
-6 286 250
251 144 -63
18 -5 141
-251 -274 64
-72 -210 -69
249 115 0
255 -36 -137
-228 -230 -77
-190 279 115
-31 232 75
80 -202 285
212 248 251
-17 16 -3
-64 -201 -205
-277 124 -101
-192 -288 71
-272 -204 -154
-180 -73 -10
-178 -222 -287
265 -219 298
185 -238 268
124 56 7
-64 88 -3
191 -300 191
111 -183 12
-203 255 65
-163 239 -255
-215 43 161
-141 -265 140
-14 -85 243
-16 -158 -129
77 94 297
179 162 16
175 90 -217
-267 -71 -230
-31 -146 -267
77 -193 275
-65 7 -1
277 -46 -296
-198 279 129
-228 200 35
245 150 89
-15 185 179
-277 19 2
-254 132 83
273 85 285
-223 40 -245
-63 102 -69
-4 232 207
33 24 -99
44 201 276
143 20 -10
140 -57 -4
-194 -261 149
-125 106 117
-219 97 35
-242 -126 -154
-258 240 -122
-154 165 231
-69 -27 -52
7 -188 213
-126 -51 79
-29 -295 -35
160 112 -140
10 -126 -56
143 285 -140
-183 193 -272
-88 -58 -83
-90 -7 -195
-76 -253 -143
-83 256 -96
-179 -175 -104
-177 -44 109
147 217 -119
36 -268 45
104 157 -228
225 112 -190
121 -258 163
161 -220 -231
-154 -34 85
-169 -14 136
-184 -71 276
168 -107 -56
229 -81 -20
-54 220 -290
-5 -46 -138
-293 2 285
-34 -112 277
63 -154 126
5 200 -295
-250 111 11
-61 72 174
296 249 160
-218 256 -81
240 -95 76
-159 75 130
-265 278 -171
251 -244 -264
174 19 42
-128 248 -225
-50 232 56
-144 -34 -142
19 -41 -280
71 271 276
107 274 -153
95 -149 42
-29 262 148
-268 272 -25
212 37 -285
256 223 2
-218 145 249
200 -297 93
100 243 184
-46 -194 -74
-153 -279 -55
-94 280 -189
172 277 66
-118 -235 -129
-159 291 206
-175 -16 -94
64 -193 38
-114 111 -253
178 274 -87
-257 -91 86
121 -42 14
48 -224 -148
-132 -221 -196
-94 -162 -115
40 -273 71
-232 149 -129
266 248 -149
149 180 288
-225 229 -183
-25 -176 237
123 243 -103
-115 192 163
99 -264 -168
-102 28 172
223 182 -250
25 -287 -281
50 266 -72
284 -90 283
263 32 -239
254 -209 67
208 -167 -105
26 188 177
281 -195 -227
151 -244 -214
-116 153 -142
127 -212 -65
-210 299 -160
197 187 -272
48 226 262
-11 -29 -251
-60 -175 -30
-102 -25 -114
137 275 71
-162 -197 49
-35 -109 291
131 96 -120
-41 12 40
-93 -72 -161
212 127 -27
258 -28 -223
-35 293 297
-288 108 152
6 240 -110
1 173 -180
-80 -48 143
179 -15 -77
22 -106 206
296 -140 -79
54 -183 -222
78 133 -1
280 -67 -1
124 -4 36
-144 248 -89
-106 1 -211
-99 -75 -21
133 255 91
-189 -112 191
229 206 260
-285 268 -192
181 238 266
-231 213 -19
-147 116 158
231 34 36
250 97 49
25 -197 109
-269 106 24
-177 -6 24
-19 -77 239
-30 104 271
-270 -85 43
-7 279 -150
-221 -224 -148
-115 -83 110
23 24 89
158 -11 200
-69 -254 -84
143 -60 -131
281 -285 -240
-25 -255 192
-238 192 -89
226 -80 -231
242 -78 -144
-227 181 202
-299 -277 -78
-285 -15 -40
-216 -100 161
252 -218 292
126 228 -1
-182 -114 157
-20 173 -150
-159 -109 277
127 -270 -174
-22 99 12
14 65 -139
-133 18 -103
72 44 96
-26 -256 -88
181 1 -178
-140 164 226
-6 200 176
198 68 -241
0 -37 -204
-225 171 105
257 212 110
210 224 -284
-198 67 -295
165 297 -188
-141 -237 -260
171 145 -261
-192 9 -23
174 -111 166
42 -43 -242
-161 -166 -231
293 -299 249
201 257 195
156 131 -189
173 -57 -252
183 -48 -136
-172 -160 -262
-194 -159 222
-198 112 139
-166 -197 -277
230 252 -174
-219 29 -202
113 -202 -53
-143 -134 232
217 238 -83
128 116 191
-2 253 -144
9 210 180
219 -246 200
140 284 -253
-262 -232 -271
161 -27 -261
279 258 -179
-264 -77 226
206 124 -114
-275 -121 -268
-72 -145 5
97 163 250
57 -227 227
-179 188 112
45 133 -43
-288 -298 -272
30 0 -50
293 -267 49
-76 20 -164
-216 -241 188
-56 295 -193
-183 -170 -137
-170 5 232
-170 -223 -80
-62 -256 121
83 -231 -209
143 255 -282
-295 23 -233
-222 98 -174
-173 -126 -227
144 270 176
296 -231 -261
171 114 262
-47 -106 184
-191 42 -5
51 69 -269
255 -52 -212
-280 -289 -287
267 -175 180
283 279 -151
-64 -133 263
-180 -6 240
32 -149 91
-201 231 -214
112 -240 278
-161 232 94
45 269 250
-55 131 -252
-128 246 251
-66 93 214
-266 -295 -154
-48 -295 -90
99 -235 58
6 -282 -155
79 247 -130
155 -48 234
222 -17 276
133 -8 51
-157 -115 122
53 74 -157
118 -247 -288
-299 279 146
-282 -289 207
157 31 -231
158 135 12
201 -287 -184
-203 57 -228
-36 200 -295
28 -237 259
257 157 -239
18 99 221
126 -165 -185
81 -72 37
-230 278 75
161 113 -69
56 18 228
23 285 118
286 35 -227
297 -258 -261
300 -177 -275
-250 268 -32
185 170 233
170 -171 136
45 -184 -144
-101 -248 -295
-229 216 65
31 -136 31
-91 -210 -134
212 -252 -121
204 -281 18
-86 0 169
-297 -235 26
-89 -53 212
-200 -6 -218
279 -128 113
161 -55 45
118 256 13
-113 -167 -144
250 -93 -80
-173 -238 279
267 -143 -122
-13 -17 -66
231 167 -23
188 -283 6
56 196 95
-171 36 211
236 -155 254
-219 -199 148
41 -121 187
7 78 246
-35 -264 54
-160 -218 -131
26 237 183
-1 106 161
190 35 -35
239 54 -99
-154 259 112
-295 121 -134
227 150 -16
95 -71 -201
-221 72 -185
54 266 37
103 -295 233
7 274 112
295 -62 -88
189 43 -7
283 121 37
255 65 109
-171 134 -1
173 26 276
239 -159 -159
-239 -222 -149
-50 -290 -100
261 -236 -139
-16 239 -72
-89 -290 136
-300 -294 150
9 -285 276
82 75 -178
42 -238 259
-188 -139 -35
-216 251 264
162 266 -27
290 -106 -121
-170 44 22
225 -180 -111
172 -54 267
51 257 -128
-109 249 -97
160 111 -287
-291 186 43
224 230 175
285 -77 23
-285 -127 -47
-98 72 -133
-171 247 -178
-202 -10 156
53 -288 233
-171 -162 -138
103 -18 96
-214 -197 -210
267 -282 37
-33 -262 263
-128 286 -151
-64 33 -55
155 147 95
267 35 184
-284 -106 168
-259 179 -146
8 -44 -116
263 114 138
-212 -236 36
90 229 -184
-9 -139 196
-182 214 -169
245 -216 269
-279 -138 -287
283 136 -110
-58 153 -39
265 222 -190
201 57 290
-243 -183 -235
125 -165 -174
-152 140 -192
-234 -260 109
-226 230 89
-146 -179 250
-68 -151 85
-149 10 -249
121 -153 -29
-191 -268 -6
-229 168 243
93 -141 -89
6 227 224
-46 284 59
130 217 -74
294 238 145
-17 -185 -107
-138 53 269
102 82 -239
-260 -37 -208
-263 83 91
-157 34 22
-296 -289 -189
8 -187 -29
-135 27 98
107 -234 -281
178 55 261
86 -233 212
96 -102 27
-277 189 -215
164 -168 -268
-269 33 200
2 -10 91
-108 -30 -148
-189 -123 67
-106 260 194
1 120 55
220 96 4
20 -300 -87
149 213 -101
-27 -126 -119
-102 146 -137
80 209 -67
229 260 71
148 -172 -154
29 258 -179
-272 -45 240
-245 154 -78
284 -193 -289
-123 -28 -273
-145 -82 -165
-187 210 109
95 -76 255
62 -279 -127
285 -34 -124
160 169 185
219 66 -252
44 -23 0
-246 -212 -55
49 -66 -288
-238 -74 86
-26 -185 160
-179 103 -243
-139 220 -224
-160 -178 -293
177 -293 -184
-33 38 -25
-54 -50 139
-58 190 161
10 -212 -193
80 164 -45
-60 197 -44
178 -102 -131
60 -44 85
251 90 89
273 294 -276
245 204 240
69 -10 218
111 -248 24
-259 92 -68
-256 -89 -258
-228 77 234
175 1 -219
195 -78 -284
139 159 36
-186 -23 -83
195 165 229
290 90 43
250 -165 90
20 -138 145
7 247 78
-129 -77 -89
-287 286 -8
142 -223 -219
188 90 161
-60 -43 148
194 -215 51
-66 97 74
-190 90 57
97 213 -199
54 22 -192
224 60 -232
216 282 281
278 -155 273
-265 282 153
-122 275 270
-235 77 235
51 -110 18
-194 -224 275
-113 -274 -58
-24 -103 -111
-92 -256 -22
169 282 8
-100 5 -112
93 51 291
91 -224 -170
-173 -52 -92
226 249 206
-187 5 -54
294 51 297
-291 32 248
58 -191 -144
91 -204 -63
106 -77 -170
88 -93 37
-94 -148 -142
276 -119 147
192 -193 -145
-53 34 -19
295 -165 261
-70 36 151
41 164 70
-196 61 191
-1 -145 -221
-17 151 -300
38 42 -32
118 -41 -284
-298 -84 -156
-18 -252 -121
13 -276 -217
41 23 -51
252 -21 -219
43 -41 -155
295 -279 43
-43 -185 -122
-93 224 163
-48 275 290
-24 229 201
62 83 -92
-107 207 241
230 166 117
-152 4 168
-236 -2 212
-109 67 -7
249 -180 -112
-63 222 -278
-299 73 -186
-31 -102 138
293 -29 87
-163 112 -22
43 258 -44
76 224 257
-15 -28 59
-105 -299 267
227 -51 -269
-288 -152 -101
219 236 -116
-284 -46 -298
49 -38 27
285 285 167
-158 -41 -183
178 44 -218
-271 250 -213
128 -284 123
-149 268 29
-285 -150 -65
128 102 -236
-273 11 289
-194 -49 108
-262 -199 93
-54 292 -128
290 -167 -260
-177 -210 -132
-102 219 215
-96 -88 92
-112 61 183
-102 254 -294
-63 205 -134
-162 37 287
-276 -91 28
-68 12 232
-158 -4 77
-128 164 -259
-273 -6 -58
67 -9 133
99 -179 -197
271 -7 72
111 108 -106
-263 203 106
147 198 -164
-9 142 14
-64 -9 -162
-120 167 -137
-187 287 -58
-174 -299 56
194 -251 -288
19 -91 225
98 220 91
-281 -55 -164
66 142 -257
-93 228 -225
163 136 182
153 5 -261
67 -283 -162
211 -200 30
-115 280 156
105 66 190
237 -255 106
-224 227 -257
280 15 -246
240 -221 160
-151 -186 6
-135 21 179
7 143 215
104 -202 -184
184 46 135
-240 203 45
42 -5 161
223 -111 -122
102 -118 -289
-146 -265 -291
-88 280 -55
-95 12 288
21 -132 172
-219 6 197
33 85 196
77 49 -147
165 -186 74
165 175 -101
-295 3 197
-167 194 97
238 -129 137
29 -47 259
112 268 -285
-190 -152 -219
-227 285 -24
267 -95 268
-51 165 -102
-292 -108 -155
-129 57 -53
-80 192 19
268 -99 185
-300 -175 -179
246 227 -71
45 -25 277
292 -111 249
-255 243 -199
-254 4 51
185 36 59
-200 183 -269
-5 129 -204
284 248 300
268 -277 210
126 -113 119
102 274 -100
-191 -290 -161
241 126 85
269 -154 -251
-42 259 -244
-208 -60 145
-248 -40 -142
67 110 132
-192 262 -172
242 124 -91
93 -232 208
270 -84 -33
65 18 -52
187 -144 -138
40 -15 247
275 229 -95
-87 34 -260
-14 -197 -15
-54 167 6
163 97 173
-218 73 -200
-25 -55 -299
-71 235 271
-214 212 0
-48 272 240
-171 198 104
155 37 20
-114 148 223
189 199 9
27 129 160
156 236 15
248 110 -119
141 43 -188
25 -61 287
9 -117 -25
-297 80 -138
-230 141 95
19 209 -19
194 -174 -199
182 -168 234
31 -26 34
-68 -155 -133
-206 -114 -228
262 -122 180
272 108 -21
241 -161 21
-269 102 -283
226 -261 135
252 -111 -100
-243 265 278
-31 113 -250
-245 85 -60
208 250 -291
-167 108 -104
138 43 -57
-1 228 109
250 -102 280
177 101 184
86 62 94
215 94 -208
-143 -246 -238
229 -248 -36
98 152 -242
-178 143 0
-167 -57 132
-121 21 164
-85 -187 290
172 20 10
196 108 78
-19 158 -184
108 -32 235
-215 -95 281
-3 242 82
274 -111 -8
-49 158 222
119 295 -253
36 107 285
296 219 -242
94 -267 -94
-13 -168 246
279 37 -263
71 232 286
107 246 -209
99 294 19
-187 49 -240
-138 -116 250
243 -126 -105
-196 -77 268
172 65 -283
-194 -70 -226
-278 -119 -150
-188 -46 -295
82 -278 279
-59 -263 260
78 -19 129
-228 177 -165
28 -100 -66
269 290 224
-230 230 -252
171 190 -149
-179 107 -169
-240 -222 -128
-93 222 156
-67 267 -66
-265 -192 170
251 268 185
-284 -137 270
298 -138 158
172 -192 -189
-294 -161 -163
-288 -68 -9
254 6 234
-216 108 -79
-86 253 -8
46 49 -261
-148 298 -280
123 238 -174
123 -100 145
-229 -281 160
-96 -16 199
-4 -244 229
286 128 -259
97 -138 95
-44 -187 252
99 -113 -51
119 118 88
-39 -234 173
2 252 -208
-85 -55 -132
-255 129 243
34 74 184
3 105 -126
-71 147 -65
-258 295 91
-146 252 -139
247 150 -211
-69 -23 -225
-55 137 220
-249 90 -146
-206 63 -222
-259 -255 74
-104 -41 145
-21 -54 -194
-282 -223 -242
241 -296 212
240 -14 172
212 229 -58
219 172 -292
-69 -298 -11
-109 263 -142
-25 261 141
282 34 -50
-266 -239 122
53 282 157
-202 -206 73
-300 -238 91
144 -283 -30
-104 84 74
-276 68 -226
-266 197 -86
-77 -220 -80
-108 230 -97
-293 211 -16
166 -266 -85
206 286 57
212 252 -203
-119 249 236
296 -128 71
-42 -158 -168
-114 232 -218
-13 -276 -245
133 -174 -88
-283 186 -45
-212 70 -242
-133 215 113
-56 133 217
-292 187 67
112 -5 -196
295 -274 -208
23 -106 -195
-164 -203 -230
-29 -27 -189
-214 102 137
-52 244 49
241 -228 214
194 -283 286
-168 65 43
50 -166 -154
126 218 -252
-47 -116 -102
-108 24 -23
90 95 53
-84 204 259
-223 101 -26
-291 11 212
104 -251 -274
239 -255 -188
-202 -42 150
-299 -48 118
248 226 7
8 -235 223
-232 -298 216
-66 174 -211
-38 164 45
-217 18 -224
-119 136 -213
-202 117 283
189 111 211
46 -243 239
-291 -36 8
-181 -173 -165
-154 -71 -238
16 -21 66
-177 288 209
-48 94 -279
-27 -243 298
230 272 32
230 52 286
73 -9 260
20 23 235
-213 285 202
-241 -230 -1
-38 -288 -79
-125 -206 -110
144 -279 277
29 -256 -28
-237 -181 215
11 55 269
-160 -131 136
284 -191 8
-212 241 -76
29 -78 96
-294 -258 89
5 -104 -221
-134 -129 22
-105 -12 -228
-156 201 189
-217 -89 188
-131 56 -116
30 18 84
17 252 93
-153 189 -177
-227 -4 122
-160 -44 256
243 136 68
192 -231 -41
15 66 255
229 58 -146
-40 -202 11
47 -253 -222
268 -153 -146
-292 259 -264
-86 -200 -161
121 151 123
-45 -22 248
294 199 155
25 222 -172
-77 290 -196
-26 93 282
-239 227 -53
271 -290 211
-253 143 69
113 -70 95
-52 -149 212
-88 132 -214
289 293 -52
-245 -255 212
130 -242 -45
-128 -249 -190
127 -31 83
-87 204 -299
281 -19 -151
-91 -19 -264
-206 -213 -36
291 94 187
270 -127 -221
-11 -203 -267
167 -111 -241
4 104 -138
134 102 -148
-131 -76 285
-129 216 -258
-153 -236 -270
123 273 -100
-134 -232 260
-235 83 210
-95 163 156
55 28 66
-120 -168 185
-237 126 -104
33 -277 171
-182 0 -40
191 -97 82
138 223 -111
41 -221 -222
-24 284 -118
-224 189 -189
265 10 246
148 179 -111
94 200 51
-284 87 280
26 6 221
-44 284 -223
-17 176 -230
156 -20 -208
294 12 132
-189 -190 -106
-96 165 236
214 -8 24
126 110 -91
85 206 242
-128 -159 19
83 3 184
-290 292 3
-247 293 102
-85 259 -182
81 -105 -28
-116 -92 -82
-113 197 -1
-299 36 71
-34 -243 -270
-35 191 -283
-100 79 290
59 -160 11
179 211 256
-97 -261 156
260 -289 -25
-135 200 -269
-23 -177 237
-80 87 -298
-190 -260 119
-192 -96 8
-157 299 -196
134 -208 -64
235 75 249
-133 108 -106
184 -35 -17
149 100 -165
-254 -246 165
177 -141 281
72 276 -170
-131 2 -172
-279 9 -13
242 90 60
-253 85 -299
-294 136 -164
-168 -295 -190
183 -136 156
131 -198 280
-147 12 -101
-124 -104 -58
-39 190 204
124 -248 246
12 125 120
26 211 -179
-116 239 -58
88 -39 -279
-202 -57 299
-138 138 298
35 65 96
-292 -248 1
44 126 -290
-90 232 130
-91 224 -219
254 70 -182
-58 252 18
19 4 -128
-97 289 -85
52 -229 93
107 34 -34
172 60 -59
277 -191 204
-193 -300 268
198 285 56
251 180 -276
198 -128 132
-117 193 -143
-221 205 -97
-126 -201 19
246 90 -173
-141 30 20
141 -75 30
-45 68 -63
115 114 -285
-269 157 199
250 -288 66
-171 -69 -211
147 238 12
-171 -261 116
-179 -250 -84
16 239 280
181 -15 -219
-257 -34 176
207 -158 219
67 -231 215
-29 189 80
-187 137 -63
18 -154 -79
-281 175 285
178 -252 -153
99 293 97
-143 -6 -274
113 -120 -168
27 35 257
-190 -267 92
191 -287 158
192 293 19
165 -169 -256
-81 -212 282
-173 228 -221
-2 157 -175
1 -279 266
-81 -142 290
54 -76 191
56 -139 -53
-143 -135 70
95 36 23
191 49 37
-294 241 189
-291 -174 -207
0 93 -41
178 101 -232
208 -119 143
5 -89 153
-207 35 135
221 -83 142
-55 0 -134
223 14 202
26 236 180
-223 228 16
216 -47 -63
-286 5 67
-105 -254 278
239 -186 268
195 -206 205
282 47 287
-193 287 56
187 269 148
-270 274 -222
278 151 -69
159 -18 -191
-259 -219 143
-38 -300 298
51 -206 -32
80 -31 84
190 -242 18
231 -211 -198
-206 31 285
-58 255 206
184 178 -70
178 204 92
134 -232 53
128 -263 -72
-269 34 84
-178 -284 202
101 -30 -200
-149 105 141
223 245 -70
-276 -248 59
-253 191 44
-77 250 -167
69 40 278
-47 -217 65
-61 -255 -206
164 -291 162
72 -299 -243
163 -183 -256
-26 151 -245
-222 -186 -70
-270 -155 288
-285 -127 165
10 292 -46
-102 -84 -80
-247 -226 281
-200 -231 -249
-245 162 -185
-87 -268 21
-280 225 -187
-229 271 -223
-128 4 -76
155 253 -97
42 199 -208
-266 -179 227
5 -48 -99
13 -34 -76
98 34 -151
253 -277 -49
260 -188 193
-147 8 270
-11 -272 -64
-124 -227 -289
-271 -122 240
-180 -188 -278
-260 205 -198
235 -245 274
133 291 80
169 34 205
75 252 -31
-184 -10 188
-80 251 29
-137 96 -195
-279 143 296
220 90 257
-106 271 125
241 218 96
-232 -290 132
274 -234 -130
-88 75 230
130 67 19
-102 208 -116
-203 262 176
183 235 28
-218 53 151
-127 -196 -94
5 119 -233
-28 139 156
213 123 206
-286 -268 -14
123 -6 -6
-205 -199 54
33 258 -208
267 -129 -206
230 170 161
108 178 -294
-286 -220 87
269 -128 -77
56 198 -15
33 -160 -144
224 -239 249
-114 34 -117
-201 100 -175
-228 194 -297
298 -113 -261
-252 254 114
111 272 252
154 -167 -267
-123 167 246
-206 88 -19
207 142 33
-6 73 297
32 -84 71
4 -149 -95
147 116 -210
287 63 -52
240 5 -91
179 -59 77
189 -103 201
182 -127 -161
150 -212 -29
-240 -76 -7
61 78 38
129 -172 149
226 -259 235
-34 -269 155
-246 -51 -141
-108 182 232
-75 219 5
-165 222 -243
190 -192 264
-187 168 -128
281 142 -155
157 69 30
207 -266 125
209 -177 20
129 -104 289
27 212 -89
-194 -131 -69
118 -287 -133
289 -52 207
-297 -212 -87
237 103 -174
298 -242 -184
-250 -276 16
-168 145 -286
268 111 -190
289 137 238
150 27 -241
-100 204 149
-232 220 287
-194 -212 171
-117 7 100
-147 -255 123
-124 80 299
-73 -19 151
-192 -283 286
-288 -130 71
-264 163 181
241 73 168
91 -199 190
158 -173 -292
175 11 18
-150 32 135
-241 103 -279
-228 199 152
86 -229 114
-270 -291 234
-204 -131 -74
-16 208 -195
-227 0 65
106 103 -20
150 -155 -207
84 198 -162
-47 112 50
-168 204 196
-185 -53 -298
267 -227 -95
-37 -273 -17
-14 -63 177
-250 228 235
-57 233 -27
24 -223 78
103 218 -81
297 -197 -234
83 -216 -43
49 296 136
205 -212 -49
-277 -68 -254
-149 195 -95
172 116 98
202 -166 -299
129 -82 12
-13 -98 189
151 238 296
-287 250 189
48 232 232
-119 162 221
158 57 58
-180 -30 -228
-27 -174 222
-139 51 -274
-84 -223 -291
-107 55 172
-60 35 -282
-112 -116 -60
205 -161 -149
134 -291 -189
3 -209 -229
251 57 211
-61 -46 271
225 -173 0
140 -258 -295
-30 112 182
-64 -92 -65
-105 -108 14
86 24 -169
266 42 -165
24 229 106
-292 -169 178
-47 -224 259
-160 234 34
-43 -163 260
-101 -290 -278
131 -203 -270
-211 -139 -30
-48 150 -267
73 -61 241
108 74 296
-257 224 -235
-277 283 -220
-62 220 -130
282 -98 280
88 186 191
-52 -144 -202
-182 -258 71
62 200 -116
-65 43 -19
-283 257 281
257 228 -160
291 -200 -113
160 184 -294
-75 -175 86
-261 -266 -20
220 -11 -180
232 162 -258
143 102 96
29 283 -33
97 170 -9
268 65 138
-115 -146 153
-55 38 104
203 -207 126
300 -181 208
174 -300 129
281 -155 -117
-114 281 -16
265 126 130
-259 125 283
26 103 -288
-207 -37 -116
231 0 -258
218 -260 -113
47 -101 134
-18 -44 -223
-42 20 -249
125 -51 69
-122 -185 291
-33 252 212
102 136 -71
-204 84 -159
285 287 40
-223 -95 196
288 -117 -51
106 -142 97
-216 -164 219
281 44 -176
152 249 -147
68 160 -200
-157 -215 18
-284 -251 -230
-23 206 -60
-206 -86 -208
-207 298 227
-221 147 -90
199 -17 37
-245 2 169
139 -148 -43
183 278 217
-69 181 -90
-35 45 10
27 232 -84
-234 -45 -104
180 24 -129
48 -268 -243
-267 -85 119
175 77 -192
17 256 -60
-261 -147 249
298 -111 -160
-82 -145 257
-73 167 -201
171 144 -101
-28 -45 49
-133 138 68
-33 61 -207
-84 230 256
141 188 290
267 58 -210
288 -58 208
-190 -103 -235
82 -201 -83
51 127 -77
178 92 276
4 -57 -225
287 199 98
186 239 262
-81 -204 -104
38 -97 164
19 -86 -104
-194 -253 -200
-124 180 -275
-22 -83 -88
298 -154 254
-255 -195 183
-145 123 118
-211 -149 -190
128 264 215
89 -213 -12
38 -221 -75
172 -114 29
-165 -124 -182
-48 102 -181
147 298 -286
263 96 203
78 -113 261
227 200 -222
-158 -13 54
-180 -239 -48
47 -22 -199
115 -16 293
240 245 208
19 176 228
-32 199 -15
137 -133 124
123 -171 278
24 71 -179
242 188 8
278 -104 151
-109 -265 99
-259 6 189
-255 24 -260
-63 -35 293
219 -203 -152
-207 -53 -191
-193 193 18
221 -140 -286
3 179 -21
68 -167 160
-117 160 85
286 269 -181
250 -205 245
61 224 75
99 91 84
280 216 50
145 93 -275
20 6 -75
39 -108 49
-274 -224 92
65 -186 192
-217 -63 -281
216 -14 193
79 -167 80
213 -50 191
134 138 47
-125 295 185
-151 271 38
-171 -65 37
-37 -267 168
18 129 33
247 9 299
-188 16 6
-135 -267 -32
11 14 125
-197 -45 -96
-211 139 82
-241 -267 96
-227 -98 -43
-152 -23 -84
-225 -158 254
4 99 -141
216 36 63
-141 -299 110
-12 -298 219
154 266 -289
-116 267 95
-169 -200 -44
-271 88 -231
-8 53 -252
185 0 136
52 34 164
-211 -159 125
-264 137 281
67 21 -250
242 120 102
-282 247 291
230 -63 -206
-109 -203 -114
253 227 67
-92 209 -178
111 -273 268
194 179 -39
-112 20 123
74 -100 -198
-290 -65 152
41 -240 222
-93 -265 -58
-194 -132 245
190 -56 -53
-215 -286 61
-41 -136 213
133 150 2
-214 131 -106
-295 -170 -106
-71 77 -247
-78 -233 -194
-206 285 257
205 -197 83
182 -157 44
-40 -295 -158
-32 37 130
106 -34 38
4 25 -267
178 16 164
-169 259 -275
78 8 -171
-25 61 143
-298 -54 121
-64 258 -52
-184 58 -148
-242 146 -128
289 216 268
-102 -87 84
145 -191 -140
-174 -291 178
192 264 41
-88 189 -96
-190 -46 96
-161 45 206
73 71 -104
-249 106 -290
296 -166 -219
75 144 65
96 -184 295
-8 204 -199
133 33 -265
-206 52 22
86 195 -273
-124 16 95
186 227 104
256 159 -39
-146 241 -177
-121 204 214
228 -34 60
144 45 249
-73 -97 223
-160 -82 -163
246 101 228
239 -22 -34
208 -297 -135
-102 -59 -77
291 129 -94
-219 129 58
-9 -61 -56
-93 286 155
94 166 -55
139 -238 56
-7 -175 53
-172 -31 -163
100 -175 290
150 -259 -20
-264 170 116
-150 206 293
-283 199 -214
242 240 146
-290 108 -248
204 45 105
-136 -149 -120
-246 -88 -66
286 -148 -97
-80 167 -282
3 -273 97
-207 263 -282
-119 -64 -128
-91 -172 -53
-194 230 79
-185 52 -187
4 202 94
-16 -218 20
-175 116 -170
24 -40 -168
-15 175 40
71 -119 171
266 -200 283
-254 -51 -114
254 -253 -176
29 -1 153
-225 -112 136
-203 144 -99
141 -197 218
192 -103 157
61 -241 110
-179 -127 208
-29 -80 215
-78 160 -161
-121 -72 57
-293 1 -280
-245 242 198
-164 102 180
-190 42 -233
156 3 232
-189 -68 -275
232 171 129
58 222 128
-269 275 -89
-279 -145 18
83 155 -291
-235 -23 -82
239 -258 277
-70 241 168
-113 50 232
-283 169 70
-142 43 59
-12 -209 -119
-101 41 -273
-284 -133 279
186 177 227
-147 -15 26
105 -290 -109
-156 227 121
228 170 -129
109 -63 -185
253 9 -105
-129 -225 136
295 -159 -293
278 -226 -276
-111 -155 257
240 -291 -291
-255 226 219
-171 54 283
-237 247 136
-212 275 -244
111 -290 233
-156 -161 -47
264 180 290
-198 105 -192
65 -19 80
297 -270 -64
243 278 -192
99 -160 189
4 167 -183
-160 -113 252
-195 -252 -77
-134 68 51
-121 -29 -67
-261 245 194
155 -60 -200
-72 148 -108
-141 -97 -256
136 -97 21
-18 27 67
-119 122 101
-67 -177 -185
-205 -201 -169
-120 -253 -63
282 42 205
-196 89 -254
-153 139 182
-30 -71 -141
59 271 -22
-66 -51 221
100 278 18
-136 298 227
-91 -116 264
290 -268 165
-84 78 31
-33 82 231
13 -88 -29
-192 -57 -190
251 -290 172
271 -75 243
-72 91 -181
177 96 284
-274 201 -36
140 225 102
-157 150 131
59 -289 27
-52 247 270
214 -84 -19
-295 34 -64
204 -5 -45
74 52 28
186 200 284
-60 -73 -110
-169 6 -297
-204 30 -62
-293 -110 -147
-77 109 19
-172 -122 -142
-69 -65 -70
-73 -82 -272
227 -225 126
-177 -79 13
-47 -130 -249
-111 239 164
-20 109 137
-80 215 167
42 -212 221
64 -1 -32
58 248 39
227 -168 -42
-184 257 198
24 -175 -17
-53 155 26
154 281 -127
-214 -286 69
117 78 152
-300 154 -135
-124 -108 -198
256 -159 284
128 -107 -276
-145 57 253
-12 -61 -178
13 189 217
132 -234 -68
273 62 -246
-113 -294 -5
-119 -161 175
-275 219 256
35 -197 -53
-285 -204 -170
-37 4 -20
-74 -252 -95
243 193 -210
290 14 -124
89 7 -46
104 -272 -75
-14 145 -266
-265 41 -192
245 -223 238
-180 -104 222
-255 -83 49
121 -66 45
-184 142 168
-16 122 153
294 -58 -174
-152 143 54
-28 283 -281
240 188 47
-167 -259 -126
-193 130 120
-2 -203 196
-199 -298 84
-47 -168 -49
-262 250 148
-45 285 210
183 136 -74
-51 285 -125
-236 91 267
-259 265 235
-102 -240 -179
113 78 -47
243 163 -205
243 136 30
93 65 274
-156 -241 54
264 -61 -33
-47 -10 -238
160 -118 -111
126 -190 -109
-280 -10 135
166 -92 -217
36 80 -75
286 -111 192
-72 49 -292
125 -201 35
-207 299 89
-153 -96 174
-154 -6 102
-96 298 70
-211 156 211
209 82 72
-267 29 295
26 111 -18
14 124 -260
-191 153 75
-203 -230 -59
118 161 39
77 -194 289
189 218 2
245 -3 289
289 -300 -103
-20 117 236
-31 158 264
186 -156 -282
193 215 -248
-297 -56 -204
-263 -6 -165
-106 196 -32
-19 -148 115
10 -103 287
73 -179 47
-60 37 278
-222 54 -180
-300 -227 5
-149 88 58
-13 275 206
-24 -293 14
-68 -130 -268
144 -229 -64
26 162 -25
65 -237 -161
3 -172 263
-177 -152 -289
126 -276 187
78 156 -84
170 -259 284
-146 -182 -277
183 -194 48
-220 259 124
194 -74 -245
-46 -42 182
222 163 170
49 -173 175
-267 -81 -217
49 -68 -112
202 -255 109
88 -202 245
-285 134 217
259 128 -164
300 -88 -77
-102 -77 -40
214 276 195
-210 -61 -150
-10 -71 14
4 290 -260
-145 -133 260
89 -88 -133
199 -69 -89
-296 291 105
278 74 -175
-169 239 -277
39 -127 -17
-58 278 -71
-276 264 -179
-263 152 -146
-110 -114 0
110 285 -54
-274 74 205
257 176 -78
-19 -112 241
62 26 -35
146 168 -259
27 -171 291
-1 -101 -225
209 6 113
213 -61 197
-300 22 41
-76 2 -243
-275 53 300
-256 298 257
-258 -202 -3
-15 -77 175
274 -8 -264
-50 -13 272
-98 267 75
-294 -78 -70
155 8 -97
273 26 -213
-110 227 -261
10 221 -232
152 -79 -138
240 117 -34
48 89 -3
-295 27 245
212 76 -18
204 -27 -205
38 -222 -81
131 60 61
188 176 -274
-89 244 -104
-268 25 -288
228 149 1
-268 174 287
39 104 -115
174 -162 -204
-200 80 142
27 -195 250
-266 -26 143
-230 3 -174
232 292 116
-241 33 203
-288 80 -208
152 -186 -294
-82 58 -21
-3 125 -26
187 109 -150
270 -177 34
-114 5 259
226 -284 296
229 -2 278
-7 -275 -260
-174 -157 -209
85 -284 165
94 15 -282
-127 59 71
89 -108 -84
103 -180 -279
-194 -52 279
-290 -128 -138
38 237 49
-264 -234 286
162 1 23
-209 259 -35
252 287 -151
-55 208 193
-202 87 -231
175 -74 -50
39 -98 -272
-214 76 199
-58 63 9
-274 157 -94
-241 95 -109
-18 63 174
1 -166 100
122 -4 -219
127 141 249
53 -180 27
-45 129 193
158 -233 218
39 -36 297
213 -98 -32
-11 -148 101
92 172 -73
165 70 154
136 136 168
178 250 183
82 -248 217
123 135 -112
-298 149 -164
-281 227 -168
-157 -80 -183
-70 -220 67
101 -132 149
-255 -148 -161
193 40 -54
277 143 112
3 185 -195
-44 161 299
84 -95 -149
-282 -295 -264
53 155 242
-171 279 117
-147 120 -206
-260 243 -75
258 -146 -210
190 -224 -7
177 110 -85
-243 230 -280
-164 278 -110
-185 -67 89
-174 -55 -67
-68 -198 -246
-71 -158 259
-297 -58 -133
94 147 288
-226 190 149
273 -216 -146
226 175 135
-47 185 -165
-156 15 113
-133 188 -195
-217 136 -173
-123 118 -284
294 -224 -203
112 37 205
136 -150 -68
78 175 211
197 -293 251
-277 199 297
-280 231 -96
-162 -105 109
231 -252 281
40 -105 -215
171 35 86
165 264 45
-102 138 -237
11 5 -242
242 30 25
-241 -59 246
-32 -211 -174
204 -242 41
150 -273 127
113 -218 -29
-51 271 274
267 -280 -108
-136 283 203
190 -182 89
211 -299 85
-68 31 -121
79 -25 -101
-6 -108 -186
-128 -297 -186
-292 26 -147
-157 17 -147
205 -139 -257
147 -276 286
18 -209 139
-270 219 -22
108 -234 229
-96 243 -167
233 82 -283
279 39 170
-88 13 128
-125 130 273
198 223 196
-31 -81 162
-36 -247 -163
25 172 -249
-73 108 19
65 68 249
103 297 107
-281 -33 95
-158 -144 -9
267 -198 58
141 -75 -91
-175 -178 97
62 -242 133
86 -157 179
275 -165 197
204 163 167
-254 257 -196
265 126 -43
-30 182 -89
113 4 11
-49 -265 -106
-187 -274 236
220 -75 7
58 25 47
153 -52 252
-255 196 73
69 84 -174
-17 -197 262
-42 -158 -274
-142 -112 90
77 232 -60
143 -163 127
-225 -15 -264
-296 190 42
194 -198 -114
-250 -129 -183
-204 -255 187
-232 114 -254
-278 30 111
191 -208 -272
267 -97 -166
12 29 263
165 -267 -239
-159 273 -269
-196 -175 105
-28 282 38
243 52 247
290 205 -238
-88 225 -5
-174 -186 -268
-225 94 230
276 49 -278
279 118 4
-269 -248 -185
-34 12 106
-227 -257 264
-128 32 149
-102 7 131
-206 157 81
158 -188 221
-100 248 -42
47 102 -75
242 -261 200
-25 57 -109
299 -182 73
-25 184 297
118 -300 -100
-288 -29 50
279 -271 146
-132 265 143
-65 -207 186
-74 -270 -71
-114 -37 -234
265 -295 -283
-151 129 -189
-118 -185 -93
217 251 -62
279 -109 205
114 -155 9
-176 -170 -8
231 -285 -86
2 -121 143
-8 149 163
246 -167 204
143 -120 -183
-7 26 79
23 -154 -258
-273 155 -13
65 -23 1
211 -12 -231
53 -122 185
147 -44 162
-40 52 251
-134 -111 -253
-268 -282 177
-42 261 -110
5 -93 -136
-171 148 67
55 -165 221
-134 180 -30
180 -172 -187
30 78 74
21 182 -30
175 58 113
-155 114 198
100 138 -184
-66 -103 52
-271 298 -173
-46 -280 -54
-152 -163 18
-165 -128 -58
-240 250 -170
-16 3 100
-300 205 234
-153 79 -156
-71 -268 -34
67 -207 -215
-112 222 57
-55 -4 -125
-165 125 -31
-194 -260 94
57 -256 171
-10 73 -263
78 129 -114
152 27 60
-40 269 -163
165 191 -218
-89 -280 63
-220 -131 166
-72 -22 -57
-69 -119 78
-12 152 49
-151 219 231
-88 285 -208
-119 142 5
-126 123 298
185 202 -202
-278 -226 224
260 -226 -222
-84 -289 -262
-145 -169 198
-217 -273 -250
155 185 112
251 292 25
112 -255 264
38 -247 99
73 248 -27
217 286 -63
272 -257 57
-63 135 252
95 -159 -17
-276 -96 -13
-131 -7 -59
-213 -24 32
-227 174 -151
205 -59 -196
-250 90 175
-17 -129 -261
-288 285 45
-27 -7 160
246 239 -108
199 -295 -255
-92 -214 -15
190 -200 11
219 -177 146
96 -86 -185
-252 23 -132
-256 -56 231
-53 -267 238
291 77 234
-43 -51 -169
-69 -178 113
50 95 70
-133 151 93
113 200 -39
-217 -250 31
38 -236 290
-194 -208 -47
-289 -266 -281
67 -19 -49
17 -35 94
-91 154 -147
249 -120 171
-138 40 175
282 -298 110
246 -106 12
135 244 99
-23 -43 -138
-109 130 -223
214 -40 173
242 210 44
-110 -50 -245
72 241 -230
-183 -276 119
-283 70 -228
-171 286 104
140 -38 -107
109 -100 -26
-112 11 -44
143 120 -193
54 -181 -33
75 -239 -237
103 195 265
-248 -162 270
60 -154 -191
51 -2 -33
-50 180 -212
-294 -125 -196
253 258 64
-269 230 -80
40 -60 -84
115 -122 50
-188 64 111
-160 62 -117
-227 -58 130
44 -237 237
150 -10 -211
43 295 146
234 -62 127
-115 -46 273
258 238 -53
-202 -185 109
87 210 -111
182 -291 257
39 47 138
-248 -17 70
-84 250 -194
163 104 115
275 11 -266
-64 -47 -62
213 203 -116
-283 71 -192
201 83 -244
-36 -294 131
-226 286 294
-24 114 63
141 255 -23
78 279 -79
-26 27 -84
282 -213 110
-269 -113 119
-87 -217 169
-147 69 -222
-276 -229 -214
284 -113 112
-84 240 167
-255 250 -219
-21 119 -34
-111 -110 258
-31 -295 -193
1 -190 -221
37 -279 -257
-202 -17 33
-264 -161 261
223 241 185
-227 -190 -57
274 -117 -73
214 -44 251
251 53 -108
125 28 124
36 270 242
-124 119 201
-176 276 300
211 143 -300
136 -257 -264
131 80 -290
37 -258 -178
-289 168 -154
-287 -219 260
-116 -218 -9
101 123 100
112 -216 -80
-158 200 -205
-235 256 114
-23 166 281
29 -198 94
-34 -45 129
163 284 -132
-84 -47 114
177 -20 74
-103 -149 -273
-203 251 62
241 236 -92
-220 31 6
74 170 291
112 -84 -172
-36 80 -286
246 105 -20
-289 238 65
216 100 -125
266 234 137
56 -211 -14
-145 192 276
103 0 220
-161 299 -81
-25 -15 -71
-22 -101 6
-61 -126 -13
-10 260 140
-267 -29 -41
50 252 10
-8 245 63
-25 -194 292
-218 -130 92
-65 -215 140
-28 -137 132
246 -299 -134
-97 -281 -64
123 284 246
227 -131 -214
34 203 262
179 276 298
-98 -233 80
254 127 -65
-153 249 -205
-14 184 74
235 111 136
118 -119 -189
-205 -92 56
-205 -183 -183
-158 191 -103
-45 240 130
-293 -106 -54
135 -230 -30
-165 -2 -10
-20 -272 -57
-137 116 157
-31 -24 167
183 -242 59
-166 -83 -26
-110 50 152
285 290 105
35 14 -60
187 35 -88
-73 119 -156
-253 -293 189
-10 -199 -82
-4 274 111
270 33 54
58 87 200
26 -157 243
-47 154 -128
-246 -206 -15
125 -15 175
-161 -289 -226
162 269 200
43 -196 -271
-231 -142 139
59 84 -160
-124 -239 285
-18 197 212
81 -244 -109
-295 -92 93
-170 -173 -30
264 136 213
81 235 177
206 222 268
9 -25 74
7 -54 288
192 223 201
-170 105 67
115 -193 106
-156 -148 -249
-153 -46 269
130 -7 152
-8 261 257
58 -190 139
-173 -36 -111
-58 -131 -68
-115 -148 195
-31 55 -222
78 -24 -148
43 1 -248
146 -7 54
1 145 227
104 -141 -70
-104 281 219
32 200 -209
207 182 -215
-44 153 -33
-170 80 247
-106 240 -96
-276 -39 -97
-2 257 287
69 92 -107
-256 -88 -213
57 135 -250
213 34 38
-118 249 -22
-126 -230 55
-261 -226 62
-225 -134 40
-142 -298 188
252 250 48
-294 224 62
-121 264 238
188 106 123
120 -137 -119
-133 -77 -266
144 249 -239
110 -249 9
-297 -139 -169
-238 31 -214
268 280 258
-261 4 103
55 -49 36
160 186 126
-169 93 -95
-90 170 174
-51 202 -74
-230 -269 -100
2 70 -299
188 96 277
-34 202 228
31 -262 257
-203 -260 -66
98 -82 161
-282 -282 22
207 162 -3
152 -29 123
-226 257 224
-292 264 185
151 59 -235
-293 -57 103
-109 20 298
-70 173 158
282 -204 255
11 -22 -82
-251 120 78
276 149 -107
167 227 -49
-197 178 -135
-78 -118 -223
53 -293 -222
253 79 284
-161 20 -214
-285 -244 -30
269 -228 -132
172 295 252
37 -63 84
-19 -111 151
-67 -286 280
226 129 -206
-199 -18 58
-123 270 -51
99 -17 -17
-294 271 58
8 -219 -170
87 -175 237
-146 -165 15
131 -141 -179
-116 -229 52
223 10 196
64 290 167
284 246 -9
-64 205 156
-275 126 255
196 237 -124
226 165 116
-240 -235 264
-211 140 -202
-253 -129 159
-222 -50 -281
-132 -264 2
-195 -266 -171
158 -299 -4
-266 50 -195
-6 252 -148
-253 -159 99
-120 -181 230
234 -25 -30
-178 -133 25
208 -70 28
-61 -104 255
-174 -88 230
283 -57 249
206 178 -249
-249 -83 -122
-55 75 -222
-249 -256 125
-265 -219 -200
-43 159 71
237 -189 -243
183 -297 153
-241 91 143
-267 -154 -15
219 74 269
-112 48 -241
-151 -106 -187
-251 -75 189
-9 -261 -174
-29 -212 -140
96 -116 -294
-40 177 225
-217 -40 -208
205 168 114
-64 34 -153
114 160 -59
267 163 -203
272 242 -49
219 25 265
71 204 -256
35 139 188
273 -33 -29
-279 132 210
118 -277 -246
-179 245 292
115 -75 -298
-209 -266 282
271 195 -197
146 226 300
-29 -232 61
231 -191 50
101 232 267
-237 295 250
-191 31 184
46 29 -78
277 -115 54
189 268 -41
248 -64 175
243 147 289
194 -224 -110
-91 3 209
24 -251 -249
156 -69 -64
-297 27 295
-242 215 -20
-232 -187 244
-31 283 -253
29 -218 156
-238 -6 -114
260 -137 149
-178 219 -98
24 -289 -295
-299 228 264
-251 11 -190
-56 -4 -46
-126 82 -7
-42 48 67
-267 -147 -265
7 237 -61
-228 -213 -252
181 54 -227
-155 223 -211
-216 -76 -197
-289 -158 76
258 66 13
-212 -98 62
152 -207 -81
-125 135 193
251 101 176
-258 -64 -291
201 -133 116
277 17 -28
78 -184 156
-95 -136 -23
298 267 50
-71 245 102
23 218 -33
-190 -75 4
-296 31 260
137 63 223
74 -64 265
176 47 294
-291 251 160
-267 -34 139
-119 140 191
15 173 -266
139 -258 186
182 -137 -117
-292 213 204
-110 184 190
-4 161 -289
55 252 -280
128 -109 -289
141 -110 -37
208 -213 152
-131 243 -187
-134 -256 54
-154 -266 -150
-266 -54 -277
211 -1 230
-144 -199 -240
-287 -130 179
8 -182 222
15 -98 -263
-297 -33 269
95 174 -276
41 11 -196
220 11 -182
23 0 -83
282 281 180
-154 279 -174
85 -116 251
-94 -142 276
-273 153 -197
42 12 -99
-3 132 -145
-125 -269 299
0 245 -267
-50 -146 131
150 282 -112
208 25 -21
-219 -148 -171
-84 35 3
174 -84 -186
-42 -153 138
-55 244 230
199 -256 -22
38 159 -72
98 282 12
258 -198 -235
14 48 76
17 30 -171
-244 -142 -1
-14 196 -297
278 -277 10
-104 -267 -210
209 152 118
131 266 34
-131 75 99
196 -132 -80
-22 -293 -142
286 -255 -288
112 273 -165
-53 179 -108
40 120 97
47 -180 -92
-62 -232 -28
22 201 -192
182 275 -127
97 -37 -30
65 278 300
-214 -297 212
187 -178 -151
6 -176 -3
23 298 169
265 -55 -229
48 46 108
-55 284 -253
-20 -247 -120
-53 -116 -3
263 -1 -122
-143 100 -42
-39 -271 102
85 -247 205
38 -201 139
-57 -121 -85
152 -148 -248
194 44 -300
231 60 -1
-291 240 -297
-98 -294 231
-43 191 219
239 -226 31
44 -51 240
-197 -263 -35
233 141 46
159 156 289
-106 269 63
159 253 26
73 241 84
-194 11 261
43 -80 -91
-298 -133 -45
-160 -285 173
47 62 -238
-100 -269 57
158 274 267
55 280 -286
-64 -53 -44
-295 240 -257
-118 225 -96
299 188 -71
-119 -181 106
95 64 205
-257 -189 3
122 -136 -159
79 -266 44
219 -271 151
16 113 -296
194 99 -173
-89 -178 -188
-16 -39 -38
-181 -160 2
184 2 -201
-105 -269 -67
-61 58 -53
-62 248 -241
160 35 -139
30 -166 -226
43 223 -95
197 52 168
-111 44 -217
-124 84 199
38 -170 -191
106 268 -121
-172 39 54
-60 -93 280
213 75 -52
57 16 -67
-47 13 -47
-168 -62 24
29 260 -269
142 147 201
-236 24 -216
253 102 5
294 158 119
44 108 219
-270 -184 95
210 284 -53
-61 -135 181
-248 70 -169
-100 -107 -73
-175 -282 -247
-110 -3 -216
-39 -262 -112
-84 74 132
-203 -33 99
-200 200 -12
-82 93 -31
106 102 -265
105 132 -250
82 -253 -243
-234 -2 58
239 -176 265
175 -207 -105
139 -160 -132
11 -172 27
-228 -209 -188
-191 -292 56
22 267 -81
-3 295 -225
-189 -208 -169
-193 -76 62
143 235 226
-39 28 -220
121 233 -174
146 -64 -224
275 280 -175
-164 285 -223
-154 215 195
-299 210 -20
-282 -243 -43
10 -195 -297
-170 269 28
13 290 9
-203 -170 -161
213 80 249
-255 59 57
-185 -156 44
79 282 173
-187 146 161
73 -224 -66
93 -79 -96
-97 -86 75
-48 -163 144
153 -78 -98
-272 -224 -105
28 -136 -156
-12 -237 47
5 -90 198
-247 242 34
37 -54 156
162 -181 55
197 -286 -300
300 113 228
93 16 26
-73 -222 -166
-171 112 209
132 -10 -147
-198 -65 244
-183 255 82
-205 -25 204
245 122 133
37 132 119
-136 204 254
-242 214 208
65 -38 184
-282 248 -31
-251 -89 131
141 140 -3
-218 3 -176
145 -259 -98
198 208 164
220 -171 -176
203 -281 217
82 -222 -83
72 -100 93
-246 73 -70
-219 -178 211
-277 68 29
-103 -229 179
190 197 108
-205 104 168
113 111 153
259 102 269
-109 178 274
115 -32 27
-106 283 -122
-118 -124 120
-77 -99 42
-172 187 188
269 94 225
-180 26 141
187 189 256
-260 113 256
-105 41 64
30 -196 -203
148 -8 -231
-61 -225 -193
-8 202 -33
27 54 277
-80 241 -4
-249 -250 -233
12 -267 67
-262 -96 275
159 -290 -76
235 250 -94
150 -115 87
140 -243 -72
-18 -92 -161
-155 207 -294
269 83 109
-161 -181 44
-147 -163 221
-171 299 144
265 293 248
16 -201 62
150 -179 -140
-84 227 46
63 -67 -177
35 270 182
-132 -131 -174
-190 -104 -87
151 -195 89
17 -150 -146
9 -114 -240
21 -103 -163
230 -291 127
146 -253 -88
7 -226 250
104 70 -142
-37 170 260
204 174 -138
-54 34 -93
169 78 236
2 -57 221
294 -254 54
238 -233 203
-173 -36 -299
231 143 145
-294 134 -64
280 230 64
-47 -166 85
34 -1 -237
214 -152 134
119 -195 241
-264 -168 64
-74 178 236
-99 287 -42
-198 -60 -184
-63 -101 250
-219 183 -68
-205 -167 106
143 -141 -262
-166 -241 219
-197 11 -15
-12 -57 32
191 170 262
12 1 151
-267 234 69
-166 -148 258
-207 295 -284
216 70 -209
279 -208 -258
50 254 -60
51 -191 83
-245 26 217
-56 57 29
-290 -102 -216
293 290 190
57 240 -203
199 -35 114
-287 222 167
67 138 23
-206 -187 103
-167 -242 202
21 -130 20
235 214 -102
-29 152 144
299 -264 242
-23 -138 284
-137 -45 246
-174 -98 -83
-16 271 171
-91 23 291
-123 -49 105
-188 137 -217
-73 -38 137
-198 -256 -130
201 -51 33
239 10 84
3 -263 -62
-185 207 143
-255 -22 202
168 -34 -265
-20 -261 49
213 -35 202
-92 -125 94
-165 -113 -257
166 134 39
-148 -232 -226
-10 202 53
171 74 253
27 -93 100
-263 -87 39
-200 -114 -247
203 170 164
-291 216 -294
209 160 -150
-253 -57 157
-93 -72 -242
-216 -90 56
293 -98 233
132 -10 -258
-18 -188 26
116 142 -188
274 -218 -93
-1 63 -271
175 150 28
216 81 141
-182 285 174
-17 -216 222
21 51 -264
89 -233 245
217 188 -23
-210 32 -297
-146 -250 -253
-25 -143 -252
-252 -240 -139
-154 86 182
178 -154 -52
247 -167 146
230 -265 146
201 -295 0
57 -92 0
207 280 -80
220 -55 -38
-21 86 266
-90 -260 -177
-43 -264 -256
-33 17 -31
40 -164 214
-26 -254 -176
208 58 -122
180 -150 -217
-30 -287 -255
-212 211 -55
-189 -38 -136
-207 -206 249
-151 119 -257
107 257 -8
20 -30 52
18 67 34
-86 -251 -278
-146 -88 -21
218 226 100
142 -279 114
262 212 90
96 190 19
168 242 30
-252 -87 18
-291 -245 -168
193 78 173
-230 -156 44
162 61 -289
56 -189 194
-83 64 -19
-235 138 264
-94 -46 59
-289 -119 -185
212 103 37
-207 -36 275
-243 -171 -6
-134 -233 55
-52 -261 93
-275 -24 210
-25 -229 -146
105 180 144
131 -140 -98
-152 132 121
162 228 -129
