4217
32 -290 -8
256 -230 -238
171 36 -202
18 -79 -140
-229 -17 219
242 183 174
-179 110 -58
204 161 287
-189 92 -124
181 -21 -52
-257 -24 -81
-66 -280 114
-76 -175 90
-204 -98 -179
-141 212 93
232 -242 147
-5 -7 -42
-19 -209 -212
-274 143 49
-146 70 182
-129 -38 -237
-93 -121 -224
-162 206 -21
15 -109 -131
-252 185 -42
-119 217 -249
2 -174 -109
-118 289 -227
54 -18 104
105 259 254
61 -198 136
-71 -157 -94
-85 109 -180
112 -274 232
-241 292 -43
24 -148 -79
36 -295 -37
27 48 -237
250 -203 252
176 -110 216
195 177 262
-275 273 101
125 175 182
85 -136 -105
288 -59 9
-54 -216 -229
281 264 -197
-239 229 -7
-170 -28 -267
-152 61 -35
9 -13 112
30 -98 -133
60 224 -221
263 -179 -212
291 -128 -272
161 202 -92
245 -167 85
278 -147 -242
-271 139 -72
17 -278 236
18 1 -18
49 236 -79
-284 -124 -248
98 157 -129
6 252 -280
-200 -9 -231
-57 -25 38
-52 -211 108
-226 -35 284
87 -75 172
153 -261 228
25 -280 -38
234 -87 -273
-238 -115 -137
63 -183 23
123 196 -234
-249 97 25
-151 173 151
1 -281 148
3 -45 74
-244 255 -125
64 -81 -220
-159 247 -124
63 -39 -33
-228 -159 54
1 228 52
293 237 -264
-66 -57 -134
48 288 58
275 -6 100
131 234 -194
-1 -126 20
228 271 -284
-255 -238 -260
-37 -133 238
-104 47 179
-86 260 255
-221 -110 127
-123 12 -86
88 214 -18
50 -216 -195
116 -113 -54
-26 -265 205
240 111 -17
-74 -25 177
165 -253 -276
243 64 -173
0 146 -142
256 208 98
-42 156 38
-49 -262 280
290 -66 199
252 130 -137
38 -80 119
277 -15 200
135 41 -208
199 -122 217
256 188 -248
163 -54 49
103 -26 -27
44 -238 64
-11 56 69
229 187 220
-293 -165 -164
118 -48 206
228 -127 -43
-202 155 -7
115 -188 244
96 -150 -136
2 225 254
191 -73 133
136 78 160
-198 -28 33
-254 -221 11
-183 -130 113
286 297 -284
169 217 204
-20 -148 279
238 285 -83
91 50 -144
210 42 -76
48 -210 -285
-182 6 -139
-116 9 42
-173 -96 11
-154 -127 29
-233 181 -169
-46 -12 -75
-4 210 -53
-130 -109 -104
-28 296 -228
111 159 -269
-111 -175 196
44 -125 -215
-261 278 219
-234 168 -201
-159 135 -272
92 -128 -13
0 40 170
232 300 -40
111 16 -299
-183 282 -57
75 -33 300
244 -57 197
-289 286 -216
-145 249 174
-49 19 -271
-67 -86 247
154 -173 240
163 48 208
-63 -175 -240
-63 -57 49
-277 -160 -37
-204 215 162
-85 -60 15
28 -277 158
266 202 -28
-171 221 -35
219 293 180
173 3 -175
-33 59 282
268 -19 -299
-82 34 64
-250 32 -135
-86 113 -219
8 289 105
-149 157 -106
-175 -93 267
120 -212 9
30 17 1
87 -105 127
108 227 19
-14 55 0
-27 242 52
299 -169 -79
-192 171 -76
229 -258 9
-10 -121 -78
-209 -237 -191
238 -203 -174
-189 -143 24
96 47 81
133 181 -112
116 -241 151
45 -162 159
194 286 158
53 -25 66
-207 282 19
-225 109 218
-52 -106 -179
-74 5 123
-25 -9 246
-55 264 82
-173 161 80
128 68 -153
113 288 -73
146 -85 20
79 -232 -265
-25 -225 79
-150 208 -257
-254 265 159
129 16 -257
168 -267 -41
-24 128 -89
1 -78 60
109 -239 -25
-13 124 13
190 6 -117
-278 -125 251
-86 173 218
-282 53 281
-246 202 165
-115 -85 -138
48 239 207
-275 -237 -114
-192 -41 178
84 -233 -120
-96 227 285
-246 122 46
-11 -212 -237
-29 40 -34
205 -119 119
-44 220 -267
-167 126 150
-45 156 -54
125 -91 227
-198 48 133
119 209 281
111 -193 161
-261 -22 38
-255 32 214
-212 -16 44
284 -246 -114
115 219 202
-236 56 104
-94 195 177
-271 -31 -103
-55 75 190
178 -228 164
18 54 -147
-143 169 -90
-280 199 198
-104 26 62
-181 -103 -197
-245 102 195
-292 235 -286
-96 193 -51
-188 -263 70
-300 235 224
-222 -40 -274
199 -79 137
-106 -70 250
237 -95 -148
-186 -181 -78
-40 -297 -57
-274 -36 -33
139 -81 -5
-228 -128 -210
-300 -105 -147
-264 33 139
-76 -16 5
-176 -260 209
54 203 -229
15 -262 225
-25 44 292
173 -1 -1
-188 94 -65
122 -130 -238
-133 146 120
43 -272 -226
35 291 -161
0 180 74
86 128 226
148 237 14
251 65 201
-131 84 -293
-110 116 182
280 198 32
-165 -121 114
154 -154 -294
-81 55 -272
34 -233 239
206 -276 -110
-49 -233 208
-251 -232 -160
-147 -164 -111
216 -278 -47
-77 -239 -161
-52 -75 114
-206 -219 30
-160 -174 140
-50 42 291
-160 37 297
234 188 286
-218 41 24
-209 -271 249
213 254 93
228 -221 -14
90 167 38
128 -284 293
-19 252 180
192 -234 1
265 -90 143
-258 267 294
-98 -106 18
47 92 -93
-137 -95 135
163 247 -13
-25 -166 -43
181 -85 -173
-44 122 -284
175 -216 267
-137 209 -230
292 -20 -281
245 228 -88
59 285 7
159 -274 60
-120 284 152
186 -172 238
-217 103 -81
20 -57 -254
-111 228 135
64 70 -163
185 -47 -71
213 186 -144
215 242 16
-170 -277 -285
-74 -126 91
206 -61 -269
47 74 -158
227 206 16
-59 -208 220
-211 -86 -162
-230 295 -253
281 137 156
186 -119 268
46 -197 201
-216 219 -201
-165 24 51
142 205 -173
-223 52 193
217 -97 -241
249 -126 -180
205 -269 -276
-246 20 263
59 -173 -238
-31 -283 -96
69 -228 157
-143 -221 292
124 -94 233
-147 128 -73
-171 -29 118
47 -234 151
56 -116 -78
242 -163 -81
-246 120 46
-63 -211 -65
-119 -78 -78
-237 -101 -141
-289 56 59
-166 238 291
112 -95 87
-142 -68 31
-112 -90 37
229 75 66
-68 -2 60
209 144 -103
270 83 -3
-268 172 -198
152 -111 234
244 244 127
-141 238 284
-227 187 258
22 117 29
194 170 -145
26 89 -95
122 206 -229
196 211 -163
186 -196 194
-198 273 -15
-76 73 253
-192 -150 9
-143 -171 223
-108 -256 206
-53 -25 -246
-100 223 19
166 100 97
-118 -24 -195
-121 -192 44
251 280 268
192 114 294
-145 283 -221
-291 97 -196
132 240 -238
-18 273 45
-220 288 176
17 -153 -236
255 -199 234
4 79 -124
-164 -148 -282
-252 -166 284
-12 165 -247
188 215 137
-35 -34 275
280 -158 -226
-178 -3 147
-74 8 -157
-255 -68 211
183 127 -71
226 -196 206
289 258 241
-179 -264 167
283 -110 237
-258 265 -205
-292 -21 45
-209 -200 99
-64 -13 95
75 -258 51
-24 -80 -167
-190 76 -264
246 275 205
-68 197 -23
268 245 281
260 86 58
247 -173 34
-141 -94 0
-58 191 166
193 85 12
-38 -129 106
107 -79 -84
113 83 -291
-149 -84 -83
-289 173 133
197 -156 -99
-201 -33 -230
-120 -54 70
198 -252 -153
269 116 269
106 43 249
159 197 263
-267 -249 203
292 -3 2
268 -228 25
158 -35 -177
63 1 149
16 -80 42
-249 -236 -213
-174 58 -173
-74 -9 -165
171 -221 251
-146 274 129
-58 253 151
256 -217 -86
-39 163 -194
14 172 11
-65 167 -42
145 -21 63
282 226 178
190 207 267
-262 63 -206
-225 -165 -34
-263 -88 267
56 90 -86
248 134 -287
-103 -142 270
-24 67 37
-251 184 -291
-146 -34 -82
272 -7 170
-230 -214 222
-248 277 -267
33 36 -267
-155 -51 -167
176 -123 -289
-274 139 -145
-51 196 -185
-293 71 -226
-161 0 -137
-71 3 39
140 -187 -222
177 105 -83
-293 -148 91
-98 -196 -112
-233 210 -144
-217 -291 282
-187 -81 -168
-125 -37 -205
23 -122 -237
127 139 -189
-248 -230 -207
184 126 -284
-226 136 -94
233 71 157
-300 -200 210
43 -32 -266
264 185 -217
-179 70 -80
86 216 -159
164 118 106
-174 -226 108
-227 124 277
3 299 41
12 -296 99
77 -159 -43
-201 -96 75
-125 -177 196
53 205 179
-202 -23 -242
158 88 -101
-253 280 -168
67 190 -43
162 -222 5
165 -121 -66
51 97 260
77 162 -194
-206 -144 208
209 133 116
257 152 -87
-293 -82 -255
-291 -10 -91
88 163 -107
171 95 49
219 137 115
65 119 -186
-192 147 138
-174 39 153
-183 121 82
-120 256 82
-196 -18 -116
-129 -246 174
143 270 292
-9 -57 234
6 -29 -228
256 62 175
-182 -224 111
94 13 295
269 263 256
103 -103 128
-253 59 110
51 -43 76
155 105 112
-16 -127 265
268 -25 133
-214 248 -127
-299 172 53
40 168 -2
192 -145 -68
-32 -236 193
-148 -61 -270
-256 245 50
112 110 -17
-128 -85 184
203 -222 298
-51 -292 70
-88 -96 2
55 -209 -193
-264 -153 -224
-246 -289 294
146 -55 259
54 -264 -149
-202 169 48
-16 0 -94
60 61 260
-163 91 -211
109 13 -256
-205 40 258
266 -108 -101
46 204 72
-300 -22 199
-258 293 98
-184 -255 -96
207 -111 -13
-63 -46 -158
283 -84 -220
15 -31 -12
296 -221 -267
239 -217 150
-170 202 -194
266 -189 70
14 74 1
-153 135 -244
168 86 186
67 -55 187
-41 250 -167
-11 295 -257
114 -160 16
-127 -75 -135
-121 -235 19
-172 169 -172
275 -128 -191
-181 58 154
-62 -215 -260
151 48 -105
55 -277 264
-171 72 270
-63 -107 -31
52 177 214
269 -163 -138
210 210 -272
-202 127 224
-24 55 -253
-103 253 220
178 -96 -144
191 108 112
32 -295 129
-235 -188 -31
46 -267 -214
-279 -74 32
145 -140 152
117 114 236
179 267 159
-8 253 -49
141 -117 121
-196 126 181
261 274 108
-276 -277 -243
-273 217 -195
-242 153 200
130 120 -152
-15 -31 97
-275 -36 -263
-71 -148 220
127 181 209
-186 158 263
203 -137 -81
-253 -275 -43
-277 293 230
272 -262 247
-73 -159 100
-143 -253 201
-84 193 -288
-77 -121 297
2 -23 -178
296 145 199
-9 24 236
133 238 56
177 -213 144
82 260 67
210 63 268
-47 119 -154
-279 -119 61
89 63 15
262 93 -20
-187 294 -37
-245 -296 -125
-151 100 288
208 219 86
-216 -40 -20
-269 249 184
153 -220 -287
-8 -205 -106
74 175 53
-290 65 -182
187 300 -241
128 -282 -241
-216 -196 -121
215 -222 -158
184 134 -86
39 217 132
-42 -47 109
-65 185 7
297 18 17
205 -116 258
-219 293 298
1 -218 28
218 254 88
-178 -82 268
46 -36 290
172 -188 -148
238 -113 -129
247 140 -106
35 200 -214
-88 -189 183
-109 -36 56
-266 -38 -23
38 -130 56
30 -99 -113
-263 100 -287
293 10 173
69 55 107
114 -121 -300
204 279 -49
52 267 78
-235 -227 -47
130 -74 89
44 38 64
300 -231 211
137 203 218
-216 -80 221
297 -36 -225
-258 -212 -56
283 -283 -48
153 167 -97
-118 -184 -43
-4 130 108
-144 -283 114
-174 -226 -215
-118 -225 62
-66 -53 22
-276 15 -159
-101 -245 145
-205 -125 -131
99 191 -284
84 -244 -204
85 -109 62
266 -160 -151
150 204 -141
47 37 -34
185 218 37
220 2 115
118 251 -123
-193 -218 -75
220 250 263
-226 -110 201
204 -283 296
3 -194 -177
26 136 201
49 -30 26
-55 33 -28
-26 200 -249
-102 -67 -226
-65 208 51
278 38 180
175 -281 15
-169 4 -156
292 -128 240
39 51 97
-210 -154 -93
-234 -150 63
-29 -168 -129
136 -229 98
128 -106 -23
191 188 68
-75 213 138
55 -7 18
46 -279 52
-240 97 -14
91 213 134
163 -36 -207
-45 -161 51
-289 143 -222
-178 173 -180
2 7 93
-223 -131 -255
-17 74 94
-166 141 -61
-125 -174 33
95 212 235
-9 147 -148
75 -80 -121
-134 -36 -122
9 -58 -119
250 169 139
-59 -23 164
-260 -42 168
-192 164 -138
-143 -82 -112
220 -190 52
-242 -263 234
-283 96 170
1 280 -209
-128 -215 -81
137 260 20
-298 -138 199
-222 -88 -170
-150 34 197
55 35 248
85 -287 -60
75 70 -85
-125 -218 -254
-177 -73 276
17 -10 -25
-95 -43 95
255 56 200
-233 -58 66
-264 257 -86
-68 -4 -162
2 -297 -240
-66 253 13
258 277 175
-227 186 55
-270 -227 -205
-109 -3 -240
298 -186 300
-103 153 26
-25 -179 138
250 -225 278
287 -67 105
20 106 166
103 174 12
5 176 -221
-216 156 -49
-152 129 293
-205 -175 241
-148 -205 61
-152 -44 272
85 164 103
1 -75 -26
161 247 72
-106 -270 -227
111 -282 3
140 -127 -162
53 -20 230
215 -163 -231
-125 123 64
-184 2 -258
-25 295 -177
-235 -154 -50
254 186 -60
108 -205 10
84 -54 240
247 -192 -151
205 -148 89
128 71 295
-230 -216 47
-77 124 -171
-230 106 107
-20 -154 230
-186 158 -275
241 276 83
-266 291 19
-231 268 123
178 -186 39
58 117 -215
203 -12 93
81 -22 260
-190 -261 64
180 -25 -157
-215 186 -285
-269 -136 -292
-253 209 134
189 219 42
223 -264 -134
34 -155 -199
-293 228 -298
-152 132 -18
-104 244 -122
40 -273 -35
82 72 -35
123 175 -34
-38 9 -240
-239 280 85
-257 255 -226
-197 162 -204
-109 98 -168
106 270 157
-179 -238 -115
108 156 80
-281 -134 141
-140 -78 -287
161 279 161
-210 159 -44
-72 -283 -37
-285 -298 287
26 -164 -57
-292 153 73
-140 -154 83
-16 61 -65
-72 -73 196
-220 109 -2
230 289 101
256 -166 -58
-16 18 188
-59 -86 182
-205 -220 -281
-149 -226 -154
266 -41 -75
211 -151 -264
-41 281 265
-185 68 -202
-286 -135 -84
131 -68 55
174 -40 257
128 -175 -270
189 252 -76
-74 164 -69
62 155 -59
-82 -179 -202
6 224 -259
95 -89 -157
108 72 -217
-103 -99 2
-159 299 -31
167 -71 299
116 -294 225
51 -251 -261
73 297 266
-199 248 138
-121 -135 52
37 128 -213
178 -293 161
181 121 284
28 63 214
148 -33 58
29 161 219
97 -248 238
188 65 110
211 -146 -226
-153 148 230
50 227 190
244 -219 148
283 -217 60
-4 -133 -34
-160 -297 -67
216 42 -192
-55 101 90
-145 -175 -151
210 265 119
263 163 -104
-95 3 -290
272 -232 61
2 190 18
-223 277 209
31 216 170
212 234 160
35 209 113
104 155 -60
269 -170 -78
-261 194 160
-45 11 70
221 -228 167
71 206 40
115 242 -164
13 -299 -139
166 245 99
-74 7 -208
-133 11 99
52 288 134
-243 42 -296
-103 289 -109
119 239 -41
108 -279 -8
-258 -106 -199
-66 -140 95
100 -202 -100
-217 252 290
132 -203 -264
9 -289 2
-154 -115 20
202 -270 -7
-125 -292 196
174 -162 -140
126 72 95
219 -94 -96
-69 254 -172
-13 136 182
-123 119 299
-117 60 193
-97 -292 -34
281 -198 183
283 263 99
-292 -67 -157
65 283 -166
97 -240 -136
262 144 209
196 -185 -128
-181 -249 88
-204 138 -275
248 -175 131
-81 -35 22
-202 -81 170
-32 -197 -42
-187 272 290
-173 -119 -300
76 147 126
-105 45 -141
-40 -141 -105
-169 -277 -167
-165 -95 244
238 164 -80
254 -100 258
-115 231 -147
-145 -134 234
-83 -7 178
-219 -16 236
-133 -39 100
-81 -108 275
-208 45 242
263 -13 118
77 263 143
251 286 262
-30 -273 -198
119 -226 -10
-105 -219 -125
10 -12 -81
26 297 137
-85 266 -210
-30 16 83
259 77 262
259 -75 270
221 -30 103
-140 -197 -259
-20 -58 35
-3 -114 94
55 20 46
-270 -213 -27
-71 -284 26
-128 -281 129
205 -201 -199
75 -203 -215
-274 254 -76
202 -72 -61
224 86 -117
-82 135 -214
-183 117 -277
-118 -249 -208
107 148 172
-136 10 -118
-253 87 179
-199 -221 25
-171 299 -2
12 -11 -52
-174 60 59
-152 -7 243
249 -273 149
58 192 180
-267 218 183
191 -154 236
63 75 -3
268 -33 130
185 -60 22
-67 -263 -275
284 164 199
-241 -7 -106
-171 -58 264
-164 217 85
256 222 20
-105 -228 44
-45 -216 -269
238 -169 173
-210 125 14
-262 -280 268
66 278 298
50 282 -93
-262 -13 -129
-102 50 18
-107 -268 187
247 -178 223
-101 234 108
-39 -27 -202
177 107 -229
-47 -178 -186
49 -201 -159
-135 -123 -249
230 -265 85
4 122 -76
21 80 195
246 -102 100
-106 125 299
-155 -154 191
-29 -207 -136
283 -8 -228
182 221 51
-138 -134 -159
238 -202 26
196 -141 167
-46 -214 280
-10 -228 20
-100 103 -221
180 110 -50
-294 -264 72
-106 120 -169
229 -3 92
179 103 -120
186 118 249
200 139 130
-159 264 133
-163 -132 -205
-145 47 -49
-57 79 219
233 -148 -181
116 -114 96
165 54 33
190 -143 -175
68 -57 -214
-86 -182 264
-300 149 -34
88 -221 -213
59 -130 92
121 -68 -58
132 -141 -217
-128 -67 161
-25 15 -169
-121 204 -153
-220 -69 4
-297 -188 269
-187 -281 159
-209 -78 -97
88 -55 115
206 153 -131
58 -70 109
91 -152 -288
-224 -286 150
-227 118 202
173 11 143
-72 -44 -127
7 -162 -267
111 45 28
176 -66 -158
-112 283 175
-181 266 -134
203 297 162
256 88 -260
-120 -237 219
-202 -204 145
-21 237 79
-148 -53 94
204 121 7
13 -94 191
108 117 -273
-275 18 -172
15 136 71
-260 -264 -51
-131 197 167
-42 197 -122
143 -78 -247
156 71 -147
-43 250 29
-194 115 -110
10 -165 102
262 -31 3
178 -194 -158
103 -41 108
-8 197 191
66 37 233
-66 80 -194
149 59 70
-246 117 -2
-39 2 -284
-300 261 -201
-110 9 -148
-217 200 -43
147 -282 39
-190 -67 -177
-290 43 -166
225 -173 144
-120 281 291
27 -7 227
-171 43 -187
25 97 267
13 -112 111
153 275 146
-21 18 -9
-42 80 149
124 64 -202
65 214 231
123 -92 300
-280 -210 12
-98 -244 176
83 -290 -19
-89 52 -15
-163 -273 225
-73 45 261
250 -128 -41
171 -130 -284
-72 97 240
10 -253 241
97 -41 -270
163 -219 97
-252 223 5
0 -34 1
147 30 279
-145 -237 -226
265 -22 -174
-39 255 -34
151 -50 72
-245 -204 -38
188 -201 -160
48 -175 -234
-255 -297 -295
262 108 -127
-224 290 259
0 -28 -46
-90 -183 -57
15 198 -129
-139 223 262
-209 -278 -143
-252 188 247
-71 124 232
-146 -293 -230
-128 284 -20
-19 153 -99
-198 145 -138
-201 164 -254
-8 89 142
-215 292 -115
70 -131 -81
80 -268 93
59 183 110
-88 -1 -291
194 -36 256
-45 243 199
281 -272 -275
30 80 214
-118 271 -278
-195 -121 229
72 -44 62
-249 189 225
152 -206 162
125 -99 -96
240 -267 150
64 178 132
-115 77 153
234 254 21
71 273 44
-211 8 -294
15 175 -173
5 132 124
-114 -248 -164
-256 -282 -205
263 146 -6
15 -83 256
272 -196 279
-242 -29 42
-144 130 20
246 13 14
84 -60 -158
168 269 -68
-221 -70 170
8 -140 -80
-259 200 147
18 148 174
68 -32 -181
102 -13 -21
-104 181 -239
-42 -36 187
-278 181 130
99 -29 270
-122 -214 96
-86 110 45
-73 -174 37
49 198 45
-48 -130 -213
-281 -261 130
-48 69 -166
61 168 172
-174 285 -276
-79 -108 10
-217 -225 -28
57 279 184
100 -231 11
145 -66 -137
-255 212 -98
-170 -275 -203
59 -128 -217
68 -126 -91
247 -274 -53
-190 207 36
262 -260 187
270 -158 266
144 44 123
-287 -79 -273
262 166 242
77 46 -299
-109 -67 255
-231 -128 -41
-108 9 -162
244 -205 97
220 239 -52
-141 -176 -65
-294 -264 144
242 -132 196
136 163 -153
-11 129 268
191 254 -255
-162 -27 -128
-290 -206 -108
-174 24 -17
217 50 -12
201 -210 292
-278 91 -209
160 165 -83
297 75 252
-273 139 253
229 296 -115
13 192 195
167 -288 -184
197 232 -1
-246 -176 -165
185 200 -100
92 -162 -210
68 194 29
171 -205 212
32 152 176
257 179 -226
291 -278 -237
64 -119 -63
-66 99 211
68 -183 81
-152 -272 -264
-167 249 56
-286 124 -219
32 193 99
-264 -17 -151
-1 113 -197
52 194 -293
-7 77 1
-61 -67 149
262 -32 -22
70 -212 190
-23 298 -207
57 7 47
74 -67 184
-247 151 -141
263 57 -240
223 -243 -37
248 -224 -95
-136 -289 17
-153 101 151
-135 27 -106
266 -263 44
287 197 47
-106 -286 107
-145 75 -225
-246 25 112
13 -292 -88
113 -279 -264
-54 -198 107
-32 34 106
49 -129 46
-89 -83 228
13 -61 -273
-175 -117 219
25 239 -134
6 -59 246
-229 -154 124
46 -115 71
288 -220 216
-237 275 -256
28 280 -131
-100 171 290
169 252 -175
191 27 -299
-265 -104 -86
-238 -237 -18
81 173 180
-81 -21 263
198 186 202
-165 -3 237
-218 -248 -135
-227 -133 -185
-121 93 -85
-229 -182 -298
201 115 53
123 46 132
295 -76 32
-12 0 -209
12 25 -254
-142 -234 6
149 48 -181
153 49 -165
-66 -208 -109
-297 -5 -11
-216 -295 175
-225 245 -241
-259 281 273
111 80 112
-202 290 110
138 -99 -72
-150 -256 95
-73 -258 -290
-261 63 107
-90 17 293
-292 -119 -230
-112 48 243
184 245 -24
-70 257 -146
-147 -257 -281
-200 -154 140
207 -27 -58
-119 264 -186
68 -199 -228
-3 -228 -249
149 100 97
-236 284 133
-22 288 219
119 -231 220
138 7 -75
-299 -253 209
177 64 300
-239 -23 -18
183 -90 -117
-260 -289 172
-228 -211 -14
8 -271 187
-121 -194 -278
106 165 104
-53 -14 -11
168 245 -121
15 -72 -8
-105 44 156
-263 -285 73
160 276 152
-222 202 137
207 300 187
66 165 -75
139 254 -239
168 68 9
-280 -92 -225
-67 6 -274
-222 -142 269
215 -39 -293
46 173 -55
136 240 220
134 29 -201
160 224 -43
158 202 -33
-94 61 -194
-196 290 66
147 -237 -45
150 186 206
182 222 55
3 215 -261
212 179 284
-111 -12 -205
272 265 85
-238 149 -27
-132 157 -125
88 220 -135
-94 132 -259
94 17 54
-131 -103 -72
-258 252 261
-253 -126 127
164 42 -88
246 -173 -177
149 -9 228
230 130 88
-132 -21 -136
-208 137 60
-47 45 -81
-94 50 -266
-116 -165 -189
-58 -261 -157
236 61 116
-251 -295 -85
-257 -203 -248
125 74 90
124 211 264
-101 -52 233
52 243 211
83 -287 -221
208 -126 216
-246 -81 -112
59 186 -107
-175 -30 -55
-168 47 -225
269 219 58
36 2 -179
96 -34 238
-38 -208 252
-257 154 46
-279 150 -112
-89 296 235
-269 95 -282
159 -153 298
-276 -156 253
264 -90 -161
-46 287 228
-178 -183 -249
-161 -109 -6
153 98 18
244 285 90
-124 -142 -285
64 293 298
-248 135 198
72 -19 288
131 -215 -192
126 198 168
244 92 -205
298 -4 0
59 -39 -204
205 -295 87
-123 -89 -114
144 -220 -119
-17 -19 -13
-7 -232 298
54 218 203
-165 -18 288
13 235 -178
-185 30 152
-233 -230 -170
-80 252 -24
-163 -146 -109
138 -54 -66
-277 90 -114
285 -146 294
71 186 206
-181 98 -215
12 77 -127
200 -33 -183
38 -280 51
54 97 169
-168 131 27
35 80 179
256 228 -159
119 -283 -242
6 182 295
297 232 257
205 -249 297
-224 123 -189
290 -36 -220
-81 230 138
119 -59 -29
-75 -94 -125
-86 139 -235
-292 282 -234
-282 -251 -19
-17 136 -149
-299 100 195
-122 248 250
-165 -197 55
103 -253 -286
-34 230 297
-130 -114 237
56 -81 -28
-262 -234 244
86 224 -277
-298 -267 49
-31 -201 135
65 60 -172
-53 -250 -75
274 300 7
-117 92 206
134 -54 -11
76 -19 96
-141 -224 135
54 -65 -41
75 -201 246
36 123 149
-158 298 178
-293 277 0
-135 -180 -249
266 248 -126
250 200 -2
-227 136 -229
203 297 61
251 160 170
225 -147 -107
12 -243 104
-117 -111 217
-239 259 17
187 -45 273
195 119 -6
-102 83 -41
287 214 -268
199 -121 -138
248 128 250
262 -3 32
130 -266 -125
55 -214 -63
-248 68 177
-205 -258 -62
-160 -99 -201
296 261 110
-139 287 -266
-231 116 77
-193 -236 62
196 -68 37
-132 -208 -27
253 224 -13
136 -299 248
-190 18 84
101 -194 -50
186 294 107
172 -151 97
6 65 149
147 -239 142
-85 117 188
-250 -204 87
170 -59 159
43 -84 153
-165 -159 130
97 -228 189
-197 -154 118
78 199 -284
-243 49 -218
13 -150 -219
-270 -140 256
-168 144 283
-257 124 209
-61 178 65
-9 -111 -90
259 254 -223
-97 74 -135
-191 137 -20
10 143 -54
71 38 27
-99 152 111
120 257 -140
-286 -248 135
-236 71 81
274 -276 11
-295 -83 -9
42 -107 -97
-78 228 -42
280 129 -238
269 -56 59
81 51 -278
260 -286 116
-256 -6 -49
-86 -188 53
-300 266 70
-225 227 -225
-186 95 97
124 -184 289
-273 289 -245
67 -133 -241
142 -156 -96
128 -33 271
-33 -20 190
-262 96 171
-240 53 223
106 142 141
-242 156 109
-49 50 -220
148 233 -15
-37 -259 -163
-137 -232 282
-94 -219 -145
15 23 128
-284 108 4
-64 -121 -165
129 28 -133
237 -19 -198
273 -218 -200
-212 -222 272
-293 -209 -162
-231 -112 -53
-23 84 -77
116 -8 19
245 -242 184
270 54 -129
-79 -278 -23
95 -203 158
150 -208 -274
184 -16 220
120 -64 -82
-283 194 207
0 276 24
295 -226 -149
186 177 204
-29 -50 -283
36 277 81
125 -4 -13
138 210 260
277 -67 125
-77 -35 -274
178 170 263
-117 25 -298
220 289 -44
-101 31 177
-10 -222 110
282 -237 -182
275 150 -176
-281 -161 116
-155 -14 89
55 161 39
260 -268 209
214 253 -101
-22 -138 -85
-258 -85 -278
33 -22 181
24 -73 67
209 7 179
-25 -219 -65
-196 -276 -284
37 193 150
-193 -159 -177
276 170 -67
77 31 128
28 143 34
3 -116 -77
80 -176 -113
170 238 276
242 -277 -8
245 -143 137
-101 219 -42
287 -39 -212
-298 -252 73
146 -266 -291
128 -67 -267
294 -216 284
-58 122 97
65 35 -205
256 -176 -82
125 -60 300
-154 -114 -281
-105 -255 281
-285 31 -155
-167 -170 -175
-204 112 -34
37 13 83
62 -153 102
-106 -299 29
-114 231 -188
292 176 -147
256 44 54
61 5 16
-52 256 -72
-173 26 -49
126 -174 -47
254 297 -275
-197 114 262
-180 271 212
-297 -15 -77
126 -26 125
-223 9 -287
-111 -266 -170
-176 182 281
33 -169 127
259 253 -33
90 -107 -97
-144 -128 92
-140 49 -184
147 -277 -132
-55 -174 189
-161 -136 286
128 -228 -90
64 238 -26
-160 -46 -273
-5 120 -154
197 117 190
56 -57 -252
-167 219 -98
-22 188 -184
249 -223 6
-56 -181 41
-75 194 -169
-267 275 -69
21 -31 -189
-203 130 71
20 -78 133
-186 43 58
46 51 288
154 -82 -109
-253 91 -186
48 147 -55
-158 122 28
-285 -148 -56
-225 3 -232
41 -89 -21
-89 -287 -246
-19 -126 -160
69 -30 219
298 -17 38
86 175 167
294 74 -283
-82 -53 9
-190 44 264
-264 200 212
-62 -24 16
210 -213 -55
-232 -150 289
215 250 -153
146 -68 252
99 -112 -131
132 156 81
-258 -281 109
-217 -30 228
81 54 295
108 -126 124
267 120 -291
-294 -247 -229
-17 211 58
-284 -57 68
82 -272 -231
-37 -133 -49
-236 -123 -128
-119 216 242
162 24 -90
69 -257 246
74 -26 63
-180 -50 -230
-88 -188 237
254 299 105
-93 296 -4
189 74 -144
-253 102 294
40 -22 201
-189 -73 189
-115 56 -157
-267 -176 259
236 -9 195
-179 -213 -191
55 14 41
-94 -144 252
-214 249 97
242 -192 -133
-108 -138 -108
298 14 291
-43 -179 151
-43 201 69
78 38 116
-51 182 -28
73 23 210
-212 206 -244
-189 -51 274
60 113 109
-22 62 -78
54 23 180
220 78 17
-236 224 -13
238 -70 203
214 28 179
-202 90 -43
-273 -57 -180
108 -62 -47
-58 -71 196
1 294 15
-229 207 -190
-1 -131 -244
6 208 159
136 -180 -228
59 -154 -232
74 -14 -152
219 202 255
71 203 -208
-193 22 28
-252 -255 -254
288 240 -297
-259 241 -80
82 227 184
145 -66 -112
-159 200 45
98 -164 121
84 -173 74
-107 -291 20
207 -79 210
122 103 -217
101 63 267
280 221 20
-100 -293 -93
-251 135 8
-256 -114 112
-4 -148 39
81 228 166
274 -14 88
-249 -45 32
200 -143 260
0 -297 -251
69 -149 92
98 89 246
256 -9 -62
-112 270 -103
-231 146 -120
267 -100 23
-58 -150 -142
75 -24 227
27 286 263
-6 -275 -9
-107 -74 -212
177 266 -262
209 241 4
-291 -225 230
-289 -127 -100
196 -242 107
-47 -221 155
278 -233 75
29 -36 217
6 142 130
-122 296 57
170 293 -140
-160 253 -150
-240 50 -86
223 248 198
37 -288 259
73 260 135
-94 -11 -110
153 13 129
257 -270 -209
-137 -100 -200
72 232 -12
-299 -295 -275
27 -251 6
-144 59 18
209 81 -291
-270 58 -208
-62 272 190
266 199 225
256 -63 -35
98 -90 -277
217 -152 73
-167 -192 -166
-138 42 -140
-110 23 -267
-181 239 -167
-136 -219 11
151 -97 -273
61 -78 -111
-97 74 121
-44 160 25
-173 7 -55
-151 118 -55
4 108 -118
-273 130 85
-231 -236 -239
285 221 -228
-172 -238 -286
-79 -227 -252
-147 248 263
209 -53 299
-207 -33 80
247 32 -193
117 -10 76
110 198 -156
256 210 -277
-277 142 19
-117 -292 -155
-189 106 -120
68 -39 206
-232 -164 8
206 100 0
-127 123 41
-253 163 80
150 45 78
-50 247 -53
-131 -224 165
-153 185 -193
-207 15 41
-257 163 12
65 -280 -114
-26 -120 -6
108 170 297
-100 -254 57
186 -239 291
269 -197 -166
-21 -237 75
-110 269 -150
102 -131 249
-287 -82 54
-23 233 -174
-47 27 52
-15 22 48
272 141 185
3 156 -112
-113 202 126
-79 -97 -42
121 -67 170
217 -49 -173
-34 136 208
250 -174 -210
0 41 -197
-197 -136 0
-193 -69 81
-3 107 216
191 160 -283
29 191 -103
17 148 287
252 116 130
-178 6 -272
-7 -79 -247
120 169 -54
280 115 21
4 -152 -95
185 106 262
-248 -51 -297
-139 -52 136
-292 -24 193
42 212 124
289 143 35
229 181 -155
240 196 -53
-65 1 122
229 110 -143
-146 -80 67
-2 -57 141
-113 81 278
41 -113 288
-233 297 -241
19 268 -195
16 -134 -285
-127 202 -148
157 78 -171
255 -248 -259
-82 232 256
44 141 -169
164 -274 179
57 33 79
165 -76 80
-272 12 19
212 -163 -113
-175 56 -172
-155 -102 46
-75 -194 -42
-282 -60 -157
-143 208 -295
-217 -146 -35
48 156 -278
-116 -128 -190
-295 -271 -67
229 61 154
-106 -174 161
-188 292 272
44 -150 290
-95 104 -64
-175 -227 298
143 60 121
271 128 -157
-267 -141 239
-192 86 158
-206 138 -27
222 -143 -203
245 -81 86
261 236 -280
-225 -80 81
-28 213 -205
100 204 -159
87 259 180
219 -136 123
-214 -190 202
220 31 -222
179 -183 -50
266 -172 -45
-3 204 -10
-103 -58 -8
-85 -269 172
-246 172 -237
-251 -287 -56
-296 218 -57
-111 -144 203
-293 -269 -64
296 -186 180
-119 254 -160
-148 -264 266
-213 -252 37
-114 90 -14
66 -269 -85
-69 -269 291
281 -182 -261
-79 -63 -276
-12 -190 128
-253 176 -114
21 -150 80
252 -45 -131
-287 208 -220
-181 -14 -142
-94 77 -165
34 -106 -211
-221 46 100
44 176 -121
-214 -175 -204
104 104 158
107 -286 176
-21 -96 18
280 -217 -127
-224 -73 69
-154 150 284
-79 64 214
-210 286 122
149 -27 277
-46 -175 236
-257 -297 277
-269 -122 -56
18 217 180
-39 -110 -98
159 63 140
-22 -169 13
-89 159 142
-68 -271 -33
66 -61 290
-191 -258 -63
265 288 -39
-278 -145 194
179 -212 -226
-3 1 -47
-142 69 222
36 -205 -257
2 -8 -41
-150 142 -178
-159 263 -101
10 169 -275
-60 205 -256
113 -35 179
-208 29 108
7 -243 81
47 -130 45
-50 118 107
13 -73 289
180 28 -231
-153 -231 -89
-183 -200 151
232 4 -266
-21 201 -243
231 -46 270
-213 -47 207
-262 -65 -110
-258 85 -116
279 155 -296
45 -91 25
-293 -189 18
-155 150 -114
-245 223 292
-288 -275 -190
161 -35 250
152 165 140
-182 145 -25
-166 -58 -86
-19 -111 -115
201 -54 60
-100 -238 -143
-207 232 69
-209 183 202
245 -189 88
-76 -131 -172
-194 0 238
114 -151 145
183 236 43
0 -199 -19
177 166 178
284 -118 -126
300 129 -49
-40 35 -38
126 87 -262
-228 10 72
-200 156 88
-252 -216 -107
34 -213 -188
-38 23 126
93 289 104
117 258 -273
-10 -171 150
17 204 167
224 -90 118
111 -111 -165
-273 -72 -121
-238 -168 97
-46 101 97
46 80 -195
-181 120 -226
30 -286 -114
300 -297 -227
-149 46 -102
255 -93 214
240 86 -204
89 20 132
167 -33 -252
147 -231 215
214 -245 291
160 -154 -85
-5 -291 -18
243 88 163
25 197 -156
93 266 -30
-56 35 40
-159 -167 257
254 -249 193
181 227 -160
190 17 265
-241 -294 -93
191 -15 -68
-141 -40 28
88 210 -29
-204 202 105
-192 -243 185
-122 -170 54
-277 159 203
-205 276 -184
142 -150 278
72 128 265
-155 -292 181
-284 160 -83
-151 186 96
-201 55 37
-22 -53 83
219 35 265
-81 -61 -276
135 239 -191
258 -150 -217
-146 -72 95
117 -224 -265
-41 -261 -209
-213 -162 -188
-37 -283 -164
-148 -79 -286
255 17 28
92 -110 -13
-177 -184 -259
77 -195 -96
-106 152 -55
-68 -256 -29
-254 159 -169
208 -49 77
155 -180 -105
-160 -46 149
-59 -231 285
-271 265 227
167 249 -283
-217 -242 -90
97 -274 -234
-178 -136 290
300 179 6
-129 -160 64
205 222 -200
-19 124 -76
-175 200 -222
194 -66 58
-91 94 -39
-70 78 -225
-209 -109 -41
112 -210 83
-214 157 4
163 9 10
244 250 262
-206 225 -218
-100 142 189
155 30 -55
123 -4 -14
-123 -160 -68
298 -180 108
-57 -282 139
-286 127 191
-57 110 -82
3 -39 176
-131 -47 174
-175 -137 229
156 -269 -149
162 -72 35
-227 -282 -236
-293 214 -252
218 251 -53
103 -141 84
-273 58 41
-116 -6 113
-72 -180 289
73 -273 59
268 -249 -20
165 -27 -36
-39 165 -88
-137 201 110
-63 47 284
36 175 1
-20 77 247
8 238 296
258 -262 -69
201 -129 -122
-235 -211 -218
-175 -35 -103
282 -253 44
-131 66 211
-18 189 -143
-194 -254 -160
-43 54 258
-97 -95 71
-15 171 -246
265 -230 58
-276 186 185
13 -114 154
-153 52 238
277 -118 146
186 -237 139
25 -40 -132
-158 218 151
18 -246 82
-40 3 227
213 120 54
-216 -275 180
-103 202 -173
-124 -87 -161
209 238 -69
205 -29 274
137 -55 63
-189 197 -215
-39 -296 -175
180 193 -123
264 172 -274
-118 53 126
22 -271 223
28 -47 -198
126 -9 233
78 220 -15
52 22 107
-149 -239 -146
60 159 269
61 -243 -133
-130 283 -16
62 35 -216
-216 92 62
-149 -193 -40
-212 215 131
-220 -211 126
174 78 83
59 -139 -61
-177 -53 -30
46 -118 -162
130 169 44
-110 95 234
25 210 -234
154 124 -210
279 279 53
182 256 -183
36 294 -18
-274 -128 -174
42 -296 70
-162 -141 288
-138 -106 -200
-146 147 -33
25 120 -149
-5 68 -151
-236 37 151
237 40 -173
198 289 297
-95 -53 17
121 -39 -246
-145 213 -103
-235 280 -80
-108 139 3
177 -172 20
73 90 59
-195 -176 246
-154 -63 197
15 253 295
-213 246 11
-137 201 -116
-288 -93 7
54 114 32
-240 184 -165
-109 -286 -107
119 -137 -233
228 12 -13
-256 163 7
88 -155 41
-145 -287 254
7 188 257
68 -32 131
-233 160 -226
-204 -148 -173
233 131 179
-158 73 -184
79 107 124
-63 170 217
-84 -47 -69
-202 19 93
-91 -218 -176
-92 7 125
-196 -99 25
259 -255 -256
-50 289 -156
51 -222 197
-270 239 193
19 46 -191
26 -102 -61
-205 264 262
-86 257 157
282 275 -285
56 -62 -248
144 -25 -87
-236 76 -37
-270 271 -55
69 -81 -83
126 231 13
3 -59 -195
199 -171 -36
252 -22 107
-180 203 -237
156 176 99
-53 -169 261
-81 -67 276
196 60 2
177 -82 -245
-204 17 -143
-76 100 -113
241 -60 159
263 105 272
284 9 -268
76 -126 282
141 -215 -205
-186 225 24
-189 -36 77
-7 294 -83
155 9 -84
-258 167 152
156 -11 -114
-117 265 74
33 134 255
-34 104 -295
85 -159 253
-153 -191 -115
-165 222 223
-156 -264 256
13 283 127
-59 170 3
232 275 -105
246 -160 130
156 -45 -139
136 -297 160
223 -5 291
-3 158 244
-4 82 104
26 -145 -92
-281 215 -21
185 -245 -34
-37 17 -226
-27 256 182
-5 -142 19
294 150 -192
-259 56 -49
-68 60 264
90 -103 -56
47 -128 -111
219 91 55
-187 -224 28
-294 286 -289
76 181 -285
176 -3 137
-222 -213 -96
-254 -204 32
108 -185 -182
8 59 124
-270 -298 73
116 -24 -293
4 275 126
40 26 -72
282 112 -177
-118 176 12
185 251 55
146 -178 -147
39 145 93
283 10 62
57 157 169
184 183 -99
-42 -178 70
192 94 37
-27 -102 -33
295 112 67
102 -299 -9
-242 -278 -252
288 119 73
-284 -297 271
-220 51 27
269 -237 -142
-94 -14 -63
27 -30 104
33 245 -30
94 -29 81
179 210 286
35 82 -44
-109 122 62
46 89 139
-104 -115 98
-116 -251 -201
-163 -55 -118
-186 -240 -223
215 45 69
-254 -31 207
89 -294 -230
192 -287 -101
-158 -12 60
-206 -107 137
100 -250 -218
-125 -248 97
-15 -124 268
179 -198 18
209 -21 276
-106 -123 63
-156 -78 -265
-15 102 151
163 234 -111
263 -14 140
-45 31 191
-159 -178 128
-226 -191 289
-102 -40 -93
-163 -177 -68
154 -237 -144
-208 35 281
-280 35 185
257 -266 -16
114 59 -271
179 -261 89
229 237 299
-242 -31 26
-231 156 -152
220 164 -244
-97 -161 -162
223 82 76
257 279 216
152 187 271
-250 186 -179
-271 149 132
-235 51 -24
-73 -200 -93
-107 -255 43
195 77 57
-284 -253 -27
152 -25 115
111 89 -74
-84 -232 232
-102 -216 -248
-12 108 34
-122 111 -222
-237 -275 -231
-289 31 74
-293 186 97
-159 -213 -272
-160 -170 -18
186 -166 202
-163 31 50
-6 -249 -72
26 -257 -51
198 240 107
-22 74 299
-85 -134 -153
271 249 -33
251 131 54
-66 258 6
194 -72 205
192 203 260
201 140 51
29 24 160
89 60 -28
122 -131 -65
-221 101 143
-131 213 -250
-209 -236 -220
253 -92 -105
-297 248 202
95 154 -99
162 196 135
18 -283 -265
34 -238 -267
192 -300 216
-129 94 211
-179 -225 -152
-295 124 43
-92 -138 -61
1 -110 80
20 81 156
-247 -186 290
-257 -280 -201
-222 -27 -121
246 -143 201
-228 -174 -179
100 -49 -294
-172 -261 189
-268 183 -36
232 -19 291
-65 -94 103
-250 128 293
-294 -63 80
246 160 -168
-157 183 62
-17 -221 -55
138 -169 193
46 -258 181
180 -255 -218
-215 -108 9
-123 167 5
-187 6 50
-204 9 -208
-118 -228 -43
-29 -220 234
-75 208 -156
-269 -142 -295
-87 -124 56
-88 -129 -142
27 33 -277
-125 50 139
-161 -150 -296
267 55 6
133 -123 -15
21 -143 -269
-224 232 -290
-196 123 -167
-217 -75 -284
98 265 244
-121 -219 278
14 -136 234
32 137 265
127 22 172
-138 -109 230
104 -261 92
84 -54 145
102 280 -139
-268 -223 83
88 287 -135
-208 -265 -142
220 -31 -213
1 -61 271
-298 -70 -280
266 -127 256
-24 -140 -169
78 -23 111
85 44 220
-38 -247 -140
-191 47 -297
200 -90 276
-43 -235 208
5 129 227
243 -65 -124
-217 -61 -32
210 146 63
129 -224 163
31 182 41
-65 104 180
101 -245 -164
26 46 177
-26 141 -61
-217 -283 -147
161 -206 263
-53 -44 -158
-173 165 182
-18 -216 272
153 -27 -222
-168 -64 1
117 -243 -199
-243 -216 231
6 230 135
-115 14 -11
-204 -211 -68
48 154 177
-133 275 -66
-131 -20 -170
-80 -85 7
-291 226 -201
24 -194 138
223 93 155
214 -230 147
209 -20 140
56 48 178
189 -228 -238
177 -47 -133
162 -8 -216
136 166 282
-159 167 90
215 277 124
6 173 -97
174 -37 -143
-18 265 270
217 201 -31
192 268 150
105 297 34
201 -281 42
82 -131 191
-36 -189 158
-149 110 -229
148 -280 -266
-261 263 -218
-239 177 -222
17 287 -243
86 -279 173
-153 116 -178
94 3 29
35 -222 197
-114 225 297
-164 -112 90
-98 202 -154
-239 -16 141
-19 -4 -209
3 -243 -236
-151 6 67
251 202 -65
-44 156 -107
16 -12 -270
-59 -272 -116
-104 120 7
-91 10 285
-234 -198 -210
42 276 43
-45 -297 -1
-48 -110 -190
145 189 231
-220 269 79
-59 59 -15
167 194 89
236 177 98
57 -191 -52
-177 15 -140
-123 -122 -112
278 261 -165
205 169 226
-131 -97 70
269 -246 180
-83 -66 211
-69 -254 18
107 72 22
-168 -10 125
15 -262 30
-280 -10 84
-139 114 -121
95 239 0
27 196 266
45 246 -300
-289 -38 -140
-25 -300 -41
212 184 -47
-208 -103 -56
183 -178 -243
282 166 276
-1 100 119
-72 94 -251
-4 -80 -91
-173 -254 264
-161 267 -38
-68 -190 -155
142 204 -17
-243 -150 69
-48 -263 8
293 -23 -105
64 159 96
-227 182 -71
-15 241 77
-165 -137 190
-299 240 -41
165 -140 -213
-142 230 8
223 156 -299
54 165 -141
-67 -102 201
195 44 119
295 -40 130
287 -199 -151
293 -181 1
28 184 -146
102 -9 -299
70 252 -136
-293 169 52
-238 -207 -54
32 300 -32
-196 -198 155
171 -106 43
117 -214 -200
-200 -11 244
228 -129 110
197 86 175
-12 28 89
221 83 182
73 -292 130
-52 168 -44
181 -74 53
215 -32 -262
28 2 272
297 -82 -186
-17 20 100
185 251 -225
-32 77 274
281 -256 138
99 48 73
-270 154 -268
170 -105 -183
-63 37 207
200 -157 48
83 55 209
-29 244 236
-293 -126 26
-146 -231 -7
82 155 -131
49 129 290
-29 -197 -199
174 149 -131
233 -231 -43
-222 -214 -75
-176 -41 86
62 23 -178
116 -268 -286
-262 227 -191
-152 162 -253
176 -218 -197
128 122 119
-236 21 -106
227 116 113
30 -1 -104
49 272 -240
-260 241 30
279 238 -245
-223 -170 250
105 157 -262
290 -293 -249
294 -168 237
-216 224 -23
75 114 -279
114 -294 176
-57 -79 294
232 51 -143
286 -99 133
32 51 -163
300 134 129
-155 296 -206
172 214 1
16 222 -87
55 278 165
-58 56 -206
-83 -80 264
49 -143 -97
82 -239 -274
182 88 293
-186 -27 87
33 -132 46
270 116 221
55 125 -1
-253 55 -27
-225 285 -110
-206 -248 185
126 201 84
-75 -70 -4
-59 -13 90
-220 -181 253
13 -103 82
146 -215 263
259 178 189
44 228 -266
-138 6 270
6 -54 -153
55 138 9
-266 -182 -92
-57 136 -200
244 -214 179
-103 -160 35
-91 -246 -93
-285 -281 -178
-33 -295 293
283 -176 -248
229 29 -28
158 74 66
-56 168 63
-290 225 296
290 79 -48
-45 -60 47
163 -87 -118
46 287 -160
104 49 -116
-185 -237 30
-209 4 7
245 -6 214
277 -233 -83
50 269 -244
-262 -37 -131
134 49 248
-93 -194 215
-59 124 -203
-119 -277 -230
274 49 -89
98 -203 51
149 -58 100
-262 -206 233
-57 246 25
-165 67 120
-290 -206 33
82 29 89
-168 -258 -259
56 -299 259
251 65 -114
176 -200 245
255 -297 283
290 -106 -225
49 -42 137
153 -86 -95
181 -152 85
-288 -189 -263
-265 99 -60
-151 -220 -26
-211 -144 239
288 260 -6
138 105 241
265 -41 -129
79 -259 -281
-209 -196 -120
-130 -208 156
268 -171 -58
-154 -135 -44
242 242 -134
91 -31 -18
242 -59 230
-68 177 289
216 -133 28
93 54 -44
240 -116 205
-187 277 158
130 -186 -252
88 57 78
101 175 -6
256 -103 209
171 -87 243
-20 228 -170
23 275 -200
-226 -278 251
70 33 215
271 7 -216
165 270 -44
135 -132 160
-213 45 -121
297 56 -9
38 258 -3
1 -172 -239
-299 184 -296
68 -235 260
-66 202 -93
-3 213 -3
81 25 -291
261 -49 -265
-256 -123 -300
240 -84 36
19 -289 19
-122 -133 -276
277 -242 -37
143 -130 148
55 -71 49
-37 175 -77
178 -285 188
-255 -42 218
198 -287 -206
-180 261 -237
80 182 17
250 31 274
-85 34 -47
-262 255 7
-298 250 -20
145 -108 30
245 299 -288
-72 -185 285
-282 -61 261
259 -280 104
-177 -135 -17
6 146 246
31 -154 213
-229 244 -79
-267 280 182
13 -119 78
152 -105 280
190 -134 153
-226 167 242
-6 109 115
136 -170 -115
-190 -161 84
-214 123 202
250 -69 -31
271 229 -193
200 -128 -284
-80 43 22
-193 -84 -6
126 20 -278
-77 -87 91
242 117 97
285 -201 207
-258 -227 153
-91 -76 76
-181 -189 -180
149 229 -273
41 -90 292
-47 -211 84
-123 235 -29
-274 -272 72
-279 -22 22
43 251 -99
202 -70 109
107 200 94
-201 -98 -191
-225 -294 7
186 262 59
114 -231 -32
261 284 -32
-156 -212 -105
-25 -47 -4
263 19 68
-126 39 49
-136 230 -100
75 34 281
-259 111 -98
-278 -205 -191
239 -24 263
155 286 193
88 113 -11
79 176 -226
-22 -51 277
215 -153 130
-148 213 -73
87 63 -252
202 -105 241
-127 -268 -260
126 -21 -171
-225 209 -118
238 -119 -51
-11 -199 65
-72 63 277
138 -280 274
248 -240 100
-39 200 -54
-291 246 178
245 9 -151
-134 58 3
79 -274 107
204 -112 -9
112 151 -158
108 -222 61
-243 280 272
177 99 280
232 296 217
-58 261 -261
139 251 100
-189 283 -72
-231 111 -187
-219 139 -122
148 -116 157
254 -232 -72
249 158 89
116 85 -81
153 -243 -74
232 -11 261
-100 -225 -115
-129 7 214
186 -231 -12
-277 -111 -11
173 -135 294
-263 132 -16
155 104 280
100 -209 -191
277 237 46
133 -157 -144
-234 -183 -9
163 121 -266
-43 -165 128
200 -234 298
-277 -195 93
-49 140 285
-250 12 231
-106 -84 96
-276 -239 234
26 -73 49
261 -159 -199
109 -192 -238
172 -278 291
201 -70 3
249 -287 93
-181 245 -155
291 -216 -253
-272 -175 -43
198 145 -31
269 -206 237
53 -269 -256
-285 -119 -25
167 294 90
-262 280 -16
95 -81 -281
-126 -289 225
-262 -265 2
-226 -150 -186
-231 -36 190
287 -29 11
193 170 -160
-146 126 217
-124 263 -227
283 214 -163
191 -277 -219
-143 126 138
-53 247 -46
-146 239 -70
212 -120 144
34 -186 58
-289 -57 264
-129 -92 150
-299 -103 219
27 -173 -199
66 -72 176
-62 -199 48
196 -223 96
84 120 -70
24 -21 216
273 240 -119
-65 -121 -69
206 -213 227
162 287 246
142 -94 -275
-85 107 144
221 63 -36
200 -41 -59
199 -270 95
-240 271 -188
104 173 -161
214 -126 78
-43 45 -157
-86 123 243
42 292 -262
75 53 200
56 -173 193
-273 50 -66
-289 281 186
-284 -195 -185
300 49 157
-24 -232 -86
278 -72 188
205 56 -150
-153 -9 -281
193 -35 -121
-182 251 -272
-12 -266 137
-232 -272 -183
-145 178 -70
-120 -218 -185
277 250 244
227 206 117
-69 161 94
80 -6 -44
-283 -136 7
-150 -48 -59
-14 243 -117
-97 71 240
-222 -133 15
24 -25 60
-83 -84 -34
193 -88 -232
66 15 -81
-233 -108 209
298 -169 -140
134 -205 -142
-38 -14 -241
-97 -34 116
296 91 -184
1 -31 -66
39 -273 52
123 -28 -140
-203 -81 -149
-171 -202 202
-109 254 -10
293 39 158
124 -204 174
-180 -293 -74
-245 271 -237
-157 0 222
300 113 299
-2 135 -222
2 214 44
168 -250 179
16 32 -115
-224 -83 -31
182 86 43
-42 -168 -7
-119 -176 -242
-214 -179 -257
-37 25 -20
-77 -56 -69
-86 206 210
-112 20 -124
-39 97 -19
52 -177 -257
-216 -87 -110
241 19 129
-22 -120 227
-8 -235 -296
117 -39 -100
226 -191 -196
41 162 -190
24 -209 166
-53 -130 -147
-46 -181 -32
-148 -238 116
-111 -134 -52
-104 -263 -163
-71 -126 -84
-243 -298 231
280 173 -29
-52 -263 18
129 -117 67
124 22 111
-163 172 5
162 -202 55
-102 -49 210
-42 257 282
-81 -136 -259
104 229 -25
-19 279 -136
208 94 75
292 -104 -157
156 -184 4
271 65 -52
-81 125 -134
68 -207 240
188 -56 99
-300 -89 -246
-114 -79 -97
239 234 -121
-67 -288 34
-25 33 26
193 -16 -250
-78 209 -237
31 280 158
220 -60 -114
53 236 -217
187 89 -188
-19 275 -269
-24 274 -237
-23 269 -5
-18 -144 -209
144 81 59
-154 190 133
208 -277 92
24 -108 125
215 271 61
-188 201 52
47 -35 -108
248 -160 232
115 97 -298
87 93 61
-253 -288 216
9 -106 145
79 87 62
34 118 30
-127 21 -80
-183 -9 -59
-234 -88 -259
-124 186 233
110 150 -73
-269 -150 265
42 168 -143
-63 -255 61
15 189 -176
-13 291 141
-157 170 -240
-27 -192 7
43 -28 -45
47 -122 52
116 -65 299
-31 -285 289
-247 115 199
-274 -46 -49
100 -162 -162
125 -259 -30
289 -168 -208
122 144 -91
-202 287 -239
-75 -102 216
-275 137 -279
-90 -270 252
-73 282 103
-219 -195 193
-83 -172 142
-81 -102 -16
107 238 -300
-78 130 -233
196 66 12
-142 224 -1
-4 98 5
-86 51 -98
-206 -72 139
-218 92 260
-153 298 -18
-274 -292 -39
-264 105 -139
21 -87 -79
201 122 175
280 65 46
69 -271 300
-266 198 -66
-158 -94 61
41 -61 -214
-222 256 -246
-283 104 -116
296 -186 -259
110 -5 -116
-189 -289 -117
-249 210 -2
-83 175 64
110 288 -48
234 62 -80
-161 -230 243
35 138 153
-238 -221 -65
-254 180 187
-261 169 -167
-85 -254 -228
-192 -297 125
-200 -148 -250
58 -219 -66
-96 -210 21
-123 -76 69
-183 160 -224
152 283 -112
-31 -36 220
-30 35 202
-32 0 148
-73 125 227
264 154 -169
135 -197 -278
-131 -78 77
-286 110 181
23 -102 -32
85 -64 274
-4 -23 190
-103 50 54
-72 -153 201
199 -223 -153
-125 267 104
231 222 -216
-219 -253 -188
-31 48 -196
256 111 176
73 17 -186
-201 -56 -183
261 50 88
1 50 187
149 97 104
214 202 -149
-30 -81 -185
98 62 -240
-284 -6 -109
-33 5 -211
148 -3 298
-167 77 230
146 -97 120
-123 -104 -186
43 270 44
154 -272 198
129 -117 199
-89 6 -230
80 -146 291
273 -123 236
-213 -125 -134
-152 300 22
203 175 -143
-80 64 40
119 19 298
209 -194 -188
99 -181 -50
174 199 97
-218 44 189
250 32 -257
300 43 -186
298 -61 209
293 -32 -263
91 2 273
72 249 -112
192 -229 -290
5 255 138
249 62 172
-122 188 -43
12 19 217
-152 -171 -140
186 14 171
-285 -289 0
56 244 -83
232 274 -168
239 -215 10
-84 -118 -67
61 76 40
99 -248 201
99 -177 133
38 145 102
-282 -77 -116
265 140 -131
163 157 -12
-234 234 -41
143 205 176
-177 -201 -178
6 -177 -209
142 196 -74
-13 35 -295
-11 -119 157
-97 19 103
-14 61 -180
-68 179 -79
76 8 -117
-160 280 -30
-259 149 112
8 200 -52
-106 168 -297
-238 -69 140
258 184 169
35 217 245
106 222 156
290 182 43
-220 106 122
-250 199 -218
-15 -182 -285
214 -265 134
-126 205 51
-49 -210 213
-251 -213 -59
218 -280 -79
-273 -247 -186
-170 137 47
23 268 163
-122 -113 -186
-268 146 -101
7 187 115
288 -273 65
-290 154 -71
299 -95 277
-107 227 -293
125 -279 -26
-123 -28 156
-67 -11 6
-161 -232 231
187 -88 250
-251 31 109
194 71 -232
110 -45 -183
198 258 -171
188 13 -202
-283 -174 169
113 -225 256
-122 -129 -163
199 -40 248
187 219 -69
-260 141 243
-24 -104 290
204 161 223
245 16 -19
31 52 80
-165 -296 57
220 -280 107
260 -25 -80
-196 202 -275
57 -72 -24
9 12 56
-69 -143 -110
-188 -109 -136
268 138 167
8 260 -4
53 -121 162
-211 81 282
-70 252 -281
22 283 -238
-9 -57 -284
234 -138 13
-63 -212 153
31 13 -139
-220 119 -298
-250 -21 -246
-42 -270 119
-146 -59 -14
250 256 137
269 23 -19
205 64 -180
125 -93 216
176 187 44
-149 -29 270
161 -281 7
-70 53 -86
-263 -11 41
-289 -234 -179
-188 -62 187
231 209 27
297 159 18
68 -57 -291
-59 267 291
17 -151 -59
109 -259 55
101 -122 -198
277 -285 64
-127 264 278
-232 -88 210
-245 -242 215
-257 113 227
-46 162 254
-80 169 123
119 -214 204
91 -195 131
-279 221 86
216 -210 253
146 103 49
125 108 299
157 299 261
234 -183 232
-278 18 221
275 -222 165
259 286 299
193 125 -128
-50 -298 -113
198 107 253
95 275 -74
-120 232 -182
28 -125 -158
-168 -158 -61
141 86 -256
18 33 -248
-150 -119 288
-246 -293 -29
-42 237 236
136 -71 134
-17 123 291
-199 17 -35
251 -6 -41
-280 -270 -259
-254 -96 229
-21 -68 -276
255 -68 -88
44 138 -252
266 229 -146
-61 209 -267
-121 92 288
-25 -30 -183
-272 -174 253
120 272 103
-241 -260 103
47 -91 121
-146 -146 138
273 148 146
123 285 94
-285 67 230
226 137 -182
-191 177 -246
75 -186 93
147 -209 -155
29 -13 -270
288 -46 -295
202 -195 -86
-270 -150 -27
19 259 32
270 48 25
-86 -288 95
-10 -126 -62
153 -25 38
-73 -198 167
277 276 167
-146 -64 62
79 279 204
205 -5 214
-23 287 138
119 11 119
110 -233 10
248 231 -168
-264 -41 55
-27 -156 -129
-194 -88 281
-272 195 -245
-128 73 111
92 147 -125
112 -257 -183
145 295 219
96 -37 96
-17 16 -50
295 11 125
51 -299 143
-157 123 297
-62 -270 -162
253 197 -128
266 -31 171
177 -27 225
-278 -285 -274
-244 186 129
255 178 26
137 -154 -69
21 -173 92
-6 105 -113
-22 -156 -207
218 -191 186
180 -89 -122
272 146 -121
252 -205 67
-179 214 233
-223 -1 283
46 25 37
-110 75 112
-189 -44 209
-16 191 88
-134 293 110
232 256 -173
54 -101 -174
-200 127 40
92 131 -274
143 85 -276
256 30 25
-47 -269 238
-290 198 -27
35 228 112
-33 21 -254
204 -147 149
-138 -107 -103
74 275 11
226 284 291
230 49 -65
-51 -58 -119
-177 5 -133
-295 12 293
177 -6 -206
-12 -119 183
-160 -68 196
-267 22 -15
-264 -178 56
179 -197 -47
199 -161 117
-45 220 167
-217 103 252
-106 213 69
-22 154 192
121 -117 8
-83 -121 -231
101 -286 17
82 65 246
-56 -270 -201
-188 199 -280
279 -261 -174
294 -247 -123
200 52 203
9 58 87
24 -146 -183
-138 192 -276
-241 287 153
233 163 59
215 292 -266
-99 -61 -209
270 -250 161
-50 -105 -104
84 -286 -232
161 -251 -90
-232 -248 26
-87 249 -292
-186 -24 279
58 -289 237
-188 -55 235
-152 86 -120
-150 -144 -220
290 32 282
-19 -33 5
177 -97 9
-13 -229 -229
271 207 188
113 187 -221
-262 -77 -206
142 -243 228
-151 56 181
104 16 -110
295 114 -210
-221 -58 104
-191 46 205
-18 123 -146
-272 -43 -286
295 150 -264
-54 -162 -63
-55 203 21
-134 80 94
-47 -128 -66
179 -156 -78
-268 104 116
-292 -118 -42
-65 139 -298
-64 -170 165
28 206 125
-262 -75 260
244 204 155
80 66 12
-119 -290 -274
57 187 -174
-49 -65 140
272 265 104
170 -298 241
-240 -67 250
64 -56 -142
297 22 -290
215 -270 -238
-46 239 64
91 -177 -242
-62 1 83
8 -172 205
11 44 94
-243 206 36
-179 -79 -268
-123 -275 140
48 -150 -268
174 114 -197
56 198 -138
-244 -27 -60
129 -73 -249
160 -163 -68
0 -9 6
219 -93 -54
-93 -3 102
-10 -25 279
223 277 40
229 -242 -2
267 -21 285
-287 53 -288
217 -271 137
-50 -273 64
36 -212 9
270 -158 211
-125 -105 288
227 276 80
-233 -230 -145
144 -200 -291
134 88 14
-53 -51 -247
23 -145 -158
31 -126 -52
90 -28 201
-76 96 190
71 0 130
85 223 -127
-290 -98 -129
296 119 232
-20 40 -237
274 -168 -233
150 67 259
231 -205 226
-196 268 252
-9 -283 258
259 41 47
-80 38 -56
282 -50 68
-49 -299 158
-227 250 212
287 -212 232
-38 -238 -280
185 50 238
61 -121 -169
-202 82 -210
-284 220 -242
-132 288 92
-52 37 -225
-132 183 138
114 -298 215
-16 -256 -272
-77 47 239
-57 -168 -99
0 280 -181
-298 -134 181
56 43 -44
-207 62 -262
156 161 -290
230 -144 -180
-119 213 -155
28 -82 5
118 51 -299
194 148 -201
254 288 95
-264 -107 -267
148 -96 151
-262 -95 263
5 -224 173
64 220 -147
280 278 -75
225 -254 142
164 245 53
-237 -26 -106
122 272 -33
196 -260 -223
157 134 183
-50 -189 113
-144 -269 150
-41 -250 -71
238 -121 106
-216 98 -97
-24 74 -79
289 255 230
-95 -54 298
127 5 207
274 -142 -103
188 -88 79
279 -18 262
195 -54 199
253 272 -40
268 108 272
-142 265 -36
61 166 -100
201 -32 -300
282 67 -226
-250 51 174
49 -117 109
-166 -245 -60
-224 -204 -216
-222 -45 182
-38 -68 35
227 -38 -222
250 146 249
-22 240 -122
254 -38 -225
-5 -217 254
145 263 -256
233 127 -251
-114 223 -202
-58 -219 51
147 116 -243
82 -16 -60
130 -182 -264
60 -161 157
-291 280 2
-16 200 158
-166 -56 269
-193 124 38
-54 -13 -50
249 14 -73
169 78 296
0 -135 -65
209 -249 -195
217 -282 25
264 29 -4
250 14 -277
17 71 136
-270 -292 122
-115 -275 178
246 -84 220
47 295 146
222 67 120
287 251 248
-244 126 -154
282 -240 54
-281 -281 -186
53 236 0
-70 -179 -61
204 24 -20
-58 -65 -183
-232 -105 60
68 -18 79
221 -245 143
-24 -285 -106
118 -237 -171
-201 24 -37
-231 -51 -188
-82 -64 -276
165 -138 133
204 102 -229
-199 144 145
164 -24 204
32 -7 -166
29 -175 -269
-249 6 -75
-172 -217 197
-79 -252 -271
283 162 65
25 -263 182
-259 115 1
-26 -241 -117
178 -71 168
-265 -90 159
242 32 20
247 -17 264
-113 -135 -287
-134 -142 32
-73 -290 -156
-205 269 -220
21 -23 259
118 -24 280
8 -246 162
148 47 75
105 -5 -181
-198 -43 -158
-61 264 271
1 138 -196
189 -163 -241
148 40 -42
144 74 292
29 250 212
-27 -102 -144
-115 121 2
15 -189 248
178 -295 -41
-205 -261 196
50 171 5
68 231 -87
166 -137 102
-9 202 275
-116 253 116
-286 -14 -46
-25 -23 234
17 161 -243
-153 89 49
-149 169 -133
163 -193 298
72 -159 2
-181 259 52
143 -206 -119
-245 158 -201
191 225 143
-117 -170 -135
-112 -263 -41
253 -42 -152
190 -275 -16
133 -283 -124
-212 71 -66
148 -117 -255
5 77 49
-112 47 -277
115 -222 84
40 -78 229
119 -268 28
152 -83 -122
69 -71 53
73 -119 186
117 -290 -296
269 -39 197
32 -269 68
107 -23 -53
-101 -184 95
49 286 70
-127 69 -106
156 -170 173
14 300 -284
-100 -114 222
-112 14 -83
-207 -154 -107
134 28 201
-84 12 262
-123 81 13
105 -94 143
-140 231 -36
20 16 175
295 36 98
47 194 228
284 58 -178
183 12 -40
-265 288 232
238 -86 156
-149 176 -221
278 10 226
-113 264 236
-128 -284 275
-186 -84 289
129 -274 -24
210 -77 138
-50 -208 87
204 -287 22
-59 225 -169
-110 -261 -4
-94 67 -290
-8 270 111
-44 -131 -214
121 -179 -5
102 -12 63
95 70 274
-245 72 4
27 41 25
-69 98 260
-186 -212 6
267 199 -275
90 157 255
-283 -260 296
-54 212 54
-171 -140 -262
100 -54 248
4 -173 -233
274 -175 -159
166 277 257
-23 -150 -1
117 -234 -92
209 -170 -109
-52 119 35
-178 -70 144
-139 -40 -86
-163 128 -203
-127 227 -299
-103 -221 -254
-40 -269 -128
176 -244 -69
-135 -101 282
-245 -103 76
182 -159 11
62 36 -194
87 -227 219
263 29 138
-300 116 -113
92 38 189
195 -102 -243
-142 -58 -145
-289 -138 -119
-264 84 -249
-62 -290 171
197 -265 -19
173 -105 -213
56 110 181
123 32 216
-3 -114 -51
50 71 -277
110 221 -271
-109 -172 -103
91 260 175
-284 -55 69
-147 28 121
-207 -1 79
299 170 -277
245 256 191
-116 -183 86
43 251 47
207 48 -291
-102 180 179
-177 -109 194
281 70 -133
-128 20 -105
245 221 -279
-68 -262 -212
-118 -284 261
-19 -23 -43
-120 -258 -267
131 160 45
-200 -247 159
11 265 237
292 -188 50
-282 177 43
245 -189 292
-83 128 108
69 -270 -250
-77 -300 250
135 -177 18
269 282 1
-118 -1 -284
44 89 -173
-24 237 192
189 168 -52
155 -72 300
-13 225 -205
293 198 -180
-228 9 41
283 252 -22
217 -39 -77
70 216 -117
27 230 34
-274 142 119
-134 -117 249
-262 48 77
-107 -129 47
-69 254 72
-87 -154 31
77 -194 53
287 129 -273
-49 217 64
-159 105 -152
-226 181 -299
290 42 -217
-220 201 -37
-45 -247 -127
-237 138 -179
-179 19 -15
235 -80 214
-258 168 267
-149 -245 111
-215 88 -257
211 294 -34
219 -230 -89
244 -206 101
247 265 -270
-17 134 -168
-81 -20 -33
287 90 30
157 243 269
23 48 253
65 -154 251
-246 -146 -76
91 74 211
259 -218 227
-176 191 -54
-262 -45 -129
128 -291 -222
-106 240 -104
285 41 -242
-122 -82 239
-182 266 -269
-24 -110 128
198 -113 -138
75 -223 -142
-206 168 -295
300 -241 -149
-62 -297 253
-104 -228 260
133 -171 153
188 -249 -163
-159 276 11
262 -87 -58
83 -276 224
10 -139 -3
-28 -195 -170
96 -294 262
273 -172 255
26 156 -232
206 -223 -230
-24 5 -143
-282 249 217
90 -210 276
-239 5 185
267 -160 102
135 250 232
131 -160 -41
290 -85 89
-242 -139 -64
261 -177 -300
-44 7 220
-107 234 -178
268 178 22
-247 -7 118
-30 103 119
-156 -297 229
72 195 143
-183 109 196
-74 -211 5
175 -128 -275
118 99 55
-142 21 -1
-164 35 -175
132 239 -236
266 -171 -195
-196 -33 -77
173 31 -261
209 55 253
-38 109 -108
-29 -260 -15
-268 171 -251
-59 156 66
-273 119 172
-142 249 61
265 -48 -18
-20 196 -74
-207 -17 257
-134 -7 259
-96 183 131
248 62 169
-196 285 -216
-60 -284 138
20 277 11
63 272 61
-217 83 138
196 180 65
-102 -274 10
-165 -27 -158
-214 -78 -173
-65 -245 242
-39 180 -99
46 80 208
294 215 -216
-26 142 -291
64 105 -92
-165 -55 45
-189 -91 217
50 -230 -6
-154 64 -145
-219 -87 -260
246 -77 -285
292 -113 -115
156 -135 9
41 -97 -188
132 -36 240
-10 107 3
66 -247 -227
95 -62 75
-294 64 -66
105 261 15
-239 -87 281
-73 -93 74
195 43 82
144 -169 24
99 185 130
-225 114 -221
-62 -143 69
275 -166 -19
-253 -219 289
-85 -161 211
-5 131 -76
-201 -239 168
-6 121 171
279 -39 -242
-146 -113 -266
-8 -242 -22
46 40 -48
267 233 -101
-212 -230 287
-76 -146 169
-259 -295 -186
43 -43 93
240 153 176
-169 -133 -296
126 32 -27
-9 -94 -76
-125 -105 -4
-243 -155 147
-97 197 95
146 18 156
-228 167 239
165 -278 -252
-48 -7 48
-282 7 -132
20 -50 -44
13 -98 253
-65 21 52
193 176 126
-145 -64 -218
-73 167 -293
245 -112 -262
-159 120 3
-25 193 85
141 40 -83
-51 -16 -249
63 -13 224
179 -140 -243
65 152 115
-163 -46 -53
60 -161 60
-122 47 -13
-239 247 -234
-122 -201 177
98 -7 29
168 -238 123
171 -219 133
17 243 267
-102 -154 41
197 -221 253
-173 -131 -299
-15 -237 119
-295 168 -255
156 -49 -56
-73 35 75
148 101 -29
-296 229 -173
134 -64 171
59 -240 -12
300 295 -160
-269 -174 -178
113 63 128
-96 -86 28
179 -241 293
116 -213 64
-7 -246 161
