2118
-15672 -53130 -93621
-81809 68632 -92523
25845 582 -43167
22080 95017 22292
42247 -70635 67322
1958 -74667 21233
-98494 28103 -69371
73387 -73828 59451
-61093 -94386 -56060
-46018 74447 8243
-7361 77345 -5868
5773 67226 -2877
-73937 -58984 63593
-77039 27346 68454
-54246 -65137 97125
56681 -14258 -53379
89139 44231 -89212
-76803 61970 -33989
-29178 90327 -3503
-94552 -36935 -62049
49402 60025 23207
-57305 80499 20094
-27729 10851 -30398
-65962 -80955 76769
81613 -95126 -83126
61934 -41813 -63018
67790 -88700 50123
-25043 25038 -2730
-36289 60610 52272
-7840 -8804 -97727
-89808 26668 6785
-80875 86496 -76727
75786 90285 -8715
91400 -46477 2748
-93529 60572 94723
32558 -27673 -58004
28717 -92354 -88689
-60290 59303 58700
-54766 68865 76859
94506 22827 -83197
-98027 -42617 46012
53449 -3783 55477
99875 -78612 69231
-47102 54322 30963
-94827 71916 -24682
27648 -48005 -7311
35020 -77334 -72557
56799 -54107 -24123
25384 3526 38543
88674 -96803 -4020
47457 23979 2352
-93458 -88137 32780
45045 -28816 14013
47035 60208 93271
61400 -89475 47796
98328 89852 57862
75161 53720 72534
-74309 -68392 14999
-43179 86472 -68305
73653 13239 -69029
-10004 19781 51295
-71781 -15550 99994
84777 -41056 -33718
36995 -52629 -6990
67816 69972 40457
-56415 98898 -20062
94848 87454 88420
-44603 28961 37709
-49869 73315 -24301
14769 2141 47858
89150 -83815 -47282
-78084 -7807 75521
-54236 -61302 17704
99636 -89820 -91239
3108 22323 28988
92910 -73789 -73972
48001 20217 66874
54058 -1359 81035
49061 26310 64794
3443 47492 -46708
-52315 6891 -14742
-51942 -16799 -14875
-81819 14743 38476
-69662 -13975 -90804
-38592 79339 91775
57094 84065 61614
-77431 -96996 10080
37749 52587 -98997
5102 -51269 82131
-22515 89447 -49993
-74301 -67206 64623
-49015 64104 15138
16587 -36437 53928
-85996 -25564 -92718
-35951 88662 -70822
-35712 -39930 -25436
3807 -23327 11496
-51409 -87869 -77314
-80462 24529 -87142
-10374 86575 62836
46086 29308 -1355
99501 53315 -19705
11035 36761 -32226
-71270 7210 94690
89968 26200 75833
-84118 68106 -6627
50931 -35452 -15298
8075 -38153 -19231
-3006 99838 48973
-30264 16723 -47287
-9520 -35756 -38173
86101 40004 -38561
-91659 68512 56730
1961 12005 -84753
24993 87642 -11944
-21980 98368 -43235
-69494 -78155 36777
60529 -11044 30078
33058 -46329 -78229
-85693 67239 -44862
1475 34256 -33646
55399 -12101 98408
49023 -27367 17480
-52452 -61326 -22983
-17339 -58917 95643
-18532 93420 -1140
83904 39348 73151
-58103 87038 81396
-86570 25828 -99356
-55337 31705 -85141
-72277 -85942 51283
63595 72928 6047
71450 46498 -33180
-93250 32938 59988
-43227 -94159 76995
54266 2378 69018
6097 34675 7104
51609 86473 55076
67700 55540 26590
-73471 31458 -61961
40918 -99591 -46756
64667 -62298 -35754
14187 91106 97183
86308 -95698 -95220
-90183 77326 97030
-21533 -11483 -23515
77595 -48320 -53081
88910 29937 -72349
60374 11294 61861
-90165 -76116 65600
24708 -9954 12187
33005 -23015 -20533
-47401 -71733 -51542
63166 -74944 -32925
1539 89705 -13462
-52186 71196 -75171
-90760 -25750 22488
4073 -91125 62613
45444 -98505 -91574
91185 -72701 84813
48641 -41680 68615
580 -32033 86133
-10430 -62251 84308
91188 50867 87610
-25543 44726 -35109
-37076 -71669 55904
-46066 66083 45745
-40102 9068 -66927
-17204 19976 61600
23032 72746 -7087
47831 44851 76183
71527 21774 -57444
-67387 -4307 18042
84063 5848 93480
94950 -89864 99172
69506 -40540 -38241
-99726 13044 -89162
-81615 27929 50197
8337 -29903 -99927
49092 37686 59604
58941 -81336 66563
-77625 16591 32837
-1757 87286 -15481
-21864 -28615 -2665
-69665 74385 -39254
-75099 -57951 17897
-5817 -23177 23812
-27573 49524 25651
23632 -71220 93028
-95657 -8844 -3132
16711 92116 40904
22309 182 84418
94038 91724 -24016
30298 69291 -13360
-87860 2796 -73772
93662 -30963 -98922
-78590 89033 70666
70938 99950 -30399
55397 6075 43059
-69547 21214 -7138
-41607 10547 23104
28737 50575 11969
-12813 -87404 -30548
27457 -53121 -51236
-10969 72483 94157
71665 -14702 -24731
77066 -567 -15198
-2385 47377 73904
65441 83595 -62818
43338 -32886 -85572
93091 -4750 -29931
-46116 -40469 61026
-70406 19321 -22051
59561 22264 84268
91108 46982 12621
64836 10390 39672
54098 62304 48225
-10242 4999 -96382
44334 29507 97990
-72201 77966 -28161
-45496 -61915 76301
-93190 73962 54916
-21604 -61246 -54833
34853 -45240 -33262
14484 -66056 -13554
-1141 24433 53091
-75921 -53572 63297
-48417 71853 16912
-71161 -94118 -19161
24549 -13995 78663
-40429 20018 83650
-3482 62886 85920
54744 67043 31448
-86704 96449 44057
-38076 -90300 76564
3100 32957 -57996
18932 99041 -23154
-90863 -60965 10559
69733 -31384 -64482
26155 -32098 -74795
41237 29182 -99675
-78833 -13457 11613
-24663 -90301 67121
-27423 -90634 42033
-66373 55059 84475
-48399 5521 41679
-94680 -75574 25707
58781 828 62493
-29655 66217 27107
-7071 -41654 80707
61314 -98305 -27455
62077 61243 92248
70541 25555 -75732
2675 -60291 -89300
71674 21976 -22346
-72284 80185 26921
6266 -67951 -49355
8313 23271 -73937
-92311 79553 -7852
18145 63855 42734
-30844 70926 -99446
40923 59023 42157
22890 -20869 -63315
17696 -33302 -33600
47088 -81822 8408
34457 -30715 -50973
-69004 78582 -38889
6853 77811 80299
-83211 23387 -1113
-32907 -35002 -53221
-25850 36849 -21443
-5976 -75398 100000
-73503 20482 83179
50935 61275 95596
44772 70607 16439
-25700 61144 -21004
36154 -25861 -48874
-5722 25641 251
-11728 90680 16975
91405 -7211 49414
-36223 6369 -76570
-51295 16104 -11915
78654 5316 35670
-45089 76536 -67384
62531 -45267 -3754
-30522 53829 9672
25279 -84725 92117
-5556 50413 -47851
-98325 -23685 81318
-41596 33167 -63299
95104 -31605 -20087
93083 87360 -60279
26534 68999 -34916
-65636 -10275 34299
60817 -53832 68654
47809 -49411 98815
97202 -21865 -84340
90859 -27822 -5999
38343 89016 85370
-90028 50083 46420
-60012 9305 -78132
15997 -59678 -64137
-37587 62587 84454
27407 -90026 -34046
34611 63406 -40984
48867 85688 67929
-85923 24510 95878
83286 -17700 80370
-76090 -78405 19157
-42065 -93231 65205
98693 -57213 -62883
-94187 65415 99330
-1426 59279 90235
-67632 95308 -83921
-23340 52535 -46164
-47333 -84909 25686
33926 31938 25247
-88284 91438 45903
3691 -28069 52563
-17490 -73290 -32547
32471 69196 -38468
70639 -13781 -57582
57164 65070 -2556
-53347 8937 65621
33792 -50778 46868
60689 -63694 -59102
-24024 72582 -4443
-25484 -27174 -73532
-64843 -39615 -90469
6918 90558 -99269
75670 4085 -75960
94249 65957 -8031
-27373 35693 75390
71382 40329 -32243
-81825 55473 -31521
97830 58253 -21850
64472 63461 -1023
-85024 -85529 73972
-10719 28775 77077
19467 -8104 -90428
-30449 54345 -53967
10964 27459 -40948
37720 -62322 -58522
42137 -34845 89482
-29600 -15157 -23208
-42441 47241 53242
-37682 -69512 -64398
-86774 85420 12551
-14808 46794 76104
-72903 -61777 89825
-71307 -2189 36286
-43554 97038 57091
8033 18175 -77065
39480 27211 79150
-89250 -49942 -53136
5735 71197 29290
87061 -8352 92717
86344 60698 23636
55214 -48801 -59025
20483 99463 63190
52820 -22384 45192
718 -88210 66999
-92088 -19156 7264
-32503 39638 33826
-49421 60077 -54671
88672 -82072 73444
-39512 16864 4061
-23972 81033 38975
63093 34396 -70384
-60453 -79866 -27323
-6657 -47963 -71582
-7179 -48302 7625
-12910 68716 -13668
-76625 18541 23350
-25024 33965 2411
-17810 78572 -66015
75724 -71916 -86423
-93407 -13488 -98185
-29834 94456 88911
5897 53821 -24201
73201 341 -59836
23559 -63496 60862
16244 70937 -10320
78432 -80206 -55334
-23900 -65811 -5753
-78538 33233 94270
-46096 65923 46616
27792 -18690 58307
-67016 -76082 -65446
71582 96366 -49405
54592 94848 -99054
-57268 -73073 -13498
-33020 29177 -53954
52004 47597 -39444
74512 -14786 -70968
-84580 73193 51690
1664 -55328 94575
-49386 42859 46771
-92813 79042 60037
22706 44561 4955
28330 88304 -15158
-3191 -24435 88595
-27623 -60558 -31092
-28389 40164 88276
13185 -81852 -94240
48734 12807 44009
69530 -49863 7235
-39295 -43557 -53606
88920 67154 -74636
-402 -73524 20655
-69462 -64334 24897
-34508 -5675 -23108
-95914 20811 -97224
52831 -33431 87387
-97303 -83490 92161
60454 97061 -60191
24920 -26608 -7946
4843 23480 -99254
94885 47212 90870
89467 10812 -39978
-67604 -45784 -24110
-32061 -99721 -91523
-18128 -54589 75355
-4140 20936 3550
16864 8526 -73172
50635 74860 -27517
98781 79152 -92377
-81427 -77052 -51407
75656 -43740 -69029
18425 5181 97416
94114 64728 -4372
-68604 -79658 90094
-4614 23043 -84502
-35175 13603 4549
49010 -64475 85600
-67957 -48751 -10236
8287 59280 -6542
-27113 -50273 -90957
70511 -22741 -28158
-16452 83720 73320
-12477 86768 4520
24908 -81186 -45082
86699 84867 27946
-87996 -36917 -96195
-53517 32950 63607
-41655 -41505 66095
-20339 -4505 47805
53171 80007 -98537
-38652 75775 84975
-2360 -5456 -13420
77357 -42890 -7046
-22940 -3076 -93745
-32704 -70658 95349
39163 -66234 -68424
-37875 -55958 -35469
77057 53988 87083
-82800 -17845 -97640
32260 -56550 -22259
27274 895 41064
-77973 -40077 -82822
30020 -64695 -77421
-35039 74824 61113
-68269 -73857 64579
-71771 -52654 -64855
65657 -82589 -70282
-11498 55306 860
-32992 -65334 -48260
-1587 53349 -80281
81611 -30159 8849
-57737 24619 29036
-78592 93241 -75595
-1543 -70388 -5296
31301 -64192 19966
17617 -22955 -7952
-57226 -1867 72499
17032 -76743 54652
78747 56414 -92083
-34528 -29338 -12016
-22580 83264 -79776
94174 -66379 -28469
-33034 -31464 12135
-43773 -83487 5683
1873 65223 5464
-37802 -28325 59914
42139 -60921 33023
15460 -8915 63146
-94600 -45969 55389
-72016 -89015 -36090
91118 93737 96452
44741 -59360 88176
-9395 -58072 89675
-68013 -37296 -30092
65591 18431 -62345
98978 82075 -17202
66181 -16048 -9390
65947 -59398 -86208
-35936 -88421 -95233
95072 63068 -5760
96308 71416 87457
89284 -9713 -58457
-48440 10896 19744
-34789 48181 61912
-18404 14736 -9656
-10529 29585 46985
64644 64722 82212
38711 -16522 54150
30491 -84600 30476
87994 -3694 63695
-34528 -62047 -69275
-77256 15633 -14431
84769 63904 62117
-81601 -48971 25302
99996 57051 -17291
79040 -94153 -24236
-74546 -67537 -42521
-18050 -63782 -37494
-2095 -14369 -97294
18277 85108 60735
-86269 -80096 98194
82047 -7364 58476
-8834 37864 35380
-28619 63258 25159
-9173 -83884 729
3642 93898 -34453
46457 -6869 36151
66986 -93351 -11902
-54549 -32650 -12361
-18677 47529 5263
-87893 42108 -66844
81042 54778 -68917
-47795 -63748 59024
-69525 5269 63497
34603 83236 79668
-76212 59294 67954
-52482 -78228 38595
-1652 -29717 34845
30827 -894 -71466
6793 89071 67470
48682 -90147 -51028
23711 64426 62251
-19838 -19636 51912
11438 98713 74185
-64803 -41917 31429
45919 -48777 20674
40597 -1148 12999
56031 80953 -22333
-54522 -38165 -72604
52290 -57888 -25686
-88054 -45095 39184
-95767 86222 34951
-34473 1738 41094
-35770 62547 -78291
-13408 31480 -91321
-79329 73457 91862
-82353 77750 -3586
84444 24385 87700
26566 99796 -74247
31523 42401 -96897
-43071 84580 22635
-96697 90454 81819
24482 84188 72870
90973 -96564 -12207
-41290 -39661 -18127
25676 60577 -78782
96582 -55332 23953
-23993 57964 -51224
-32246 -96214 -80148
82200 -48643 -84023
-44710 -92748 -28810
-45706 41834 -75228
67754 -85081 -32577
-40428 27166 95190
68598 -80518 65900
39105 -16316 3368
-63556 38451 85315
81947 24784 88338
90512 33575 96178
-86795 -60538 2305
66161 -8117 -37835
-49908 -21122 85437
-80809 22311 38936
-10844 19499 13862
81504 -51654 82655
6034 58718 39179
-94456 78609 72321
-50918 -17368 11650
-73916 93516 -97593
67539 -82227 74427
-83122 -30115 -69179
-32172 26628 76473
39133 76962 59681
65483 31072 -78681
-76388 -76448 -56658
-71257 -67502 43681
922 62948 -14667
-61851 -24401 -8506
-88576 -13756 -8738
9556 -55480 -96976
5402 95660 -17794
30001 99027 -7226
-88255 44204 -44313
-41730 -7344 98968
-26852 37647 -15232
4930 61818 -57241
-93562 54284 -40802
-9443 75967 32670
-16801 12629 29956
-74727 -77130 34951
74077 -3618 -829
95650 -80879 -38398
-23243 -14705 -44791
37792 48107 39621
75190 24675 82227
71353 53956 90009
51629 -74841 -62108
-24456 69220 -70080
-27362 70808 74124
-2593 33441 18372
23943 -97073 -65588
45424 -81369 -91790
-13850 -16461 -55176
-62588 -54312 50514
-57131 -60317 59719
97326 -55841 14152
61096 52207 54787
36864 -45496 30141
46807 -28448 -47591
2704 77442 19123
-94404 5030 90664
80133 91555 -12139
72570 -30653 12885
65655 -4873 -57660
-54239 87491 6833
10726 -71777 8975
-70592 -53098 47980
2982 80607 80269
81110 -94116 -11666
-52244 -72802 -52223
-47404 -56715 -20547
-9040 -36540 -78554
94863 -34227 -54436
-18767 53222 -32036
-18660 33367 98144
-43307 8468 -27826
45485 5953 -25113
-77723 50761 -4821
-29916 29073 34407
-5033 -56011 32967
21864 -43879 8166
-43758 -14501 32083
80501 -85635 -15375
44548 -65722 86567
-30674 36043 43406
33497 -4812 68765
15433 13466 -77819
-81329 11308 27763
-14857 62177 -25747
-72424 38845 17564
-73433 -6640 -15607
56155 59506 64140
37744 -49768 20580
-80998 74317 -82584
-59431 9439 32931
-1967 -25702 41109
56650 -73076 -94942
20508 17740 73266
-5868 -36929 -62363
22982 70882 -41068
65126 80490 -38222
46836 45363 -12888
-65556 -31785 -28640
-37223 -41958 -19311
59088 3754 49917
-20791 35638 66600
-22402 42801 -78403
-71234 -27353 3026
3283 -9622 29580
99541 -50074 58946
471 18409 86032
17190 41468 -13898
-41614 16232 -31279
-71709 44239 81719
-71414 25510 98904
89738 89334 -84420
26409 -28631 -41470
-9466 -37934 92740
98275 -7198 35056
-70 -900 -3260
65333 44494 98230
7097 -94414 52476
26638 -64383 -12559
67503 -31408 452
-48165 -65962 78579
-13502 -20465 -78786
-34820 43110 -5705
58607 -68120 2821
-67293 43112 -21679
29675 48958 -94172
-50423 45505 -88079
-86357 26147 -18365
-77027 53259 -61417
45009 -28063 -72371
-25495 -62174 70876
79784 -88410 46194
-18981 -66338 16713
55698 53460 36225
-28071 -96390 93862
-92138 19622 -81887
31980 -33421 73157
67603 67116 34157
16327 -96273 -3331
-69157 -8628 -56711
12314 24713 93118
63682 71550 -86267
46261 -43726 8733
25420 33534 -82831
-83338 43301 6509
-33078 -62117 -38535
65256 -47070 -39818
83924 34384 -42378
70412 90664 11548
66655 -38055 -82274
76661 41465 -71614
-5626 -96481 51076
-89430 7491 -78366
49498 -85920 -44421
-46328 8998 -12508
37204 49972 -6690
40029 54666 66682
95930 25572 -43253
-22728 -58322 -35000
-88537 25967 44228
-9848 -7945 -14533
36595 62819 -22167
50187 51512 -49071
49189 -40448 -30542
-52442 39595 -73814
-16621 -3834 77932
-40537 -61797 -95359
-79548 25300 32536
-93926 83993 -3524
-14129 -32485 -54609
-97042 90275 -66541
-12923 55628 94165
74737 76082 50393
89882 -23859 -88755
-10235 -70567 -10348
-89007 -29491 -91836
-68707 -99897 26323
37444 15639 20926
-57862 79974 46754
56629 -60959 -83448
-88835 -47425 35755
-57934 39785 18315
2129 57893 -80422
-48457 -40559 5053
9864 -35030 87716
-48444 93351 -51333
33783 -20569 -62878
2629 -79738 16971
-25615 82370 -71514
-34736 -72589 11784
62357 -29260 76160
-28876 -15435 84697
-4278 -54268 -72374
-60990 -61320 -56084
85092 -75474 66285
92516 15545 -11039
65968 -73711 -25783
-62049 -55939 86149
80133 -5140 58143
87706 -75037 59086
-88963 -89653 -11127
49409 -20838 48039
-69691 64577 47825
-67936 85730 -55284
-51294 -3014 -98036
-11460 71609 -51818
9382 -18727 32379
32663 9933 -38317
-45422 -68034 -25610
73075 29651 -27298
13944 5623 42603
-19873 -69409 -73286
7343 76358 -14741
35418 -75545 8238
-6828 -95167 90659
41585 -63856 93570
55973 -34211 -28765
-53415 45558 -66891
65429 77700 -76871
-15408 -73301 38650
73316 35082 -85704
-54939 95781 -77436
56759 89305 -26881
52485 14678 -30056
-13158 66889 75898
45474 -97947 8315
96568 -24205 23193
22378 -20799 -67325
6264 53398 -20488
61700 78245 -76768
-3997 99909 -91699
-64113 -96238 -60495
-96392 -64773 77305
81500 -95225 -67200
95733 -37237 16101
27203 -9326 -22379
27357 -81165 -80587
54467 -74214 62198
64269 57955 42965
11671 83784 53017
-63075 -43374 -43860
27928 -55501 75572
-8043 -2357 57364
54379 -70951 12393
-80898 86472 -60703
16910 -56536 -60121
-99667 -60647 -71695
83578 -48924 28167
-94502 -30941 48452
-40422 89375 80001
52482 -50367 72501
68753 77001 -34146
58872 25376 -92175
-69061 57815 32331
55452 -3588 77719
52357 52426 18480
32346 81589 19572
99563 -51525 -40529
18621 -43952 44097
62869 -7578 -5787
21860 -60293 -67675
95399 -67582 -59499
-85467 59630 47887
82564 45525 -43556
-32178 19722 98610
69055 -29629 88362
-50737 -86486 -63230
-77555 -4748 -53629
-26417 48638 -40946
-92686 -99074 -55941
36643 -48784 -52871
82709 39395 -99680
22635 -4627 -51674
97651 -83347 14789
-70627 -49076 -50377
-10739 -55931 -2861
-30653 92477 -12233
18756 -90038 99455
88113 -693 -31448
-16072 -23933 14797
-3315 -25804 96603
-31970 16611 -50163
1608 48039 45943
-26385 86331 -18333
-6710 -51868 -65266
97043 -6481 25919
-32177 78427 18090
-37813 73889 -22526
-97977 7576 -16130
-54216 59895 -27514
-67730 88848 29443
-99391 -97487 -61422
83210 75660 -96905
96003 38437 -50561
72238 54275 -85792
28302 2920 -22214
-84670 -90901 -59940
-8880 40742 24672
20154 79891 96589
-13395 91130 -1356
-26631 -82643 77277
-88478 -43553 -5029
-80899 10572 83168
-71907 -88675 71101
-84760 93499 69590
-43582 43387 -96552
-65058 25085 68363
-53395 9114 -53772
-86123 39768 -52826
-14210 7029 -24478
-33234 -91325 -3606
-25307 -37246 40312
-45637 -91082 -14879
-99310 -42046 99528
51223 -95826 68534
34542 43428 -58244
97522 -80219 29492
64494 -31202 69737
46234 -22092 46078
-52215 12877 24941
-74779 -56445 -87286
-75663 85652 -62314
71942 51722 -59632
-81202 43340 -97247
-6142 -63973 -48288
-83625 48218 -17124
-45463 -57605 -48987
-13780 711 92748
-84233 -23559 -74026
21509 43094 -31119
52784 56592 -81738
71867 -25331 30625
15245 -89982 -9801
82804 4325 43129
-70404 -97631 8484
2535 -89297 9376
52629 9959 -97740
48230 78654 -64226
71379 677 -32216
-52622 93288 -14125
-17659 -46894 90195
67443 -33671 37795
-46044 -71270 -98171
-89173 2121 53211
50851 63399 41485
47809 21947 -40810
74898 15688 73357
58685 -44777 -93815
88372 -93488 -8090
-55060 10262 -83544
69047 90495 -8006
43019 -37788 20741
-84214 51406 69847
54750 92964 49295
-79036 -71728 -83645
-58446 49358 -30841
-91208 -38396 -40710
-2562 68507 -33178
52687 30685 -70427
-80995 -73707 34571
52091 -75674 -98096
-73928 4644 67385
70319 35286 -64611
-90419 31900 -6396
52253 -55313 73064
-26178 49629 -34262
25522 -16780 -50814
-68571 -89610 -94220
12740 65979 -18440
26495 -16210 -92276
-22992 67827 -55521
28474 -36122 -79517
-85204 -84056 -29913
-55300 83137 62981
3653 27312 -64578
42540 94698 -1385
89628 45000 -5506
79580 -46324 -31073
-2678 -68803 78592
86247 3560 14111
22214 -2162 -32915
91850 44027 46751
90714 -85083 -47783
-58997 69010 33712
-80950 3107 29820
52652 -53418 -33719
-16911 1305 -18897
-99740 -57736 -27418
44400 12255 45167
42972 23962 86653
54318 -25063 -81115
24637 -54093 -3650
58291 33806 -49453
63607 68628 13805
-64683 -56845 -43690
-86689 4485 91061
-27557 53754 92437
-15895 25699 48424
-5214 -57332 -82425
54948 42354 -62930
79836 52198 -75561
63980 55126 29400
98953 -77235 70934
25070 -68817 48335
-16874 -9632 -44190
-45071 86757 77709
-3057 32928 52524
-88715 -15038 55305
-91456 -62194 53606
-37782 -46528 -91755
-35540 -45087 -19879
75514 -4494 94444
-86806 37919 77540
-74233 28201 -53157
85375 17971 92811
39843 -20175 2586
-48134 -52352 27502
-69827 22709 29174
73568 7454 -13860
-33520 -55889 19749
26722 -75805 80664
-82051 88954 669
72347 28360 46496
31554 52083 -38792
-25151 84682 -41299
-65236 42811 83134
13590 -49952 1254
60669 -11535 52662
59509 63033 23590
-33113 12254 83313
-9900 -20615 -47870
9038 79062 -89088
-66907 -80662 -88072
16449 -95847 60472
-14906 58358 41495
7062 54839 34137
-25681 96537 28730
16666 -52977 -14944
74645 -770 61057
-44656 -31017 -99240
37571 86908 28827
-17072 -79364 -75006
-36262 -50862 -37891
12984 -89433 -49484
-46020 96762 94690
75711 -77161 -26579
-64925 86634 -33919
63888 -95438 -2600
25012 52432 -21034
-52705 -53754 -44806
81706 -29376 -20693
-44529 93787 -75692
-94673 27213 98339
-7844 26133 20995
76307 80782 35669
25887 -41976 -13513
86245 85997 -38619
1624 230 -11391
-39003 -88003 77413
-82287 -91717 -57689
39119 71346 90592
53932 -84681 86120
-75304 -42473 -94837
46995 -66216 -14069
-76549 98369 330
54388 -36943 -70385
-53488 37029 -47033
-13266 80502 46287
70329 97080 -78582
-74000 74406 26324
-37000 22284 -33285
-59306 34751 66793
248 -45174 -2739
-53753 -82195 -94251
-86709 -78186 -35720
79075 -2051 -18968
23365 -90207 70442
48333 -4964 -5753
96339 -76199 62328
-36201 -66203 -40796
92496 -96653 4779
20110 -22225 -5026
-60127 -25183 91042
-67082 96122 -52069
-85532 -59684 6066
59303 -79058 -55039
-66271 51625 58191
-51174 -82894 -59236
21659 -28517 6069
-44112 74606 13891
20742 -13221 47980
-96367 86845 -64017
10003 -24815 84125
-14966 -16577 -89080
-34062 -39254 -95985
-15234 -50096 71517
-24070 -42752 -48453
-58319 83773 66470
6038 9361 -69107
-34112 71273 24199
-49114 2967 -19394
97866 19349 14360
-44003 -47250 84898
-9971 -2868 -18588
36852 39703 74258
-7514 20741 -65290
-78221 -2758 -48757
48324 11047 73254
-78795 96873 -92625
21878 -77043 -70000
-55764 -38780 -62372
30220 -1896 67013
56346 -16724 -86989
-29199 94902 77336
-15382 35879 -24964
-52433 7310 34445
49971 28181 -81427
62000 69543 -86326
11396 -92642 -48241
-74680 -38987 90661
-66832 -48542 80156
-30752 -59997 27281
-24292 -66493 -70059
50187 99649 -61304
81915 77335 -94619
9247 -23636 57410
95444 29603 99057
-79503 -86127 13886
-50200 86683 -11823
-17651 27112 -88663
32980 -9524 55159
49849 -3973 95443
-25995 -92712 71876
5 34454 -95310
75440 -40294 1300
86671 -63369 75616
87323 -90873 24950
-67277 -83578 14917
-13473 48356 -3722
-78026 -17173 324
-57220 60814 -26118
-62016 63575 78039
6145 -2705 14960
91588 -34066 -99134
25048 77515 -65771
-4834 -84928 6821
18266 23582 57950
90502 78688 94274
-82612 -13242 73904
-24906 -21348 56594
-5180 54360 -95416
55199 34517 76288
79852 24476 -45179
-98947 -8987 39802
-42699 17518 -60006
-12406 86249 84477
-82628 20874 51637
26935 99054 63253
67972 -37032 59427
-15833 -66172 28316
82084 4863 -78253
-24915 19329 -40561
-20008 19545 -54247
80537 42703 -31639
1547 48564 1550
-60990 80011 75723
-81484 7577 -88792
86130 90737 3173
-10674 -57793 -97907
47567 -68769 -27007
10352 -3911 -75049
13422 -79925 82288
-76928 -91842 16554
-32259 -14016 77415
60858 43878 -44772
-98371 36411 88587
79021 -33019 -66606
-24197 89979 86405
640 -22252 9221
-33100 79796 -87255
89036 96672 -5191
21388 -89713 -25140
-80066 -73523 29411
21987 -22024 33590
74613 -92159 98458
70276 -84592 72219
82895 -31097 37825
-97799 -53501 -30968
-6999 25341 -19946
61901 -17015 10925
4238 -61355 -58221
-10185 -13575 28370
58146 22751 50686
84559 8652 -93266
41761 41292 -45589
82509 -44260 -68015
41606 28575 41078
63106 -29166 -564
92757 -72823 89553
-38173 -59365 53675
31601 15418 53386
11832 -63330 89888
-89423 -35207 -76917
-36320 48867 16061
-43123 -16591 -48010
-46268 -3142 22660
62371 25493 3631
-69445 -88796 -54867
56456 -47917 65500
50759 -41284 -53248
14520 -99532 79936
70549 60967 -70528
-53991 -32952 -49016
-42550 -72387 69338
15097 -24471 48632
-7010 75855 -13742
-84486 -28145 82814
-45329 -40042 94647
85086 36298 -19826
-94846 35603 -95279
-21020 19181 13621
31833 53655 20601
-44547 -87259 -62901
81144 -85486 53966
59919 40770 -42763
-66563 86895 99718
-41885 85325 -86758
-82123 60298 71099
-87931 49451 -32720
87238 -69529 68826
-64196 -43123 -37630
-87480 64590 -14587
48077 -80749 11866
88449 11616 99296
15862 83201 18586
24637 -15633 729
-68296 -90467 88295
-78956 -6212 -51881
-78619 -89490 -91631
-8583 -67848 -44519
68747 35386 38497
-45105 89989 19194
-56659 -11290 66049
48492 -59278 -37594
39375 -98690 -78830
78275 63642 -23605
27490 24758 -23665
-98023 77553 -14459
10526 -43197 -34822
37171 52098 27955
-97330 -304 57356
96221 -68636 81169
-62737 645 15949
-68111 27368 -886
-42225 -24837 25773
51118 -36804 -29847
-58621 64627 24117
1505 69599 -27787
158 78060 46376
-26936 20263 -15033
33320 65147 -36397
49719 84639 -85258
41213 -35573 89015
-80228 21390 -66605
91169 79915 26531
-18585 48096 -43569
10733 -80245 63852
13513 48512 99680
10334 22995 61474
-15214 -57806 -12375
-70000 -14393 36414
29523 24624 87833
73085 -89692 30123
46660 -20570 -9210
3441 -89338 17020
-23964 -2380 50342
74366 67581 -84139
23353 67652 -94526
-14492 -94757 7355
74395 58101 9557
16417 -54972 -96779
39855 63960 47841
-88971 77128 54140
70708 -99782 4683
-48708 -52258 -69530
87163 97479 -82632
44853 -41233 -30301
31501 -75876 -50699
15947 56106 90562
44480 60551 88578
-24236 77671 90829
-13656 -23487 -58342
-66571 46898 -8013
15622 54836 -83673
-24563 82812 -31975
85697 -31287 80265
11895 4846 -28614
92778 -34228 -76684
-72614 20915 -74880
59758 -17365 12070
-59780 -20010 50164
43217 -86408 60335
99153 57404 57534
60566 -88562 70689
-50359 -4232 -82269
-97271 -60670 75191
7783 87979 -34487
-2195 -79138 23655
-82258 -14399 -13513
61495 -89708 57159
-46502 17480 -4293
65285 61833 -187
-53410 31840 56678
-1852 3340 -86699
62479 -22943 -80230
96177 46504 -68323
91042 23831 56605
48682 -60469 80480
2213 26661 3633
98629 -42534 42483
10115 12315 90075
36864 93423 24150
69179 10985 84432
20647 -39243 -43951
26261 19031 -16173
-31982 -70921 72862
-72323 31480 -39400
-88364 15169 67186
-68616 7418 -94983
99912 11470 31170
-45831 95066 -7539
-84737 -28451 -85644
51149 74095 37035
-3548 -67019 99858
-92074 -21543 -31912
-89460 93528 -53843
77796 87995 81177
60043 21868 -41548
-20908 -46035 1110
-82687 82539 -21530
-92382 5791 -56391
-73438 -8086 -31341
-59490 39959 88422
60308 -31445 80941
72055 -4415 -79687
-95298 -67060 46142
27680 -72351 -98633
17669 39543 -42082
30886 -7260 -95137
75322 84185 906
51075 73158 7095
71526 15357 -43350
77989 27589 34171
-48542 -57174 -50893
3392 90490 -66833
-32042 -77845 -1224
10883 -10404 18694
8318 48688 150
73118 47807 -29239
4077 12017 -77549
-23803 -66927 -81770
-79052 91882 -28583
36718 -33142 82666
24167 19526 -79381
69284 69795 83733
11509 63463 18047
32743 23553 -45512
-90494 70459 -2181
-97134 52240 -50258
-14886 -44457 -21989
66282 -95672 -6552
78621 -23540 -23827
-16613 -17929 -87256
-78253 -43755 -2118
-90685 88260 89501
-82375 -80416 20961
-47467 55895 77392
-45746 92468 9698
91430 81181 75050
41110 -34055 5104
-81473 81657 58799
-35713 -98459 -14189
89843 -38451 -7869
-86230 -43526 -36623
19527 -25533 -48079
29129 -32735 -92678
33139 29205 60331
35635 43819 30808
-52249 -77382 69103
-81397 -33159 -90417
-44869 -41656 -11676
-96518 99685 -31884
-35105 81590 -30578
94450 -26210 21525
10284 83411 -83807
6455 -56819 45319
-96088 87885 32800
78600 -90108 -35662
94355 -63756 48595
72862 70305 91943
-39221 -49602 19543
-92122 -7244 -31198
19512 51754 46761
39471 -32248 -5807
42456 46035 -32207
-33630 35997 -34187
-31863 77558 -43413
78167 41100 61623
-74970 52570 -5020
89434 -11811 71127
-93396 57572 -44279
-51573 55466 -49589
-14900 14660 26149
-71741 97237 2783
-55206 -62156 62777
1657 32419 -26116
84700 57487 55339
59407 -19740 24934
81669 -633 55052
-12678 -14726 60800
30633 -82747 -56478
44148 -7144 -38143
-35887 -42512 87649
2762 -75955 -74414
-13496 -69622 -74114
86175 -72535 -46694
44749 -16713 97506
-54175 -86834 -62003
12580 75228 98689
9213 -80129 -12587
-82276 -18544 -33434
11411 71181 -16046
-44988 -12016 -39641
-69851 65344 -52011
30255 -23323 88375
-63751 46906 99785
-26817 -96781 57680
39903 -91297 95446
-66693 -18635 12580
29634 -6693 -25543
-58558 -35997 24616
-47457 15804 95279
32185 -70745 63154
52698 22402 68862
-36348 -39734 32892
-54954 -88142 72391
-35090 71397 35450
99834 42678 9498
97629 69288 -74280
-2066 -55853 58411
-67053 62917 -81349
60853 35886 -8130
-23818 430 -17668
54275 -34602 59992
-37345 -59224 -92462
43109 45598 -62693
-77072 98430 1926
41298 88697 -53322
-36363 48196 -68097
-43334 -79783 -85762
57244 27802 68450
51227 64378 -6442
-97096 54208 -56941
-86673 -29418 -67036
92824 -14833 -33054
37484 -71394 -890
-99393 81338 -6055
42284 -82290 28978
-19177 -77073 -54225
-21828 -29530 77196
39449 -45551 -85096
74219 -15609 -84948
7099 -30924 47291
61505 -40688 -63278
8049 -45912 60364
-83486 -74677 94705
-37811 16426 -61472
17309 -27874 13457
16121 97925 23452
49597 87857 -28022
-55021 65102 84330
96436 -22317 -63229
-4850 -97577 -73656
46407 21908 51951
4257 -99547 -45859
-63215 -4063 -38292
-15943 36050 88232
897 71891 64578
93038 76921 -44482
-13813 -59607 -2025
-3747 77823 17039
73420 99331 89481
-37668 98805 68638
-91572 60432 -81987
82600 95068 -43686
4004 -3690 78160
-90979 -48811 -28538
-19103 41784 -83373
32212 -9529 -14985
-48585 -12638 -65822
89943 74868 31926
97806 -27656 38746
33585 -82964 -53526
43915 -57755 30013
52652 -88151 -36621
73606 57643 -90350
-77708 -16980 -62253
-30399 -86243 -8995
-60358 61287 47174
9301 28521 7175
82231 -80108 5097
55609 32834 -24299
346 14926 10446
-85283 -87402 56594
-70268 -41458 -84034
-62669 59007 67792
-74702 87991 -23669
-37756 5851 68250
65667 -8952 -3419
3185 34513 -78039
52030 -64051 43121
33844 -32445 60585
-32239 73271 23096
-3202 -45494 34182
25120 50206 -93047
88976 31507 -10263
-5816 6253 70463
87730 -87137 -93312
-33549 85379 61332
-5217 84800 -16473
-87749 75808 -43660
-47005 31890 97235
-70630 47617 7145
-60448 36858 65811
-45283 90498 -75272
24412 -95999 86601
89074 42306 95285
-56202 40381 15305
-36131 52487 -32526
-49814 -68319 48096
31182 -41354 92939
-30227 -47812 -38878
29166 -22285 -584
43824 60506 79438
-48484 7769 -83401
60990 -55469 -5505
-42930 64983 -78214
-58449 74798 -96426
-55016 80930 7010
66210 -46928 -74718
53741 15949 37985
69832 -22838 61110
51642 84009 9492
6092 -32817 -46185
-66963 31617 -82881
-23447 11819 -83836
43371 74197 -70206
-84135 -58147 -78881
85496 -38938 34015
-73900 53591 74036
-41659 -24212 32776
14816 26483 -86668
-94770 -98264 11504
15625 -7627 -15909
16270 -60351 -49326
20498 -63253 80553
-53666 -7446 -81450
88464 -87905 26402
89901 46698 -90273
89019 1154 67258
-18810 -89794 42097
94284 95853 76956
-61732 -24972 -91646
19341 -29341 10617
21157 3490 -19807
35509 28221 -14196
93107 -30580 43671
95143 77862 -38413
54339 93563 35733
-80123 95831 80571
99510 75023 50345
-42790 50722 94192
-5132 64930 10006
-7859 25654 94509
55344 54025 -49219
88567 3405 -4387
91188 69962 -12440
-75278 87868 -72971
-62800 -63043 78830
76184 -38056 40941
28391 20117 15023
56989 -79284 -52343
-25901 49534 74406
23074 41052 -98144
-41286 53806 23123
66593 -87269 -7767
-69466 8899 -23833
57075 -3512 -54825
11532 -6669 -94432
38189 -87277 -35292
-29562 -99790 -81751
97287 96565 57615
-3751 -71230 92200
-98386 -91271 -92574
46661 5050 40566
-79359 -26535 2357
80290 -99628 -95607
36190 -18916 46743
79469 -14294 -79218
16136 -30193 -9430
-43685 -82113 22568
-89583 -23298 86225
-50137 58521 -33641
-17738 -90629 47283
69990 10543 -48356
74318 -55553 -72411
-69448 85252 64506
-84024 99402 98791
-48329 -79768 -79673
71427 23272 66313
-24774 -90462 59917
90552 31982 39770
35982 98678 83805
-76259 -42695 21402
36153 41540 20941
-97522 -72966 56983
36813 -71350 18374
38060 71705 6178
41011 29506 -39938
-72464 -88327 1531
-27928 14553 41510
-15929 3763 -13234
31931 -39908 -3947
-12566 55680 -93821
33845 -51061 -79798
17447 5010 11450
97158 -14546 9803
94511 -29131 75448
50778 59215 -1236
48527 -48077 -75533
-73803 64217 -85054
-52879 -3130 -62820
20666 81523 47395
-3072 -29290 -94071
32625 -10037 71921
-50197 8992 9506
-32025 33438 14629
5623 -43817 -2438
-24168 -6661 -12864
42580 -40247 -37966
91827 10633 29166
31095 48014 92110
98471 51937 -85564
4611 -83202 -46934
-18167 -90423 -98133
-78332 21053 -57977
-15841 37920 98009
-27059 40543 70701
9905 -12057 68296
-58917 -17088 52946
-91755 -30179 -12637
88992 74241 65839
-5265 -83669 -14595
-69442 -99432 29664
39109 -22734 54232
-60516 29317 58683
-50113 -55880 -62168
-57646 81263 -68044
9203 -85535 -80312
-23613 76681 48278
32072 30057 43876
58962 51898 -58343
51449 19914 -20519
74851 31470 -54045
18185 -87237 -44613
-78508 10274 9077
-38071 -22190 -52908
-67831 -23522 87563
-4924 -41324 -50093
75522 -11637 -80028
-79572 16110 -63494
-46021 32138 88118
98423 -26339 48269
97374 -30817 -35309
68975 -24638 29245
-9045 34024 6064
50227 15810 -11721
-68651 26279 -67876
88078 -56692 -51250
-35803 -97207 40380
39351 66069 29833
-2034 -52583 90570
97991 -39925 -19872
-51578 -29691 -94740
31546 -95689 70383
78844 -12448 59527
-99937 -48916 81438
36938 36766 31143
69860 83599 14784
-41670 -65345 35734
55142 -79613 84496
83141 -85672 86215
-59108 -31804 -8590
74429 -86444 -68539
28034 35679 -84382
97177 90750 80159
25681 -12824 8417
-57110 36922 36550
-50874 -25922 5847
22018 -61981 -85151
33111 57761 53787
89365 5132 35122
11032 -34522 -86009
84618 -24967 38071
88267 45163 -78127
92148 33687 97726
-48354 18424 27131
-82037 -54527 -22404
-50152 -76528 4615
-48218 -34239 -12076
-92798 -97239 76989
87386 -20305 14529
-22511 -84345 -73838
85385 53220 84298
-40478 -43970 28245
-67780 27460 -65618
-39215 32102 -53866
-59087 21525 65880
-66628 89987 71873
-1098 -24079 -50080
-34367 6594 -29412
92603 42271 60024
-30493 -99903 35885
76518 20831 -1176
11943 64525 54881
-33812 -30731 -69131
-37184 -81512 -82512
30233 -63071 -38538
12169 28393 39316
-22683 -13940 -66184
39541 85353 48731
-34630 -97327 47781
-12344 61775 -49226
-34558 77230 -77102
-93300 -89482 -26379
93787 -89899 -21340
-17942 -12130 54897
83891 -72309 30347
39207 -37504 -18929
67443 -63144 10308
23305 -38982 91412
32576 86682 20922
-78618 -88450 -42793
-92814 -5537 77534
-53656 -97086 -9447
-75421 17395 -97574
28698 -23099 -40064
13504 -45538 99222
83162 -27185 2962
42828 -1317 -50151
-59921 35539 -96127
-42283 -9497 -22595
58451 -80398 -4186
27941 -54195 92024
70506 86401 -90103
-67053 -26073 -68905
-29074 84337 40883
27401 -33451 -63433
53292 83422 24350
2396 -87074 -56931
21195 -36841 81396
5978 -97122 49934
3501 -54320 50986
6168 6240 28056
47803 -74428 45970
20809 -5582 88175
20554 -58587 19586
-57468 11569 -43088
26137 -31969 67257
-77973 33330 6925
28329 -75678 -67709
24326 -56741 41001
58462 -29698 52964
-59250 -57615 -67964
84009 -20102 93507
72499 -70658 -63862
62601 25440 -92655
-91454 -93524 -40643
-88265 28255 -79815
-44717 -32647 7891
-91041 -16900 -61171
-28028 -58967 32466
52803 85430 2498
79898 50548 -61278
-1298 -75655 81880
-65198 -63642 -19730
-96104 78825 -79153
-84150 -69954 72707
6791 83740 -61685
-47118 24287 -84605
18760 7486 88888
59525 67537 98174
-91475 -41962 -50457
-36245 -91432 -98050
-71600 45683 79415
-41539 -23590 -46093
-15704 -26585 70364
22419 33368 32264
-95097 4157 -91136
-37516 4954 46286
5395 36455 96052
-60072 -79680 12446
-85785 35747 -70543
-79885 92333 82961
59296 -37033 -98750
68184 96878 -2173
-20682 84637 -53477
77664 -55024 53081
71694 51415 25267
52357 -84179 641
25124 -7176 -17182
91990 15500 -23240
34113 80450 -10182
50464 -93005 -52376
-71175 -90926 11817
-26757 -73614 35784
-56620 73335 76054
-89066 -76122 60782
17325 -86704 39353
-44761 -62332 47185
93328 31515 -54334
-4523 -51597 -15312
-38313 -62964 66538
-616 -29460 -39071
-7907 18073 10024
-8097 78750 78973
-645 -24511 -78133
-6899 78639 20846
-74377 91780 47750
-34496 71280 -6107
-93308 -69283 6194
-68926 62377 2914
40989 -2246 -62291
-28685 80473 44991
-25651 -36012 -29014
-24880 -7294 -38527
64877 74409 49917
-83572 -85269 32471
-96164 -4042 60291
23522 90070 13473
54281 -6440 -51443
-29000 -64816 90553
33629 -46747 -64414
16306 10122 -20911
97530 73540 -87169
-3598 2014 76228
14826 96798 44890
29117 -67308 -57268
-26610 52005 94187
-23066 -49706 46672
18385 -96554 8175
8751 33347 -60368
5418 93450 -30504
58453 -51546 -59730
34981 38124 -98749
46413 27684 26816
-5585 4380 47694
98585 5692 56656
2076 49518 15066
-57453 -25174 -35045
-49702 -14347 19756
-4862 -31925 1554
4804 61765 31472
-35991 89699 60865
-63204 -64991 31470
57271 37315 -47163
7480 89367 28849
58575 86286 31160
35823 -99527 676
-46872 -2239 -76541
-57588 1332 82864
94406 79901 -8289
-85559 -58114 22486
-75958 -86757 84979
-71091 37342 -13855
58527 -85433 -97289
17749 -28080 57020
7414 -2962 78568
-72675 -10876 99829
-62619 92824 -55910
-3956 81262 93563
-33982 12582 -57906
35295 69021 50625
-47072 91385 -10079
-19248 -56271 -3537
51859 21426 -2356
-28785 34849 -41515
-15804 -27844 -15797
-55919 36838 -65590
96501 76019 84658
-69221 -46436 14289
-63282 -31978 44584
79112 31798 49690
27506 52446 -23388
78629 -81555 -27560
-41815 97479 25897
-1507 83761 -23449
16532 -45942 -75379
49885 83372 65289
80227 44058 -36080
15179 38575 32092
86431 -62300 -4696
-10293 7397 36980
-67273 -5593 19452
-72918 -72021 15155
-17742 -36050 -56931
68111 -95204 -46076
-65780 -53353 -37989
48506 -26505 20340
-41017 55261 40602
-26808 -34767 -85217
-42206 3159 -61889
-97156 -13675 90248
-88781 -89849 -15722
6478 -8194 33367
16035 56315 86246
-23780 -27243 -47284
-9532 -47949 -11519
98636 -43888 20846
-55123 59763 -34883
-73070 23169 70417
-80097 6762 81088
-16389 35786 46895
-72866 82500 21907
48099 9751 73183
-2303 -1707 72320
98253 -29625 79243
30276 -32423 -14280
72276 21718 61476
4882 48119 -4200
69030 -44669 -31924
-25951 12688 3642
-98680 31058 -32300
-94841 -32325 42927
-63246 -50249 -31908
28538 -28047 -73038
-43122 82652 -19116
-91052 -80478 -85173
62423 98167 -20684
79494 -12890 -95405
-52057 52556 -45771
89888 233 74926
-26320 23601 -51269
70533 -77901 -39812
47388 -25659 36839
40677 -27097 -69603
-21921 -73780 -55288
92151 -61127 -66176
17978 22887 -22732
60999 61420 -29640
31712 -64977 18091
-66011 42507 98072
75161 -73222 59026
55083 57678 2673
34688 33651 -54014
-45088 -3985 66188
-17773 48109 161
-42033 72523 92965
72791 -68691 51187
46482 95392 4959
-42060 47298 -76213
-40296 -86640 -78355
17985 -42452 -93583
-31717 -99075 99659
13109 -38972 -57863
-54424 -15239 -97213
57346 85804 17742
88364 17005 -33881
-50682 -31604 -37586
-44517 4792 79967
-25777 -5523 30599
-46476 97157 5918
-77935 -99923 -33493
-37712 -46110 28371
7521 -47890 87961
84046 -37262 -74773
-31377 -39722 -78494
-3548 -65362 -83486
-3924 89084 -92198
-18412 52483 93058
41686 41833 -81684
10996 -27915 87438
41584 77726 32634
35792 22203 -35291
-78975 25488 28750
75971 49199 -14542
-83064 25929 58887
-24567 -99847 -88691
98288 -38175 -71246
-81431 59753 -58779
83825 -76143 61221
-6604 16943 13312
7477 96816 49275
-13662 55209 -40793
72067 -26666 40667
54827 -17722 33764
5700 9293 67359
-72347 31397 -44519
-59347 -63792 86747
-62056 -70552 -5370
-6126 7332 -14912
89227 -32714 35504
10198 -15559 67989
-2829 61723 -83645
-57688 31885 -59864
33375 -27712 31699
-18504 -13203 77405
-43870 -23458 -70112
-85830 -16777 28258
10080 54190 89341
-23286 25453 9029
42924 28909 -4160
-59795 -81987 -50762
49003 25547 8189
25092 -31536 -87206
-99100 34665 57260
-86077 -49127 75235
-55928 31383 73528
12095 45126 40591
-15226 -89971 30454
28222 -96376 -23232
22613 -10183 -89356
1437 12619 77321
90326 -39803 -85360
-99849 95752 56058
12055 -21992 7955
-18772 -76976 -15127
-61093 81838 14296
20820 88410 38131
64892 70870 -53952
83433 68014 -76742
31267 -22523 88421
-54045 76919 24449
-78360 -824 46505
-37921 41916 -48254
-33801 -55251 63142
-39920 -63300 -76545
-27630 17233 75895
-50949 -76301 -60992
-44052 61292 -60051
75479 38650 -6792
29216 32370 38150
45296 67640 -36815
16424 37621 26991
72968 89756 -96016
11970 -79549 64904
-43167 -39306 85515
73073 25317 32666
4694 73346 42184
-52523 -47294 -22756
-55248 77703 -99419
45042 72459 2458
-25780 -48318 99177
32468 65090 94758
86457 80780 82501
-53688 -28597 -66620
71492 90680 61126
92078 -32760 24888
-31724 13927 -84458
32488 70642 63395
-53697 -12278 97419
-88778 37359 -51372
-26357 -74214 -87325
-64844 -10790 99743
-99112 -20163 -57820
46384 -73378 -53052
-94056 46621 95682
99136 96049 -45154
-12634 -84892 45813
32637 18421 -55578
-38444 -89240 49259
-35362 -98811 -53533
24202 -88643 28434
-32741 96419 -2030
-20510 -9449 6595
28349 -49382 -86551
-64678 -78993 -74066
-9176 -61055 69004
-13344 -69435 -58841
-32617 80241 18987
-93875 -45447 -14959
7577 -33751 77659
-58909 -15628 38889
-4582 19419 89637
60486 65046 19392
-18025 2220 -77037
63269 4625 -72115
5924 -2363 -35666
-5938 66763 9721
179 64626 -77761
73286 -38424 -6749
-85327 45573 -12487
-39728 -48679 -32943
12824 24021 -6013
22793 -90129 -24243
413 -70192 66669
-19201 89136 6249
74048 -66453 55208
-22393 -58748 81716
58520 22578 -75160
-80210 84195 10003
96520 9152 -69289
-34114 74480 -56784
-52086 83323 89411
-40776 72004 -87865
-57355 76627 -17679
42961 -76037 27834
-70393 -52027 -36874
47443 -64389 28371
1794 -23428 71132
16030 29558 -78975
-26372 12196 -79806
-71275 -88091 39474
45168 48765 21393
-76774 -42419 -66769
27035 27118 57389
-19212 -41485 -78326
-81343 -8787 -27343
31689 -55290 -87313
-57424 -25043 15300
91783 37234 90899
52775 -42725 -64250
64441 -36306 36643
60054 3777 93516
16622 -10992 21985
-88147 19233 -58788
70783 -40812 -53413
-64096 -72634 60094
89307 10461 14106
-99360 -32186 -43830
25869 84654 -66085
-334 -13953 -73937
81097 -87351 36936
-19178 -25716 36526
74751 -33375 27375
44293 35586 -50388
