1152
48651 -39250 47083
37492 -85080 -52984
44583 13004 -53099
98356 -15388 88183
41910 -95824 15472
48436 83719 51408
-75336 -40379 93691
24818 -66073 -36586
-12270 -41891 -38604
-95877 14636 59310
-58959 98442 47817
42379 2968 12278
34769 -84041 88203
-8196 -44211 -4455
30210 68707 50851
26157 -22276 63392
54811 48541 64076
-58670 -48452 88946
49158 -65002 -2531
-88294 -9614 69076
-30152 -24115 -62637
57592 -22938 -97031
9342 19548 17123
51279 20894 -63612
-22872 -35588 6031
35277 -65470 -3721
19936 12616 8304
-22158 2084 -33166
87271 79936 -31798
-42322 97494 -52529
-81504 39683 -11613
-12183 88000 -76213
55028 7736 -86049
-95996 61205 -94029
4312 -71344 50041
-20246 89098 82244
-3868 46905 45198
56899 68838 92812
-94197 57772 -39907
63851 -1358 -60006
56981 -21916 -19174
58129 28741 16275
-27105 -64209 52867
-52770 -20947 -33450
55458 39222 38817
-33706 10 51256
61364 -71373 72005
-35094 94972 33859
24423 -14440 -25095
41880 -42245 -4846
18179 34075 -78128
-38592 63236 12935
-91535 -90008 -54515
-10441 64519 97161
16713 -68933 81971
-67095 -63374 17816
78844 86478 40249
77349 -63898 59121
-702 -49804 23149
50409 -85642 77993
90181 12397 40108
6415 27450 -10178
33618 96525 50374
97419 10391 87119
70677 35296 -36978
-95779 29257 45067
38541 -86548 -4983
58708 85804 -3337
-60869 -60559 -18768
-76911 81079 -42421
-9493 -26271 -47869
40625 -29390 -89046
-25653 78127 17076
99872 22130 -56897
-5960 -80217 31673
79992 -64419 -54757
-46693 -77880 29760
-30510 -83569 81587
-69590 -976 1654
-2689 -12534 -28201
-81987 50759 -75813
-21128 28068 -60535
85649 -73578 57077
2590 17055 -20324
56745 -70269 28120
8954 -4559 37663
-84865 -15893 -96796
96360 -11129 -95563
77761 -91463 38633
-63065 -65328 47251
75035 -1795 -20119
-41594 -58457 -5309
-92212 17529 77648
-23487 -30171 97613
-8489 -42039 7431
42447 -92421 71139
49433 65197 -90354
-28289 90572 96700
76807 59215 -78578
24786 29143 -53016
-66859 -25211 -63143
-48106 43842 49882
37701 15413 -51272
-23792 31946 -20636
-94020 45906 -50073
-30730 28980 14898
2582 -48897 -84160
43980 -96586 -64435
85528 -15169 -32525
-22760 74267 77994
-43596 64920 -66960
-5711 -10238 -1305
-59310 82513 5364
13501 57331 91918
-16844 -34163 -80939
2263 35879 -89353
17961 -56824 -37259
-77691 94179 54357
86847 -38918 5338
-70940 34444 50109
91711 -67762 -2947
28583 11539 7827
-2066 50635 -33839
281 -87945 -6903
80771 -88881 -57071
80185 57294 61620
-8625 -56696 68394
11452 76238 5732
-54164 39083 -48754
-86075 -57216 10557
-41372 3749 -89995
66290 49577 70459
-441 -57138 -16194
-48217 -37708 -89021
-38566 -34677 60094
51566 315 -26073
71744 48542 67137
-11874 93832 -75489
24239 -5131 -59614
960 82641 -25422
12993 -22570 61996
52759 -6313 49204
29250 69131 55587
-47654 -42691 62106
-78390 -54908 -10728
31706 94066 84544
-46342 -77845 -55823
78009 -80902 18877
-78239 -33357 -65586
-12126 -28391 60443
27288 -16915 -81593
-50211 59072 46490
-23359 72433 -80907
99161 27575 -78627
4360 -25163 56771
48593 41541 -74627
36393 92120 -26798
59129 -17914 80030
-20112 97687 -28316
22217 4446 -19505
55309 -10160 22974
45932 -43469 -99691
54525 79128 -76747
55465 30062 39171
-24981 -21674 82261
69993 -94108 88012
51099 -90915 -72575
59345 -41488 -87647
-72768 56069 -79554
-63619 99386 66952
58028 40993 -78681
75586 2052 41348
-23697 -73608 -75361
40046 -923 17329
-56092 11756 1761
35844 48075 -9537
51593 33348 80869
79618 -14846 13018
94420 -32817 39725
33905 28186 19770
95641 -45375 52487
50782 -78951 -5832
66045 -29050 5851
19647 -7061 -87560
-68070 24493 -72805
61044 88122 81179
68605 56091 69534
21727 20412 28553
52184 -5016 79455
-20551 21173 48193
-58809 -36193 -98478
-98376 -38611 10300
9381 14210 -61198
3945 -62525 67987
-27475 21280 -68541
97599 13656 -57173
-84731 50786 -65615
-36061 -24248 -97842
-3370 -66797 93788
82138 -3371 70748
44624 76653 -51385
78427 -61809 13570
-20722 -19693 -24081
-53199 -93648 -75343
-45699 39054 55287
-78327 38138 16046
25758 15651 -66530
-89740 9933 85108
15561 -63455 23663
-31030 -73287 43575
-71848 19585 -88123
-24859 -11111 -78732
28674 -44940 -17974
-24120 91750 -34326
-9047 -73068 4323
-94675 -9993 -84271
-28623 35479 -10098
-46830 -17456 -55986
-69723 -24499 -15769
75383 25090 -50102
-84748 -14485 15473
-67013 72211 -72347
5665 35027 6165
-21139 -24091 74325
72147 78965 -24381
6693 3671 -48880
-27825 98579 -47643
15000 -73850 56307
-73210 46788 89366
-30159 80713 86542
17267 4482 -38001
-7139 -65671 -39968
-23743 5851 -6512
54213 -44414 -53611
-42605 34825 -58775
62017 29238 -86431
62120 -78851 20864
-15551 -99377 99954
87053 -90497 -99155
-57262 -22442 4980
49767 76151 90010
23569 19837 -84591
-77901 29169 12133
-75957 -62666 40087
-62306 6048 -44143
-39486 -68763 96553
-54775 78043 -29622
-87559 95175 50634
40647 33036 21378
-49731 95798 60902
-45759 -77972 99315
-13570 -84957 4374
-90142 -76221 -4562
-6610 24029 -14255
-19835 22618 9104
88974 52379 -60017
-73567 7828 -23819
52726 94254 -26356
35217 -54655 41402
12812 44662 64841
48132 -69623 97984
66211 -69430 5231
-7492 -48126 -63059
31556 70433 -66865
62848 -82042 95090
-91217 -15154 -97178
73299 75140 -75408
-93099 11608 7322
40545 -86665 -31673
81886 -16736 49584
69464 -76635 94334
27011 1604 89867
30395 23611 -55460
50336 -22186 -21448
59948 -37169 -87359
24580 38851 -48015
2808 -60883 -54735
55807 10816 16041
10644 -97040 -84128
-57318 -53159 59626
55058 60544 58305
-6281 -38784 -1279
-39260 -41600 -57802
-4896 5680 2437
30924 -61566 27800
17557 -2002 83357
79348 -86926 40305
-13693 43179 16498
-61858 61877 -97469
42978 83384 7641
-12233 66606 -28480
-6937 -55064 31340
-83301 45822 -73805
33238 19510 47476
-42202 -36172 -99889
4344 -13820 -66416
-64766 -19712 49142
-7302 3460 58788
-81464 -67498 -47158
67311 -22102 -95742
71556 42346 10871
-44706 -84543 10462
-23238 -82563 40135
56786 42769 -14437
93081 -83179 -9071
-19150 -80721 -20357
44954 -79676 30686
-77538 -56619 -3731
-88756 54993 45332
-88173 -26876 -91020
-15402 -29042 -88453
-17989 35952 -64135
-41542 -4769 -30886
-5047 21334 -12778
-80290 86988 51271
-73003 32160 -51546
5888 -12652 -89091
11996 92357 -41264
50824 60604 -58569
32003 -14103 -95693
59438 -62332 26287
27085 -75228 49142
-7129 -15310 75494
10676 -99295 -22661
-2236 45568 -84097
-8614 93757 -47440
-39881 -35767 69280
-64747 -47872 -900
-75367 -43852 -34207
89948 -28555 -63713
84705 -15328 -85770
-29655 -74245 12507
-23983 13610 64415
26798 51679 -63064
14224 27724 -75786
98740 -31419 39451
74628 83810 16213
27829 -91621 -80475
56686 51327 -28970
13749 -14555 3364
-10593 39385 65662
94783 32721 -38250
-96059 -8390 -96940
-80506 -29848 -93598
-73549 -75424 -49295
37375 -10901 -15567
2705 -97230 88833
45590 92308 -46290
-62563 -40334 -80668
73414 33241 84637
-49523 -93578 77063
21509 -68258 90807
86446 -95090 14561
-26889 -60909 74395
70611 3658 33824
-77732 58888 61460
41037 23694 10495
23665 -30994 51138
80451 -17275 -31799
71442 12641 79707
-2658 -58429 48504
-88537 -96709 -946
71719 96060 -97158
-86465 50416 -60747
37541 -20622 63301
97209 -68327 66096
-38308 -66652 -69997
23761 -22426 -91461
-798 30481 -68652
-55545 -37810 -87813
-8060 -32433 -97205
-59929 -44372 85863
97361 23140 -74656
18578 74269 -95451
98861 29419 62429
-39195 37310 58889
-23521 28001 -93067
-23878 4903 70854
-34918 97374 -96212
-82541 -31740 80793
-42355 -14032 -48924
74912 76790 81618
-10208 -5831 -86465
-1107 78821 33893
94154 -34282 -53529
82651 28076 -20249
-22977 -26258 95409
86847 -45973 6393
61593 47694 91774
-54865 82037 34380
96040 83311 -58323
-82075 -32536 -5613
-27889 -28719 85969
5539 30178 68235
82417 20486 -1209
56424 -51805 35287
93148 -98748 -77011
60635 -74833 -13163
36750 2616 -22532
-77687 15071 76628
26483 -3877 53391
41697 -89684 90072
8992 74661 -85767
97267 -88716 -82722
73687 97807 10587
-30072 -45008 -76653
-57643 -13434 -10179
96569 39358 72393
-88888 -16287 84815
92242 9925 -82954
63733 -15855 -37992
-93868 34791 98145
-58941 16382 61717
41376 -77681 9778
393 -84654 -25165
-43562 59348 -84012
-12314 -16690 -99388
-35932 -83148 2357
-17439 -69175 59967
80175 -57630 90516
-47194 -38810 73170
-83677 51344 -44432
58321 -40394 -91855
3538 -14237 83397
34402 -50986 41495
-4049 -65708 -74429
-99906 34286 77032
-72557 48703 37561
20358 96406 -48137
-23845 -64125 22458
23557 -65135 81269
-2481 7277 19439
-97318 -46662 60618
50188 -27215 98682
-30818 -17303 -81743
-4190 -81768 -26291
19200 -49753 -36898
-94994 56192 31773
7062 56840 -79246
81319 143 -69785
4646 -84422 82626
-35625 61358 -83328
-18030 -68805 81666
15531 75989 26206
11228 94374 -39628
-89691 -15454 -1568
-55928 81032 -23726
-67992 -3515 -49582
46008 -11687 54043
-6884 61860 12144
-63104 68056 -77580
96945 22676 -12993
-34950 68680 -63378
-41331 65634 -50350
-75669 -46041 40183
30907 -48900 18754
-83803 7442 -45773
-10452 -31849 63700
-43576 18668 -7324
26470 45634 -55819
38100 -845 23532
5089 37036 -71592
68635 9853 82316
58078 -29117 -3528
9959 17507 -66748
-73708 63320 -2694
-63081 32906 67956
-41872 18289 60386
15412 -3503 -57843
74187 18671 -46117
36544 -62254 -11632
-49794 -54470 36187
56264 12961 -25772
-27413 -32979 87237
48101 -17050 78081
23424 96751 97551
-80965 55917 73321
-13470 -85679 47540
-37550 -1046 37861
42547 75568 -81701
34384 93049 -46517
-64799 -40750 -4263
-14580 9301 47711
-21231 -96712 93533
87555 42214 -89918
-92746 -34144 49169
-72705 36689 90066
68138 28012 85748
78975 -38317 90574
30175 -79427 -30328
23315 -56102 53806
49243 -5119 -68591
18754 -8582 -15576
-2345 -45899 44350
82616 22503 4434
-77867 67389 15449
61030 -43450 -46802
87026 39578 68967
-46490 23424 -34653
-12542 -42729 -34959
84411 62387 -10924
-30819 -1804 -56128
-49883 61000 -49371
8014 31742 -3057
-45510 -96005 -26921
29258 -89611 52617
-12636 -47963 23755
97943 59061 -91017
8956 -62730 49984
-63416 99805 -49158
18402 29296 -693
-74771 -35276 -12765
66925 -69961 -25238
-9663 -95003 -1956
-75913 3304 -50874
-29886 -39500 88544
85694 21008 80115
-4708 -5920 2510
-59498 -67895 -49022
-12176 87397 -13168
94272 -86543 32165
34170 -88771 -20453
-22866 -6048 -80174
44606 -67157 63446
-27604 -79938 2412
-74571 -63246 -14596
-36421 -29685 50633
9035 -98577 25920
64448 94624 62609
13429 -40776 89538
-2521 -71423 -37523
35993 -8302 -88500
3602 -77496 -96620
-52354 43744 -30942
14421 24722 -54095
18651 -90274 -24685
28809 -72056 23114
10357 -46859 -28686
55573 -46041 44924
-55999 16107 -72799
88211 3847 -26283
-64332 54801 -63476
-71518 -70725 86316
4005 41061 91022
65395 60276 39484
-25863 18311 -52547
40734 70374 62134
-64801 -60509 -19295
-32988 42615 -1540
-7226 87861 97375
92107 18873 -51805
-58044 57978 82995
43871 65941 49830
-52547 -33144 81516
-75293 -51673 -92649
62355 25476 37208
-63454 47897 52993
98237 -15245 24945
3611 -17131 11360
37991 95797 66157
70879 -6947 26758
81194 40109 42389
-80436 19708 -20931
-50295 -68378 -34185
65038 -2277 -20692
75784 56327 15809
-58106 72009 -65831
-93486 89270 -462
-23409 97589 -73099
44813 -28400 -36066
-84319 63500 10052
-30611 -63026 43644
-75559 2257 -81506
-59364 50521 84259
-31776 51959 -10378
99341 77112 29784
1241 12779 8247
11070 62992 -91028
-84304 90869 42190
-50120 -86305 16457
54376 -87036 44959
-13441 31282 87875
-11786 81347 28286
650 -20161 48311
-74008 -7793 -59850
84388 -38071 33840
-75659 -88971 31011
89803 4197 4496
44205 5334 -45345
-87437 -18571 -50312
67025 -69831 26521
-27106 -40713 76806
88130 46221 89585
-79084 -90955 39768
69613 -63743 65486
-36208 -30836 -43419
79496 85521 -6171
-91970 -68783 -85960
58273 -89658 70433
-59524 20892 49390
-24533 2856 83397
-30890 -50620 16397
2761 95900 -56556
-97172 -42005 -12400
-71811 95069 -58972
12487 23022 1150
97234 23992 -35318
-63527 -47267 -95508
64816 54004 -60207
34756 -36519 32089
-33393 -66184 84875
59363 63721 -62854
-32911 -7965 86782
-41687 -8659 -35158
-40326 29354 85078
49512 51261 15408
9273 21333 21319
54753 -58470 16396
23788 32094 -13790
54188 -54291 62523
-35762 24278 9022
74452 2883 36665
68850 -54820 88662
-45034 -70921 -4701
33920 -88851 -42562
89198 32524 30667
-64381 45811 56562
-79828 -6259 74618
-22290 -1963 68601
76091 48308 -54298
-81781 -47971 -15072
78735 61377 55964
-49876 -91567 -11538
21762 12562 33096
88963 -6909 920
-97817 -11090 64241
32940 -53853 -29115
30977 -23044 -15681
72249 -67910 -78143
4105 -12692 80262
-46214 73186 -30201
72485 -95089 -80075
52118 1925 -73581
73997 90874 -88921
-62720 25013 95663
35437 -37626 20805
-21556 70417 -55903
-29536 -60789 -5843
87475 36164 -57790
6101 53811 20033
-71821 -79610 -89372
2807 -75095 -74687
-53616 15361 61565
-33195 91369 23520
-90746 -56716 -86947
80097 15148 -87105
36883 29744 64067
2443 -55401 58300
83219 -32321 -87210
27142 -64209 -88501
-24399 -98507 -29194
-66932 63730 618
65539 -55382 -55507
43361 -37679 -43207
-89982 -39066 -15310
51409 10148 72698
78241 -54388 94584
67564 6262 -8231
-72487 84579 64842
61416 63797 27198
-15298 -92841 65634
-22252 21566 14646
-75689 64382 22476
-21591 -30121 -95891
73913 -71049 -73328
87655 53919 -92421
14279 -12375 -63020
-96371 6024 -12327
14133 62638 66559
-26715 -30646 -99100
97371 -806 -39973
-24552 55333 49204
-41997 72041 -89321
74020 71286 5731
-74852 40130 -58943
17316 -55752 -55755
25540 82305 -3064
-58343 -50625 56181
40030 -38160 -90598
48829 -89978 72478
4696 25994 -35427
-23462 -3136 75453
-27416 68359 -57024
-77272 -16287 -83128
72955 99611 -87024
-63451 88074 16661
-60801 43664 65746
-6288 -22706 41557
-23097 40828 -36216
-95871 68262 99426
-84148 59501 -49118
39976 -2633 65221
-34008 20464 -24844
-17678 3426 -37075
98392 -46010 33791
-9337 46215 87918
82552 -25729 -46966
47278 89526 70391
54443 13238 -35710
38403 -86137 -53526
37445 65303 60757
-51320 -43427 -28073
-87003 80331 76062
31074 -66205 56473
-18116 -20466 -11257
-26523 -14417 33226
44588 46116 27943
-90805 -86810 35074
-61735 4597 51230
75108 -6769 -10573
-58992 -64538 47118
-22124 -49788 -6493
-60982 -82308 78911
-57198 16382 -69816
69933 -95078 -5021
-91236 46936 -18272
-71876 43689 11996
-92786 -60 67630
67180 -11413 89233
-71707 -89429 -17169
-73071 31852 -4256
75643 -1339 81911
-98874 45319 62292
46519 -6805 48311
-42289 -80694 47722
-33283 92029 75253
65715 -507 77445
-19885 53719 -14051
-85339 -85471 -56113
-34308 -17464 -49021
-66552 83983 61860
-78836 -36022 1448
73379 -26606 6301
-89745 -22829 3697
26102 -10921 -85703
79194 3412 -19091
-39742 -68469 -24283
-20720 56169 81510
-45566 55101 -59179
43268 1277 85966
75380 91479 -78241
90036 -22895 98159
-7771 -56378 64569
-56485 76907 -37292
71049 84109 32950
-267 -91650 55899
45803 50579 61275
-78579 66414 8895
26197 76661 -20358
97081 -12099 939
-37188 -5927 50199
28189 86989 74557
-90829 60857 79457
-99541 97239 84927
90856 24047 -1060
87270 51325 -59282
-68656 -53630 38693
-11214 45806 83904
17675 -51454 -43347
14056 -66622 -38484
12951 25447 -96329
-10023 -34559 -30004
5632 1950 -70464
-4568 64608 52229
-68639 65814 51037
-2878 57701 -42804
-77640 40673 3068
28434 75304 79437
-23641 -40840 -7643
-20952 98217 -5243
-22728 -53875 -65704
-11591 76928 8660
-28089 44587 -28229
57517 76453 48914
-28910 -31841 68054
29827 -51406 -2762
13895 94061 -61487
31170 64397 -61496
-56870 -17112 -28626
8910 28895 88163
42791 95481 -49103
86441 -32567 -59470
-60400 59156 -80884
-50480 -89410 40382
-80747 98710 84832
46842 -75226 -91863
82408 -53837 -68622
-55189 97280 98434
89891 81467 18495
-13511 -93795 90239
-27414 8231 -13574
23241 66138 72624
-37963 68950 -77724
64973 8269 45919
-49665 72668 -50499
-94867 -99261 -32033
38609 -87929 -31083
-6851 -85232 56266
-38912 -46692 -86916
-16921 -52179 -39551
-60143 -55437 -45571
1349 19362 60416
34209 37278 22536
11653 20124 -34720
-18028 83842 -98077
22778 -37751 -54673
58336 2721 92529
92128 96566 35104
-18753 43077 -54762
69858 67563 64765
92475 94032 98016
44215 -27453 19923
-23841 18530 -1520
-97307 -87614 -62856
10229 -17412 39696
60836 -31493 -38243
-17114 -5067 93250
-4097 -83146 37702
-79817 90892 -72098
-45345 39227 88487
-2000 34021 -27304
27477 -86794 490
-36675 76921 -37334
-42886 -43444 -9487
28890 -22273 -30632
-75428 -97390 92455
48921 -44012 -74912
60302 44236 -50014
71581 -15398 32467
8132 88610 92883
43940 6783 67640
6644 59732 -21782
-6671 -13010 -69357
-45194 -83897 -25305
-98239 15801 7393
-17528 63507 -74324
39982 -43462 88861
-7331 -92109 -60507
9165 -12426 45864
-12552 76598 39805
60615 22500 -52245
-42630 -67299 -40575
78238 -50615 970
-13302 -55363 24407
-37841 63358 4010
31942 54377 -57753
-12884 68584 -81383
73322 -81098 91994
-4274 -90984 97724
-77437 83986 86233
-73137 56432 36819
93162 988 59168
-64389 -1118 87373
19007 53998 -89463
-37673 -43042 -82129
-98940 8883 17303
33418 3656 -81393
92217 -57579 -51460
10869 -93552 50401
-45600 -69768 42980
80223 -61944 82542
-97082 -66581 32559
88076 83219 -67017
-75036 -21797 22619
78719 86142 1964
90975 -92724 -71514
27465 -80766 82048
42957 -74514 -66030
25069 65737 36956
79291 74558 -30687
19230 82398 81591
-21644 31533 93917
56880 -39319 -45261
97848 97588 -77937
-65289 -95261 12747
22855 78878 -49327
44080 -48116 -87231
-56734 51835 -67117
65427 48305 12266
-34031 -49909 74502
-96280 -61083 -17221
-97303 40226 13402
-4664 95053 -97333
24408 52732 25171
80522 -41741 71989
89259 -95046 -66104
-34354 40477 96301
-71821 -64847 -79245
-28395 55312 54638
25572 61960 -68964
-44968 8389 -93461
-75523 -89292 -73978
48960 67358 61882
-86801 -73875 -34499
22767 16261 32575
-99190 65194 930
81271 -17227 84389
-9290 76775 -59340
34573 2553 -66549
31349 74858 33637
6742 93514 -2669
95040 -76794 65037
-77831 63220 7272
1252 -11906 74717
-43528 86605 4722
16025 9018 7719
-3046 -16839 20683
-28263 -18499 316
-71367 -86006 29204
26688 -96124 -79195
-16989 62203 53073
60705 73927 -37039
42276 -27909 -98407
-7107 -20707 -96930
-99163 51799 35607
81689 49344 -3422
-81318 -39849 -14184
-28665 71672 78423
-30960 16772 -3166
-63862 55151 60529
-7416 -63189 -99117
-39674 38962 -28682
96266 89914 74571
83890 92815 -54066
47451 87333 -30222
-9218 80919 94191
-86768 31489 -23988
-4565 77532 6611
53232 -9578 -42647
-72429 -96008 93288
-46665 -8394 -99216
-57192 71878 -58560
-59165 -46308 -7806
84985 -46447 -97662
-85729 -28490 72109
-92175 -82023 23857
-72260 -34029 -5449
91594 1499 46359
27596 19275 58767
-47064 47846 -95341
2008 -58365 53401
68002 11899 10313
-71069 -23497 79026
-24575 47859 -31405
47832 34231 -90182
70297 21296 -31580
-18368 -58590 -48744
-1371 94737 -79569
-95942 -76823 93266
-51183 -81626 -95918
-5016 -72253 -13786
-6490 37142 68858
-64168 -87187 -22437
-52819 58431 12354
83152 57417 91752
49057 -84336 37327
77301 63508 -65133
88034 70398 -69825
86569 39633 9867
-73804 -15805 -46994
-76358 -33213 -32501
-65506 60604 -73735
2083 7527 29678
-91135 92741 -47123
-48644 -76182 -85092
85568 -62083 94543
-4853 -22860 90606
-74864 -14580 -73860
-76509 76794 8194
78531 78439 10992
2259 4241 -7626
-79502 34462 97310
-21187 -63087 -16750
-62538 -84403 -67889
-43660 31013 95925
-53467 67457 -38622
-66948 26113 49668
65546 7327 -63697
-98574 85250 -10431
48291 93178 -6237
-40651 69044 72993
43236 -2068 98549
60011 -22253 92132
69067 -37253 -78488
88697 -33309 81030
32574 25795 -9613
82447 -4498 -53377
25027 6767 -26723
-35525 70947 -88140
98278 40616 -24203
-89533 -4510 38889
46071 -34836 40336
-64087 38597 -57602
15299 52601 45392
20452 -73907 52948
3319 6264 24785
-56479 27028 28301
-67222 -73712 97584
-18826 54432 95199
-14951 -20052 -1183
-82578 42739 -56929
-28841 96798 50274
77802 64341 60458
97837 -4829 62703
-96346 -41557 95843
-97782 69415 26741
-75046 72211 -56961
-59075 64721 -78877
43184 -65064 54434
79933 23830 88823
40290 20707 -90691
-6394 -49031 -55161
73741 -10 -11648
20838 -41862 -6359
52128 -20941 -31231
61269 -5581 95494
-95262 677 -58267
59751 -86577 36244
9078 -30446 -49961
24515 24052 85272
76511 25723 74062
-66940 -29140 -61886
90028 -15537 -97000
39467 -83543 -72327
53332 42235 37803
21957 -82560 57740
17139 599 91900
29332 47202 -79460
44900 -86191 -27938
-97761 -30493 -43804
98920 -65402 1386
88443 44166 31723
-2875 4374 36970
45078 -32108 11290
64085 89622 20981
37102 -26666 37550
78066 20274 16372
-24254 -42781 -69612
51225 -473 43472
-71619 -66720 -71096
-28548 31783 -74088
8909 39188 11270
-31991 47504 -94954
-40805 14020 3813
6070 39000 26387
-89981 -9215 -88132
44709 54614 -69926
71295 33838 33865
36330 34686 -30446
9135 -72099 13169
-49943 38449 84703
-42661 85616 -52887
-65381 -41861 17364
18399 65641 -93419
-11790 26832 -70666
-56204 59470 46060
88395 21347 56496
-15265 -50050 -99308
-60701 -16406 -65132
-25428 17201 -542
30592 68160 42566
-46023 55597 -79100
18583 67219 -90234
55739 33274 -12841
4616 57764 10625
-91927 56741 -6152
-63804 -26277 87966
-14391 11402 74625
92847 -65138 533
78015 17107 -55718
-69853 -91680 19675
-57316 -873 67749
50574 32681 96231
71462 41382 17429
-22735 -54513 16528
56527 90425 -13556
-52953 -67578 12222
-73666 -49895 -91470
-61498 98428 21339
69014 85834 78264
77190 -89626 -76125
56709 -27147 50779
-634 32201 -37386
24563 62713 -77205
16705 6746 99695
-44452 22118 75124
-27716 25409 96878
-60320 -39886 7937
30050 19967 21682
27950 46940 28728
-47660 26283 -45127
-69296 52360 16101
97153 40992 -62847
-30762 -76647 85822
-56079 57656 -7552
-66746 34534 -6619
-42808 -15033 73891
-31091 78238 -29123
69809 -11128 -37541
77429 -26840 27366
8930 67742 77700
-9002 -41552 -93854
-11595 21369 52650
33362 -23183 8530
33363 28580 -75580
-42411 -82920 51515
12532 76021 -89924
37062 -88495 63200
-63713 -60773 93609
40192 99194 -81233
-35861 -91360 -87379
-110 -28063 -88363
-15750 -33754 69959
-87790 -67306 -63375
77111 94945 21338
-75066 22849 -45988
-94753 71974 -23507
33928 5824 2393
-10622 -67260 -67239
77797 781 -18952
-51747 -69492 41695
38186 5848 39805
23797 -32012 94725
5 -50256 76897
-14829 -12856 87106
-43638 -32854 -40057
-15267 31809 -80730
61690 -44288 41614
-32544 92086 -90841
36172 1044 71765
94084 2712 -42254
-49285 -32849 -20063
50082 89835 -27992
36934 22759 53770
47792 14580 44079
-7870 -28701 33788
-36995 -20937 -51163
93466 -14639 -61730
68889 60371 -89299
69335 -57421 -60260
9453 43419 -42720
28962 98767 -75582
