3225
-84314 -37500 45374
523 -81434 23587
19469 88108 50246
61680 84707 83095
89453 25448 -69328
-99331 21821 -39717
-54200 -91284 16566
28885 -89503 51785
22959 19554 -34089
5688 -19998 90980
88666 -19063 97848
-76721 -3391 -6156
-1323 -66721 77056
-80053 -46056 4283
-84437 66676 -25589
-74226 92034 55856
-83820 64394 -46519
-4624 2397 -11249
-63726 85907 -53921
-65137 76995 -51558
-29208 -33223 -12019
17135 -35059 18266
37010 -16252 53192
62878 -78447 -61535
-64747 2829 -82000
-77982 26521 37045
30219 70947 -39558
-26815 -69061 94961
78580 60653 -65757
25750 29258 97562
87053 73773 17467
-67260 -16165 -42731
24688 -38979 -56602
35524 99646 -36093
30073 95466 -31847
-88296 -57320 -39950
-73163 10498 92578
-97284 -34715 -24089
-33001 5880 50609
-15837 -83580 -32104
73888 -20172 -77532
-27888 24454 -36539
63070 -50368 21142
-34498 23325 19467
15608 83252 -8850
28941 -49528 -33906
30356 21629 -22890
-15568 4941 -41531
-41816 56357 -91509
-37082 68184 -42665
-43284 -63969 80477
41089 17329 -20714
23747 -80287 -78609
20348 11956 74102
-78587 49735 -17045
-30038 -23336 -43546
63255 -17256 -29880
30805 -3266 13031
97907 81598 59910
64370 -26954 36390
54622 75103 45967
-67216 -54234 58824
18633 26184 -33759
-10437 48675 76076
-69382 -31603 -18289
-26172 7963 -19139
4151 33330 58444
92023 -86614 -85832
-31525 -41821 84906
16095 43889 -92849
-92814 -60027 48945
-9758 65742 -45040
-34051 39350 -63526
-90392 61971 97154
39467 -12528 -67880
-34491 78479 29963
-28050 58690 -92372
-30701 -22176 66906
13942 65465 37380
-18961 -65130 -98220
51562 71968 -40945
84452 69166 -38303
-58978 64429 80879
99625 56296 48490
-29841 -24222 -16008
-66944 -57412 4022
57370 94501 -97723
-67873 79588 -24883
9562 88797 18288
58139 93413 -48036
-60839 -30379 -2576
53611 96 -7032
10876 -71812 62395
-5651 98245 -53227
54019 -94079 -36573
41778 35482 31814
-76481 -73992 84183
42123 33062 59546
30609 -82775 18545
-85987 -8682 -67300
-77964 26648 -35128
11422 -77062 -83198
-42719 -79397 -76163
-69860 -64253 24830
61996 -74076 72374
94575 12637 -16485
7913 94881 -72070
13319 -75431 35420
-34363 92356 -2047
-95074 37163 -26001
-59840 -26319 23508
80222 16013 13346
25277 86678 44496
-82277 23460 26587
69715 60213 -57671
-21507 14529 99940
-33677 -82442 -16912
-26279 20221 -40271
44525 93104 -46463
45860 44277 87399
-79012 -3746 -74172
89607 25608 29346
89540 35274 71168
-39454 -16382 -68587
95376 43491 99007
-5001 21234 67474
-56649 -49654 8781
10035 20614 -21193
-71033 10951 88543
-64305 2463 -24417
98231 -80603 -51786
23997 53354 -16024
-42619 19127 21714
81351 -90945 8822
54972 -98684 -4479
-45843 94258 57881
-83384 -5457 29912
73431 50831 -67681
58165 -16080 -29289
-97824 40038 51288
-19347 13492 70663
-98425 61377 -46939
73703 68220 84295
-47014 69175 -40723
-15520 2982 -22303
78565 5426 -87441
-64842 18920 -20319
88489 1725 42800
41752 32457 28186
-60984 -65807 8090
-56500 6239 15378
51536 68284 -8549
48705 63114 -66905
-56226 22712 19088
76087 -83604 -80735
62959 20994 -21390
-15539 -81205 71365
-12927 32088 5660
70281 13743 -46460
97938 -16905 -86884
-66311 77037 -38577
-15286 92679 -38069
42754 4195 41534
79113 -6854 -14876
-11352 57862 66963
-15155 -61896 39244
35827 -29421 65050
-40607 -52333 -71911
24716 -29491 -14989
76992 -44501 24337
-9474 -43509 92934
-20877 86390 -9727
-66824 -78832 -90279
89967 -85357 46789
77971 -13543 -84630
14225 68383 -4767
-73509 10905 90614
-47108 -30435 -28084
-73336 -56446 81364
-33777 -27652 -65616
-70080 -66898 -42930
87859 -79260 -21830
-39358 -7938 -51713
48039 76406 -91747
-35917 33883 -96813
-35867 98260 -78794
99292 41952 95217
-54411 -78493 -54003
-423 55981 1167
94123 66138 76042
26988 -5864 80959
-70677 19617 1431
97232 72962 96148
-81814 45007 79939
17841 -60828 25515
82609 -95093 -60178
-87028 -9206 -28730
86027 72814 5472
83597 -25260 69587
9755 -32639 -84642
23937 6388 -23044
-43417 93227 -412
66780 52325 -53599
77707 -61504 -30593
-57616 -35963 95612
-89535 -84122 5322
-93090 -99330 17222
-29945 10648 -97857
-22680 -45674 -45958
38950 -88822 7395
2679 -10008 41392
40234 -67604 81860
-13711 15015 94333
98958 -61009 97649
-52174 -53547 -49157
-63593 49774 11736
98474 -11072 -98223
81906 26059 -75381
50096 -16800 -84138
52245 -58418 66419
-45690 -16150 -21199
-97663 -13973 13273
11425 11494 -91824
-97547 -7258 17210
-987 41038 37822
30167 -24296 -56018
-44833 -10937 38276
94525 52101 99539
29416 95216 -79397
1758 -54754 2217
32244 23364 57310
92457 8358 5396
62259 13081 -29089
3061 -47138 2702
45741 73871 -90937
14118 -87750 -34825
-51237 -97718 91654
71271 -18057 -94998
-83023 64722 89994
-97759 -43136 52799
-83907 61799 -5341
-38383 -91927 -62737
-32236 -90445 -83725
49615 89607 -89949
93284 57223 68722
-53778 34232 -27637
25551 -25179 70303
40858 46507 -70043
39220 82897 93098
-11471 76362 -55716
-33794 -46156 -44267
-34921 24840 17990
-60397 63557 -62142
-32101 47432 -19686
12935 -85351 -63509
10858 27637 17652
-43419 48361 93195
33568 60912 -82266
-94969 -98757 -38134
-61453 37017 50896
-89689 53242 85071
55709 -97946 975
-77423 86186 -66025
86936 34464 98463
-99614 -626 -44874
35186 71038 88182
-15134 -96045 58847
42281 -83220 -82640
-8854 86427 -71386
-30138 -64818 -86362
47007 4483 -97168
-50580 -7120 -92182
-77211 -94600 26175
17019 -84079 52570
58779 46015 36435
-35651 64878 20097
45823 -55334 42384
-95910 90409 26120
-95676 -89105 26604
47174 52113 85227
-49891 -41923 -37394
24983 52139 67218
-45041 55694 -9567
18224 -92027 93395
33462 -62737 72873
95850 -96148 49940
-59186 -36230 -7390
-82505 -15487 30265
44814 63438 -74812
-13030 -95182 -17702
76237 68570 31083
-49698 -25854 -96183
86720 -80470 38679
-93741 68886 75195
33362 64905 -25627
43802 -46773 19894
-80277 -17128 -75296
-15403 -51893 -19949
82262 75791 51047
34760 -75697 -73517
20988 51499 -20123
88441 42402 24908
-75714 82370 43198
-39315 57949 97338
-59570 -24768 57561
33945 46445 -58683
-63694 -73777 -52273
-93357 -98559 90115
-53499 -45289 -85955
27392 86713 94968
89647 -314 -32343
98033 -14346 -80217
62229 -22909 68276
61141 51677 69616
-94216 84284 39836
-14560 88233 -33215
88848 7779 3529
-87878 97196 15791
-26962 -57411 -89511
2264 -43424 46733
-24316 -64544 3096
45880 -72517 38635
-19276 -33615 -29709
-39271 31567 62440
2176 91854 1375
-89599 -96758 -1247
-30964 56217 -10430
28076 45711 30553
-78909 47377 60712
26117 -83186 -3597
-62379 74921 -82993
-48792 -71209 65038
59104 -68797 79600
91289 -90281 -47024
-99547 -95972 -81909
-74772 -51080 75212
60861 72234 -38609
58120 -6344 -66553
-59179 52957 -30099
-67541 5978 -11041
28176 17716 34626
41143 -75644 83492
-88694 47368 -70910
23431 72929 5066
-97511 -85860 6193
50456 13811 35271
-66431 20439 51193
50435 70487 26047
56175 -49528 57542
-86207 80139 27053
28283 -43825 -92274
-68220 -17967 49172
48116 45901 -68288
-69479 -46592 -40293
-64609 -40115 -3415
-28484 1069 -73739
-37922 47568 -12030
22528 70471 36096
-92432 -56108 42690
56590 -84077 33521
21243 -33542 -38524
-99523 93909 -38811
-49587 -31085 68542
-70411 67777 -24237
-40304 -60855 22448
49166 -34696 11147
57853 -78048 39045
36117 -8931 -23118
-3970 -6839 -3433
44739 38720 15369
77782 -43291 91600
-72512 -12304 -5482
8882 58539 -12950
60986 30227 -2031
82240 -11283 70711
24847 -30594 28930
-45447 4446 5008
-85139 -63579 66189
9713 -32375 1683
93625 -3023 -70485
-25673 -16756 -88836
59247 8586 -19972
73197 65349 83362
89591 59706 53601
22712 57087 85546
66752 -72411 -84032
-84760 45886 44316
-33733 -99877 61679
62702 27688 -54967
30907 14038 -60819
849 -21224 -45350
82997 -86218 -60180
-8845 -33278 51910
-31393 69236 25660
-64866 87054 -6416
51771 -87702 51524
20729 -6323 86329
31224 23921 24493
79327 65556 25284
73306 -20384 -79814
-20088 26148 62305
30720 -16 -85924
-62487 -27649 19245
18129 82566 68966
8630 -28167 -27391
-85430 -53973 -43011
16385 -39316 -61266
-36185 34303 59449
-46335 -84364 -46679
66503 67042 66130
18696 39076 54611
-99862 -77189 80615
89265 -19366 -23648
9407 -15330 47189
-86064 70957 -94431
49976 -29638 -8838
-51156 11380 -27717
49721 27098 -6697
-8252 -58501 -22411
93316 -47385 43770
15381 91879 -51629
-6219 -58169 60865
-8376 24087 -36681
-61924 91595 32884
-66175 -40549 55850
66097 -81296 62489
-1897 43055 12889
99643 67427 77788
90269 18958 66398
92786 74980 6336
31547 -24385 -49197
-89559 93570 -65838
-52873 33319 13868
-93450 79108 -66088
6810 -59628 -1428
-16943 85249 23418
58293 -91575 -34058
66875 -76568 -26975
-33852 -95180 -98281
42517 -22958 34502
-94740 10899 -72888
76757 -41415 10443
-89203 -46466 -19704
-42046 54882 -45363
84294 -75810 10131
-43907 -75341 459
48902 -46556 -98053
10636 11674 40555
-9005 99516 96722
48477 -39159 73864
-31940 97050 8328
-18373 71045 -36517
22144 63940 -94514
-18272 9431 -77320
-5565 -91045 66588
-72922 -58132 86061
-10364 -63778 -7310
-7797 -40074 -62530
-80005 7547 82657
-97280 -8007 7825
13597 22295 -91018
19560 18267 -80483
56642 -61236 3982
3732 -40813 55113
-79531 -93541 14949
-58169 79045 23504
-46943 -17372 26407
-87812 -49069 60544
-75783 16800 12318
-95067 -91544 -5951
83378 -40059 45505
94446 -98271 13230
-39055 17673 75674
41400 61423 62067
-93009 -48506 -71984
93837 66160 -90252
-11557 -91389 -59001
93155 -94822 -73819
89967 1344 25341
-82291 82341 50933
88450 -98333 84446
-30513 -53225 20276
92012 -29083 7654
-78612 37784 -42966
-11633 -38855 -60168
-87913 7537 -49433
-11360 -55542 31441
-92219 -85157 -79192
-93647 18542 18827
-12811 -84023 -30537
-48047 -75375 56368
-39193 75010 59237
47845 11917 23535
6166 20017 -20394
94887 -32155 88073
-68332 -43690 -91366
-83747 -14941 87503
6142 -93954 -58131
-80857 55361 -73038
-75588 40847 -77674
96586 39917 97753
-31754 36953 -6048
14932 -2861 -11649
25340 89598 69741
47269 56650 19529
-61541 76781 -60197
-84402 -4189 -98160
-68110 21 -2478
98281 58931 -81839
42674 -98892 65044
73424 33002 -89021
7674 29080 13122
74093 56079 -79185
17799 -20418 69599
-69448 -43724 50995
10047 -19075 -92221
48701 -42060 88053
35073 -70425 -37638
-79179 -25193 50346
7399 -63954 -52930
38197 -19788 -34335
92256 64193 -35351
-65145 -25585 -82545
-1543 -77485 92595
91357 96535 12652
-34902 62504 -47831
6873 -82128 15434
-56102 -10794 -65001
-14332 -60806 -69972
-46481 19930 -54427
78714 54987 -23956
64124 33038 -89813
71358 16450 27494
38895 -25805 -55850
-68368 23658 23733
-33492 91234 55329
38740 36654 60430
-71150 -12145 -66779
-14282 -49413 7552
-84413 86056 -44446
77256 -86072 46880
3748 73696 53310
11083 -37385 803
65061 -23653 -60533
-12090 -83287 70878
63236 3291 -10397
-48156 17497 -78723
15732 98966 62498
2258 -45073 -24505
-73201 18178 42303
79627 -24394 11256
-65048 37494 -28153
-91299 -45511 -22748
38964 32693 -83619
-77690 80564 -9630
-61260 -94988 22331
7140 -96360 -39306
-25098 25188 92069
-29199 -68469 38630
81350 -92390 -54623
-77646 -65667 -94431
3849 -15716 87099
80662 -30324 -6691
-2411 67140 -8955
-21240 -99988 -83232
7061 55998 86013
-34275 -31514 36735
52203 55386 -83311
-86913 -40855 -19227
68850 92677 -20719
-53248 -32114 -65227
-16309 -34382 53801
-35283 77861 36642
52933 -26876 -47725
16419 -41916 66833
21640 61233 -48168
-70120 11202 -80218
75704 93060 -70215
-38131 64699 -50161
-57238 -27826 20363
50966 27717 -24550
-10959 94654 56624
-9432 2677 -62661
52533 94115 -11143
-19029 -57793 -48497
79062 -37959 37810
33487 7611 -386
-73582 -69843 73360
-18581 1212 -34665
6398 -15392 -20358
-86929 78244 -77325
81105 -99676 90063
51091 26645 -18569
-80511 25454 83315
196 20326 -51327
-91490 -11875 89746
15923 -7043 76063
4250 -4520 70428
-91130 33231 23771
-57763 92541 -14216
27807 -84995 44574
9991 28853 -24029
-98398 -18113 73562
-27434 -3117 4354
-29395 2630 -72422
512 -34417 96137
8378 19281 26149
-62843 60815 -1765
-82346 11699 10089
33603 -68574 71681
-69609 -86183 -79856
87618 31535 -60151
-25420 -47064 32021
39976 -27525 1827
47975 -49404 83406
-97655 -23972 76156
69951 18829 -44072
67091 -47847 88164
-77218 -48257 -23998
-60148 -6383 16111
-5122 38754 -14672
-34128 -15378 82419
45955 51243 -38161
-89476 55425 -16360
-8316 74109 99781
63905 87518 -43416
-31989 -50277 28896
-2509 -37373 -35472
-92490 66426 76744
-13537 87690 712
96251 81248 -54340
-95747 -62797 -96399
-53630 82734 -65022
84165 61304 25407
-76930 61075 -94204
-76537 26714 -35035
-91322 24202 48807
-77110 -6115 74244
-18915 -99783 -32882
58132 5574 -61770
-61375 -61260 -42131
-6408 -14427 -46275
66029 90329 25515
-99446 45052 -42161
-47708 -35542 31221
83173 -70726 6575
-81484 20404 81184
-94257 89493 82189
7290 46330 -63543
28610 15936 -25968
72444 19497 -94231
33786 -34215 -31472
-7462 38353 -66640
53289 37045 90743
-10233 -59823 58278
50878 27191 -47375
64703 -44964 76515
-19417 99242 90796
-49526 37439 -89349
-96537 -65437 -50971
-38374 13974 30818
-12220 -55251 71551
-21992 48547 70293
45944 -2107 96306
-81707 -61039 93951
40137 77413 75950
-14366 12488 -11544
28048 -94564 -57532
42010 30052 -86906
-89253 6025 58423
-31351 -1852 -27953
-83584 94596 43991
35854 71848 -39865
33530 64888 89105
-82032 12918 -12233
-58488 43599 35092
39279 -50095 15757
82989 35182 72999
91195 93895 69640
87514 -92072 25674
39287 35769 -50951
82964 -5105 61295
44662 57499 15096
-72372 -43857 -19453
68338 5107 -59027
91685 37559 23363
-23504 4101 48450
26228 -53573 -20827
-82838 -22056 -69078
-19849 -33567 -22926
72720 52697 -74735
85569 -80943 9834
-60130 -70958 49271
30125 84304 -74692
30261 84708 -8619
15492 -3517 19409
28275 7124 89128
-22486 -34571 -21082
-98951 68209 -10174
-71235 76423 10784
63627 -35680 -48236
-78025 70169 22645
15735 -49480 -53173
80352 -69791 -20216
-23180 33871 -36193
-892 -32274 -38667
69274 -57271 14792
-53364 24289 79695
-26385 -18691 -89638
36526 78696 98720
-54448 -69772 85130
5011 96677 59511
-22032 53408 -17490
-70317 49773 -74877
-93306 43286 -67301
-34994 -42289 15954
84353 -72914 -97271
-77860 -45562 21234
58593 -93643 -18202
-81992 -59498 -34601
91231 -85368 -81059
78655 33440 -47851
41444 30119 -20901
91912 71274 -46053
-22068 46457 -97769
86345 -13348 87799
-57408 -69150 88967
24911 -91951 -73052
88531 62526 -436
-90202 -57667 -16499
92390 -98612 37641
6235 69607 85889
-51321 13246 -41145
-55613 82295 55559
24049 -94350 -9077
9065 81366 -60063
74122 -334 54927
-36525 65597 1209
-96419 86553 56199
54888 -5805 75770
97154 -87761 19468
87815 77306 -60023
78538 57555 56044
33047 -23991 -4634
-68476 -5917 3320
91362 11302 23374
75960 -33914 10108
-88721 78177 66347
88002 -51327 -8356
81590 -33468 -96228
-94259 29771 -50620
13030 96924 -7737
73376 4456 -24264
73110 -91578 71048
-50853 53950 -54678
54344 51140 -93745
-34809 -47399 -97567
-18474 60625 -77871
24979 6478 5024
-10530 -32940 -50906
28984 29279 -62185
-75640 81657 73807
37058 -17290 -3643
-83242 36894 50210
-5099 73603 -11692
-7107 94130 -6630
96038 59497 -37773
92327 89963 -1327
87170 -66637 -3909
-52495 -46532 -89710
37758 14085 -37672
3738 5389 10914
84590 82839 71944
-91484 5281 -44314
16451 -64793 -3322
-8262 39151 -38671
-29991 -46836 -66586
-77036 88518 -66194
81131 -52656 22818
13781 -68171 77114
-45021 58779 22217
44320 74008 57643
-17462 11426 -26846
-8166 -63948 77475
-20947 21432 36141
-39090 -43926 -73866
52415 82990 -21951
-58641 19409 86918
83812 18139 93281
62202 80060 -91673
-35447 34585 -90637
3487 81882 -27995
99878 -73033 9277
20583 -64198 -35670
-82085 -80398 33888
77840 -87836 50953
-45131 73228 43883
-44012 -55447 -34226
-23435 76088 -51005
-99289 20581 35669
32018 -67171 -90581
-42846 88913 -7752
-71305 -55894 -16947
-50387 -71018 4730
-92854 -27074 24044
17273 62362 -30326
73339 4331 77394
-59956 -54589 96137
-55603 -42320 -51619
-1014 -36106 -96166
61030 -1606 58683
-62943 -58530 58898
13706 -87487 -96801
-30690 -50400 98647
89260 -13727 -64482
-25843 -60981 -85715
-56593 -6336 53733
-95357 -31970 69914
-44071 -30798 -58001
-82727 49892 22777
49598 89833 -49489
38957 -24243 49383
56749 -31068 52236
-52903 -33823 82308
81539 -25466 -57211
59378 -25955 9188
94070 -46372 17208
32800 26328 66810
-7537 -82695 -74777
-36873 4071 766
-16185 -35358 -80445
38094 97490 55066
33818 92001 14613
71710 -18371 11949
69317 42812 -93955
-69622 69550 97099
88508 -72619 70309
83056 25857 41585
18980 73228 87503
-26488 -49201 66633
-63766 -2610 47943
-26268 78618 16052
-26829 -48299 -55035
72589 76749 2762
-59804 -22381 -86360
38709 76484 -76492
-63333 -85091 -34224
10358 -12572 -59293
91701 -40907 -60235
22780 -2806 -86963
46567 22417 55214
50489 30313 6206
49416 73356 26847
-45395 99702 -31829
17971 -26853 -74430
-2748 -87963 -39392
78303 1924 -14973
10377 -90688 -69090
66966 -59063 -33571
-4807 -46141 -32409
44942 94994 6887
51016 5304 82639
63100 89481 -2078
-62089 -20520 -95281
-29669 -29441 57120
65572 57884 57759
-75125 97715 -79521
-14673 -16438 63602
-37413 15612 -98133
89741 7762 -8346
74219 -37677 89859
23631 -89027 78429
-8791 -47485 -32662
-66410 22254 -38192
46456 63894 -79168
97820 71310 97327
72611 -11074 -36627
53312 -5108 -70575
-24613 94280 10963
26250 96965 84462
46987 -1778 -16086
98976 72950 29097
67951 76138 32584
80668 39932 85075
50790 -22415 -23681
74484 134 27341
35684 -80367 -19556
80939 98793 -29121
-95611 40149 -55955
77473 -32057 88171
-46309 -975 6928
6874 30173 -16960
-12182 33223 55753
584 -22798 13158
55592 76144 -554
-50236 -37128 -76630
46258 -95597 -51226
-58145 -30487 92362
-32858 85203 -14728
-89279 51154 23386
82964 -74742 19496
24345 66223 17711
53993 -12531 32531
-23379 -38372 -10294
83535 -78486 -58814
-92633 77517 -10315
-68216 -77953 -8769
-70438 12542 -80733
-45142 -67711 14584
88338 86570 -93048
-6677 44461 -85191
-36893 43548 43905
29859 55760 90126
25761 18164 4985
-23436 98486 -75158
82510 72016 39704
-2691 77256 -93045
16100 -74619 51615
-623 61264 75550
3792 74522 -46345
87510 -96281 71227
16548 74068 18036
-68884 62414 -46044
70913 97458 -59374
-32791 71183 2560
-36893 -93407 -49227
45512 -49394 -9133
12997 58107 -71748
-31739 12234 -92373
89325 84543 36413
-46070 -41427 60660
39707 6323 37276
-77061 72284 -65909
-53969 72611 65772
74618 82223 49684
24440 86143 32320
-30043 15234 39490
48850 -48109 29236
14655 47948 -85430
98287 31313 8649
47362 68007 -2138
1924 -72032 70546
1028 48325 72135
25038 -41307 -88465
-62752 69101 -84660
-37807 8208 86975
43128 35337 -23055
-14349 56558 -2456
-85834 -93749 -33812
-42945 -85623 -64366
11715 5378 -41558
-74811 -33119 77789
-68962 -91434 -78178
-84342 -87468 -26094
16671 15915 40460
48530 -48493 -23334
22613 -14546 75418
-41066 -25701 -43173
-62395 -56161 92175
-54517 -24608 83205
-84489 33087 35420
4886 57970 -4043
54416 42444 78948
-80346 -72445 14893
55485 -31842 -31800
-13391 -85702 47544
-94583 26902 68503
98426 6088 23704
-72881 -39770 -43201
-75324 -74526 -40122
-95354 -15956 -29519
64838 -79500 -23350
-46169 87427 48120
40615 -34980 -72093
97443 -78256 71893
63836 -423 42526
-80182 90440 -55474
57677 -69681 10441
-43119 -62123 69578
55956 70996 -19712
-26292 -68803 43222
96474 -8810 8323
-40447 -87806 4083
-34495 -30147 -53426
43845 -98956 -28964
-53543 48056 70880
-70675 47299 65890
187 27456 -12030
-82274 -59276 -66852
-91668 39744 21563
-42199 39596 61137
-60897 -77675 -9087
-83940 -27336 76101
-92737 98282 -65356
92128 -5097 70441
35726 84033 9358
-63966 -88854 -3485
20081 -37534 45240
-3058 91764 -20966
-24971 -8359 -49088
-89691 -59174 92389
-11473 -35873 -88973
-6013 -98402 -34693
-13155 10686 -21328
43252 76789 96044
-11752 -15611 96618
94096 -95329 36635
-88063 -27992 75026
40876 -82341 -71251
-97426 -64420 -32895
-73760 -76309 87634
97387 -39911 49952
-71085 -52367 16577
99549 38020 -71612
-21274 72864 -72440
34610 -70599 39603
47278 -87454 90039
-77350 -84858 -72296
79318 67609 -97855
86501 -27918 6682
-3763 -30137 -92924
-61397 -42005 26736
-69477 -83919 -11431
87859 -12349 -8604
67959 -54354 -70343
55004 -53578 -86486
-81545 19552 -36884
86281 89336 88672
19730 88591 -83461
33397 -65068 35499
-3239 -32743 -57541
40974 -13831 51671
-43234 32927 97422
-15957 82861 -69065
3013 -89288 41512
-39617 -92453 46007
-42752 93850 -9892
82091 -19785 59109
-37138 -29839 13224
62887 12277 38403
-15238 -29016 -40238
40525 65022 33413
38823 -42967 45436
62798 -60153 91196
-95480 23500 72259
31116 -76427 -66629
95574 -58097 -11974
-9087 -33729 42970
80794 94394 61109
62386 -50961 -90801
-44440 9549 36625
-88540 -26813 -78476
93955 -70457 -73266
-91604 22144 18695
-3183 62043 72500
68605 13419 51088
-47585 -75397 6062
99381 11658 -632
-59787 -8042 69177
-15480 -86357 24888
72370 -15268 3068
-71008 -75578 93990
-27169 60996 -14101
-25944 16470 -71850
13687 35316 -6667
-90451 53714 88144
-68750 57474 -41291
-18948 97467 -60557
37304 -31770 -83550
5739 99532 -48194
-37330 48752 -60618
12824 93306 65277
-95889 -30062 50148
-93918 -30241 -40257
-54018 -65232 31690
-7013 41919 22069
10196 -50843 24564
40908 53379 97703
-2673 90028 -41300
44661 -93791 -23721
-95369 92043 -18524
-66393 -81954 -54788
-13690 48709 97242
4057 -5516 27372
9892 -31449 -32146
46482 -42545 7066
-33173 51234 -36962
85181 -49112 42642
21488 26304 -7668
84682 48785 32316
94969 -7386 -88721
8992 19269 -9597
16883 19723 -50771
89259 -63146 -57720
73920 64413 -24918
12480 66328 7540
97307 35295 -1950
90188 -66308 80418
75648 -69409 84808
-73967 22169 -6654
65544 -83396 98059
84477 23076 71852
-15176 -98103 -46650
63825 -57358 871
-61506 -1538 75426
-32842 64922 -14030
-61732 -5727 -55677
61794 18617 -28618
21033 15745 1239
-22858 54487 51226
10997 -32123 -83397
98508 19912 75445
-84415 32871 -74084
-85185 91251 -91569
-34766 5613 -84888
-27378 64560 -66587
-46340 -23204 -33370
-50715 -12727 -89569
-79661 -53382 56254
78282 18267 30647
-1886 -34099 20837
9778 -19831 54087
-35996 37844 9566
52085 -5476 98345
98241 53068 -99781
59957 7436 18234
10048 77800 30375
23895 77830 -30278
-74360 -98560 91691
-64045 -61747 -30780
34732 -35171 -93005
62011 4976 7749
-18956 75301 20454
83939 76877 -94718
18924 -24055 3935
3829 -46591 -69161
47474 -96795 40571
-94605 -68242 -45282
-87454 -26795 -54223
93540 23906 70500
51625 10123 5096
-53571 45341 -47172
-32922 9061 30415
-87512 -86050 -79456
38642 15294 37909
2507 -41481 -29517
61872 66616 25563
-39156 10761 -89725
34025 14634 24655
-352 -35426 52143
-80174 55005 86363
63465 -52186 -82553
40880 64870 -20816
-73911 -49653 54960
-4941 63574 24277
-78835 86290 -33487
-94176 -58852 -23884
-46855 44630 -60264
71013 -80221 4337
-27896 74481 52369
-18667 -74849 51536
77947 -64760 83559
-43394 -15613 57101
-37404 -39215 3795
59247 -77734 -10720
58045 -34653 -62512
77619 92547 28708
73588 -342 -96242
65971 54320 -40467
-2131 -24331 85510
2679 -2667 -85166
-23729 -55129 -45415
-15985 4955 -76374
14222 31772 21505
49928 44919 28384
29221 27877 92292
-98227 51098 -46349
-40839 -20361 -13014
47114 -57642 -93005
-86748 57059 17012
83933 18878 74528
53915 53789 72973
-53299 40968 49195
34676 52953 69108
-28582 82534 -72962
-24320 -69408 79343
56331 54062 40328
672 7976 35679
33306 -68271 59549
20327 86248 45580
1657 42974 49640
-81704 60338 -99490
57458 -87746 94342
68210 -64169 30644
-74420 -43252 -38564
80424 -32504 -99875
-31494 16234 22798
93002 -81777 -79500
49275 74500 -30221
52643 -23640 64282
-26027 85740 20937
28327 53578 39525
5138 -34931 77498
8941 8568 1162
-85511 -52093 -20318
-4431 -56102 -71939
17338 97526 -35096
-70008 49993 -33134
-23823 95292 15857
-62746 -87590 93651
-24600 -90655 -33502
80325 -25484 24804
88053 26948 -47250
45755 90593 -44081
-24556 -97369 95124
23452 -18333 -71892
23284 29245 42924
-29433 47536 19615
23137 -6733 -93775
-80431 -30487 18146
-41112 24725 9785
-86587 -31648 -71629
4946 1628 35001
17354 27641 -46897
24614 -48058 -76255
-88612 1797 69243
-44079 65778 -58303
4988 -43232 -66391
-81453 3014 -83651
-1466 55055 -31592
-92103 -26414 99312
-29118 97680 -90582
-97586 -69953 -83697
-20880 49576 32807
-19335 -98269 -62714
88110 -67783 39798
18422 63276 -91929
-67229 80700 82067
86419 -77673 40460
5614 75457 -29299
-62884 80252 52387
74593 74782 52065
-72899 -12709 -81443
-68853 23219 44597
-65062 -76926 -45043
-12660 37589 19287
-98948 51910 -69151
-94267 -21732 -85741
-37695 37823 -7227
9650 -3706 46035
-65315 38310 4417
-44495 -2601 -86180
-55651 -48362 -60045
60681 -48432 6503
24332 -42733 -841
-37867 56975 55425
5742 -19649 -3150
-70909 -26618 13928
-52813 25504 -33152
41 78719 21620
19291 -89289 8691
88678 87676 61421
45107 6401 -26142
-17055 87724 92909
96911 -5132 -30246
-27237 13724 53468
-8421 51295 -87860
1046 9196 6443
-92966 78463 59481
95213 -35087 -95513
8695 -22160 18196
-86926 3772 -59482
53438 -88853 -5727
19998 -93367 -23947
65090 98556 -40164
-78907 23370 5061
-50033 -60828 78777
7327 -55318 -72746
-40258 -98048 40635
-85333 -47896 -26429
-95727 2242 29654
66126 2649 60932
47259 7051 -69107
-10863 10269 2460
5522 -57177 -74273
76716 -13795 76929
51860 84731 -57921
72138 -41716 93531
-29588 12583 -53583
-2483 63054 61786
-51399 -44707 -16810
-76747 -50091 98584
-86014 73001 99694
-99394 -1958 -16881
54333 83352 -50805
2591 70798 -50391
-83904 81635 -46402
-6767 42889 -73365
66726 -49980 -79225
-89463 6858 -67115
40851 -53480 65869
21471 65559 59041
62843 80033 36654
-9891 97283 18717
92325 -76927 12556
-6707 61048 36025
55119 -26119 -21509
-11066 -28264 65628
58069 33261 14545
-95325 -36426 3810
27231 -77466 84178
49276 44154 -49342
36118 -60007 -57210
93065 -20972 -94524
-38447 -74559 40099
77048 7067 -11443
58669 -21410 -69715
-35215 -54978 -29100
-74510 45966 80952
-5844 44561 -34850
-81119 -73465 77983
5830 -67535 50030
-18940 -13516 96816
-42855 -76332 10816
63134 85314 62501
88268 96933 -12325
-74044 -26576 -24153
-6242 57342 88097
-79842 -21039 94320
94009 -97645 -38220
50802 -7025 6253
85852 -93283 68216
-68215 85135 16735
-61548 -84270 -56821
-65718 74454 52190
-72930 -82300 86552
98575 -47007 -97418
3470 15192 26645
94767 42865 47782
-44018 47473 -65255
56823 -82860 87138
13286 88698 59548
61235 26770 58485
49848 41961 76759
-14493 -6376 -50287
-9724 -81458 -51042
-42257 -41364 17602
56649 -3518 43188
-21748 19669 -40789
-95880 -27969 54488
-29545 25047 78375
-46135 18786 42822
2275 -19378 -25665
68824 -59196 -69630
-75659 -76534 -42650
35301 -48965 -82594
-25315 97831 -12889
-98393 -15318 -69768
-83821 -84321 -35822
-45342 86339 19785
92917 77527 50172
41941 -18449 -49751
61878 -57947 -91688
53118 -77104 81855
21067 -13819 30171
-78146 -82915 29692
63971 61509 -40891
81990 -24879 33186
-13113 57016 -94414
-3151 64486 63721
3074 94929 -37482
31819 -5316 29404
7021 -76673 -74128
-45164 35416 -54980
59078 13388 58681
-93495 41597 14006
-912 67044 -64955
26069 -63249 -91443
-38808 7972 -12091
-82237 26042 90303
-34050 -98163 -50833
58243 -73517 -95469
30017 -92165 69668
95622 -89576 -22689
-5445 -65851 -97890
11418 54569 78556
-30696 94399 -38913
9123 15784 -61715
21327 96102 37006
-93900 95724 -9467
-67520 99571 -82984
-77529 -40491 58861
46624 8480 60292
-43369 -99330 -93164
-14972 -67661 -4132
-46233 9267 -19401
71290 -18394 -11772
-24712 -75071 -5548
72479 19076 49515
-7056 -94630 34665
-2792 5156 2291
-26653 49969 12971
-73619 -74302 -33069
30697 -52685 -52193
-6543 10177 -89052
98237 93777 -97237
-45930 51802 -68545
73964 -13249 -93510
-2227 82053 24906
-73683 66648 63480
-42877 49543 45909
-13554 -90059 36876
45445 29393 84499
-45843 55341 32344
27575 -74799 -26837
20084 -21136 91252
29433 13693 78078
-32604 57970 86815
28497 25896 -6540
-67365 -74758 51155
-2285 -40973 -19713
19125 49443 64004
-70153 -45815 98567
49110 26046 29103
-40260 82022 -72290
-63952 3094 -31257
31275 -99142 -26551
-2653 868 31983
23189 -39830 15121
23186 -6756 40217
81988 12977 41909
82684 -18589 99915
-74106 -86094 -5612
64343 87885 50661
-86873 -80668 12981
-31416 1187 84277
71556 -95990 -6064
87511 5671 74028
2775 -32255 51656
-2760 6347 -12162
10154 61971 26182
69995 72729 -17909
-47654 91415 21540
-75533 86991 80912
-95577 -49427 84430
74209 -35690 43232
-47694 -90685 97080
-92514 -21037 -40976
77396 62940 -13756
44613 11123 -48724
78195 -51197 82175
14228 85037 1396
-86844 32669 -1723
10797 -71168 69497
87775 32921 77695
-56421 -44651 358
63559 -20845 -9591
-50056 -34602 -4918
-68840 -99432 92356
21836 65484 31903
19364 -70170 -20124
46152 -33475 39516
-71411 -75855 85167
-25021 -40110 79026
13311 -22665 91374
-23892 -34997 65583
-73396 -92434 96599
93999 -14329 47351
11253 -92327 -11356
-24771 84619 39460
-13333 87759 -86071
-65147 77228 -30622
34562 42406 -44274
-18030 -37247 75063
57367 82703 -58521
27546 25043 -7854
-46286 -97336 51410
55988 -50291 -45984
39570 68145 19166
85309 85486 -57574
24445 97169 8367
-84696 -79838 76097
92645 62626 -32534
-95825 -302 -22036
-69119 -3078 -79282
-45491 -28672 -43819
50166 -76677 -48366
-95807 -30031 51560
9671 53545 -71998
42159 5800 31631
-65734 -96392 55229
-23488 -25008 -93094
-87012 66788 8391
51756 78304 2619
17002 -45306 14509
68681 67906 68314
46846 16266 35779
60621 4317 13107
-18050 -30329 -79754
-71888 46062 -8509
-46031 25269 96364
79400 18145 2290
43012 16643 -18785
-74948 72830 74614
-84079 -50067 50987
8392 54238 79695
-45151 15607 14543
99660 57908 87999
-11458 -43230 75347
23340 -49648 -17932
29557 -70548 89256
-88811 -30223 -22336
73204 66577 -90267
-603 38382 73203
69710 -15546 -48960
-14457 -35539 25355
-74983 94937 -32521
-5260 -16448 498
14522 -52557 81684
-88291 81488 83309
21598 35829 65064
-83902 -85485 -34811
44937 -32306 38585
4211 27376 -68499
-50759 32322 17783
-83282 38988 -76116
-86379 -69142 -89143
-95419 8074 -79766
-80136 28678 76685
-56318 -64382 27183
24986 52149 -70823
-64495 25102 -36986
56144 -84055 42958
-93901 -74879 51805
67443 70393 45597
-85130 -14983 99209
9009 79323 32601
83476 62085 -28597
-60918 83238 832
-29382 -93398 -75075
94908 28847 -40313
18836 51001 -3473
42836 68877 -66535
-80594 30490 21467
-36503 -54960 20959
-50830 7731 60010
4227 -67759 -45878
86718 -90972 -29735
34264 76896 -79600
93734 -4255 69041
-11570 -43609 14330
-10289 -35605 66871
48771 -89327 61844
57650 -5400 -69288
78715 -97575 84481
-35802 46134 -84609
6132 -48539 92534
-60624 90486 -71182
31526 -15304 93991
-40879 43283 71532
71801 -407 82037
62261 -9175 71907
44422 -6665 -7687
76909 87651 80831
-98636 27154 -89446
-45632 45415 32816
28034 51885 30112
-55702 84578 49784
79967 72770 11675
801 12641 67924
24361 91987 71132
-7447 85898 77060
11659 89472 -66917
53997 33225 -87746
3279 -46741 -41846
23066 62853 31569
29490 -65333 -75496
35633 -96009 64481
30449 -92797 -71234
8620 29365 -74162
-12704 15695 17363
-57321 -45769 -27278
-43611 -39988 26363
-15887 -5796 -39078
-51698 -79796 -16899
21670 60023 -27402
96311 24143 88845
77200 -14153 64755
48885 -39066 -28082
-417 51339 80800
-46051 91367 65598
49830 51085 3817
-128 70082 -36554
47590 8622 -53959
94113 80716 -62372
-24186 85965 -28660
-51158 -64590 46525
44682 -97936 66710
-25043 67645 10664
47782 -15151 -44830
-59959 -31036 40500
20535 74650 -59430
45683 72573 -43580
13364 -26096 89301
-83303 -75515 -64713
87769 52134 86790
40580 -12989 -93791
20442 -98286 -93538
-83570 -71817 -61203
99452 -85297 44954
-13165 76167 -36700
-65245 -734 31309
99228 41858 75732
-30643 -67121 97766
-3393 -39575 -81910
531 -44397 50213
-37046 47085 -39229
-67410 29703 19857
-11204 -79871 94450
98714 65008 -95808
76126 -10368 23228
81280 25387 11595
97003 32147 3833
15628 73668 -5945
-98874 54331 22088
59181 -12632 -40839
-91888 -67951 98243
43228 51950 96236
73614 57726 8844
93504 33352 -10884
-97444 -65107 -44698
18332 -2786 -50452
-31045 97895 54707
28273 -98278 -33319
9514 61171 -91936
-57087 -66059 -29480
-4782 -3520 -12444
70266 -25845 92488
-6997 -9601 -84358
73673 85819 91817
61446 -56364 14791
55871 42901 17744
53296 -15548 52077
-46421 44169 -81862
99418 -83177 -55061
57348 -56538 -51582
-11589 19601 -12885
-21856 -54910 -11314
83020 -32663 6373
-64814 94824 93648
-22640 24592 77249
84077 -58893 -9495
-82416 54038 1083
-36941 63373 1395
-32587 53223 22605
13107 54955 -17513
-87301 -13906 57996
93508 38529 83083
-32714 94199 91521
36146 -80598 59811
-9069 -87051 -1964
48076 -90581 -71487
62283 -83871 8782
-90332 -32770 55018
5854 49502 15182
-79189 18985 -66382
98547 -39872 -30424
-77411 47319 -19868
-94329 -26842 92026
41750 37557 -68664
93316 8206 -26612
-99422 8222 -43785
41499 18115 15197
23348 -32800 -41279
-90919 -20096 98180
82210 -42953 -67287
85219 14725 -15972
-6342 -34390 -17274
-55631 -72531 98180
60126 -41233 71840
32317 71258 13193
96160 -18142 -41271
-31115 49891 -47554
93210 -22773 25263
-22778 24831 99507
-82569 93973 -8597
-98728 -45877 -7878
43063 18874 99909
35360 7411 58588
-45460 -98606 -29050
-3147 -20342 -23098
-19757 -36043 36342
50908 -27253 63368
-52961 93775 77133
-33496 -94807 -41528
51698 47065 17640
10847 -71214 -83417
56219 4466 -13353
93731 37449 38853
92462 -98919 81963
56883 73907 -24883
44575 -30968 79817
52761 11061 50999
-40057 41101 8506
3646 -73432 80692
68586 -70399 80530
-77564 99487 -41157
-11000 6689 -68725
-90426 27772 -92229
7340 33204 82914
56332 -54094 -35820
-67330 65516 -17862
97145 -61192 -71386
36389 -22724 3220
28171 -73594 -12096
-84070 50336 -97474
-89134 -68767 -59275
6836 -90632 72699
46222 -35082 18479
83491 38717 -39835
94688 99167 -78533
-27424 58044 -92459
62301 28259 15186
80001 79453 46408
-20561 85657 44053
-62959 95093 -5604
-48902 -22117 -58668
46698 -71951 -43725
82054 13160 19409
-17197 22391 33508
59254 -29808 29876
51475 -60513 -78465
66153 -41250 -37252
-83592 -16215 -71587
-41229 65246 -39741
70889 -26305 57654
-28216 -3560 92749
78502 96557 15091
-12595 -68811 82545
86502 15930 -15394
-60583 -30443 30087
-1735 -10067 -96492
-7676 54638 22144
-26947 96445 63185
-43555 -2479 857
-40017 97258 -57429
8564 -86531 -62678
16383 -63289 -39418
79163 51672 -3524
65043 -98848 -64743
-83424 -682 -25915
-80477 -38339 11747
-77517 6842 40506
44864 -37785 79424
71417 50282 -18977
-77704 23268 -42424
-9043 -14330 -68466
40352 93110 33427
-72778 -50030 -52680
-35499 19854 73303
63475 -28245 25581
-33966 81368 9421
-69413 52488 -20102
74042 -39473 38554
57089 37454 -34749
45445 64457 93126
-40982 67227 60817
-33006 -40787 -82885
85864 1282 -78496
72939 77963 11923
-46199 -78491 51364
42840 -55177 -41311
-63961 1713 -49468
-68034 -21899 -8033
38233 96335 -9355
-11170 45199 363
70038 90788 95850
3455 -44630 -78250
49866 71797 -53694
-39882 15577 69985
65044 87478 7256
28437 97146 24821
13494 -12258 28839
-57775 -67685 -62330
96543 19344 22701
-80446 52930 -82285
33384 -24023 5736
-46948 28608 35113
-38324 -8312 40356
-86437 55319 -62045
-65274 -24805 -5739
-5877 45399 -28510
-35450 -71333 -60161
11155 12863 80503
46893 79360 -73302
85311 -71963 47932
-45786 -6291 -87773
598 -80036 20979
-22010 75548 -36224
-50063 63290 -1981
-64723 486 -36769
1693 85552 47405
65606 -42491 71320
62921 35130 -51358
-37407 -82247 54633
45744 70747 -52460
26623 -5781 44964
63328 -70415 -73127
-45887 -99273 51875
-80701 87198 20515
-12132 -46912 -35322
-75518 56614 -77153
-76264 -74402 -79563
-27375 27455 -22335
-27884 -271 80421
79160 69041 98994
30006 94068 -52348
43441 9555 13480
25151 21375 -56440
22649 -94665 70161
-43181 5562 -91627
57618 -17589 95576
4232 -637 44632
73370 -9646 -62048
46924 -38882 -66805
47776 -15465 53705
12543 -59789 -29452
-40313 -28977 12900
-59170 -89366 -40227
20188 15478 79568
80043 62709 77220
-38450 60372 40086
-47686 -45956 60095
-64964 -34755 -2504
12247 14546 80091
-14143 11676 90018
-73848 76481 -9829
-95906 -39139 71078
-87867 -53152 51085
8429 -10885 -64141
-33524 658 72253
-24078 90293 72794
70567 -97219 -98288
7879 -4304 75526
13271 -84825 -16050
94891 -29144 -14889
-79572 49141 90404
53075 -37804 -54665
72712 61044 20208
-38174 -92538 -10475
81457 -73448 -85519
-83555 -58139 11686
-59970 63388 41426
-8064 -93903 -79942
-24113 -15213 75299
-74860 40645 79221
83705 -45016 -30288
74867 71682 -1748
10157 -87001 -87477
14390 -79676 -53431
69051 -80067 -14367
-5458 6320 16770
48765 -11294 -71555
-73748 25960 -41225
10729 -64214 -36220
39117 63540 82140
-51417 47143 79062
38752 96991 38893
-37663 -36013 89910
-80030 13415 -28354
-20529 -24067 -41642
-10667 -96747 -34520
46704 -45109 -90790
68484 19457 65046
23850 75228 -94655
25330 73620 -6920
51019 -25326 -51394
13927 -24048 36317
95364 81550 69620
-97157 -28397 16220
-1132 -12964 74351
-4542 84716 -13406
90742 12045 32734
2729 85128 -11994
54817 -85466 4591
63726 -83638 60568
-99421 8322 -70712
-81237 -31155 352
19927 -96268 54305
24748 70001 39064
-75792 11050 -20235
47323 -10091 77924
3621 -26741 32815
12672 -97971 1015
-6062 3532 98357
52955 85343 -41686
-59280 88089 13818
-30581 -98289 43453
77996 -95256 12255
-4032 -32970 -50658
53133 24532 -39704
92476 -33716 3848
-111 54501 -50087
42252 -47189 96697
-89468 35521 41961
-59308 4700 -15483
-65682 -85228 -84188
74806 36207 83151
60718 -16937 -91961
-23637 -1943 51583
-32389 -39947 -19665
-71474 16254 62800
-93186 52756 90724
28396 -12430 -94216
66231 61000 20519
8485 -83175 5669
-46598 -44418 -26433
29546 -89083 -78074
87578 -69120 90805
-70751 -52921 -50282
-64014 31701 -44118
-60620 -18129 27137
42561 -57678 -41242
-21015 -77266 58739
-13860 -82661 -19567
-51183 70639 63012
94782 56583 -30601
-41230 -3761 26332
35784 22766 94016
-57776 32699 -42899
-33414 -41948 -58386
-56958 59446 -90429
29762 -97883 40626
-6443 -93076 11763
-9977 35126 -59283
-24298 75234 -50692
-96496 58734 -72688
58694 55144 -99518
77373 14696 -5994
20143 93731 37508
-21360 -47106 20253
48391 -46947 -6085
-11076 54733 82302
52146 -62766 -45963
-67110 -14008 -92983
-51332 97087 98962
19935 73581 -55039
79254 13222 70066
87194 65673 97139
-79996 82728 -4391
-82143 39046 -49156
-91088 42828 39664
23182 -18043 -10012
74078 34364 -55551
84520 -51380 65834
-94752 -35829 -30407
-49288 34718 -6646
91501 22561 8177
-6179 -75129 94126
68214 -41311 25258
34158 27707 82514
64820 -51355 60620
74867 -64642 97925
76212 -55590 -92649
9780 63675 -32041
85260 45863 -20737
86800 2073 -39976
-37289 -17445 96997
20769 -96705 -57730
-11676 -92906 77101
-95422 -61579 -92582
-77412 -91151 -30658
-56018 63668 87317
39633 -95334 -14857
-60071 2227 54745
79381 -17843 -26347
73257 74349 -88331
-83896 -4550 65749
-68404 -4121 -98895
-91962 -52737 -42470
24946 14471 73288
-96852 14289 -6182
96582 -73227 26810
-743 -11790 -58841
-24749 -50804 -69682
-87675 -51739 80891
-26770 27644 27823
7873 13838 -35552
-23279 42166 -74864
-39073 -76239 -304
-22635 36825 -39537
-42902 -53950 30406
24094 82062 -61654
-8008 -18961 69236
-87799 39855 -49745
85474 46682 2477
30020 -61066 26407
38484 18753 9701
99577 -67272 -37212
59498 92645 -93450
51639 -11844 34423
60593 -80706 -49901
-17861 43785 -52154
33482 30008 51414
60531 44368 82304
69610 -21165 -31825
-54848 -74805 -70104
-62834 -61794 -47125
55115 -77703 96060
-58101 -55152 88279
-20232 71831 -21839
17877 79731 47127
-51942 -53421 -44099
-3874 66399 55791
-96340 -12825 39688
-36974 90711 44575
3874 64998 -2694
-41061 -68501 58183
71423 -18020 -81656
-17569 19084 72163
66264 -25006 20854
-21026 -72121 4833
-70497 9321 -30705
18849 -85397 -79742
73421 -8332 -52241
959 11695 -79646
91860 -27894 -66066
97697 75780 -22980
-50363 -99164 33187
90823 -82003 31383
-80707 4993 9190
-17516 -81028 -67578
-38473 11331 72271
98417 45710 -83343
-36783 10631 55396
-55392 -43737 7091
-89506 79075 -90160
-61864 37940 31922
-87549 30080 45
29330 2343 7906
-49473 842 -53217
29286 35743 2670
98332 44383 9121
38118 22922 10962
75723 -67908 6164
-91300 -40650 -30819
10881 34347 -86665
-73793 -40775 -9333
-8961 91289 -85494
-26919 -80035 -32432
24909 -64831 -74426
-65227 91889 30378
5974 49948 62974
-37672 83421 -86625
64237 39334 33164
-77068 91718 21507
66787 -2793 -25541
56153 -61852 -53888
63255 66056 -72100
74520 23543 -42215
49379 -25861 -42969
-84322 88285 70183
-73609 -27437 -64033
87260 82843 91936
84430 61814 13227
71206 -37845 11117
-69429 -32269 -35397
43779 89930 33777
47876 -30919 -84622
49779 -11172 36129
-20609 -7399 -77492
-44411 28888 -79865
53862 90393 -73239
-3345 27143 64220
766 -47830 21540
-64837 98025 42266
48500 -93724 91005
-58887 476 -37941
-9325 -26781 -30911
85664 -72283 50510
-8843 11600 63011
42953 72147 -18030
-15238 -29554 -77635
-801 69343 77620
59158 34852 93541
25894 1976 -29131
26236 -69013 46357
-44334 -67426 -43357
43789 28452 -73670
11549 71367 -81879
49451 14300 62429
2790 -76431 -10364
91834 -74107 -23618
4882 64485 -55645
58127 -13042 -7358
74609 7062 -80689
-21947 -49009 -85815
67635 73565 -89865
-33930 -20607 -38355
-68389 -41690 5226
-16667 -81058 -91898
-21077 -91456 -42466
-80775 99191 -49265
76455 76776 -29779
56909 61473 -99290
33217 -228 -87421
3597 48316 -74101
97026 65958 -13924
-96326 -40566 52427
-23643 -94135 12172
33653 46150 67357
-94048 18908 48495
52101 57638 -64638
-25563 96822 67527
18341 23449 -99974
-20652 3015 -52537
-15172 42943 61203
-9950 -1287 37714
-38094 57188 46487
-46418 26871 50309
34574 40341 3673
34585 28771 15912
84342 43511 41067
-30017 99151 21583
25742 -15803 -24282
-80262 9995 -90338
7555 -13701 95425
-15449 83495 58003
70861 -63785 -26107
62635 80662 -2917
3419 -59789 77662
44658 39332 -91979
-61704 45190 -98320
-8477 90226 -54430
-27068 -32387 8045
31839 -59959 -84123
-26368 5178 53121
-67091 46947 15873
-88767 -57639 25048
41145 -11798 -95594
-94255 -9184 20696
-24837 79510 -86799
14075 45733 93145
52076 -18991 67469
45525 32493 -5518
88474 -68179 88037
-93825 -70651 -1811
-99486 34829 4476
-3338 -37189 -99006
82315 89596 -96201
-31032 -4586 -80744
-85399 51760 -72619
62068 -39005 -37334
65681 -82002 -61792
67965 -90975 76990
8113 35289 97199
4588 -8614 -40192
77546 -13880 -8925
92526 40657 -87234
-24313 42881 3162
12923 74692 -6804
-83789 -85352 -39212
85456 59060 -24738
-7110 57124 83297
-8525 93786 -39254
8419 -15439 45806
59087 -88380 67342
23354 -19365 75767
-7472 11244 -4023
-88722 -54053 37570
-59632 10888 40915
15480 14331 -76746
64416 -6821 -98841
86867 56396 80288
92674 31510 -84519
-35578 32107 30637
24019 68715 69665
74521 56531 -83118
-9564 56662 -93231
14758 -88964 22366
-47948 -81737 78427
-66924 -50599 3249
84020 -28028 -74066
42405 -69998 -53245
61969 -9461 -66332
79194 87111 38971
29321 -50962 -41255
-10013 32988 -97196
12301 -78852 -36367
-10182 -73227 -27357
-31277 41955 -63699
70689 -82592 25396
-37189 -25253 -44912
-61617 -58932 85185
10621 -34558 -94518
-17925 -38290 932
-32099 -7101 96016
71038 -93143 -79740
-40765 -52199 -96052
93972 14427 50458
-26727 -16685 74553
31954 25612 -10618
-13134 78017 -50792
-54067 -6702 60933
-73006 53973 -16494
-27877 70201 -89381
74 26540 77905
-63837 56304 -85224
47830 66972 85876
50142 -32965 -69345
13513 -11220 2361
-77980 -53130 87181
64685 -59982 -33918
-56179 7179 -94012
19873 91932 30535
-27142 -88229 -78553
11603 77992 97426
-96434 47328 52052
25686 83057 53255
-92082 1558 5934
79041 -52794 80155
-23471 55994 4190
97065 74875 16918
-67208 48434 -67759
62608 38585 -14298
25970 -65762 -72127
62903 -44061 -64096
85752 83283 98439
61250 -17755 92032
86798 21641 -65971
17610 66732 -48458
12553 -66459 68518
5157 -59171 -29589
-32436 -81259 -61555
-8471 29427 29273
64901 -3155 -56298
-43710 -97445 70514
35785 -18624 60497
53893 26505 2816
3370 73404 74576
-48312 8885 18870
14119 -89536 60476
30046 78190 63862
-91787 48386 14965
-32286 -67669 10713
16939 -48509 33414
53626 -48876 5847
84998 -94683 31170
82033 89965 47026
-81470 68894 -41267
-24096 -55540 87154
64803 -45879 50955
-93758 -6163 -87342
-41566 43209 49152
42832 31976 9616
-80215 -63705 -5731
23399 12491 -73851
-83211 -19741 25023
-12996 84514 -19464
-2655 -94060 67781
-22356 13002 -98988
-24261 64674 -97370
-45585 77237 85922
97189 26403 82253
4187 -21693 15040
34517 -37514 -99205
-68656 -59173 -32971
-49810 -72854 14643
68531 16670 2846
-46357 -69159 71814
-24920 -53263 69733
76264 -60471 -68305
99734 54552 -14223
-1174 81341 84183
87996 38524 -56373
78808 -59603 24455
46228 -26895 9126
28726 40562 44076
42000 -45337 36963
-31724 -68841 -46725
50596 25186 -6460
79628 37906 -24184
-63863 -81821 99887
49667 -4237 -46479
-69262 -39396 83843
58887 51717 -86328
58550 -19260 35644
-36849 -33144 46017
18763 -53648 74782
-25448 -6840 -94102
52279 60586 35515
24750 81673 69479
32767 -14996 -62424
-93526 -76135 -10123
32920 -94314 -74755
-94053 61508 -38156
5566 -13609 -59596
66985 -6277 53900
36092 34820 -42860
-5774 39375 21252
-11715 35215 27201
79969 -99613 -8729
76282 63860 40513
-12070 -28433 -69100
-38721 22611 44241
-9471 -867 -61571
-36061 92108 84546
-26091 91876 60108
506 5405 -84465
93735 -46496 -11376
-50421 79727 -17667
91528 -41475 -47179
-98818 87825 -57550
-34258 32499 51996
80549 8993 29708
-57161 -50384 -70910
17860 32112 45181
56961 5556 -13000
97260 24414 -56856
-68277 -36032 -51683
-38544 -6629 83819
33672 6959 -14345
10265 -54725 37308
54026 -49559 -53397
7331 29228 -11810
-51187 44563 -57797
-57085 94316 -83102
-73077 10512 45352
-31338 -83747 74839
-70835 -23230 49152
32435 -18013 33726
90257 25312 10226
-58575 -47595 63025
-23915 67199 -58502
18818 24126 77933
-17356 -94184 16377
68925 -53324 -66396
98574 -59213 -12253
23802 -16584 -73629
17926 -92451 40571
27089 83101 95018
-22027 82104 -10375
23115 -76783 -30825
35847 36358 12673
71928 56847 -23806
59598 8274 -77462
75572 -72911 -32708
20063 5366 -55316
-29892 48131 35750
-18984 -59581 48709
90878 -17985 53425
-91539 83113 -99825
20207 -63071 88202
75610 66925 20352
34101 31552 -99812
11277 -85390 64028
-26319 -66475 31824
95631 -50588 -66074
21481 -88832 -48607
87078 -43041 -18675
-66988 -57263 73673
-43104 -26767 -15748
-15515 54408 -84367
-9555 41208 13672
89266 9638 54695
30727 -6141 63750
66782 -52034 34387
-34606 -68836 75896
-92263 39227 5430
78237 25903 72442
-14259 78801 81498
61174 -94207 7419
-96285 -72849 -8484
45426 -78104 14672
-60264 -11473 61593
-80486 20654 -66361
-14419 11349 -65896
-42970 -72348 31182
82829 64484 -36042
33564 65879 -55270
-68096 -47560 -20358
-67878 -24539 9077
-47391 -49124 -19589
-68696 -51847 12279
-98555 -14948 87858
99795 -92704 -9670
-58245 -94348 -36418
59060 -86027 7379
80608 11206 8058
54125 -40176 82502
-75937 10485 49335
98835 66246 -77174
-12234 50752 -29924
-84608 -32774 82888
-5815 14630 -40351
-12725 73907 10189
-29820 11783 -52378
-1000 54560 -14894
38204 1787 -37326
82379 69284 16991
31906 -22680 98025
39383 35746 -25233
-45370 41197 -87073
-86371 83001 7169
89881 15116 9059
-82767 87208 -92034
-40966 97368 13083
81544 -42520 -40008
-25499 -54996 -71090
66631 3345 89661
35589 -87247 -98827
18937 20734 -84973
-39029 -1471 -16
1041 70926 83304
-22924 94744 13856
80932 50176 39391
70316 -53665 -79136
-41223 4372 43718
-52311 32312 94127
48942 10498 -59456
36535 -19719 -85516
84208 -67191 -42380
-17869 -37 86803
7410 40583 12585
17500 -19761 -57743
41675 10276 -74484
-20778 -47673 -74091
-39400 -26111 -53377
71314 -43877 84831
-16568 -7580 -93013
526 -88026 -22466
-93108 -41636 -57920
41034 32292 -7264
-71747 32340 86265
39469 86633 -58652
-33641 -56030 78450
77835 -34186 -16520
14120 -11693 -78897
32307 9124 51549
5744 -6977 45753
75947 78092 69172
79312 19869 -37120
-86173 -70112 29543
-11410 -52961 71306
81334 -49295 89551
99741 -34870 71279
41981 -20097 87114
-72546 16983 53365
61064 -65471 -57670
22319 -42233 65654
-11852 68766 12400
-49692 -70761 69367
11721 -65281 -62540
-82383 80803 12905
-90408 -73738 81080
-22325 53193 -53608
77733 69924 -66898
38835 78040 46425
71783 -84883 11765
-3285 79461 -67337
5218 7738 28390
-23998 -13020 21418
81389 91982 12021
79541 -21304 -86258
-46720 8979 -63031
-6729 65408 -43295
88965 66652 71061
36124 73158 -64826
-56180 61275 -60219
68487 33258 56043
86902 -30211 71222
-25889 -44763 63541
16987 73405 70994
13878 3979 -50890
-37346 -18105 36656
22401 -85223 -16419
-96438 52667 39389
62502 76372 32112
-1427 65551 18621
-16504 -81957 -20679
35689 -52118 -31080
40043 -64782 37517
15322 71788 -77045
19265 8416 1827
20075 -74537 -64643
-90470 -79851 -7883
33811 99736 16518
29158 -84459 -72994
-41143 -85714 66713
-98925 -21457 13533
67015 21736 -19228
99630 -12403 19339
74453 66955 44123
69871 39314 -74114
95720 -11897 97831
67173 -27289 15212
63498 -46575 -53623
-40202 84541 -98988
47420 -77456 -14424
36087 30000 20646
36291 82380 40208
84765 97914 -41282
-81260 -51869 -7505
99337 -60658 -47443
13469 -26894 -33091
-31241 75013 98480
92474 60002 -91079
14267 16314 -46534
5039 -35366 -24862
40450 -56398 -84231
41961 -26571 -76611
32196 -27857 75186
59024 -17289 -86495
-43095 -81287 -99418
-30199 -35380 -84882
60000 -52418 -35608
-38507 14555 -7715
27324 86640 34352
-31586 -93294 57340
59957 -20116 -6943
68720 93963 -27302
11902 89772 96862
-74966 -76203 -83748
84320 72733 25507
-48812 94898 -37841
-38414 4246 -44075
-25136 24192 -75651
-9656 -39910 38085
94692 1314 -24937
78347 -39914 -76315
-15114 -80437 -97294
-95856 -52030 87305
1342 -63644 23014
97021 70258 -41957
22884 71834 29036
28229 56923 -7060
-84085 -51515 26748
-62675 -46970 91320
-41786 77548 -96400
7184 -77981 8726
-47164 -16803 -24483
-68388 -89117 94983
-33650 -22388 51646
26802 -76754 -60998
-98630 28200 24916
-34795 -80659 82184
-6854 -50930 -74423
-5945 67763 -79968
-43110 -3791 -42191
-45171 -1187 -99081
89241 -75595 74412
25855 67603 72566
-36991 17382 -23671
34155 -96676 62832
3310 -5665 34114
-37693 79722 -93686
-61884 -22107 -68245
-19803 75689 -7916
89794 99764 -79560
43758 50936 9621
78870 -96298 75644
7434 -52606 -59536
-79184 42630 6622
73173 63788 -1775
-17676 66164 51802
-31918 29117 29416
26043 -97407 12440
11366 58859 91077
-44006 43194 -59601
-64278 41763 54930
71026 -67934 21475
-8627 -90873 -96982
19323 75537 -24716
88614 -35201 -56880
-1996 68979 -12486
-33304 89400 78513
-503 22416 -71041
-50019 -70905 5352
51140 -39054 40176
-54502 -68091 345
-54230 48544 -12749
13145 -74878 89300
71617 -83663 -82132
-32899 10295 -34252
-76903 -14792 -17032
-5174 -91002 -91656
-36948 32904 -7842
87530 -21111 -22235
63299 16899 -50412
57486 -9588 -55878
69866 -81125 41324
90870 38433 2142
-13356 -46577 -40103
4976 -24207 -19999
-6636 -73317 34932
82434 78759 33953
32698 83792 -46065
-36679 91825 -84743
93979 83407 14977
50874 -77915 43551
92278 -43841 48059
-61841 50724 88878
80519 90226 -77296
21827 -92030 11689
53627 3967 20156
84174 43864 75001
-62766 -94021 -89528
43104 59500 47258
-35512 -18486 82476
-60223 -78757 -64213
-66458 91330 -60960
-56579 -78930 12919
87364 -26120 70779
-30425 26941 -2974
-49549 1457 48572
39357 -27003 -52133
-66259 96238 28248
30053 -28924 60284
-11150 -10579 -64187
30178 -46397 -8787
-4957 -99761 42623
-59325 16916 91683
55516 -7636 -37058
5239 -68264 96076
-5911 36420 51812
-54157 -33887 -44150
-45244 648 -12965
-51747 54316 63186
70769 75188 64809
23886 23059 -23937
-57515 61323 -73647
-58066 -5850 12605
-23286 94934 48576
14967 -4428 20087
-63063 24424 -22080
10569 -6870 20493
76383 -52049 -91279
-70976 95897 -70031
-64568 -49761 -39530
-53622 -67428 54685
26819 -31257 26367
98334 -25782 79339
-12115 70005 15264
-26248 83322 -4435
-91298 72346 96831
-92149 -93029 -34340
26501 83842 -28479
38870 -37176 -19259
-5700 -6048 -62261
97774 -60938 88635
-21458 56251 79160
24388 -7215 62733
8442 72903 -55146
47982 -44962 86375
65151 -18619 -56757
90275 -80234 -90840
-72535 26543 54337
-18448 45083 -30590
1338 23304 98546
-65062 33143 -41425
90941 -95175 25522
-10157 -58897 13589
35208 -69471 45957
47643 -70866 -62785
31477 -30181 -5325
42542 64606 -76666
32009 68332 -51835
76012 -3436 59037
-80030 94152 -72738
-27131 -47899 43991
-64147 63292 37734
-91638 5912 94570
32867 59758 -35284
74842 -46523 35562
57557 11590 6092
-29313 69932 -61115
70058 -29084 3844
-93792 -39461 -42964
12067 70826 -58966
27190 57814 20554
-63918 12881 49728
-54136 75110 -3949
-50286 38908 -89484
-28440 -50452 -73542
-98416 18036 -90660
-24717 77655 82470
-46091 34713 -41457
518 -51491 18219
1414 75889 -71682
-43322 -18374 82066
73712 -32446 29011
-13655 -59766 -52254
9742 83023 66931
55335 32265 -25387
38799 46561 81628
-3853 10236 40446
15249 52664 -89202
-22589 -62712 9873
-21750 -57473 -37256
99238 64124 24451
76567 -81886 -27468
-95271 96527 -61277
-79642 -49707 -85516
9239 -34910 13320
-62309 10227 -20916
-98728 -53116 -35217
42796 30952 -35270
-71774 81655 -18697
-87360 -40760 -55619
50141 41799 -28263
31830 7846 -52797
-22477 -21121 -42293
66363 29378 -89771
82188 4029 -777
-1898 -9040 -52414
44040 -47380 43356
98369 -82136 -37542
88439 18833 -39114
89489 -70591 67418
71639 -18359 -66705
24381 -65022 52001
-29079 79473 -83854
63864 -30652 92528
35578 -95381 -30015
45808 -35390 -27507
-49382 65396 -55593
44476 54625 72750
39618 -58157 38679
27840 -86488 31798
-82428 99908 11758
58128 92667 -40880
-60655 5399 33159
43506 -85570 36037
59621 -63422 -44593
79935 -3674 -5520
-41771 -20876 -82172
-10097 -3576 -24708
-28332 -89894 70336
-60904 81417 -82078
18873 -64072 -79741
87855 -34985 -25604
35007 -24579 -87476
64368 45828 -1152
56419 62328 -17037
-91972 81712 89941
17851 -25064 97087
-92823 -83763 61268
-49766 -93613 -810
35627 -12553 39789
-26618 29169 46430
77437 24872 -99329
26244 29185 -97382
12844 84350 -4655
26641 -4295 7502
76224 -81480 34070
-44238 -7047 49009
27193 62346 12630
-81956 40137 -68000
9031 -40818 25889
-8060 -17718 -84827
-21765 41243 -14082
18554 -23716 4973
8060 54496 97621
4447 -20187 3766
-15404 41225 -87808
17069 76592 59255
23357 -12593 -68164
7329 92993 65363
95038 -12201 -24858
-69436 9865 92714
-20458 34712 76858
52435 80158 41191
-63946 -33562 6476
-2941 -85701 -70942
-67865 59843 65453
-52821 56834 -27304
72692 73954 -18545
-69208 26690 88666
33712 57223 67556
-73935 80456 60847
-6933 -37207 3243
-34809 -16833 -52026
-46434 -40377 21470
-88239 -7825 -73788
47770 24654 62961
62075 18827 -55200
55017 45548 3298
-59853 37899 -57307
45665 -33618 11798
-62957 67546 -75363
-82163 -8445 20895
34740 -22637 88266
-8783 80481 -59220
-61170 619 -93686
-27647 87925 44973
-32557 35507 -79344
-60613 72553 62826
-94914 107 -76630
62005 -94214 -92951
51839 2856 68306
-86664 81323 25086
-34826 -94954 50284
57832 30683 -47139
-34721 -46773 -79274
17958 26738 -11054
5606 19314 93052
-1995 -34394 -33023
-2776 99957 -44544
-88324 -65419 31078
-86168 -36777 95793
-13828 17358 89165
51476 -18844 -76490
60473 -54527 22793
-98971 49419 -88569
-64305 -5128 -81736
-47283 61882 28023
-83261 11218 -97627
-48424 63524 -75890
-30262 60242 -41846
54399 -74280 -84398
-46244 99556 -80357
54770 -58621 28018
-29616 -30351 -37565
38070 46453 -40030
-46178 43804 -84900
-61713 40281 24778
3365 20016 77799
-89554 6394 -10792
-64602 63637 32483
96759 92088 -88986
64675 -5443 97813
74214 80468 -18803
57163 -84234 75121
-25676 50245 62781
44878 79778 -41949
-74986 50962 -32879
48517 -12802 -14013
-56771 -57449 -95012
57498 24668 -8011
-4965 -10716 61245
-35446 -10544 34170
98701 26048 89257
-35645 85974 63970
-65699 11703 67676
-96823 16428 20799
49058 -80798 64955
80064 42130 -83475
-47264 26836 20440
-45066 -92872 -17346
56515 29672 64427
23737 2735 -5860
-54496 6430 -85514
3180 30795 87641
7038 -5784 -29778
61202 -26279 -21618
71604 -70015 -85166
-59774 -81870 33431
-43388 97643 -16129
-54719 -84807 -87638
13497 -81978 -54797
7876 44447 -4937
-24492 48002 10221
-59267 23886 -41272
-54884 98703 -4994
12758 -34422 70859
33248 -47889 73014
15298 71954 97057
34026 93554 59850
-45317 -79293 87887
-36431 -66840 -59222
81276 -75467 36972
53296 -85449 -47171
22187 88994 -39297
-5417 -70846 38180
-51970 86424 87789
-19275 -61725 -29836
-38209 94272 -54888
93086 64189 -58829
28940 -43491 44844
-59050 20758 87169
-70610 9269 -45275
52245 57320 15910
9391 71642 78850
-90524 3283 56652
64424 -6011 -68259
20175 10482 68719
-51262 -62214 -86711
66284 41199 -39545
15227 12907 22605
-61002 56913 -88260
-97445 -11457 -86283
-87301 -75349 -60186
-32041 -86330 -99348
-6765 -71692 62027
-93629 -55553 55566
-91170 -74694 -40706
-16848 80499 -88395
-66928 50669 -69597
-87153 -32964 -83825
42611 44499 93184
72277 -15770 99128
-26800 -80387 12230
-3571 -69231 73444
-34227 16708 1205
-38233 67564 -16944
55776 -76760 66672
61953 93382 1207
12706 -53629 -77432
31587 -5734 11977
93634 28327 48906
-93249 -4920 -44481
99518 22539 42198
-9769 -77309 -46781
-70720 -62631 -42376
5837 18922 -8402
73074 -5173 -53509
1039 -84629 54685
76960 -52806 53740
287 29634 -43254
44195 21141 94045
54034 -67763 46612
86177 -69265 7341
-62873 52139 -58634
70038 -27880 75302
-77247 -15008 -10959
17162 54822 97271
3622 -62898 -93690
85336 79667 -31612
37223 -39285 -70393
31017 -5247 77760
73059 -41204 -322
82844 -56240 -81137
37434 92226 -24631
27453 -55300 -90248
63483 -32928 51864
6942 -90997 58551
19340 -94025 17068
-9205 41962 -89997
69053 -40502 -70795
-56565 -79715 -58482
19698 -48774 99829
-62588 -74904 98123
82038 68160 99107
-90439 -11234 -28754
-55666 89072 13394
22435 -50256 92990
-99928 -55536 -50345
63385 -8461 22676
81171 -2410 -71442
-44186 84047 -73336
38778 -94700 40072
8025 -13851 -39635
-85056 69070 -58205
-60521 -42040 -88573
-5202 -41934 99806
25772 -92672 48338
-68378 4751 -78462
-68583 88130 -25223
-16087 -59909 -81373
84557 89593 37478
-45376 7070 96380
-73953 37648 79794
60823 47107 -72538
48048 10011 92168
88752 -72857 24951
-31237 27429 -29082
20662 -77055 54038
71300 -73099 -99075
94486 19874 86205
-20962 -88371 -26429
-4791 42551 96106
-16095 26838 -60534
-76386 -33543 66145
9950 38643 45876
78779 -18112 -27452
55278 155 -65426
9378 14490 -61823
74625 91318 -13235
-70835 -78754 68727
46724 79321 72884
328 -22450 62804
-54254 6468 -68214
46462 -70310 -66565
2416 -39317 -85691
-79555 25114 -84589
83017 75201 -12634
-82463 -53108 -4163
25042 -24587 28586
71973 65571 -74949
22786 33140 -88814
-24083 63831 -935
-25916 -39913 25493
-24412 -12055 36018
-42380 -9079 -91099
11332 -14565 12060
-87043 33006 19083
-91457 -24515 32646
-86826 62240 -81794
53752 -77731 10492
1348 51955 21699
-19303 -181 42188
-44825 -17746 42993
35665 -72176 82766
30060 71885 29114
58322 48778 82832
-31199 -13599 -66156
29809 -41506 73741
91093 77561 -83606
-91074 90732 28667
-35353 1074 -93655
-50942 -40616 55503
-34604 4947 -8585
-74751 43920 -12790
-49378 98969 -73176
-62325 79242 75707
-44834 -52185 74103
75645 -77946 78907
11171 36510 60370
-1192 45562 -10567
-73903 -89821 -58807
-12759 78240 -90811
-47764 -60504 -75251
-36700 41711 -51266
39770 -69769 24927
-69849 98215 -32074
36523 -42749 1913
616 -54625 -70829
41498 4663 19766
-17200 -70383 -9394
-51285 -62095 -71771
54819 61237 -45667
-94844 10902 -45521
-98948 -98816 52857
7621 -91356 26073
-1535 -79716 6132
32616 50208 68061
-8687 -94673 -85750
-4319 -17335 88191
31908 -58833 -68093
-47841 14405 86443
-50780 32450 -42506
61745 -31822 -71698
-34027 -93978 21110
43735 -18441 94498
15518 -7243 -89242
441 -15353 13173
-1014 -89986 -95726
-8795 54039 32427
-80831 -10141 -65439
98800 -25045 35420
94516 -34324 -17447
12624 -77275 67498
90409 -87246 8629
21950 -24367 54447
3704 -47306 -39352
28639 -77747 -43026
56645 -99160 21283
71667 87110 8768
-2939 22463 77544
29057 -74363 -33206
22178 56847 84075
-88132 16359 -71302
-94980 71704 -90279
84788 85712 -36180
87099 56422 -18951
95785 65358 -28436
89479 96401 29473
40300 91270 -98239
70109 -97208 97971
-10199 -61562 -96717
-67323 -91387 27815
-97046 -92957 4400
-35874 -66704 84559
46733 41090 52343
-51594 45974 -91337
-58953 165 -75565
93807 -14690 82454
22847 -94962 32646
23973 -2111 28730
-40898 37200 98827
-58220 -40467 85079
90535 7991 40903
-25967 -79335 53460
-83431 38644 77029
75703 -92777 -86585
16283 -261 -21217
-27890 -13350 27238
-27901 -68016 -89076
33403 86643 39145
72231 84611 69155
-60996 -46423 25133
-11549 -21150 33033
12236 -31446 49341
-96930 60216 28765
51443 15141 -98458
-31345 5754 38680
-53901 -47176 -78930
5240 -78910 79142
9194 -42564 -82942
23784 18296 63670
-40660 -94884 -76942
-48265 14076 -99039
39181 -89319 -51279
-47093 -87095 -79109
60348 -76987 59045
74474 -21937 -5571
32559 -66735 74899
29662 37640 71165
38805 18702 43797
-70985 -76280 -51592
20776 -83328 3238
-79059 -10319 3215
-95070 -11479 -45536
-23025 -16282 93492
64017 -11251 39899
42551 24186 31972
36260 -43258 -51468
-26075 -14061 99802
7413 46316 96963
-43276 5983 -93542
-97477 -31310 -88301
-36921 6145 77366
22175 91149 41128
77607 -98915 -99182
86241 -15 -60239
-62704 12103 -94692
-44967 -41895 -42321
-53862 -80702 10652
64722 62703 38779
18374 -44287 -56242
-26079 57494 -19774
11675 77529 -59551
-42886 -8649 -18236
-53777 -40913 51743
-90586 -45139 50234
-66618 15489 84128
-45348 -80146 11388
-99381 84116 62429
-44900 -66957 91039
21725 65715 56907
346 -3213 -82160
-64118 24356 74825
35071 88439 36428
1370 36522 37319
-76443 -58320 92521
-74052 1222 27614
99248 32884 -56077
-9563 -12542 -6967
-5078 -71138 -96284
87707 36738 1110
-56596 -21217 -15652
-3769 93903 82381
46764 53905 -43612
-55402 17331 -29693
-1352 -24327 75727
-45670 -27878 -53389
32963 91113 38574
-52572 9448 10397
-25783 -85301 -59163
76884 21003 64255
-51660 -98538 71003
81954 -17757 15706
-60523 -43862 -25672
-79265 -61783 -5351
61441 -44428 96352
-75232 -84914 98240
-30302 -75397 -87754
904 -6932 -78414
49699 76474 59999
63958 -75461 -79483
80990 -14775 -1009
66945 89267 -99469
-99530 -23642 -33732
-13579 -10238 36619
16030 62982 -58268
-32523 -58968 19835
96060 26577 74507
-17045 -63505 53825
-12375 -44252 -34747
-96001 -6478 -41169
89415 -72947 78217
3059 -76372 -31809
-6839 21030 98088
-94058 73342 -14450
16109 -70195 71357
19118 -12174 -27397
-57279 91032 -21420
-62728 76635 -61852
-82654 69272 -68161
-39618 -94270 40484
-39004 -44439 -88713
27208 -82047 -58528
-16400 42780 -46229
-91044 -6727 -32547
-96793 10516 -82869
-13711 -96049 -2825
11243 -25881 -68956
63692 -36669 -99968
-14154 -44648 -52922
-47907 94612 46665
24875 -31984 76504
77797 -76078 11727
-34013 -92749 -9374
-55353 69823 78417
59039 -73379 -31510
64796 -8416 21263
-52886 42960 -96898
-1307 79591 -66904
-31485 -41166 -45579
55897 -31303 -13230
-25037 -28463 39393
-28799 -52190 26821
-48334 -16309 30587
561 -71475 -7058
42515 -58315 82907
-50201 -36410 3994
-51379 -87598 -32308
79125 8979 88106
-91475 28811 -95731
78524 51392 31332
-5982 -60652 67841
52961 18125 46397
66690 -55069 -72315
-55571 -22794 -53503
-72876 50194 -63953
