1370
66383 27449 67991
7855 -34003 -81273
11383 -26902 51456
24140 22539 53367
-4532 -67750 -80272
-57343 73666 63599
-79217 -97300 -24144
-54918 23763 -84743
35665 66101 -20226
51698 -85201 -10149
-43349 94793 16456
-37365 4634 54931
-4716 93540 10471
-16818 -68578 -21051
27285 -17809 -34684
-15917 -44490 -15893
-73522 -12727 -60554
13044 -39271 33588
-56576 14737 21917
-52477 12692 48873
-68283 -9757 43839
-70571 -51596 66244
-11667 -96408 17371
-99119 53492 22332
-82851 77657 -12565
-18395 473 3454
-49881 -76002 97618
75758 40497 -9153
3093 -55579 30345
12535 85975 63852
94383 17905 68255
1627 -35909 83320
-45564 48459 1426
-39313 -29900 2665
-92482 -34331 98357
42837 35450 -42468
-43198 85397 -3888
-56600 -68698 81875
-96002 25263 -35126
81635 -92515 -65952
28715 -66206 -40369
48550 -50085 63072
-18788 -26105 74785
-54761 -79818 81668
53335 96587 -96353
-75239 -25080 61115
82781 -60159 80920
34794 82631 36644
-60510 -57866 -70305
-19926 -87056 -15864
-90858 -76208 -44597
-60878 -49037 -12412
76029 20182 2283
98974 -93373 -22382
49955 46695 -70638
25958 48914 15294
-60094 -22135 -85030
-15629 -52531 -27634
-32716 -64228 66713
29663 65662 -59342
-252 70765 9568
-38658 23793 -51545
54460 2507 -6930
45628 58704 -44205
68509 -91593 -27726
37871 88933 -73419
-89376 -9171 -45267
75565 10061 6603
14278 -37271 -36739
-86325 -63089 87407
-77222 -43467 33395
71391 -8369 28233
-89437 -5186 -11550
-76688 -33104 -3913
-9648 -45644 19801
92177 -68550 -98882
-89250 -29316 -632
-87698 -20388 -4319
-16379 -36774 -63320
-19002 6414 40889
-93985 -8252 -11465
-55262 -81024 71134
40932 -39657 -97241
46594 49993 66209
83478 -38651 65128
30169 -33694 61529
-62107 22420 -96413
93100 32688 88233
10562 70543 -88175
14098 82896 -29668
-20407 13755 -62810
82800 -7169 -62193
12733 -80501 76616
-85258 33810 -32837
-85166 -49003 41914
-15871 8365 -55204
-59413 173 -89248
-35382 32882 90465
59539 25519 -45972
69248 -99998 49446
42944 55292 92835
3418 82715 96178
-99686 96514 -41526
-41418 -22987 59551
13426 17222 24882
90391 -42216 63071
-94866 -73697 83753
75918 -70773 4006
25664 -12174 -24466
14514 -34072 -16246
67097 -29246 -97237
63721 -91719 76655
-47035 89823 -16085
28065 87365 -5830
-3479 -93702 27305
-32913 9193 -59535
-85507 -99155 56005
35745 -6973 75457
61146 -24647 77350
49040 62892 30734
38662 -68161 17318
-74749 -92174 26291
-97620 26163 -40728
85360 74686 -28059
26076 63585 65672
61417 -19109 25498
-20361 -79306 -93929
88221 -80290 55268
14349 -68881 59309
30718 -66405 25276
-37954 -9587 48678
22472 -6676 85063
20893 -5409 35394
51796 -13613 -60033
-22242 -24228 -66485
50329 19098 -14670
-15324 18829 8337
-91569 44912 25823
53652 -86749 -63958
953 96823 -14691
-58599 -19861 -53636
-75018 50916 -34635
28197 -85835 91993
35134 50392 68294
-675 -45518 77980
81900 -61591 -58130
6291 78940 3466
20559 70323 25173
13639 -47243 -25893
75436 24834 -46599
83440 -17537 18887
28766 26851 24413
16137 69663 -70899
-47206 -95491 -2117
46890 -41482 -13115
-84772 3352 12943
27429 -663 -99522
38264 -5107 -44874
84199 -70578 77986
49605 -93939 -35704
-56421 26401 -37596
-92847 63792 92243
-80406 75402 -21239
-61217 -86403 5918
84536 95494 -49161
-44657 -6738 27413
63937 -59723 -93171
-61984 -79361 90456
-84823 36912 24955
17 55755 17456
92046 47940 -67632
25586 -52619 -52138
-87130 96402 -11591
-76897 -3680 -11289
72036 -14748 -52454
-63993 50787 -21507
83646 9033 -50506
56630 45655 71101
76104 17999 82475
17590 -72984 -63769
44424 39742 -10412
-52842 48136 -41700
-33479 38644 35680
12206 -31442 43027
49977 29848 56047
12273 80223 77261
-27063 -83497 7023
-67732 36912 155
-52501 82157 20201
-34578 -83225 48869
-97033 -67431 -4238
16966 47466 49273
-8117 53182 3766
8566 -73478 -47234
7652 9499 -85139
-61993 33236 -89270
-36911 -47858 -18852
-94436 -38988 58063
-78721 89505 -52480
-29195 -64660 52480
-72422 19023 -68490
50011 48377 57308
32360 69923 72373
90513 20055 -70478
-8896 47764 -51535
-33760 -50942 35121
-59966 81861 8090
98247 -32267 -60730
-34888 -78262 -40183
14008 -43231 -883
31779 45993 29253
49661 48868 -74229
-4898 770 75371
-83860 -75076 -46466
-32689 37012 1674
56570 -38032 -75732
35983 8797 -16209
23597 6795 12398
-73384 -36520 -96360
59529 -47793 1402
69761 93081 -41940
-17250 49932 99851
40162 37636 -68861
79116 52179 4627
-99934 7995 -97267
76497 -13311 -10807
-69356 65892 -30379
68726 67961 62877
31767 -47640 -38047
-2176 46123 -23476
-62043 -57478 -43555
16069 -153 -49213
23999 -71084 77901
35254 52752 -15301
59469 19348 52034
66566 -36917 -17891
87691 -43194 61428
-83383 -93847 18364
63914 -51777 -92649
86976 33826 -1167
2643 22195 88574
-5395 27034 66399
-30670 59834 -75750
99654 46036 53667
-87601 -77412 60990
-80306 52352 -14211
39045 3360 -70741
18035 -49921 -80328
-12981 -50328 94645
78584 -6463 56328
16861 -14508 51797
-89685 -44330 82706
9020 83232 75623
17227 -20894 -43402
-62565 -21253 -77691
86421 45708 -76385
77257 77264 -27140
-86136 -21825 -76658
9094 99093 79198
-47699 -55826 92533
61596 64015 61789
45130 -29203 17420
40081 99558 54260
62623 -43903 4852
34396 -99761 32256
85261 -7413 51034
46852 44578 43190
-9412 -50323 10267
77657 -62963 -62643
60052 93413 49354
66928 89798 -37288
2199 71917 -90648
-51003 -45223 71400
-95539 -41737 63460
89944 -2940 -52262
2809 -75496 -66170
18191 12747 60280
12586 96996 -24520
18266 -66865 -28375
73774 -92894 -37060
84395 12682 34417
61873 -22573 -83606
33495 70435 -31335
7498 -72422 -66970
-46677 78151 -1138
-75308 95517 32124
76474 -96502 -6018
-89493 70315 46917
96351 3335 27052
62089 13934 46226
58530 -2770 82879
74766 97990 -61083
-49859 67237 94960
-83273 -92887 -1226
-74435 -94613 -71510
43569 68348 -37907
-11220 -74717 21554
-25354 92254 63698
-45905 -41201 92419
88487 84256 -3989
-79666 -6579 -79326
-12400 -7717 -43300
-19915 4164 81375
-38183 50399 -47960
13127 -58118 88235
-30798 75969 7946
26769 14408 54740
-70113 64959 -91197
-51481 64805 38933
-37642 -52657 -18109
-66193 -3400 -53751
-34581 58497 56737
5400 -46241 -95630
71224 -29611 61201
50595 28839 80395
-95074 75442 -33989
-33229 -123 -10571
39030 52762 41492
-77948 82473 -13862
-32957 75698 -82011
-62839 90092 -28176
-97488 -50515 -40350
-42004 -29581 44975
-57186 24956 -43281
51934 52975 -36631
56049 2180 48098
-41915 4484 81759
86518 93604 75791
29659 -58124 34649
3261 -24161 -22854
30838 40212 -13294
-99993 -11899 73406
-69532 -18223 16475
-73803 -89104 -97319
14249 -14117 -16923
45881 53466 -82519
61056 -7168 -83356
56987 21568 -8164
-78344 10846 45156
63235 -16096 -94602
65961 -73050 -87557
-59434 83791 6764
-39025 -55089 23033
76811 44590 74958
-26231 23211 96078
10810 -90759 -53435
50886 -9065 -813
-63026 -80048 66015
92515 56266 -28095
-26754 -36868 -11140
-44343 -55530 33680
-9327 -25918 -71892
88766 -79965 -56196
-71727 -86759 -50568
-96232 -5552 65742
10509 -28119 45665
-49158 84359 -93167
-16025 57511 14516
-13470 -17783 -91521
85340 71965 35453
-33812 73885 -11089
-7177 -70041 39009
-92029 43372 -69533
75381 -60569 -12887
96888 46361 58691
-88140 -2508 -48981
-43060 -83910 97648
-82008 -75083 -27902
-7431 -28389 -51987
50289 7537 47343
-24376 80451 44081
17286 76975 95455
94502 -9411 68416
34373 -7458 86235
-41839 -85785 -97598
-86062 -51347 -88067
12315 -25336 41857
-29019 46595 -22485
-74461 33230 17758
7668 27573 38234
-3565 14630 -29356
-565 40729 -81349
-35300 -23282 6132
-82729 16479 -45061
7046 -84574 -17585
5078 -85143 -76194
73662 29577 -85372
64793 91707 58779
38112 60603 44563
16167 -60884 -94287
22973 72971 4327
4257 -41066 -8117
-71183 -4649 34680
-46331 -20691 -38840
65586 69215 27346
9995 64465 -70988
14211 21686 50546
-42467 15381 -68985
75958 33008 1640
-16054 79777 -63047
-49887 -51280 -44162
-95174 25128 18098
-53842 46412 -43406
-91151 43657 6884
-99657 32238 99609
-20254 -57594 64558
-82807 99874 -23301
-52851 2102 28495
13690 -75408 62278
65939 -36053 -98127
-47522 -50923 -68889
-4034 -45994 70091
30595 -79433 96546
66015 14257 18382
-97435 87553 -59924
70640 22209 85373
2514 -19753 7586
51643 -85350 64652
89573 -43024 -52871
62434 76729 68295
23330 56027 60799
-34381 -97063 6430
92069 11824 25681
-2083 5157 -91379
-9752 -14728 -94890
10353 -14544 -34081
81433 -661 25046
77714 -15789 -569
-70412 -44520 -60722
63119 -71625 90558
38865 72036 59060
-80045 -12397 9138
51287 12363 -59782
-19998 -45929 47191
30397 19647 33281
-28809 63073 -40789
24509 -40187 94982
54133 -93444 11341
92829 75899 21963
94764 -19972 72112
-33196 -35161 -15183
-91687 -95614 82899
-19448 -31211 -13201
-60080 -42900 -79053
-56701 -20197 14050
-62155 65673 -25513
39999 83177 68139
12327 68566 -99179
78232 23059 -57814
-40766 -75061 -37584
26137 -68044 -32271
-23965 75491 72742
80936 75517 61202
78381 48516 62185
70942 32367 -12452
-73004 97704 -91237
-21954 62141 18481
-36250 -57134 -45185
88239 84303 -96188
53469 53733 61383
-26331 70891 -53069
-48229 -46449 -49859
35751 21848 -39044
36144 -45431 98067
69215 -5581 35530
-74424 73131 95793
19996 -70219 -36312
8681 -35809 725
34892 -84762 19884
-13015 20834 73244
-50627 -31501 4876
1904 -87408 -30817
-20830 -48486 74036
49906 85355 58356
32559 -23735 -58752
80148 23915 -99287
-24714 -45727 -59137
-51879 -56633 47221
-79901 41365 -99974
77097 21595 29590
-65857 58815 27666
-52484 22410 -32086
-78055 69180 -45396
28259 -94854 -29444
11630 -82798 33998
-30930 -16579 -31380
35870 5098 34024
20061 -44639 89312
-5442 78695 98322
-7336 -33807 72000
-33995 -379 31716
-99686 -15820 33799
71977 -74952 -46323
-29689 34573 -75718
-99753 -5427 43294
-77492 6841 -20358
65006 28770 75500
46945 43539 88592
-61617 59394 -73621
-2798 31868 46896
56017 -86124 -5592
52211 67234 -75370
-33580 49260 75573
70982 -60299 14625
67499 84977 78753
-63660 -75618 -32348
56399 18964 96775
13933 -45552 -15466
-55826 -65642 62054
14647 -89421 -7104
-46096 -66560 -76858
77818 67194 -24864
-4687 -36964 7887
34969 -87278 29685
-97110 69558 75944
-98987 33769 -84367
77633 -66469 32416
-46627 21339 -15929
-16545 -27639 64596
16011 51428 -47786
-66433 -95599 -64129
-95605 89970 96292
16141 45496 82724
96307 29753 87923
58081 -5386 15102
40317 26794 -12241
76544 84005 33723
-36706 14513 -33241
50409 -37948 45207
-59251 11801 -17440
99119 96437 -90358
30239 -49637 12316
-65715 56010 32951
37838 -33719 70272
-69619 -98702 65518
-48135 -73046 94983
-67900 -51379 -11421
67453 30277 11869
-18774 50097 94922
-53517 -40983 -24383
88443 -65392 39773
2971 -87458 18040
-73241 -99 -53005
15198 43906 -21956
-13821 3327 -59699
-90847 27209 -91580
26598 1621 -13250
45038 -60614 26321
-64481 21438 -31660
83178 32590 28184
-10932 78656 -87058
16438 39140 67893
-45744 45855 80663
-2099 -53717 -34128
27712 12005 -93715
-73486 -69905 -98585
86635 -93897 10927
3466 88769 9652
-32749 36431 -4717
-67660 96623 -27080
-21316 -37031 40190
69183 22939 83112
94080 -92190 -65828
6689 -88591 -74804
401 -4120 46880
-53420 53997 83319
77173 -74570 -24775
2134 -92238 98062
-62943 -25740 70582
-56320 -65202 -68615
-64250 -3203 47775
-26608 -49742 -59157
-43372 77199 -1901
-62066 19215 21864
16342 -67646 65700
25384 -74123 -49396
94913 4836 33254
-92027 12099 5217
98965 35246 51727
76249 -32876 9797
-17484 -60119 -6984
-46491 34318 -20899
-4324 -32410 11997
-66669 -66742 76046
71046 -61579 81982
-36451 44571 52879
61830 -81476 -59261
-55079 -79399 5974
-12589 67702 70887
1404 45366 -32747
-34398 -27576 -96835
-50114 13089 -23732
33662 61450 -63115
-47620 -37399 95848
-57039 -83836 99934
93904 -83627 -34497
-45099 -79018 87791
-13194 90690 91585
46389 -66677 -73898
-1434 -18643 -89392
42867 -46165 36601
-36577 60467 -85968
76764 48343 96968
-43559 -67874 -43330
28148 91085 5982
28771 -48548 25984
28802 -58780 -67384
-47301 -53572 34700
56448 56661 91949
76586 -58174 -63739
44204 -23955 48777
34536 -82633 -40
58156 -12802 18393
69004 -466 18622
42326 95226 -96181
-73869 -56778 -74464
-92049 98875 67949
-61991 -84879 -6031
-89487 62769 -64469
8327 63122 40415
34482 70683 -58564
-70742 -44148 -20508
33250 57359 27342
32592 74731 -5283
24717 56316 -45566
-20450 -27180 9654
20928 77371 -5530
72571 -65636 59106
56249 -8867 8006
95054 87805 23614
-31798 49376 -61649
-17333 3089 -30073
38540 83891 58546
48020 -79575 -30910
-2358 -1692 -65718
-71879 -31869 -96986
-21032 -35405 -28226
-49980 95983 23971
65840 -38002 47668
-74289 -99050 -93867
88405 -49213 78463
-38500 85631 59203
69526 86711 6334
94849 73099 80588
2126 -44356 52985
79646 4717 38428
9930 35193 35021
-10755 25183 -60903
-66889 -51456 -22293
39066 55717 -82729
-94228 -66673 -72689
4808 -46567 52754
53165 17674 -35339
-76361 88889 -5589
32922 -82 -36032
49087 67782 -33406
80564 54929 67644
847 -56575 77529
86722 56531 39953
57982 -54157 -32386
82954 32651 24271
-3600 -84256 81663
-33115 36431 48502
26313 86573 78181
50200 24415 -90585
94578 -83811 -90181
-56967 -57763 -18396
-50944 46016 52753
24641 -16380 -97350
32707 55241 -84003
-22164 58578 -32509
94461 67836 -83902
9492 8184 64446
58275 89986 54275
-34329 -7245 22252
22295 67796 15455
63263 -72526 -60931
-71813 -43825 -25916
12768 69101 37423
35390 -9991 4368
30961 -72178 -82548
9617 -23971 -39190
72586 -71860 -46161
-42342 -5990 -11854
-99961 30298 87074
-78897 -66532 -66376
-37662 -19391 35439
62473 -91004 -27844
-15668 -21009 -89443
49689 89877 -995
94187 -96269 98836
85386 30340 -83440
91639 -23510 72284
-96156 -9176 27323
-13930 90879 -28932
56700 68276 5421
-86498 -9046 48691
-22591 97572 -42947
-83813 72110 -34599
30731 8756 61124
87191 -98822 31281
-73914 33346 62280
87517 59758 15397
3498 -26661 29933
-45068 41983 53272
-6595 -42931 -23063
-16449 -87635 -19640
20812 -5943 -18704
56780 -69998 28701
-44637 -3912 5343
-77104 94613 90628
23515 -21636 17804
4816 25686 -66557
-78116 -60858 -7400
12236 21838 -47289
-35575 9860 86858
21920 -68228 -57887
-78313 -75286 -84440
-72663 -59027 21792
48660 -44183 77487
84899 -60526 81441
-9582 -6193 32540
17549 -56019 20846
30968 48951 18813
84646 56832 40601
92543 52241 595
77871 -52994 -15213
-85419 46057 81509
-64899 -16331 65286
99785 8838 -83145
-10620 56376 28380
-2223 58566 -52131
-57040 92684 23165
-97236 90835 -12872
-95435 -95726 54656
-62251 72042 -27596
-61162 -19339 -49797
57018 20725 97688
-78216 45254 -80671
6889 55178 -32880
-60155 37503 -64615
88706 -74045 -28632
-47959 -29662 19591
-17185 50353 38286
12230 63886 62150
65271 63977 -61795
-33094 51125 -74185
38531 1358 -33207
89051 87133 3323
-56768 49212 -73998
-48571 -52973 61671
-39064 -92443 87583
-77857 20968 37215
-40437 -37337 13490
15908 9643 -47365
43031 1672 7396
-27935 -71828 89381
-90437 89723 97117
1473 58863 -8001
3585 -66935 6788
60888 -68805 23616
46278 81997 19710
25343 10084 21883
76276 55791 42726
55600 -1765 83340
18933 -70565 24587
25070 90649 3672
6759 -76204 -37146
-63523 66891 -31232
-90244 -97847 -82959
13584 871 90088
-80888 63871 -40967
52960 -96187 87040
34328 -66338 80619
-28875 -27816 -54482
25746 -98871 -89187
-9093 -65667 -51252
-69839 -83535 82378
-44013 10541 9683
-17708 -67882 -94558
58381 88671 6145
30306 -48617 -41510
-26899 60591 -20416
71612 -18366 68921
31066 -59847 81286
8378 -14028 17370
13225 7957 -91935
-39691 78156 -6362
90675 -29640 -45848
29307 94297 51472
-12029 -69385 12534
-31230 -42299 42029
-12972 -50520 80273
-56180 -47961 89936
36404 -37767 76194
58914 -74108 -55162
-14028 -24390 -20414
-98534 3071 -10988
-67125 28805 -30739
58460 -24514 -65613
-22733 68968 -35717
-46101 79236 34541
-86736 67919 -61562
-35216 -35653 -12425
-17474 -49352 -40299
69395 -16784 79259
81917 44887 -75040
-6407 50526 59611
-92290 -63147 -6623
27529 68923 8256
-78582 -40753 -27202
80442 -46228 -86666
67955 -87129 77860
-32801 6906 -92805
-2769 -91562 11232
10345 59386 -47106
-39795 -11550 -3242
79794 5904 74140
60920 40116 -41120
-68090 2203 -66622
-24415 -19354 34921
17059 -70007 -49706
-66970 38624 45034
-21949 24234 57094
28978 -26 3643
-2896 -60733 -73683
76527 57906 19227
83100 29912 61877
-86834 -14699 -63501
85527 -71215 -1553
72045 -62431 -71490
-10713 -52702 -52283
-95130 40295 75584
-39366 37815 -40738
-21199 -18983 94957
35569 79113 -32106
-6073 53610 59173
-36831 77675 41826
-7450 87763 -3804
-94989 -87759 26977
-52714 -62545 -13446
52687 96581 -88135
28034 -93296 92523
1611 9695 -51500
28655 -34335 -80551
-71652 -77853 4091
-78642 -73200 24921
-99008 -43809 -97909
21422 51691 -17647
-10802 -11021 -67045
1510 20325 53639
99192 30785 -93915
15384 -59621 23576
-39299 42269 -30536
-57519 -25726 -99724
72912 -30011 -97364
-12669 -86118 -67644
26765 -31244 30310
-61201 14953 -35683
86932 37469 -23069
-73680 -67904 -66435
-20535 -86806 73294
77606 62932 29536
-19029 4093 8127
23790 -98470 -66288
-28154 75242 -92065
-10580 92784 9496
-53386 -32765 75214
24890 10032 -24108
-12374 47290 -48528
-11685 -40371 -90944
-94042 -44919 -79626
60038 77697 -7660
88059 83073 -66025
-73748 -89160 -32069
3931 -99309 44013
-9325 57139 -38646
-10207 82669 -58721
-26817 47691 -41519
22111 -30163 -25383
-38353 -99834 -37409
55595 -98313 -46284
64137 14416 -47430
-58828 38893 -60215
28293 -89252 50536
94960 -98724 96424
2043 2922 -91841
29860 -43657 10959
50895 -58148 26079
68419 36603 82214
-41887 -26555 40986
8948 82239 -46359
83761 -44441 -95179
-46288 44846 94399
-54598 -56227 24444
41686 -19792 97231
17290 52055 -30512
21462 17907 85352
90273 -62625 54984
-90615 29090 -44468
-32122 -70322 34494
50816 16612 58270
95119 90829 -74058
-37891 66568 -86265
43808 -58903 48548
-47222 48585 -70828
97234 -15691 85669
99362 -56094 51070
39409 -58294 74291
48745 86007 93340
-35976 27793 72164
-12515 -43857 -43539
-53185 -39135 74930
-20924 -4192 -95414
47853 20330 -23065
8938 -29994 47231
-51113 -42389 -22517
-38682 98574 -44665
-24015 -69447 -41201
35779 -83268 35411
47532 30929 -34934
2972 21086 -30433
7922 -73515 14140
-17488 -14342 30138
-43333 77309 38710
-19476 -74911 -30860
-65312 -63909 -76451
-76834 -42687 6892
-23461 39481 -25851
-7475 24706 13214
-64850 -4706 -56492
17759 -33205 -39072
97251 2476 5766
53896 -76807 10558
-30431 86828 -37928
-56900 77835 70469
-28152 39 62525
44702 21765 -52778
-56369 -88160 62969
-46436 24196 96159
4198 92647 -37056
-10943 74020 71809
-27048 -86426 -43387
-9849 79574 44511
28931 -85568 29678
14765 -33609 -13706
14567 16046 26883
-40868 -73879 13297
-59178 -14802 -94897
76019 -38832 -28190
31566 -48203 51909
79414 -38661 62513
86084 -58215 29660
-59858 65637 74301
-66056 29774 -6572
24386 -53439 -5791
-59551 24765 54266
-19076 -12963 -97017
36476 98931 70533
-67129 21507 -64508
-76250 -13569 26655
12371 19720 -61480
61789 55808 27059
-33543 59260 6236
49273 25367 31239
-33592 -71326 -17486
69714 -41746 86214
-81224 67757 -8296
-10285 28298 -75484
-70651 71341 -23552
88693 -16763 -26771
8194 -91452 -95148
99678 -38044 -59575
5637 -50387 -12303
73517 -11533 -28036
96545 6802 60644
13532 -99628 88701
-43255 -45667 -1577
32624 -8740 51125
2925 -50245 -79229
-81942 -76339 15020
55107 91691 16524
-78830 -66616 82560
-79253 49279 97665
-7137 5048 -59672
22884 84931 -69301
-90275 -93522 27974
85497 -15819 -25397
98163 54237 -76664
15372 98263 -84425
79293 -84283 29233
79834 -30674 73710
-60605 45379 88904
74131 24144 66688
61327 69449 96148
-84367 -63061 12233
56826 19427 88338
-22717 -1609 76190
-61644 -83505 90608
-93250 72683 -83725
-35340 -17909 -39528
-78467 -2445 -30639
-85855 -19057 7406
55211 33044 -24094
-18778 37469 95214
-89502 -72791 -70778
72097 15878 -99074
-3166 58488 -62285
-57225 78861 37883
16665 -96693 -54128
45666 73316 -93290
79452 -47894 88723
71886 40642 -79156
-59953 -37909 -42265
31257 -86939 19327
1951 63833 56857
46562 -5186 93601
-28111 -66037 35983
-64384 -56865 -54970
25149 16983 -65517
-98318 16215 -51416
-95616 24173 -31644
45944 -79210 46434
-87016 -33483 51039
30690 98791 -47975
-57149 46149 39716
-31905 -14021 73341
93071 16026 -52054
45637 16248 91726
28483 45776 -8382
-2833 37533 -70478
94812 -5347 -12261
35400 30451 -78326
-94546 1925 -84279
-31571 -3782 -37275
20253 -97851 -69838
-56583 -40170 24777
-78146 -16049 78283
-97410 10644 87373
-10246 -26683 99939
94316 -85639 39301
87267 8639 -83784
66524 73300 -93940
49889 -62821 32408
82993 -86816 13510
34563 -96837 -69330
-94583 -79496 93203
-14580 -86546 69782
5987 -88356 -85524
90773 56019 70162
-28256 -7220 53227
-9474 1145 -8991
6031 40274 64547
82673 26772 56811
-12191 25648 -36467
5552 80644 91114
29639 58760 832
-13933 61423 17984
-68150 6538 35824
-40339 -65362 81342
-92684 -93902 15633
-33092 -97766 -63123
31241 -22273 8775
44926 -87065 33167
-33159 -27538 76458
-47679 15942 -30962
16812 -5335 38992
-99997 -92326 17917
5100 -75242 -64456
75124 90134 -22622
-23534 60740 20892
-13603 19361 61378
87288 65857 45935
19623 42399 87918
-99298 -68912 15664
-97601 61890 -87283
-35120 3549 -72405
-35665 -6948 22176
-79300 61227 -83715
88368 79551 -25815
49464 -92569 -71071
20902 77506 1618
2642 -63999 -89670
21348 -54402 96324
-49484 -67819 65494
-90881 -60801 27505
-13385 -6271 97878
-98794 98804 6317
3549 45799 41879
-83365 32063 91034
-91751 -32773 -95765
14478 -83609 95986
-33580 71775 45598
-43532 47693 38769
43351 2125 -93381
77268 -99320 -78447
29658 -8647 68013
-28923 64979 72283
-37626 -79065 99639
12218 -91738 -55709
62583 -58295 -83648
-2777 -30833 -21225
29761 -597 28292
-21636 -14160 35551
-66402 -32168 -26331
79963 -4163 -73246
-78835 -85104 -74814
-18797 30622 -43639
44735 -15011 -90047
80424 -66452 -98770
94052 62610 71524
-42854 -38931 19797
69510 -12145 -68857
-4521 96764 47072
40437 34023 -41627
-75640 71714 10777
-45791 38313 -29537
-88023 -52018 31435
92713 50289 -55753
-18770 97984 20176
-12861 -34139 -24128
29119 -3680 9184
-32635 2288 -72306
9929 -44408 -98417
23912 73099 13122
12769 18913 32616
-6379 -96484 60360
72923 -64034 -66353
69352 60584 2494
46200 36469 -93905
-61698 61741 84002
52732 -47579 12481
20660 17727 59410
-92099 59592 20443
-46427 21155 -13288
-14841 -78543 -91934
-67893 -27744 36832
-50956 27062 -29032
73805 87741 -59698
-51887 -5861 -22333
-67924 -13550 64145
1567 -80598 -29418
-85865 -14362 53969
-72891 10952 27149
12066 88793 74055
-48664 -45058 95712
85126 68976 48180
-79019 -14927 72682
66281 -14855 28339
29275 -15401 -67848
86543 27464 30726
67087 9193 -46990
57160 27334 88194
12370 -34401 -99594
926 60536 -19069
5975 -83273 -47274
-52687 73029 -53446
-56597 18356 -7254
80027 56650 -48526
7537 -91906 91440
-34596 -65304 -28860
66599 -92689 -85244
48357 20987 42962
-2270 -9522 82467
-6586 36239 81478
-72640 35673 69308
-74175 5531 98269
-20594 17295 16218
-14120 -83435 -2443
99262 80695 -80544
27601 -47856 47998
48173 8179 -55592
5493 -162 -17876
-67613 -31838 -60613
24400 27926 -70439
94362 -72947 -62242
-34683 84436 88152
-30830 -27045 -18892
-96632 10332 -64464
-6954 -11553 -13731
51151 -39796 44580
65568 -15903 1541
-89066 59438 -99330
26217 29613 -83108
-93281 76434 -68422
-2529 67871 69460
35393 -81877 -76023
-6567 93126 -74278
-93743 24442 13967
-81526 949 -72823
-8799 66471 9572
-23758 66754 -50087
-57852 -4085 27445
-86437 -2178 -51570
-67594 -38949 45843
-20301 -56190 55149
3638 -47965 84738
-4024 -98999 73728
-46227 17602 10719
15261 99758 56996
87133 96368 -55121
-97992 -99600 1907
57837 82238 -28640
59166 69687 -73618
-84028 -69361 -92834
-51863 -5364 40347
64841 -87414 74037
57310 -25349 57947
-6841 -34561 86788
53589 -42418 53917
-32726 54114 -43741
45720 48349 -19337
68656 90459 -181
40723 21862 -16534
-54790 64784 76949
-51165 -77987 -87475
31943 82953 60262
61739 -20482 33609
55367 62917 73402
98782 -83694 -53420
-92014 -42004 -80206
-18057 95092 -1544
50983 -77034 18064
38283 86604 -52393
87485 28669 -77154
23506 23700 26008
-34078 9729 -8365
85215 8202 -29327
-63579 -53480 -35840
-91851 -35382 -90433
39545 49540 -82655
72912 -6448 -4698
30232 7922 80944
-54935 904 -60972
23527 65616 38680
-16610 -95722 -42471
35317 9031 16585
40331 76078 72838
-16622 42580 -59536
-60207 -25567 -88925
71909 -17565 -18208
-63438 -23303 -25142
-46351 -41375 66545
-43113 29535 79468
64035 -34521 -82680
-27776 -92734 -62934
-94357 40019 -85920
97789 -246 -71610
59616 98787 -26906
43335 -40793 -49958
61614 42681 65014
-97942 27057 1985
51095 -30016 -32375
317 -25921 -43432
-36483 416 92299
50264 -50295 94047
12937 23157 -34156
-1831 -50677 -35279
-80184 -61478 -66064
-32980 -23203 2725
80901 54096 47337
96247 -50536 45131
-31361 -79087 -97590
-79493 24278 -6148
-26774 -59607 7150
50956 -41913 -85490
53155 -41156 -30118
-63432 -81089 48667
45883 -68599 -30700
-99312 -21530 -1639
12219 21324 -34700
74182 -27973 63971
71951 -9418 -263
68075 94596 85940
-67534 -63141 -93727
-91163 -67167 96192
23465 88195 23899
60058 -52378 -54029
-13196 79490 -15391
-29699 48665 8147
79109 -58109 63893
-37271 82940 16354
-13645 25034 32918
-95846 -1672 -1981
27783 -73166 -23405
47763 -75037 -21085
89994 74471 61720
-56434 -73043 97025
18301 -48211 27807
-74754 -4636 41256
-33615 -77659 91070
-17831 1216 -14615
-59408 96123 37750
65140 -97696 50883
-22086 -65968 -56014
51258 37205 -26894
-74032 -87311 85377
68965 9848 -96235
59105 -82258 -96067
18108 69332 38429
72736 10995 46503
13808 -51630 75828
-43738 30594 -86430
38932 8730 -28653
18874 -45192 -41936
95563 -59329 -40429
-77756 -88213 55864
21587 -20367 -92494
25022 -91542 -4979
-38785 49036 14189
236 6071 -57927
72205 -14519 -34964
52022 -92644 80009
91589 57987 36382
-29458 94888 61750
32544 -76740 3545
-21852 -65764 -46501
-6330 2808 -67232
-89365 -42421 14198
94037 25151 -9736
-21490 -95435 98067
-89280 77651 -22714
-62603 6993 89816
-62822 79171 96092
-509 -82267 69435
12316 24110 18392
59717 -14979 35522
62686 52075 79130
-24318 93906 32424
93323 72871 -84039
-11077 -20507 85862
55212 32308 21408
-80683 -49660 -10520
-5654 -61632 77925
83928 1630 -40651
-51574 -51057 48621
30156 89932 41759
-14525 -15906 45985
8674 -47912 -46156
-13937 -91686 58091
39576 -36821 98520
-38294 -77854 83986
9280 21880 -42043
-92737 -43669 93278
-6039 -73912 -54691
-21866 -63433 61996
39405 82885 59842
53022 -26834 -58031
13010 69618 26970
-72137 -89021 -38572
-29139 -45815 -49766
9358 -47495 22614
-5021 -69210 -25699
29300 47831 -94460
97227 -48394 -47144
-13741 49617 39978
33912 -2515 -77620
-25017 -70743 -33607
-6368 65434 38323
9348 -10208 65642
-85089 -24348 -12087
47980 64741 -3352
-37368 70655 10916
-69747 -48115 3390
-7723 70108 -57377
83484 -77624 -53429
-14720 91640 -83313
83686 -89974 20301
-58963 84375 -65459
51424 -63091 14329
