2852
-14938 82593 -3510
-66013 92722 67684
60413 90402 -84901
-287 -48900 15385
20958 -96774 -39860
34923 99889 -43713
24474 38899 -62138
-54628 33890 -22994
24694 32087 37903
-46025 58976 41416
98394 -88588 -23365
-65519 9493 67611
-19224 -90016 -73383
-86107 -29702 -77335
-68262 -25332 -11219
-48555 24906 -90457
-59354 95456 48556
-57043 61 -33394
48359 -80984 -8788
74791 22434 -10725
-53782 -1537 35287
-64505 30375 -14140
87021 -21663 69387
-9776 -74572 -91720
-29421 6952 47405
18154 42998 -50727
-56339 50520 58195
8307 -59351 36236
-46429 23112 21637
17315 -70501 63487
-37956 33971 10306
-23229 28754 -5083
-80138 -42950 -60231
18739 81000 -50137
-23707 -49148 9129
48588 76401 -71908
-2731 -71748 49601
-14638 75987 -74350
-56256 -25744 13546
-81539 -96644 15674
-56170 70146 64732
-33286 -57167 -17527
80797 58984 -38992
67012 40800 -39661
-68842 53232 3586
-30376 -43797 29745
-74913 -21686 -30718
30789 7632 -97135
-58522 87799 -2582
-40304 97706 -63852
-502 83964 -54802
-85194 39253 -64822
60001 3735 46889
-16760 -77349 24208
44431 94907 94832
34448 -12207 -28803
89168 -52137 -26232
-35780 -58993 -75013
1646 75401 15574
-29678 46225 86654
-53358 -36472 99842
5845 -49565 72289
-66217 95386 5232
47626 78323 13223
22933 89968 71107
31995 -12861 89640
43067 62488 14008
81778 -44311 33833
-53742 -81410 47199
-83440 -36559 -85456
46354 -46741 -66570
39737 -21288 23505
-29395 -29496 28055
-73487 -94184 -8482
-58263 83968 -87996
77486 -4404 51609
-83164 -81568 16379
68810 86117 70945
97710 -804 68027
-5252 -30897 80673
77089 66236 -62443
24147 -91729 -43241
36705 -5666 32851
-38623 95996 44006
-94314 -56875 -70313
-46370 26099 6293
74678 33876 -61701
-27656 -57861 -81865
-72238 65822 -47388
-40712 45006 -21641
66793 -43866 56047
39683 56073 8272
-89697 -29059 25066
-73354 47600 -16152
-8979 71287 61658
-57148 50874 772
60135 54858 81280
-33004 67661 -79660
75760 18204 -56504
62682 72702 62495
-79145 -26324 43976
19338 15786 79567
-11560 43589 74793
-64443 -35347 -31538
-52932 -55196 -65513
-58655 41468 -88682
-3180 17782 -84965
78060 -76066 -78624
-99673 38613 -27890
23382 41413 -24134
-95457 -47793 76978
71800 -80495 -61490
-36985 10407 25646
24370 58789 -18142
69707 -67615 -83870
-60238 27108 -61992
-91891 61560 10730
59073 -84030 6641
38158 -59048 -25560
-33086 47371 90754
-14019 3224 37619
82386 -42236 -7929
40757 -93747 -13789
-60814 -45917 2031
-28613 38655 29409
80408 76707 66181
-35153 82877 -25513
70891 5937 18293
51651 45860 -22615
24598 -15586 85236
-58291 -584 -65266
-7141 -43564 64327
84946 -9622 53242
-67329 -14450 -29855
-2715 39538 82490
12260 -32671 98306
-20337 -68701 37790
44672 -58499 -36903
-33481 67494 -9557
-27845 -22311 -50689
51740 -19875 -48913
29530 -59523 56832
19968 26249 54817
-23718 52152 -73576
52215 68601 -78545
15424 -70926 18838
93553 -41194 60561
-27773 75286 -57969
59605 -36757 40589
-45996 -86797 -24658
-14462 33740 -37287
-44654 -22104 96996
6317 25118 -51023
553 71903 66578
-93281 -91513 -7123
-38100 -95949 70193
-2548 16639 5793
-9410 34302 -73828
-39367 -8806 38346
-67480 77234 -86794
58792 38255 52751
-21847 -91051 26317
47970 69134 -48301
-68648 -75526 -56626
10935 87032 89779
-17772 71759 63545
-81237 10993 -10989
-1397 83287 45096
28099 -10856 18610
71375 43753 57192
-18238 78082 46393
-59390 45156 -61566
41951 94297 -99218
-39427 41656 77565
-51795 -80193 92438
35075 -96276 9054
-19544 -49416 86197
27770 7967 -27582
9937 38456 -19036
-41359 -6350 11741
31044 -19417 -50330
70745 4755 69835
60917 -52621 -99505
-63799 -62700 -24098
64821 -56990 -73472
70059 74541 84428
-48378 84686 -23717
83130 57233 -4200
-84695 -13252 87977
-62251 -88215 73552
-94963 56902 -27894
-87228 -34059 -49507
-34030 -66970 -51125
7840 90099 61574
-48246 -27886 49380
-13074 -6738 -43342
82079 81602 35055
66103 3428 -14564
50468 -59917 -2408
67534 -20730 99316
-77390 -16755 -77304
15469 3746 -83608
-81216 43266 -7711
6186 60188 -28264
72665 88052 -51641
-99201 -4681 -70883
-67751 -19008 60080
-86123 -42876 -4339
61583 -57693 85237
-94774 30380 -28077
-4929 43589 -87651
-40244 19627 -26498
-28635 54164 -27929
9546 -58771 -86560
-40567 1908 -97483
93042 58748 34695
81701 34429 -78038
-91873 -69894 46505
-35877 -59129 36868
72606 21802 55569
-25599 32874 26118
59907 48867 -15622
-36466 91594 61895
-48127 81908 51229
-40479 -51240 95370
19144 99770 83543
77390 40498 -17800
-90952 -33089 -63923
-28141 84609 -67606
77810 31420 13461
-29601 21489 17877
-14332 39013 -63687
-19917 41718 -51731
39630 -86020 -27366
60369 36358 81559
45645 -71368 50740
-58184 -25799 71333
-24464 27631 51328
13231 30346 80546
62738 -3535 -24093
13980 -19006 -77287
-40137 91368 -31097
1381 -75695 -14688
38793 14114 -30330
41211 -63776 -5453
16105 62861 -11036
17750 -19733 97896
-61756 11076 -39129
92842 3524 -84548
-76046 -30962 20791
17066 -5187 36690
-23513 65339 -92674
-81 -34263 -47996
83960 -29066 93530
44605 -95138 -108
-80674 -75143 63292
87205 68053 64882
4917 -38198 -93244
-6092 -60111 3327
-87443 908 -54852
-25509 -36846 -47824
-27079 53744 10891
-29882 27644 54457
17296 -75794 79013
-82583 45968 -4280
-9202 -68302 -98805
-80347 -28954 -85241
48891 -62146 -66370
54878 -64637 88130
61567 23147 82871
-84495 60041 -43463
-13620 30172 -40857
-67542 33872 99240
29694 47008 9010
95283 -90166 42751
-38312 -37434 -50872
13106 81880 -40210
-85325 90678 91976
-13427 -77932 -34459
16609 -79093 -63074
73197 -31525 -89329
-34676 10244 7310
-6948 49410 94021
1883 47890 65802
-77513 21478 80330
-48873 35345 8102
78598 45909 -82765
7779 -16785 84889
-14629 -15739 -59844
-26951 -20496 58282
94024 -63111 78247
-60446 -16804 86974
-77218 -6282 54566
46386 -27469 62591
-82467 9156 -28981
-74525 61395 -7500
72050 4918 -88543
87920 40905 90912
81240 48344 -98474
-4342 -68227 30400
74362 -27563 -636
24675 -24172 79179
-38251 51472 70360
-44161 71619 -98485
13907 29133 -15200
-33670 51589 35753
33502 -82740 36060
-23206 -88602 -49309
-27558 -94573 -56324
-45898 30366 -46704
-53564 14079 43750
-13014 -84640 72387
26258 -59661 -60090
-43529 61627 82696
10715 50301 -95523
-22647 37505 77139
5021 -83291 41337
-89915 -84920 10790
88304 31680 -11329
-82067 -15336 48057
-37245 -17349 58494
-88883 28743 -55085
33507 88886 77289
-82695 -5791 -18986
14198 41027 55438
57630 -85198 6203
50613 26677 -89850
-23152 -77836 -11673
18093 -1721 41114
88258 61090 -20949
79583 -66400 -18463
-63503 91578 84082
-10654 -19608 27464
32263 -69325 76309
-98290 88172 35009
81319 55176 60076
-20081 93162 53543
34854 -5996 -94593
-72545 -4541 -26911
-51135 58947 99127
-20142 96389 72750
-53844 85360 -31106
78029 47983 -689
96640 -17447 -86369
24830 95650 65967
25257 -33603 -38418
-24896 -82208 39953
-55916 -84549 -20297
36862 10590 48525
89761 -98758 -19878
70010 -15426 -21597
92111 25335 -62223
6259 -24846 47130
-65069 -92079 18172
80814 -6112 18752
83782 55157 -40660
50551 4753 -83636
-13518 8019 -282
64284 -55319 50546
20078 -66950 -16703
-16204 58646 -84460
35719 -44402 12815
-91355 28080 92096
-74188 -18660 62242
18231 55330 -30954
41420 -73522 -33766
56148 80325 -40131
-39869 -63497 51356
74939 25014 9523
1765 -63242 -48350
54270 -53578 90789
-77816 -11172 -85106
8283 22310 13113
20889 43700 67982
-84027 22141 8369
28332 -15840 -6308
74482 -73857 22846
-21704 26604 47727
59581 9407 35772
45187 -51283 -29840
13240 31697 -59616
39654 -57846 -8786
9421 81910 15022
85255 -57709 -2380
50609 32752 80126
-23663 54948 6061
-34576 -66457 26654
86367 -62206 -84552
20440 -69093 -66414
-94111 43228 14595
-10827 33017 3424
-15214 81267 70310
8565 -36391 64200
10452 51382 60847
49719 -24506 -98708
-61252 17748 70887
6468 62756 -1027
1410 63902 -10775
-99897 -68560 -30161
-77361 -23943 81620
34388 -22945 -73163
-12977 42900 -45369
84478 18043 41904
-90851 89234 56156
21685 96203 -76537
-37955 -6761 24801
-24542 79223 -10488
59055 -60537 46037
-75948 37609 -52279
58681 62199 88928
97983 37420 -85355
-94916 -79938 -77494
62555 -14267 47356
77585 1077 -89935
86460 9312 38784
5224 44582 43626
-47711 -68267 15808
87846 -73279 -53124
-34921 -96591 96699
-10856 -11722 2827
1294 68399 18619
33194 -93737 63870
-99427 -26050 23994
86156 -60467 -38432
58869 -50886 -7929
65480 -59595 38390
-68209 70632 -61526
91679 -12208 37961
-80015 63328 -45777
62758 29889 -11963
-50150 15567 -16271
3307 59725 58825
87826 -11784 15067
12113 16142 77964
89521 -87168 -68454
-99274 24999 -20441
45889 35641 51053
-10104 46486 -54324
-88132 92752 10445
-3864 -37787 96152
-27812 -81438 -66299
65096 32946 -8956
-26977 3951 91661
83349 73085 95938
61837 40965 79359
-48185 -15889 82153
-32266 -60132 -58208
-93229 87935 85922
22235 904 12999
51800 83583 -17776
49916 -72210 -32791
78212 -74196 68650
31445 -45811 25957
30028 -11123 -81986
-26619 4063 -70629
43780 -58913 -70169
-17245 -98819 -73647
25205 7895 -41982
-79286 -73027 91856
43277 89911 -39608
99862 -27879 26266
-30219 78169 65920
-80937 2411 -50530
-46208 72323 89456
-15446 -4192 -42380
-68329 -3706 98192
12476 -82107 -59225
74101 2870 -30088
-63240 -61521 -28147
90916 18036 -40348
79119 -87481 -73558
39609 -11320 31517
96549 10543 62871
-72063 95854 -63354
-63581 -43911 -63640
72747 -15200 408
21779 33924 78697
-65568 -77882 94869
-81604 57895 83715
-6096 83586 -17405
-76651 -416 -79418
-23156 -57008 -48347
42434 -19271 -93738
-77823 73734 77190
-31944 -15979 -51863
-77266 -21340 9606
56927 -72191 -82487
-88150 5986 29190
14444 32833 -68495
25648 62789 54535
7060 -80797 47580
68382 -5839 2474
66948 79402 20016
18139 46275 41059
-30299 9112 80175
63989 -48877 -91749
27595 -34974 55046
927 84315 26732
45252 -90406 -35660
272 -96620 26708
41371 1193 -21265
-56731 23726 76117
-25897 77849 5736
51245 89495 42155
80621 70311 23786
-92732 2689 57835
58700 -99636 70753
94589 86377 -21224
10619 46823 49585
41442 18652 -14752
-80036 10849 -9214
62619 66203 33157
97204 -42593 -83473
95599 -80335 73243
71075 8268 74778
-77926 94856 6218
-63002 -11489 54895
43323 -54241 66704
860 -94970 -99506
-2990 77774 -22086
11212 7818 -85417
64899 8490 -64038
-35664 -66411 -20236
-38446 67036 -13980
-21729 -1206 5332
7759 58020 68706
50781 14211 60918
-54461 36127 98101
52010 87239 77300
67442 40788 70310
64315 49424 -96222
-82205 -53899 -43302
38087 68911 74744
39965 -33672 90604
-94738 -1267 -2622
61246 -57538 -53495
-49907 -41319 37571
61824 -61703 -4346
18905 87504 29306
73336 79688 -62780
-1513 -21602 33184
-90182 59664 -39195
-3226 12958 -89625
-79397 -73682 57842
-78994 28925 43341
-11490 -12915 -32823
-92824 -47932 -8403
-61773 35543 92015
-33497 -41093 -58715
37946 -173 -73851
-11863 -90186 -92968
34310 31988 70629
-12517 92315 54171
10996 -26994 -63864
48269 71572 -88400
-59233 -6869 23623
-77414 91436 20967
-7287 9576 97014
-64326 -1551 56066
82710 -28492 -65851
-86777 62534 -54078
72303 82889 10182
-77715 92297 6924
-61676 13737 81603
77727 -13601 16669
88803 36623 -80803
-48320 61410 29011
-20575 9073 -4863
84739 -56798 -20524
13288 57617 -61178
39362 43263 -71615
-89246 -5738 -43667
-14929 57256 3652
28262 -82618 -18404
40725 -388 87190
60005 -2758 -89325
43990 23053 67377
-68961 25079 44646
-62973 30786 43725
34959 17228 25179
-38147 -65840 -23231
-30211 14065 -70778
-84239 64690 82063
-14765 82920 -99070
-85424 -7804 -30752
51095 -33065 65126
89969 62249 -26950
37393 9576 -73846
-61247 7271 54572
71317 23762 10853
41692 33371 -24416
-77159 80426 -332
36999 -98402 -72776
42313 -31900 62217
69498 -89142 54058
-61836 51710 37030
-82203 61953 -88156
-64903 -70419 28604
-18788 4431 20045
79582 42702 86630
-25633 80694 -6502
-43033 25479 14693
-26641 35061 22029
-78335 -95214 -98040
79443 -92630 93399
-11576 -54772 63262
-52894 46243 -54054
-58951 -53196 -65898
-72920 -67104 41391
45618 -468 58493
99015 -47370 53944
-9997 75448 48791
-51286 -91426 -13812
84730 72964 99909
-10962 99241 24814
-67227 -27445 -75880
68973 -6037 -36277
-52113 58400 2211
12172 -58844 11428
73892 21704 21032
91312 2700 1998
7842 -42180 55546
4678 -11760 -35131
10984 6628 88
-32493 -60518 33555
33714 99356 -91472
65881 58962 -19339
-24388 -88709 11434
59135 -53537 -30667
-46697 49690 -53851
4379 -48755 -47926
-96982 33750 -72266
66413 -47668 -42243
-21652 -40274 -37293
96349 -31010 94130
-72511 61144 54997
68728 -38086 -52815
57106 -21143 -32981
-86967 88838 47113
-91210 19459 -22227
-18349 73676 70581
8618 -65833 -93635
-97415 -13200 -39117
9283 -47645 -42078
-63170 -72249 79584
37206 35257 89616
95242 98276 29764
65650 -64068 -33103
65652 59790 43779
-60747 -85060 25010
-57960 -10933 -65255
-50982 -11017 -85696
23102 29748 -32237
-40436 -40769 42958
-73821 38151 -22402
88388 -14768 -44272
-18995 -6479 -36346
96987 9815 -36354
-13579 -34097 -95910
60875 -86342 12001
-64834 -73126 29262
79007 -50169 -82696
27280 -50459 31966
-78010 -23039 83962
-1900 55197 -29737
4893 12709 34494
91686 66804 -77218
38652 88146 -95002
-36801 -95600 79332
-72216 66444 -29187
-85180 74811 -13521
36067 10164 94773
-18467 92152 -97908
-6684 95313 -7126
-59123 -72599 -4910
29982 23508 93093
-6489 94873 71295
44336 29095 66193
-54317 61955 -30192
-49571 27051 35418
-24543 -64580 66327
51094 35562 -77630
32366 -46877 60604
80276 -13155 -42060
-12179 88605 -26584
47835 61732 79520
90321 60829 -59546
-14994 -79115 87581
88096 59947 30278
-54645 5427 2160
44646 -47927 12312
99474 53279 -79699
72360 -50913 -26343
-91562 -31769 4643
27007 93701 -16915
-9055 -5524 50812
69748 -11087 -59038
-387 70902 -99237
86722 67708 51053
-56723 -59194 -24544
-92581 -65410 82024
57623 -14937 -6005
46297 34513 92564
-67218 -19546 47800
-97133 -30478 -15613
44932 -80683 79358
80539 4678 -94987
-63944 -59610 -31568
-19980 8640 -52529
88185 49061 41576
-82795 17764 7951
80625 -98044 -45204
-85194 -31073 54688
41538 -29107 -22866
99305 -79161 51678
-11549 -13620 84660
-58576 75513 -15023
4865 -48907 -89009
99084 63218 70679
-49711 37640 -84324
69140 -9852 87823
-39367 51442 -7359
85218 -5703 27803
-51115 -88557 -14059
62036 23785 -87079
-70769 -37907 -49481
90312 -60905 -13008
22470 -51084 57969
-68401 41992 61371
-8099 51440 -85708
-61529 17924 8894
62905 84424 95475
-56840 -26769 83904
-84236 27820 362
-90041 -59559 -20572
-74995 -72710 -5650
-73740 -72152 65129
32329 -30252 -33292
-95007 27654 93814
29503 -69455 -44517
9905 -45720 971
-3999 -90220 28581
-86062 -49925 85035
52440 -8485 73670
-60900 -64417 73532
34350 89627 -48234
64026 -81306 -71115
-41714 42741 -20864
-27085 -78150 31514
-6513 56760 -54162
78239 -30097 -14655
-58403 16946 82255
74789 68491 43389
-60019 92986 -76852
-3228 -69759 -26955
49168 45155 -15176
-48687 -49549 93176
38741 -54037 38029
64176 98864 92513
-38835 87000 87043
-11430 15242 -7461
24015 -65399 89044
-24428 -41625 -75739
-27301 -41853 -61192
76335 55720 9481
28293 91964 -31325
-63392 73751 92158
-85203 12340 32588
46556 -93809 20106
21919 -13753 -16664
-82302 -11232 -35078
84497 -24221 15613
66332 17215 -31839
34575 -44248 -35604
55324 -95548 59617
-22519 57843 -4223
90930 59161 -38248
-62119 -26843 58244
9047 71614 79984
-68256 -8925 -38992
-42482 -74476 -97464
-64887 -40795 54416
-40266 -49254 77347
67970 46183 20680
36442 -66347 -97410
46269 -54114 -72733
-48550 22647 5510
4697 78097 59962
-74521 -21925 -22467
-68208 -46160 9583
-42961 60017 55400
-68549 73953 99575
79525 -98334 -96099
4042 -82003 14285
-26782 78638 -44070
91195 70030 -66014
-23703 40489 -31642
-46748 94368 -36387
99462 -88249 -14124
83055 -15234 -11400
24197 -922 46732
-34271 -88291 -56945
30451 -70999 45239
-90837 49397 41421
82604 2067 79787
68515 69651 76472
-64913 4577 69055
24334 -55689 46413
96122 -87346 -74226
40308 94674 -50916
11951 -56063 -89115
80590 -78496 77865
-84525 25184 -68955
-68433 -44522 -80479
-60562 81595 -33122
83821 -79663 22483
-52583 74129 -99443
-24412 -22223 38424
2970 51544 8457
32102 -62931 -38461
-12379 47739 -38046
-16165 -75421 -46853
-62948 -58111 -72904
57026 53819 90750
-8996 -84095 -96158
32406 -44529 93477
8360 -78684 54793
-4790 58819 -78352
-84757 26762 45056
16467 -32152 -21901
-33928 -65148 39991
10848 65816 81671
99608 36445 -17229
23030 -23830 41673
1943 -785 -45468
-60550 -93173 2357
87365 -1732 -56967
-20178 -19053 -33879
-28161 2876 -86061
69247 53765 74853
81193 -71127 -13975
96047 16534 -43103
32683 -34676 36909
-33702 91518 -7200
-34590 -64825 -87198
49023 -44219 54500
53511 -54109 -8514
-52284 -62200 -9775
89117 66115 -76661
12487 22480 -3914
29309 -7957 -43354
-32503 13924 -18670
72817 -42313 -23780
74277 5174 95080
43641 66951 -59988
90772 31696 -67679
60641 49144 82265
-24277 44760 -61231
7553 74021 60504
41935 -4694 -95581
-54538 17277 86314
-53455 73920 -20852
-81314 99838 -55172
26564 -46316 -44523
80927 82996 -32538
-26800 -52795 -37514
52461 -60810 -80790
-37380 64712 9628
-35634 16612 92085
-32092 61495 -27264
22193 20204 -93041
-85927 86066 -30611
-3014 -53773 -87123
45819 -45884 -6541
-64100 -82270 31604
50191 77589 68120
48176 39577 36070
6909 4583 48119
-9404 95824 -95171
86654 -53116 -985
31397 68964 22029
38436 -61243 51451
41632 -30491 -25150
-23331 69710 -3014
78911 -5715 -98779
76764 -27986 -76301
-22763 27213 -66989
-32900 19976 50889
-18546 63966 42410
-28290 -8892 37498
-91598 39987 -90531
-2942 5728 -3908
-33967 -23989 -46906
87623 90900 -99229
27017 6716 -93879
615 5803 25599
7600 4476 -27971
2268 87809 -51541
-65914 81173 51167
10678 -50523 20451
33741 -60642 42881
-48665 83854 -28697
74689 -86438 -47142
83268 11890 -87224
29163 94269 -14939
76173 -90339 -63049
-78808 46296 -41545
52390 5996 -74297
-90750 28013 10564
-29172 -23703 46886
88743 16557 58769
75449 34046 36511
52702 51204 65064
55712 -64485 -3156
10693 48266 75079
-54754 95199 -54003
47714 -16119 -98275
47083 10519 53353
-85288 38169 19232
-60781 -26356 10632
41820 -32813 -95039
94845 32796 96029
-27989 7 -73141
9348 -57988 93145
-32387 75262 82257
-12335 -77677 83125
-87302 -92113 -84779
11546 -27123 -29325
-42040 89953 -18752
-69143 -1190 79377
73771 -86368 55184
-82713 12759 8629
-87574 -91977 70799
19618 417 -35386
1948 -61616 -48936
74265 11278 -27267
-86643 41449 16739
-5748 -48286 81878
-361 99105 1833
-850 37286 82144
-8901 -16208 12917
-64810 26737 519
1891 12189 6337
6951 24473 -58816
-28068 -56987 -53605
-49088 19924 9911
12444 -41472 -75506
44190 57177 -78190
86077 46613 -52324
-28675 -77019 33467
89094 79400 -73834
-26227 77275 97741
35538 -4891 30958
49869 -23162 -81798
69784 56178 12234
27507 -90486 51935
-8172 92168 -955
-88514 49497 48194
-72698 76665 4364
37135 -26320 -63616
-19608 -32708 36695
-5576 -89028 36818
79742 46822 36888
51437 58291 12667
-18844 82620 52405
-51538 -15168 -32713
-6868 13704 70958
75783 86565 -62920
-53371 77400 17213
15038 -86062 11379
72627 16986 -67935
72710 -92717 77343
-18227 53746 24892
27515 70016 38508
-30796 -44941 18816
-67270 -25443 -33121
-35351 47449 19865
41730 -78433 70693
13005 -98549 -87653
73839 -78297 -17321
11356 43271 313
-967 59509 -17915
67166 -26958 19055
-47051 3380 -75603
41761 51285 50957
-62489 -82597 -26160
16085 4258 -21100
43300 -357 84010
-61041 -31482 -69475
-37790 -6869 -56135
-31804 -2827 92971
-29550 27326 -9225
44506 1307 -75095
-62788 72576 59844
-42462 -56730 39869
29961 36075 85346
96013 -76991 46564
-77892 -68734 -96251
-43564 -69466 -59472
-40289 62810 59857
-33681 32977 28995
-314 -41570 45897
-86356 156 -18850
-34578 37225 -92004
70985 3152 74452
-58879 -66019 -88708
96350 -63701 -12047
2618 -65679 -55846
53566 79750 -27042
-89732 99943 69889
36053 93655 40160
17276 37502 -31859
-63608 55036 29659
23645 -98461 -77100
-86448 -1684 43660
66677 77597 -18329
-93374 -46852 57029
-17117 -45758 -51343
82014 -91636 -47201
23131 -88258 -88424
-6310 89040 -44738
63818 89297 -17864
-66418 62797 -25144
98161 90575 30228
-47156 66419 -74641
-2224 38555 11834
38401 26085 84793
92647 3345 -74278
-15357 81156 97374
-42049 -60404 -94394
-91997 -84642 85868
89664 -18851 34265
-58350 11896 10280
91604 9263 -60744
-27824 -12068 -65668
61863 7203 -32714
-93747 -68256 34980
83278 70908 23338
-28217 93502 -57084
-72139 31246 26485
-87871 66345 -58168
47751 -99362 19910
82574 30738 77534
17608 63093 -37330
-98666 27590 -32688
-82028 6378 29625
79289 -17494 9977
-40787 -98888 -60558
48630 5722 -20849
99654 69796 73246
75311 46866 -1463
68856 -28992 -6701
8345 -13440 16699
53887 -33295 -67403
99059 87390 -64969
-65725 89391 12661
-18477 -81569 39148
15627 22218 -76607
86009 -38998 -9039
-2063 -5840 -98824
50319 95771 -92769
11983 63975 49869
-25265 -99253 51642
91223 -16874 49987
-83314 -74935 -16831
-55936 -19506 -39067
-79510 60321 7567
-84502 11387 -72994
55345 -27140 -622
65916 84070 -30808
87324 61301 -86493
21086 36246 53570
-43549 63214 -84927
-5524 3749 -64649
-86295 8584 68936
-3377 94538 -13323
-97421 35250 -13338
-72070 64359 11554
-34462 52641 -23910
61943 24875 -95213
79690 -85179 73310
-44233 -88883 -97785
517 -92572 21931
-4380 -66077 25855
-71337 56561 89767
-36914 4741 83370
-96873 69215 -14435
-49818 -47359 8516
39310 -57968 -52344
-93205 47047 -41685
91234 -74685 -55178
-89088 -67114 85198
76677 -81988 -77955
24506 91112 -42490
22434 80181 46820
12004 -18851 -60482
-18522 -20879 -66488
-42630 99598 -65407
-33294 -50219 43687
18346 77184 -94622
-13739 -38110 -53109
29083 -29266 -16277
-20172 -94593 -62630
-87321 17842 -19392
-93081 -42570 24423
84831 88738 -43384
-39900 86718 -14837
-38260 84742 87276
-67846 -34656 91414
-76928 45758 94526
23788 -6298 -55483
17125 -98038 5237
90022 -68045 -52140
53342 -93261 -28511
20690 62531 -21593
62210 -43463 37773
26669 -349 -35371
-88413 -91061 51550
-67371 75246 -1763
-86363 28276 96244
-63642 -70284 -71917
-94705 8117 -50658
-8236 -67590 -85843
-26220 28717 -82480
68350 67431 -86644
58733 -98621 22594
-2877 11973 -92967
-79865 -3980 18110
-21502 -52408 19006
10167 -88042 60766
-9772 -29326 -60936
31667 -20401 25754
-29052 -42463 17664
33667 8859 12305
-53108 38778 34445
41452 -89131 93461
-45207 -66334 8003
98041 -70194 6004
-3429 -75674 -98285
-11482 33612 80174
-98480 -75314 56253
-98644 -10554 9349
-95558 -5649 14556
4066 72090 -78483
20817 -34047 24529
53754 -35827 50205
52689 -15290 -92495
76341 -59640 15254
81977 7338 -77177
-70693 -69195 -37740
36403 -6594 37985
20421 -69736 97220
-59122 -58908 -22494
89300 -96494 -11020
77856 79811 -58075
-19886 6323 86596
39746 67564 74291
8229 -96674 50908
78365 -94927 72267
32835 45267 38686
-12021 46445 -56199
22554 90722 -77399
26458 -54373 -62308
-28726 76888 -36441
-60610 -42329 -7844
11285 -86125 -97914
-81680 89200 -76056
-99122 -22554 28443
88645 -95642 -25557
29765 -61265 -1421
47386 -49226 -92775
-20835 90346 -88742
71256 -17530 -52784
63213 -86002 11127
-6124 -86046 28771
36730 34991 92604
6831 80748 -75336
24708 -14403 -58193
-87323 25784 38333
-9610 -52311 54972
27795 -87464 23946
86226 -21127 -36018
30815 24763 35669
-45332 39626 -32312
-24516 96240 -7248
-33279 -23826 -9275
89682 -6608 -50639
31755 38636 -72477
-34611 99032 64935
47527 -187 -42888
60522 43459 -59497
70635 81090 85536
538 96319 -65710
60319 14136 95155
99126 -54854 -80256
-86471 1262 -45526
-40548 -68774 -51813
11016 80237 67427
41153 66106 70036
-4366 -25457 -42193
20369 -22058 7352
-83330 63588 -79439
-1593 -71132 21938
-294 63911 -51387
1571 -28553 91144
-75032 -31351 66440
-80878 55529 -3461
10158 -26921 -33234
27304 73859 -4748
47444 -82774 -33910
-43828 41760 72406
12325 -9785 -46302
-73928 64383 25754
-46668 -51020 53800
21442 7562 -68191
80180 -62958 38914
60000 -62963 -39061
-69869 30954 50158
-56733 4947 44583
-2648 -52387 80821
28011 14256 66438
-18256 -66630 98637
38617 40376 62363
95517 -49683 -37993
-71781 -67617 -17633
-63176 -93570 -48473
88290 -57490 71620
10759 -54493 43260
-63224 -90748 -52200
86566 -33137 59056
-35210 -78445 98034
-20073 -14091 87142
-82770 -67664 -7459
82987 12736 85009
8862 -18397 -35239
79472 -7975 -18677
70581 60414 -7727
-87708 83626 -76339
-46940 -96704 55966
80397 -15224 -55110
-57993 -74725 -76508
-50902 54402 14473
8105 43614 -78041
-53982 -73328 5276
96901 54530 -91557
36449 35351 -30311
-53928 83586 99454
28140 38498 -24340
-52841 17254 51829
-29113 84368 54854
-10317 28423 -97555
-8484 74976 -18987
-11579 2082 -6324
96712 -80290 -77485
13688 -63724 25391
23235 -3400 -30395
-37601 -8316 -37968
-46930 74781 21562
-76006 -67652 95551
39330 -15697 -95939
-66453 -10512 78529
46455 38794 -29096
-56561 65598 18991
-64069 88791 19261
-87861 -24290 67658
-78354 27031 -85648
71826 73503 -21766
-59236 -81522 -71411
5005 87298 -34724
96186 3154 93375
26054 -52062 25417
-43187 49239 -97172
-38006 25957 91439
-66440 -84379 -9856
-7074 -57679 39225
-74857 -34254 63607
-25098 6167 -60321
-53743 -76566 -29665
-35032 -82501 -26134
35649 -35907 15069
2488 85306 38421
-930 -66096 -34030
68391 99914 -52930
-47690 -55826 -94739
-97052 -26590 26471
43196 -37010 -65359
54520 -78461 76576
-94252 -3781 59816
-30380 749 80200
-46625 48354 33601
-15362 87825 -31524
-51340 -31915 85665
40647 -22090 -47277
-40301 44760 47939
-42124 -24565 78470
79906 51416 -83490
-90206 -14629 -81282
-30215 -76657 -68791
83292 -14091 -85016
-77315 -1198 46162
30504 3514 -40925
416 -15479 74455
59741 -66569 -77689
31151 -8162 70734
57621 1407 -80108
-25061 18683 -40023
-96673 26750 81353
63148 -23771 49598
-39564 9434 -11060
-89597 -66192 -1841
-96286 -23839 -79375
-76729 -79839 87901
-69430 72716 -28252
83065 84256 -59261
99461 12286 -73742
33604 20256 17732
-69204 -4923 19369
50930 -89796 -99874
-1261 -7036 -42497
-24479 46053 2663
78082 -27373 26746
21160 47011 78921
67324 67664 70008
87823 -11705 -49698
276 -13998 -47268
45136 -75703 60392
85981 -8670 87307
-8140 35053 -11252
-22263 -75019 -67799
-78761 3186 97357
-21125 66752 -37472
-70759 -59146 71102
-40112 59699 -99715
46580 -59640 -48065
-9396 -34958 -8902
89880 46544 -88064
99728 -32547 70666
-77750 39982 -87195
46871 -17363 63726
16050 -93428 -2865
-18584 54357 -29486
78706 -97226 -69576
-99028 2041 37514
16637 -72431 -84820
-71842 90626 71976
-19234 -34536 -4148
68790 53698 -29766
-50482 69520 -10746
-4380 -90947 -41951
24188 -48405 -6054
40007 -74061 91979
22640 62511 -27312
-23453 -6515 -53064
91962 -8725 -52388
93583 42466 59884
-33437 -44458 -50931
-79531 -60080 29140
53369 24384 -48354
73140 12917 17471
19979 -69064 -39753
-71754 -59757 54928
16581 -12369 6552
51933 -83376 7231
4960 -64400 563
-24375 -58978 -20571
-36614 -97568 40926
-77520 33920 -11902
61922 32975 91048
23674 -40049 26393
84516 -55606 46239
12947 -3468 4933
74744 -49394 -9133
-94362 -71424 -51616
-89035 2305 94563
73045 56010 -42426
80147 39658 -91931
98885 -53833 -38602
54316 63439 -41304
-86985 73383 91240
-3991 -76238 -67461
82670 -80382 37487
-40247 -41588 34065
-68559 21407 66476
-99297 87962 -47614
20827 78913 -26700
-57911 -19497 68809
18122 1618 -16807
22025 54192 -86309
-52510 -4088 30570
29235 -70477 -10754
62404 19244 55842
62086 -66117 41624
-71855 46805 1516
82982 27936 -88075
41061 85098 -59913
30028 72698 40119
392 17235 62374
93528 -95480 -15851
20350 -57418 64680
83616 -32912 481
38669 96795 -2374
-45227 -25684 -6693
12772 93558 -61369
9062 -54080 4427
72778 -54580 -84095
80431 51107 -84912
-50599 33657 -26507
60283 -82652 -21024
41400 85656 -62498
42325 42322 -39379
51868 15475 22908
54115 98669 -22618
-75249 -38981 27629
8540 88337 -60135
-11402 -41635 -32189
-62861 -9313 94776
-53924 22671 74043
87017 -3466 22809
-34971 -44121 86961
18972 -81893 -56172
-40666 -47505 -15513
69927 -83091 3609
-52196 1126 -12359
-40551 -63481 45579
-21149 -48890 7011
-86504 -93571 14803
68904 -89284 60566
6924 28422 34924
98102 -94394 73786
-10101 -43294 -12859
-57801 -12619 -43025
-13334 -53913 80865
-36581 4621 4881
74301 -39146 -48145
-25437 47276 -25564
7371 -28968 -31467
-56908 -21963 97128
38278 73645 -60232
-96577 343 52073
-93665 67913 -93353
88471 97545 -3433
9388 69055 -11945
-8144 -64688 4722
42800 54667 53456
-15278 59480 2960
-54441 78465 -49798
-16695 -3099 41117
81967 52468 -16476
7242 20241 -71922
1609 -90160 13950
-49752 27442 -66350
61626 71750 -52459
18853 -38739 14739
-72363 -36224 -64484
37203 40828 80551
-82893 88975 5796
23279 -3820 50918
86273 -7747 25248
-86372 -53106 -14432
93492 53262 89649
22783 -1116 61747
54539 -43719 -97834
-75779 21142 -49039
-43421 36248 77867
-75862 -98070 10831
-49398 42681 57341
-56809 77815 77622
-7979 -2271 -48158
87985 32194 29758
-86154 83374 -22998
2203 10677 23558
-21268 -64223 -20491
-58945 1701 -16192
-51413 -64705 -91181
-88563 -36341 -35382
-96069 -84117 -22770
62116 9131 37525
61492 85579 -89296
-19040 -63225 90121
-74562 -41796 69052
-52823 41820 63133
66223 4652 4794
-93901 -14587 -76096
34267 -9874 -7727
71959 -48135 -89144
13825 -14000 -18178
-67083 -9539 -88450
42082 -2007 66986
-15731 49265 80883
78085 -38303 -55819
-58671 29299 71769
39520 14585 51885
-14686 -51587 907
39341 74818 -17073
-28787 67103 30398
-12597 5254 -33887
90373 -78461 65545
-32136 -11657 -79561
62448 79109 -22377
42820 97042 74415
-49105 -37906 42330
24066 30252 -76265
-63419 -90459 46860
-5952 86294 -21399
69868 -5950 77268
-52159 96418 -51579
-48115 -23930 86110
-32497 -95129 -21035
-46855 24572 55133
-47891 -74704 -92369
76221 -39164 -50535
99543 93073 -47766
-64999 -75260 -41175
-71478 1534 29566
2746 -54641 -66203
-71010 -64701 43114
11167 -89517 -58015
-19152 95108 -53481
-80555 98582 35224
12573 -54363 -41809
-2850 31696 79874
-58715 24740 -70267
94761 -83720 99254
28124 -40060 -55523
-68576 -83604 13692
43903 35601 52594
-58424 88380 75694
28759 72686 -16577
-14796 62373 21610
-95638 70119 54871
39434 84990 10858
23500 -5995 -62014
-17099 86040 -6670
-61690 -16767 -15546
-55597 49786 44325
-73755 27270 -86248
20655 32057 6513
-10475 72840 72823
33665 13464 61509
25202 -56874 -83023
16866 80223 56083
9513 68137 -7226
-68873 -76173 98641
12113 -44162 75596
81909 -20294 -81080
90820 74857 25453
76172 88144 95113
202 -3005 28820
41513 76693 -46363
93375 23510 93068
-64836 21093 14539
91738 50672 -82960
4599 48009 -4176
-39264 -38124 -28968
49059 -36157 13902
-93339 -65285 -77720
22686 -34989 31861
-3637 27269 27533
-9273 -75752 25674
-56111 -23482 17180
34061 37074 83865
39408 -43939 18647
59947 -34903 48424
-19898 -60516 -97626
88741 47656 -53357
88508 11368 8994
46432 -4052 1791
80304 59096 -95879
-35430 -20745 94385
5039 45599 56060
-9073 -10909 97523
31473 44150 -99331
-15318 64872 -79034
-81866 -23013 72135
-78355 65981 44288
62040 86447 -38936
-63155 -60204 6749
42767 38479 77018
17214 -55399 22223
-65571 -71942 -53129
-84325 -77046 -6068
-2585 70481 -88456
82148 -72871 -98374
85333 5230 -83096
64443 -52793 -8460
50598 94859 18069
34907 78659 12468
82045 27355 15882
-16467 -77597 -54782
63789 -87953 1776
-61152 6849 -61361
29904 96414 -3865
-92306 -41873 6924
85642 -46712 59584
52320 -1414 68297
14265 935 4475
71445 -6872 -19967
-50512 57127 -85563
10061 -57069 -47485
96996 69898 56206
70599 88993 -80150
-98696 -1997 -53519
-43970 43335 54760
25081 -3483 -48487
36049 -73200 33993
23705 84052 47409
-86405 89100 -28119
9416 -64408 99257
4763 -75266 -3117
-29680 -59160 22948
53104 -97637 -41425
-37421 19844 -43122
1567 -93501 -11399
8459 1282 -59278
-51824 -71561 -53672
43197 81791 26283
431 41252 -46864
95071 -77 -29595
-80071 21399 -96374
-73611 62445 67104
4414 86380 -19306
89465 -79766 23548
76674 70964 -95650
40091 47318 -10899
8383 -98264 83640
-27037 6846 80810
96109 15338 -48427
20835 -24873 62571
-53705 -50025 40078
-78127 -46170 41653
65535 66992 -65784
-54734 -14638 -79281
17095 37772 39184
74981 -99917 17193
-46615 -38925 45992
52287 85368 -27572
-51430 -59550 67540
83916 -57311 97404
60366 -15459 -25157
38466 -55937 -92979
-84200 -76385 34644
-62761 -1332 87528
40768 28314 26717
-52121 28981 -7490
25681 -27480 10685
98649 64418 64207
-61345 -19865 32417
47933 29225 -89130
29765 -21652 -36667
89584 -66172 -44342
37125 15024 91676
48672 -13888 -92399
81225 -858 82308
79959 -62796 -19416
-9266 -57791 25669
-76091 57389 -40656
33972 -29656 -28765
59869 85138 8870
43666 -87666 18474
63360 -75486 60053
-74653 49802 -41370
98285 -75170 94174
55064 79731 -51390
-12699 66722 12234
-33519 50899 91138
-85979 5356 9859
41680 56916 45145
-33309 -25293 30466
-54619 84458 44589
31265 76039 -76415
-42650 38836 -79502
-73433 28525 -75578
61357 1439 96124
68509 -3406 -37059
-41626 59576 -73580
27736 54263 -91234
30658 37885 -84894
72093 -46925 -11436
-85601 -51419 6604
-16748 -3793 29586
59110 46415 -33608
-18983 -14640 -93962
61000 -79257 95490
68381 -96864 -85483
-23270 -58438 68057
-88653 93151 -41971
44273 -67073 99547
-58231 18722 67395
-59679 38317 58475
55426 70747 -34063
-76449 46890 60686
73068 -47855 5710
-24231 10411 1562
22762 17658 79699
-74946 -50646 17557
55123 90245 83638
-21132 30091 -76768
90725 -47104 41849
-68612 94134 -69723
4032 -3322 41844
16195 13083 11505
6431 92447 73821
55711 45104 50522
30972 44987 -8470
40347 -50242 73657
-26855 94126 84468
48046 -17192 -62969
-78463 6500 21249
-22197 74975 -29284
-78910 -38412 -55182
44488 7124 -55161
89142 -56197 87858
5392 -8381 9533
62265 -78220 -16314
-38611 -49859 -82941
-34982 -10318 -17397
-48614 26388 -6918
86468 -84909 -17011
-15275 85272 51608
4013 -85639 -64796
-17062 -72104 -45282
22497 -32413 -10577
-86551 70810 61319
24808 -58117 -9161
65823 -89225 69465
53897 11493 -2055
93058 -68769 74640
-2569 -99982 -72069
53501 36204 93307
91818 43364 -94792
27718 39640 -24310
-52466 -40743 34722
48 7539 34753
24633 149 8084
-46129 13827 11413
-32475 -99672 9519
92756 19326 92506
-98035 -64115 15774
-90629 40448 -44150
80157 -97885 -63775
-78775 -71608 -31035
-41128 61792 2651
-5705 21803 -65273
-4926 55950 -50165
81858 1668 58430
99765 -11880 -12427
41259 -46693 64580
-98561 31105 17441
-71498 13163 -18865
10080 28387 -54881
-87471 32803 -15795
-57607 -93538 -53244
-25088 -2388 -72969
81191 -80694 97060
-27725 25660 -51555
-16981 38388 -60708
99062 24358 93001
-52769 -18911 91727
-51173 97090 88884
-13541 77955 -89752
54191 -42115 -28928
45615 98445 30594
31182 20777 -29180
-33862 -64314 50998
9866 -43288 45091
-18004 -72344 69344
-4710 -22261 95052
93473 22280 -15675
28788 -34851 4528
71418 -37929 64004
46680 92307 -33803
98589 -16833 71193
98381 72620 27012
-27524 71182 78765
19185 82002 -9720
81914 39625 35116
-94241 -74425 -25102
-37600 -3290 39369
-14366 28126 -1524
-47092 67827 92875
85982 57419 -87171
-62021 65088 56179
51416 20587 30872
-52938 -67969 -36919
-71727 -38361 10119
-49743 9818 -70947
93102 -51502 96110
6670 2717 51758
-98815 -34027 45
66448 -95044 -41717
-91884 72072 -43697
3763 11496 89712
25309 39345 69263
-39363 94901 98684
-93665 -6634 -90002
-14901 -71462 94924
34850 -78102 -43704
-61956 44889 -89321
-44599 -36993 -17528
-5913 37216 26342
-26062 -963 40728
-17138 54752 32468
-31194 44665 92396
-79792 -65757 93951
-48834 -39571 67537
-10271 -74772 -24674
-18637 -47262 94768
83548 35577 19985
58237 8305 -25862
-60522 16562 -8098
-40990 3921 -34290
-35456 -53791 5116
-29364 -80406 -51943
-53074 -19732 34232
19208 -61352 -34335
-24745 -67211 -56670
-16959 52719 72196
-67920 51245 51532
78663 -64819 75264
76326 -57002 1323
17529 -84452 89127
-15354 28935 55779
-79051 -2474 -82000
29306 -56607 -41515
68949 26816 48299
-69203 -74877 -38870
-83828 -91969 53365
-80659 -60382 28806
34659 -27913 81791
26863 -64153 81377
7228 15840 -68002
66630 68910 75349
89222 -2343 -28137
-36068 38018 16278
-15327 2970 -48335
59661 -30253 -84886
11221 -96122 -20419
77805 29309 -40611
-45988 -39444 11405
48258 23823 79527
-15847 -83611 -1647
-95701 -2607 56692
5556 47486 -41804
-30419 24206 45102
-8699 40968 10667
34018 -64174 -99398
-13827 62156 -12225
-24862 -59578 -53856
-38014 28124 30148
97225 -11653 -30158
-52460 21834 -90548
77860 -99466 -36397
42553 -30746 92469
21511 91420 -74586
-63398 -22837 87466
-1002 -74318 35688
11205 -54888 62846
-72389 89443 -12213
-54641 -84015 -19810
45079 -10738 19410
14118 39038 -14044
-49582 -72764 78988
-65347 -99199 74005
7895 74899 65541
-26046 48917 8799
-15467 15086 -17432
81501 87414 82309
-21896 45570 93809
-82999 -39779 -89737
-6246 -17845 -72040
-90030 12826 -72005
84482 17164 6420
-94995 63038 -59785
94046 -53958 -39074
-55854 22882 44655
-6583 46731 85022
-75553 40112 17801
-78521 8824 -16767
77447 93927 7150
42270 4085 94319
-82811 -55001 -85328
-69686 71257 -18102
-78776 66487 -88452
-11811 83843 32323
-84021 -21886 -69187
-44474 53101 52604
60643 -90885 -50656
27381 9243 -33158
-41280 -12400 79152
52164 29606 -71349
20908 16196 -40788
2435 -43231 -92144
62534 67319 -52
32307 -64699 -28260
57946 42649 20450
-14517 40284 -40577
65812 85424 -77280
-34868 20176 5486
24867 92604 35082
27458 -43433 36248
-21581 52108 -24664
-45675 -38745 -5536
-46388 -19925 24479
71877 25244 87129
72810 34591 53146
91089 17888 98128
45162 -78330 -76984
-13513 56734 82983
-16612 71123 14675
-14040 -79333 -84095
61239 9657 -98695
82884 -11213 -9948
-13777 -40299 -30779
40473 31413 2996
-75911 6012 -28919
36694 -38869 72662
93226 -42301 -14695
-84004 -6125 -17810
-16729 761 -94807
-93015 35502 -49160
-49937 59635 -92960
73174 13878 -2528
36007 -46510 -93919
-9685 98476 -49302
-98553 40096 -42367
-6439 -79428 -76603
-41573 -13755 -80207
55980 -36420 -19930
-10820 -49428 27401
-43146 53634 18021
-61193 8750 -21316
-37062 -23362 -60402
8323 -15261 -53609
-37219 91266 -92172
-98763 -67691 -19772
-28020 49960 13596
-56874 -23598 86188
-23674 -38363 8567
10841 91829 -72793
17915 57846 -46013
-13387 64819 -59535
42103 -32510 71
62437 2926 8359
893 70032 11748
-33632 32484 -66221
-45745 -53089 91078
-36959 -19357 16070
92568 88739 -73805
-36488 32890 87867
87069 73468 95455
-99584 -47445 3837
-58212 -74231 -51687
-12072 -77365 -832
39734 3568 35102
-78344 -96495 -36258
-86122 -17867 22279
-24027 -67640 -44996
-41668 84843 54823
46063 12563 46128
-90306 -64648 -81156
26338 -95524 14256
84991 5813 86068
-41414 -30126 -14783
31397 -91435 -7829
-85009 -73565 -26258
-5023 91383 -77408
-71939 -51895 -24369
88744 13439 -71163
90359 -24239 -4074
93343 -46026 -84190
-94641 -73839 -31484
-76807 218 36702
50339 -66067 -33709
65877 84498 82605
75769 -9696 61642
98037 -51825 9750
-48053 75096 71386
-10401 38255 -77004
-79356 97264 -87356
-96131 -86549 79840
-33457 -62250 51522
7460 -12248 -60300
-80604 -9698 50151
13644 -83811 71596
-14129 -25557 -56221
56453 84536 19447
-79491 17932 -75233
-44944 25644 -5320
99817 -71979 8622
-81483 -1797 -24331
-49536 63248 95906
74080 93721 -99962
-35660 -99835 26589
96948 45264 86895
-76413 -33079 -33542
13259 27431 -73696
90875 -24874 9043
38523 86136 93408
81681 -22280 -67857
-25590 -83566 -11776
46656 10221 71168
1828 -92475 98279
67404 -38669 -31962
-9078 22164 -73565
-23725 -93552 -14767
-80011 8019 20576
-22876 -61559 -33489
83865 -36604 26390
-11323 15559 -3786
-66987 -9876 -49762
97742 76667 36693
24693 -9417 -26406
-94887 -69633 89525
22381 59474 76034
18843 82820 -28031
-51870 -44967 -39232
54865 -84435 -51542
-66041 -37262 18495
-12352 24888 -61957
-69305 63676 6773
29528 -81124 61607
3115 -32468 45252
-87311 -37234 69528
-75343 -80692 92041
92097 -11681 35249
-33671 -78901 -56648
-750 -56571 -92647
12493 -28007 61452
12146 46375 6938
-88324 62944 49519
12519 24385 -40749
50472 83686 91874
43183 49148 25879
-89566 28584 99922
-53702 96629 36439
32712 56484 -39683
-1300 -72739 65817
44358 -45055 23370
-91361 65596 69086
9868 78307 20451
-78575 -19979 35147
-35953 24080 -53678
-38948 -7028 -2744
-90031 90816 88269
89884 51395 -439
90988 -45800 -86340
90771 -59744 82345
81495 -49640 -87647
-13355 48979 2554
69296 71944 -16503
53747 -402 6409
-16576 -61121 -89659
33496 20557 10219
-43698 -52328 -98535
97235 -53406 -99163
41284 22924 -28506
-10287 -4244 86258
-39141 -92606 766
91399 82238 -29951
-83419 3511 64531
-94592 34845 54439
-50541 48633 -80718
58124 -99653 -51446
-14761 -85984 64485
84262 25565 51261
-37343 79665 -96902
-53004 77924 77401
-77392 -35150 68719
-47348 55380 94989
6399 -5126 99382
-41963 -50329 -26821
-2015 -51290 73122
-21916 53981 -51928
97609 -62416 -50349
-66917 64247 -30730
-74270 -98506 29247
6260 -7242 -65831
-40102 -57450 85151
56290 26249 -78564
-58341 53566 -21004
-1406 -63953 87003
56602 -65696 -76874
-30026 3238 20648
79858 -12093 29885
12922 -63808 -17252
12893 79077 36276
59884 -57402 -39316
-70677 8897 64988
88021 25354 53063
2471 -7293 -21084
72232 -21701 46295
-14544 -31677 16539
6909 12298 87377
-81093 62422 -62381
-46356 44832 11023
-48612 -3302 89820
-54344 -22520 97272
-11372 -78804 -47201
-64203 93556 -91406
35993 -4250 -91207
16469 -88810 -97329
89454 -76455 -17143
-41497 44414 64047
3056 -84576 74133
-28496 -86155 -69362
90603 15277 -88902
45514 -68904 -89935
74435 74205 -60007
11918 4954 -63988
42164 -28022 6816
92874 11644 -15898
60275 -51956 -22232
-38437 43383 92906
67588 -40498 -2637
94169 -16885 82257
31718 94473 91706
-57911 20673 83086
-10580 42033 -90820
-44027 62745 -78629
19157 -45441 -75237
81943 84487 -33056
95897 46269 -11512
91902 26069 1897
-81315 27332 45655
14549 -49542 4157
22972 -46166 -70159
-48509 -22287 90376
-27029 86148 45190
-58550 18080 -14700
-98918 -13456 -45503
-68494 -74458 44594
1534 -36495 -25237
10217 14070 -42266
-35122 8731 9473
-1874 13082 67246
-16332 -55603 32289
-88335 91686 -7213
-63782 71636 -67576
-62804 -42084 31598
89780 98064 -47181
-18439 -69641 -82496
90669 -52478 30418
35472 20031 -24167
-41012 77621 -21669
57527 31749 54897
127 89839 84694
-87257 -18922 9408
-11931 96758 27841
-14056 -99659 -36976
-1474 41176 43416
77332 -81435 -79443
-22913 93769 38320
-83903 -53197 -69981
5824 -91134 81409
-81122 39021 38388
-44890 -6629 -84045
28552 -57312 53689
-74103 25991 -92668
-86948 53082 94828
23089 36368 -5779
-78569 75911 -25792
34994 43729 87391
-35887 86093 -63198
86806 6594 -150
37379 46133 60564
-63886 79414 99220
9498 -29082 -43991
86289 78313 -83035
99397 46986 9842
-56200 -71662 56785
78750 -74049 -24275
25924 63446 93027
2110 34537 -52757
-35523 78733 16828
-33802 6074 6147
30129 -47254 -75816
30686 37144 83991
68578 -18373 485
84896 -9069 -8946
-4150 40198 49999
20758 -57954 -65616
18646 -68118 55249
42460 -26180 -69229
80478 30840 -33249
-45735 -12921 -1907
93723 321 -99679
93066 -94442 72621
-20208 -90799 -18381
-76856 6748 -82467
30902 23080 -72902
50931 -95587 65833
76772 -89153 63261
-25516 -71497 -26544
2490 -46647 -62610
-54154 -81149 63850
-84136 41797 80022
-46918 60157 79170
-70820 -87061 -18942
81323 88887 -17974
-64038 -13582 -47212
-88619 63703 -16125
-83217 3606 6881
-77221 21783 -52682
16330 2945 -68441
-32414 19585 10357
-86113 24086 -31117
16873 -13249 18508
-10333 84261 -2798
77539 61532 -71991
72174 -39726 -29784
95515 43702 23112
19605 25197 -6630
54993 51707 -939
-83050 -40483 -13172
34265 96328 -76210
84805 58484 64501
10126 9656 5850
-3839 91204 -85403
-45303 3356 -44282
37378 19428 718
-10247 3148 -2743
-46426 -25721 -2558
-73305 -90446 58253
-23614 -4573 5063
-91100 37492 15697
-36969 50497 39059
72370 93666 85888
-43178 83611 -80922
22775 -2161 -79343
69946 -84307 -77637
-88419 17620 1817
70793 17463 -71710
91623 -43333 24554
-2540 94055 79845
84359 77788 -1920
34522 -20403 57981
67419 -89165 -98002
84207 -2631 -80421
-8224 61731 -22125
-9273 -97549 71543
64653 79844 -71208
98508 29239 28485
25763 54186 -6721
56961 -83725 -4694
70911 -71400 54813
59591 28355 -88661
81115 -84252 89443
-93501 -26151 -97083
-73324 5827 93464
50166 -69546 76153
49747 49297 -40382
66671 72194 43658
-80044 95181 -5284
-25053 -85274 63909
33822 52216 74648
85525 77982 44953
26503 -63467 -9178
54920 83718 -69438
42440 92384 87375
-89984 60876 -65547
-94031 32682 -92910
214 60552 40336
-96058 99676 -50931
-26810 -86355 -54965
38547 -60662 -5099
53039 92409 -51822
40913 46223 -39710
-89538 82385 -36019
78305 -1849 37216
21068 54841 -85964
-92176 55002 25051
-43623 68429 30195
-14169 23667 53519
-34496 -1439 90237
-79090 52432 21479
80942 -59999 -50808
-5119 51170 -25650
-46644 66881 2904
86315 -70646 20519
-13027 28063 -33224
92479 -16943 -363
57051 49955 24902
-14606 4413 30471
97490 83553 27885
-70847 -88068 -69210
53217 -93569 6125
-31069 -43314 3469
17141 40425 6980
-53590 -9302 70961
34401 39216 34186
-76423 5644 -38981
-30481 67153 -21855
18924 93198 -30471
56152 43474 -52646
-76615 42518 -43789
-51733 60660 -66524
19629 73373 949
-4616 51872 -56627
-80451 23985 46045
18713 947 83642
96703 -45367 -85973
17651 24057 -43683
85013 -97187 -59315
18911 9497 34845
-20157 80455 53289
41398 -37151 -46819
-57775 -23006 -42889
-72547 -31728 46952
-46922 -86138 -7538
-62430 -70221 -48795
-3636 -60252 -96339
-41540 -28368 49229
-10014 80247 -89237
-84651 -16114 -74950
-58713 -17636 -12868
39980 -71235 -66266
15729 72559 -49887
-19626 25474 -4597
-12571 -58067 -90250
61215 -728 -63132
54605 92304 1504
-66633 89929 20852
-81074 -69 54452
-44230 -32897 -88889
-22653 -29099 -42194
12456 92257 69611
43748 45343 49918
-33130 79560 672
55866 -72786 39713
-12055 36251 43831
55609 88815 -67179
98593 -42346 -78011
63913 57373 -66224
31546 -70111 -10224
98710 -1574 27251
56783 56121 -33963
-11460 76372 -35021
-87420 39075 56671
7001 23658 82187
-57516 -17509 14774
92063 -16494 -60872
26189 -22447 -43436
52658 -39681 76241
-62541 -76435 3517
40274 -46256 -27937
93315 23800 -33107
34072 -45878 -80203
99253 97678 -3503
7207 14903 4847
-50823 -19700 38163
24459 98156 -89805
-47773 44369 64546
76057 -66903 50375
-1836 13162 14071
12220 51570 23597
75775 -59321 54934
-77570 26422 -11396
55817 26537 65986
43466 -26666 -14073
94861 92268 92434
609 -57275 -5891
-95552 34516 -74448
62510 88642 -76689
-45051 -9238 78795
-59351 44603 81965
23617 -80515 55448
24899 94030 -34392
11646 -35942 77383
27859 -45922 -96404
23487 -79437 48618
-61916 -42289 -74907
19883 87772 17950
29531 -56651 4877
43365 76333 -65651
84451 -53329 -26392
28988 58865 4240
78776 28206 6818
88706 91210 -85798
6082 32040 -88182
-62202 -30139 22776
-9156 90480 47328
67412 -75174 -45232
6791 -36648 90893
-65054 81474 327
74599 1630 7947
-85945 97652 88380
-65485 -51515 -78655
83120 13428 -15221
93501 62448 -27291
53746 71836 -34442
53915 1537 55767
-44007 6547 -20975
-54063 -97593 52242
92265 -18315 50918
63212 -84098 -33247
92261 63436 2157
-18466 73084 -53402
-98599 7248 -36557
-92551 20216 -15100
79782 8123 78996
-61235 -27428 -32303
17092 20944 34473
87312 -74617 7970
-53891 -24505 -12143
-12372 -60156 -61975
-28800 -43756 -21724
90359 15280 -57942
55177 65052 73253
51963 -90302 -50496
-98897 48251 5923
89876 19879 67130
-4170 -60969 30046
50623 -89337 94680
-76986 -40020 65096
-50919 13658 -99223
26810 82311 84422
-41921 -52179 68081
52765 -23372 -20810
-54957 46840 59953
26658 92111 99844
75692 -60441 -58231
72596 -29920 -62229
71749 69307 -73657
-40087 64028 44062
-51674 398 -53060
-90720 53244 -9664
-77404 62138 31933
8187 -23905 -32987
-96860 -23236 -28098
30424 -81080 -39864
-97859 -10255 80282
-11431 -43324 64041
-84245 -66744 -86254
-67230 93384 86905
-60703 70315 51378
-4404 29251 -60676
10034 18036 -46480
69982 4 28396
-80685 -34651 -48437
13882 91713 43804
18052 -46920 -73754
-20470 71550 34756
-42614 83961 -9593
-42914 17219 -27800
27354 -20554 -96662
10401 -78215 -45994
-28283 86732 82132
-4166 7536 -45465
-51305 -96850 -54835
7049 -22153 -18224
-38205 -29926 64927
59884 76611 -34776
55347 6805 24348
52763 -27015 28377
42273 8068 -37518
-73034 -67443 33880
73151 -24711 -15901
-39072 89079 -34673
-67445 18924 -35847
-40915 84197 -62585
981 -13596 81033
57313 -41304 -46807
35661 17670 -20118
81113 -12042 -44820
-23653 43583 -39206
-42503 33238 43850
-48342 67843 41129
-67650 23756 -9642
-26103 -17539 83462
-23499 4990 -88748
12733 79865 84831
42595 -69461 -19081
-99627 35227 77618
21306 -6676 39881
80363 85916 -98241
-62721 84162 -45180
-98023 45920 57498
17405 79069 -7657
-2259 60644 15726
-80741 55663 -82499
15912 -80423 -14290
-7013 -88430 -15979
-75099 -39083 68789
-64643 22141 -34200
67943 -22543 79949
45461 -58495 -31038
-40076 27364 93492
41247 -73917 36853
877 -61814 77333
-29883 -20545 65802
-19717 43736 91826
-66496 -59885 -40247
-26315 68951 -92176
-67223 11818 -38467
36340 41002 5175
-8554 -28372 -83342
27800 -5088 -9583
-31763 42003 91415
-30803 6999 85450
10145 -84175 -1573
32581 -69222 -77786
13877 -37963 10245
10666 57092 62891
2401 89691 31843
-23244 -34964 22935
-96021 76040 -55
18125 35529 31943
-22412 72614 -15517
30332 82085 -84793
-6815 -24799 42288
-98044 -45847 -4425
34111 -45911 -47271
52050 20978 -67471
70239 -63064 -91512
-86986 -22446 -1934
-18873 -56908 -5221
47692 97316 -52655
44518 -89593 30359
-3999 -8247 -10475
-56073 40573 -68643
89867 86684 9628
-62998 56819 -20522
-64143 33652 -32325
98886 -4988 -13659
4301 -10654 -47561
-94121 94967 41526
-72754 -23470 -33710
75953 -75853 49472
-70544 -47322 -57814
22286 16288 60914
-81312 5081 -67621
-87934 -45348 6610
77119 -40115 84167
-65483 19590 97391
-80560 7800 -64515
51973 -29772 -13182
-95431 12107 80036
59663 -98691 -75531
76125 -34682 -78885
-72326 -22634 -8826
-2959 -67306 -17131
15037 84344 92606
-80180 44143 36196
56243 64557 -68062
-70658 -51942 -94985
-13183 28589 -13128
24669 -60968 -64739
-62537 -19028 81567
61336 -61687 -20155
-75063 71874 94715
-8605 -55482 -9232
54822 26837 -11981
44866 -53167 53770
60108 -18005 -63073
-63452 -42493 99135
-75363 -21971 17723
37732 -66722 54608
80014 -98477 75341
37701 -1628 -69867
-83495 15341 64853
63903 -14848 -48876
-34046 26570 -46795
93211 5981 -14573
83496 -95538 89644
45127 -50948 25409
-73037 82340 -86463
-80638 24048 71510
-1088 -37519 -8049
-8827 51803 -19172
-86316 5662 -22783
54275 36147 93986
-29156 68263 -55140
8610 -46073 99329
-60376 -53141 -80303
19407 58453 72639
-59816 73438 27148
-91816 -62189 -12408
-38643 -42181 66742
-84996 37778 -30998
-85585 -77818 -91164
-5029 -91880 97700
-17671 72790 41497
55487 63820 -59638
-15211 82045 -92086
75944 2599 -60861
90753 -37328 42835
-51331 -4773 -72709
19828 818 85516
71819 64011 91206
-17653 66125 -62618
76914 -33705 -70576
63407 44727 -49504
-48711 21185 -82750
50634 -84963 -1824
-15857 84718 27505
-29709 -60819 -61971
-90978 56941 39953
90873 70786 -65019
75360 75032 -15765
52574 -24992 -14120
16819 62840 -85048
30764 15974 -45991
73672 40556 -38185
16331 -22985 42124
-12244 -36168 27796
41641 92646 80702
-81985 23682 35273
-82084 -94819 -64202
-34968 -8089 -5608
26592 -50898 62544
-29061 -2418 8676
86975 33863 7110
-91155 -80156 -76710
-24480 9430 -54406
-96149 -30278 87385
32486 -86170 -40756
63050 -12542 -1122
-95864 44147 -12146
-40904 99740 -16970
23278 49192 73972
61410 56445 3543
73838 -81198 -52088
-60218 -91401 -96255
-98312 -81303 33756
-20276 3518 -80634
5304 -17101 7365
51984 -80006 -14349
-70634 -39479 80817
44146 -48897 -69629
39694 12678 8132
-27202 -9841 33041
-44428 -65014 -36339
-41123 -13917 -5021
-70134 25833 12535
28975 51385 -80217
77913 17127 -45073
-57605 56870 -62190
-7966 88753 17410
73127 -9000 34590
31375 -39242 4742
68710 -63990 -37243
-39792 3952 -88793
-10493 96706 -29804
-39775 -88015 -38557
-9182 1380 58952
-98867 -51463 49143
-56053 34543 -62759
-49499 95111 24472
-65806 -15845 96615
-6555 -5528 -58055
-54073 3592 68863
-64379 12917 64584
-43767 -39213 -89667
89116 14562 -88134
-98418 -33381 -36013
60308 -35749 9376
75786 -12907 48523
-34232 -56396 86013
44224 12381 -86684
-48813 -67432 -52938
-4748 -21835 74160
-93547 -85659 -74127
-17631 93130 -38061
-42571 62642 -26608
41513 91600 -7899
-43623 -54970 -23565
15025 96520 66711
-45033 41205 -2274
4861 60141 93316
64131 2454 -21493
32652 -40379 -95434
-28047 -78221 67356
-87777 74796 31282
10843 91610 -92451
-81603 -61317 79623
89088 59966 52176
-85688 -13403 -64992
42546 -66654 72562
86226 -72682 -58596
-32165 -34155 -85645
-54708 -23563 14947
-96126 49657 61223
11693 -89750 24472
-14858 -93995 62715
-69833 92870 -35826
48153 37960 -23715
-17890 -9920 -84896
76252 97251 -19427
20143 -22232 -35464
24458 -90082 15885
-38150 -24830 23092
-34334 47026 82103
74010 49254 11227
6327 69473 58825
67121 8089 96917
21517 -51852 75621
15715 78134 -82200
12277 -90778 -1024
89300 87794 -93762
-82517 -29629 -27292
-74216 -67571 -82572
14485 20848 90153
-45188 -60540 -89864
-84266 -95561 -62416
94970 -78656 -77238
-64084 -16183 64501
92674 6848 59395
74064 -62196 59382
-82320 -48908 55790
98159 95275 -58258
67357 82169 -27165
79255 68303 74611
1609 -73860 -46825
-95875 7699 31075
-24637 -6091 -60785
16159 52769 69076
-72654 94009 90208
77826 -58957 -51417
-16834 67096 -8450
-67029 82322 -68251
31553 -75475 48974
27836 59646 -43669
52722 -98524 -6862
81901 14116 231
89497 -13901 41579
-18284 -72699 -1958
-11580 61119 -93583
28467 -19168 -85872
-7356 -61637 -18458
-62584 -67588 -35230
45917 -880 2156
94013 -87035 71050
-63959 -45863 -31192
85531 -19057 -54377
-12159 4560 -22946
96062 -58416 14949
-76524 8253 -33883
-62111 -88473 62079
-13992 -78558 -66918
-27661 -3259 -49095
74548 -93782 92855
-33456 -57864 86391
56233 47067 -26927
-56594 -36688 65786
18906 3511 13698
-37373 -14104 -33576
-93300 -9600 3166
3265 37870 57053
-58627 13751 47301
87718 -3124 -85183
-69576 -46842 -21758
-5055 -71496 -57563
15770 -61730 -37633
-4407 -33706 16221
-80562 -77245 13421
76292 67916 -29438
-85636 -1141 -69593
-30764 -23607 34685
66454 -75379 -5701
-51699 -42706 -34464
44627 -53708 -54605
33456 -2668 39997
97158 18784 -37548
99659 -79429 -62238
73350 -14225 16311
86662 25108 -52815
-9848 -8860 5797
34439 56930 15299
70757 -49717 -82041
97800 2243 -72200
-43605 -50597 -60869
60267 -61600 -7350
-84420 8602 -62144
57893 -98582 -9697
-38434 44357 18224
-76915 -15344 -90955
-81534 -89402 18418
-32187 -76698 -21501
-73660 -52698 32159
-52855 -619 27915
66354 83888 -12870
13964 -74807 -15118
-91198 -73398 -38665
-62542 86341 78784
-35134 -89634 78458
-6106 -99379 -44330
-28406 36950 -25075
-68931 84723 -46559
47839 -65385 79547
87047 21313 43938
67734 38527 -12346
75290 38222 -83539
36663 -3795 67778
-66139 -57860 -86118
-14747 78312 71578
-65596 47037 36138
12225 -24728 69773
-34802 32855 -28464
15088 -77118 67450
-43942 51043 12107
84190 79269 -38124
-85032 67715 16318
53477 -12788 -23317
72309 -14273 34388
-74998 -31501 -583
-83849 -53818 -85048
41037 30568 -61453
31674 -30900 -46838
-50001 -18020 20853
-50817 61790 -67996
98313 33346 18765
-79131 40835 -61001
30575 -10169 23083
12555 -55643 81258
-44894 61615 -90666
-5946 -76728 75663
-83062 22763 45555
9441 -20392 70093
83011 86995 -1007
-3694 -75420 -15284
60794 20825 -39890
-34734 27167 -19639
29892 51178 -59114
5644 40235 55607
35157 64085 6752
70255 10595 -44410
90063 -79394 8542
-32548 64033 96262
-72723 97801 11668
88128 52404 25579
-6878 11993 41601
97076 -79931 19129
-50617 10667 28426
5253 17053 -16370
82701 -75263 -80135
60846 44613 -85831
71412 2998 34200
-63062 -26958 99098
-79618 -25548 99670
-6964 98020 34947
-69035 -51628 -81412
-9351 -34971 32830
-74000 -28727 -46754
-74606 -37101 -87487
-65673 15036 -53470
-27230 90864 -41951
-16736 -58754 -23175
-17117 -27422 -70253
-78144 54193 54936
-62998 -92340 31774
88480 27443 62235
20751 -17497 -29350
