2114
31599 -98844 -12869
-10135 -85830 41065
60217 -62885 39476
-84805 54404 -77290
11163 58725 -63078
40010 -62607 -49087
29492 67729 33149
-27916 -61620 75501
-78191 -79528 87175
-21626 18494 -89415
82112 12396 -39379
71105 -3856 9777
-69525 -71203 80245
45815 -75238 -5619
-51271 57532 -67044
-75145 71946 -44752
-87443 -97138 -11384
-86334 42724 -24388
-43336 49032 70408
-1330 32296 80227
59595 24045 -98890
23222 88497 -21820
13714 -41315 -68057
-84034 -81763 -36211
71375 -29466 5290
-47471 94790 -34593
-19467 -80591 -16460
55910 88709 65570
-57841 39025 -99751
58807 -88292 -92360
83909 -74342 -87168
30527 -86149 76344
-49551 -37032 -18607
12530 93497 80866
46105 6892 19737
-72862 -45691 -96876
25293 -31100 12421
-20329 51722 9729
22297 -48089 -34041
87221 12480 25865
13233 -32458 77726
66909 -52066 27215
-27648 87737 46130
78365 71334 -67472
-11258 -88682 -94632
79136 -13947 82381
-18418 40708 -70439
36452 27965 -59373
-35660 -72957 56753
48858 -82130 -4955
34279 89871 35741
95208 28326 71618
-62931 42505 -64186
-36767 26386 10269
-26347 45450 84553
-97528 33502 -27760
-3191 -24213 52739
56881 -66806 11039
61269 -45864 -59750
12130 -47542 76754
3838 -56466 -16251
10112 8348 -22354
-58597 -38790 51597
1987 59252 -65815
-10955 19338 -35178
53424 49027 -85448
1591 -30241 54794
74083 17369 28573
19260 41607 75608
-18258 23968 -54825
-53542 -60611 29244
3422 -99181 3794
14250 59758 -92504
-20511 -14911 -86218
-58961 -42785 81432
-14188 17236 -13501
-78754 18634 48259
-49831 36807 -40079
-49638 9283 -75716
-53512 7243 20401
-20381 -10158 75615
57867 93443 -28062
81766 -37719 97858
6465 83595 4206
55222 -5481 59507
31834 -87804 72882
-95805 54703 -55818
17877 62382 -41937
-38236 40067 -68149
1669 13648 93436
43395 -94315 82594
82127 53786 21277
-74400 68638 -20978
-65830 -44089 -18033
1253 -12800 -66678
79539 58115 -1670
78923 80942 -71582
30695 81460 -14367
95574 -97500 10974
67460 -58438 -87334
-51671 57425 -93459
-12362 -12939 -49177
17505 59604 -86620
37134 90400 -62868
12830 48958 18436
-28809 -85826 -75881
-83815 -83943 -57066
-31476 24906 97513
490 -25252 33146
-39182 -81416 -35627
45818 -27328 54488
-96251 81718 -90138
-84394 11963 32009
-34886 2402 -85968
89727 -81536 -19000
-17766 -4723 60205
84865 -15006 63284
-86563 51289 8348
-98159 -95430 73078
36309 -98527 77593
-64502 -51021 88387
96206 -43214 83976
46405 -71297 -64792
52389 -56959 -61176
36249 -1472 -10792
-7439 70726 82621
56719 1723 -68789
-9311 18696 -49588
27111 -23402 6020
-42964 -17117 -96010
93880 -14975 80819
-86847 14818 -40187
-88742 46141 -78420
-99676 -59912 223
-41682 -43072 -66204
-18744 -53400 -8088
61403 -655 -82707
53752 -65691 71678
340 5995 -19349
-94015 53926 -12411
-62492 49131 -31763
-69876 -68647 -21244
63703 -49272 27785
55138 60066 -36298
-78561 89179 13219
20866 56192 3731
-81127 -92431 23456
-3669 80165 13158
18712 17661 -7179
26904 31994 -46074
-66787 38484 -28736
61784 19624 22432
22909 15345 9206
51662 -41909 -49672
14964 -93602 -90173
14883 -4061 -8792
62118 16169 3791
19253 -302 80865
-58030 -16434 24976
39291 87022 28606
23277 -88066 58131
52269 76938 80354
-96087 96483 75603
90596 -16249 39945
18115 -58344 42424
-97698 13252 -14041
-88269 16114 91002
83681 -17351 -90702
38268 -60913 -82033
77770 -79486 -20184
37470 84038 9717
-77450 -70459 11024
85964 -6952 69731
-7352 28773 55886
4404 -61461 69557
-76086 -74002 -2493
-40886 29741 -20239
62164 10400 67770
-38411 47421 35334
-92091 99417 3468
35560 -25894 27110
86444 15851 66443
-79342 47660 6841
-73638 83158 98943
39846 -44617 -58699
20013 25881 -48594
-93241 32940 57148
-95801 15426 -69702
61059 21153 27399
-15167 52341 48032
-71517 -86663 52344
-80586 55102 -24174
75923 30315 -70286
-55269 -15903 47601
-86048 -30171 -60648
92927 71445 72967
28254 99722 85953
-54743 -58833 -7142
-17789 93725 4341
76526 -43137 75734
-25800 40263 -66467
38453 3996 -42627
-66468 87910 -94014
-15025 -82564 -99407
-76975 -79910 88402
-90357 -52879 36060
24294 45102 88536
39939 -80033 85708
68992 34571 -31150
49550 98531 71508
26507 43686 90954
10628 87338 -30405
-38959 17261 91643
24143 92838 -20962
17542 -97626 -70476
26438 -37448 2178
-45501 58174 54344
-53915 61590 29843
-7222 -90640 13284
-77743 2546 -55659
-89659 -51314 91615
-52918 22633 25
56526 -33809 -3285
15476 24976 86903
-87160 -80429 89879
-88723 -97677 -65073
94234 88509 -81429
99721 -48051 89678
31156 -47652 10491
-50519 51472 89233
69009 -7781 -85511
-63978 41909 -18569
60309 -18804 64763
-64328 90136 -28628
25022 14059 64693
-65084 65052 -53388
88748 -6109 -95085
54190 -18824 68
21644 91415 76019
75821 -52944 -13629
39850 -17469 -98050
-68212 -35087 -163
-54792 -57518 87880
-19539 -57841 28674
-96359 99452 -92343
-87687 99065 90944
14284 -34132 77835
-26222 48076 20025
96071 81853 25809
-73872 -66650 -57658
70770 -48611 -96153
-90289 66576 40284
-20888 32680 90920
36109 77342 -27508
-57868 -86186 38095
11085 55859 -21616
-40877 57498 88913
-24889 -33640 -18454
-70429 11092 21197
-44862 -92134 -93443
-36736 -35009 -39819
-13916 -56433 -44475
77541 -68479 98015
-55460 -15820 -56351
63289 82149 63218
9390 -33356 -27780
-68295 58549 3999
-97902 78241 39260
77959 -70983 -32874
-58848 98852 -14732
-62033 -90873 99210
-62741 64021 -97642
-30830 80499 37083
35143 49003 -95909
17640 -30412 -2620
84896 -97546 8196
-85642 -99821 -96572
13047 39815 -77869
-5919 82648 -12393
-3882 -59742 16088
48227 -82713 66977
92806 16852 -9187
95768 -15941 -37065
-55006 31744 52371
-31254 -54109 -76759
81610 23738 -38438
-54215 5950 -16578
40235 70265 -68683
74651 99033 34851
-64939 88685 46760
29529 62422 92990
34852 -42763 -8558
61313 -68947 -80167
-46528 92956 -815
34777 -63659 70821
-97297 -62829 -48323
17442 90592 -2138
10565 -12754 68050
-37455 73535 -27510
-71592 80435 80258
73455 -501 48141
-42735 78968 -7621
53431 -58626 5409
-67488 -51963 9776
-32944 -66343 26832
-80876 -9008 85126
84400 -66343 13671
-14499 -96723 -28314
19974 -95680 -68926
30740 -86605 -14069
61589 60892 27104
35240 33334 32209
57907 -34317 -72869
-3836 -97221 -10680
-50955 -54145 5756
-3604 27915 -94187
-89812 -94871 76073
-33020 -48467 -71879
55522 -56511 64160
-23538 17584 84591
-39132 99154 36128
51684 -60029 -65072
18836 38485 55813
10455 -35918 -78530
52738 14107 -75992
98083 -56410 -88241
88289 73228 92865
-37885 10422 8510
86783 -73981 77673
5880 98938 -83490
50281 53725 7870
75407 -94640 81821
43677 -54773 93519
515 -5650 76645
-37402 80620 52482
98175 57139 -4738
18873 19502 -88993
91057 -17801 -14311
31857 -64247 68762
-75208 -86922 -30477
62261 -19519 -75126
12211 -76785 -92314
-54601 -57076 89818
95208 -76647 -65188
82784 -60208 -22432
20845 8008 -28318
-45679 86778 88542
-856 84531 39788
4139 10660 7571
20560 22290 -57457
-80368 84457 -46010
58024 -39515 -37658
-31537 -68884 -99887
-45131 68591 14219
57647 -41834 82076
-41588 -11566 -42332
-47605 63471 -61001
67115 71636 42608
15357 -73422 93209
3450 -55880 -66246
-1330 -40058 13389
20951 2257 4152
50689 83086 76947
89551 -15343 -65016
-28561 -57273 94675
-44914 -57889 64726
-97648 -25515 -38382
-97672 -76681 -28107
22613 -76719 -46144
-73424 79455 -21900
-87910 79719 -67817
-20004 -7561 22820
-8136 41953 97864
-84618 93995 56113
-1718 -79771 99339
-26023 -45434 60560
99889 59576 -55695
-18491 -71761 87295
-78374 -39409 -40919
-19000 -1168 99763
-58440 -37654 -99503
93562 -78674 19544
30727 66450 71426
70993 -43473 -1560
719 74862 82313
-88544 -86897 88519
-21536 -98062 27059
7123 -61842 -93247
-38680 25490 -22446
58689 49202 73106
-74983 11393 3301
-17879 -63370 -67749
37100 -64384 40534
1675 58182 48949
93198 -71416 36762
-82959 12826 -823
56475 -83312 -43675
72897 -62838 -23430
65405 -36770 68162
-62866 60158 -22155
-34125 38376 -77959
-87647 43489 -84201
79171 -26502 -28455
85756 12992 -32889
74572 52683 69419
-2550 85641 -90824
-59992 -29574 -71499
-36893 -41562 -5465
76896 -8818 72761
-37078 -61489 -4273
61027 -98757 6487
-1252 -74819 76184
-13398 25355 14152
20768 85826 -70486
61019 -9955 -23235
51890 74938 75363
2630 -21157 67689
-30718 29055 4131
-76691 -85701 -94601
86159 -67288 30102
-56492 -36754 -46076
-42850 -94312 29570
-37886 2160 55406
-71330 88951 46641
-29468 -15879 55911
-42458 98137 -30605
14254 87052 -77218
49871 -95729 -41029
-56348 -12717 73099
-92857 10641 -69457
36056 59288 19899
-26924 68382 -24762
-58647 -80597 -27460
-29981 -62736 -43957
67685 -67076 -21953
-93851 -53577 6724
38502 -29246 -7871
-36306 82104 98654
30484 88540 -14220
16914 84586 74076
-74954 50877 66606
55970 -43320 -73378
-36744 54438 -54394
52979 -42242 -13026
35270 6223 -2796
27449 -6590 -28137
-17637 55705 67518
86849 53301 -23265
59477 -22365 -96840
84155 -7140 45707
-21599 12464 -51344
95148 -53462 42808
-33164 57883 1525
77899 73708 16271
67808 97184 12087
-33766 2715 -74188
539 96471 -75786
41202 37762 -57846
-8841 -92125 -81296
-36113 56712 5474
-9355 29222 53322
96402 -26261 22563
52266 19679 98441
78893 -67194 -20303
-73778 -48937 96844
12611 -65730 27999
13895 -3362 -68938
88057 -54535 -47640
15743 -75939 -18941
35500 1012 -85069
69619 -38376 -53277
-9808 -11974 -72718
27275 -9367 75936
30611 -22615 84477
93227 -70907 -59148
-48927 11731 -79183
-79271 -96624 13813
88817 -83124 -89457
70237 1639 -90748
65944 70162 94147
63815 81439 58170
-93493 -62304 89567
53329 -40252 89417
-81589 -32712 32698
12474 33801 43158
-45299 34750 99955
44051 78865 37145
16182 54851 -45878
50053 -81356 94932
-26226 -97539 -55661
78555 76837 38152
-67248 3021 94624
-29760 98742 96892
-36688 -39005 -4468
38281 -50936 -65100
-22074 20361 12681
-78774 -76632 -41864
60977 71620 -28043
51668 -90231 26242
-90853 66820 20287
-6943 -46171 99351
-43991 -8403 96488
19119 -17440 -41002
41698 -62637 -20685
50449 -4068 21170
51765 -15842 -41645
-86791 -93071 -98364
-51077 -4002 64123
61563 -7652 29103
-46612 -67016 -8634
69976 -77429 -82777
60587 77262 91594
-88174 -5991 -63827
-79934 43629 -39658
65318 -55919 -37011
81761 45251 -16189
24252 -47690 -75643
-63852 39666 65850
-18480 48306 83804
-95799 67925 -27078
-61590 84149 -28788
-6455 29697 55500
-62048 41120 -24916
-3006 -41474 47861
27874 82928 30549
96047 -26898 85484
42148 -74428 -28521
-34580 18313 224
90488 24398 -76966
54713 -48895 2693
56759 -53189 -16349
-21813 -77446 39794
-11671 43283 -62017
-2811 74911 -38296
-77416 74742 -55292
87767 -24236 -43531
-59395 74306 -36099
-74814 -70639 74588
-85063 -86327 -39947
-45684 56856 -60702
9125 84027 -9742
55277 -60799 16540
84566 67681 24744
-92186 12683 -68426
-49500 59657 -15391
29086 -93240 67433
-43372 -61591 -69219
-98395 -42664 42802
34370 -72568 -52240
-50606 -85075 66363
87918 -62706 28670
84423 -17367 49012
-24364 13240 -38761
-2611 -29388 51590
58732 -90807 92464
30856 95536 59221
-1385 97971 37156
-34700 46532 -67839
5086 -17689 91108
-22100 -7480 -71144
-8788 -88115 48525
-78471 -68803 -34279
-94367 94999 25809
86616 -28657 97186
-92298 -8496 6584
-64846 94272 17175
-24592 -34455 67844
89542 -90010 85330
74597 95270 42018
-54817 47241 -55181
-80391 11864 -13546
7063 -30244 43321
24703 -1025 68241
45399 -84350 -67381
1277 -52570 41126
46788 29104 52436
62610 -37416 13566
5369 -29170 -53264
-19775 -1419 67797
49923 20732 72878
-23920 35108 -61013
-67899 -71787 -82835
78522 30403 32428
-9910 -58135 56354
92888 -44847 65847
-58491 77732 -73906
-46159 29562 -82881
-57404 -34283 -8027
-62060 15918 -29771
-49260 66920 -38390
-72485 97523 71576
45383 70177 47921
-75495 -43273 -79846
58119 -48857 -6007
78518 10159 61687
-52566 -7803 13280
40183 -39021 26395
-19319 68882 -61864
17416 74213 75641
-6312 -43064 57843
86555 -55670 89175
-78264 -93154 80454
8227 -97973 -50703
75155 -32585 -58552
76185 -34521 61428
-25212 9129 93042
-27386 -48412 -11740
-16397 -55541 -45042
-44042 -78458 -26857
-81064 98321 66536
87914 -16957 52873
-40722 -59571 29372
67330 83770 -95391
-43955 98579 99397
-86776 61620 48821
6775 -85389 86785
-89548 -14352 -56524
98644 -29172 -74537
96958 34355 17493
-66439 -62812 -64533
-77990 -53998 -20510
-72237 -69812 97945
-11389 25130 12747
1939 -48793 -45340
-51061 -12580 12046
-49567 85050 12934
-57034 81026 -36378
-39044 -11240 -36844
13726 26689 -55788
-13831 72078 -8145
-64242 -34474 60852
-27667 -50784 -17524
-26762 5822 57543
-71194 78009 45994
12336 -23866 -13709
11564 -10054 49473
-51193 -98067 -18681
-82345 -79586 54552
-50586 87883 5659
14799 -96285 -30759
55593 -49123 -97929
-16037 -80621 -93298
-52341 32516 -4847
-16865 -25109 77637
-7522 67072 2945
-20017 39055 -59927
-77610 -51106 -13680
71962 -92556 -90563
11057 -50607 8889
5577 -27809 10592
-4684 -95810 -91609
88074 28063 -48376
-81880 67972 -50810
62375 3567 53523
26890 58679 -19455
96820 -4633 -91254
7785 44261 -97526
11240 -28598 -85393
94234 41181 41880
-16112 -49332 -71861
-41986 44150 -11619
-78927 20840 -90796
54849 27422 -66792
-40512 -58262 -99431
25398 99223 42887
-19469 -68061 -5634
-41272 40226 -5128
92201 -91805 55799
67392 -49977 -46397
-1077 -83992 -96932
-39857 47918 30886
8307 65478 24110
21555 -76465 -87903
-22965 -18097 -62990
17730 37564 32664
63170 -8283 -97576
-1634 -58884 -32266
-88057 37288 15675
75863 -92706 75161
72011 67641 31957
68925 -9366 -57113
-77316 50516 -17634
-84560 39318 75854
46197 -15302 -93782
-39134 67239 26180
26142 45281 89905
-77002 -62262 -3972
56669 85767 -29457
-47952 -68600 -38483
-38008 -48936 -52372
98165 91413 44542
59377 -61362 -91849
-95289 24840 70649
-45473 -50958 70207
37630 -38 60817
48368 60781 9542
-665 -14556 48743
33406 -52927 -21991
-12602 17953 -68843
-21374 3447 12492
-63251 9414 -41287
52299 -70458 -53324
16612 22356 13142
62690 11402 -47336
70208 -94695 63489
85974 46354 -82371
-28720 48503 -44055
43829 69107 51279
44579 -90886 19805
12477 -94287 55921
944 -79769 61934
-11998 -29975 87751
-46388 56400 -41574
-98091 -17471 93662
15473 34588 -94773
-34065 -66253 25526
9856 -59632 14498
-98224 -19522 1732
3093 57889 19309
-10825 63588 98405
-91203 67517 -8299
15897 60474 -86687
-17065 65088 4256
31969 87722 -65305
60016 97408 24119
-18471 -74590 -19786
71117 -99865 13982
-37702 34648 -20229
61488 -95483 28418
-31682 -92640 -31167
-52938 45022 56183
-66010 -42113 24458
-93706 94303 -81844
81000 41172 -83620
-97095 23574 99465
89173 -80321 56171
10946 82096 -21436
-19849 -83287 -94707
-39880 54802 16017
37426 -97130 -73246
-70528 94790 -75651
85639 -34227 71254
-31655 -91511 11004
10348 -76139 -30523
-40942 69967 -9435
99823 98250 5600
67125 -6881 -44875
-41530 -25350 -81992
3282 31415 -58841
77585 80092 27696
56631 -53807 -69635
-22811 -62979 99997
1179 -96316 52154
92412 -15946 -39763
-28067 -92653 67699
29817 47424 95165
-12204 -69328 62348
-34319 -16695 -21874
-59536 -50492 33523
-12007 -87907 -62684
77926 36233 32775
9929 20308 96349
15400 -53221 8580
-41834 99900 50736
1011 -10162 -34380
-77010 -73031 27302
-10331 -84086 38339
27877 22580 -10014
48206 -75950 -12787
39542 -19817 -21461
-35490 72653 -31132
-7645 -9810 -85480
-87803 56347 82222
7337 76299 94390
37130 -25439 49323
-4982 -49412 14043
14611 -96181 -92525
-77353 25168 619
-50287 60154 31916
93406 -65808 -9295
-79457 36373 32484
-17435 -93958 26718
76145 6501 -80420
86711 6183 67655
-11137 8863 4930
-98765 -91962 -34746
-53188 -19119 -62962
-49478 -52821 10322
72783 -47397 94794
66668 14046 761
56423 -67354 -25585
34426 18644 27810
-86426 44558 -13704
22884 4741 -6716
-6961 87535 60163
93829 58848 73882
40176 -67058 32541
20023 93582 58356
-71345 -34336 76534
-81939 -94952 -79144
51367 31523 23282
-41724 -73096 88466
1437 18125 -94451
-55075 41404 12709
90695 -84719 -3187
-31518 -43728 -60700
67372 -73426 19778
83732 -82272 19616
-63646 15130 88475
-30009 -19557 -97714
59822 -8640 84801
3111 38346 -77629
-84573 -46473 -48980
-83950 -41871 41366
-14138 90372 81920
-27668 17680 -39697
42422 -50245 57102
-78805 26811 -27020
49820 78481 39668
78173 -18678 -77868
-70044 39548 21954
-45365 87861 -12378
1255 19561 18605
85389 -82812 -63067
88712 21491 -12041
35385 -26243 -80361
79080 17097 -87761
63625 -95095 -663
96536 -56212 50381
21894 -49748 -92462
32600 71805 -10371
-33085 -47065 6112
-77945 -3114 -44444
70723 -4500 32750
83060 94123 43284
19826 64797 -46146
50341 13734 -2780
38681 -38821 -77845
90433 -20103 -70114
15554 -43540 13858
-92431 -14566 -5279
96076 -86527 4994
12132 -74041 76727
-76229 72903 41459
-8792 -87533 96807
23349 29757 -1687
-46739 86935 -9187
-67564 -526 -30310
97489 -12674 -38087
95847 -59175 88690
-22501 -8759 -19178
-97148 -69990 -24336
24176 -46633 73897
-93150 -61829 -2018
-99095 -32740 -41173
-64876 -35460 10351
-37171 87668 -71678
-73812 -37482 27371
88509 -77355 -10903
6207 -95183 69267
-4946 63473 8581
98089 84073 -24648
83534 37140 -86252
-29732 -76255 -38109
27149 -38108 -28921
-97011 -49435 -68451
-84363 -97170 -84967
-52987 87188 -46936
-44104 57528 -40965
45623 -70644 75099
-36188 91166 89383
26366 33706 61566
-49344 -8879 37927
-74717 7671 95279
9884 -98160 96970
-562 17660 18570
54016 69451 -95698
1787 7723 -77442
-73146 -68850 86849
82797 -42445 16262
-24578 -29197 -18684
-17546 -45880 -38766
-33537 77158 17576
65717 -81556 -63584
-43358 -27046 -28599
76548 -88647 -42546
70284 -10588 -45066
-64839 20896 75456
55560 11798 90122
14821 5034 -6774
-58656 18715 82618
81287 -21397 -71677
9605 -6572 56447
69618 95350 -91611
8963 94732 3102
-4903 70288 65964
-47828 46117 26984
-62660 30180 -42728
-50770 73335 46411
41597 -88471 13739
8622 93097 -28024
-95580 1723 12271
68826 39991 65232
-6713 -7568 -39310
-90416 64493 -51903
15810 -67170 39769
-5345 46501 -45579
19979 -6729 -11641
93808 -5422 -56140
-84061 -69553 8017
-46177 67877 86216
-80627 -80619 25343
-99187 42294 -79020
49388 -46308 87665
86549 -38107 -48707
-55492 34791 83419
65855 -97364 -27212
85134 25504 -38488
-29458 -52624 32698
31763 -53452 81339
-64140 -41459 -22764
89694 42583 -7511
69735 76593 -3824
67356 -88515 -25766
-15512 25841 -65810
-96680 95155 18775
91008 33304 52311
-52466 -60472 -8990
76832 -97708 83766
-56995 45557 -78805
62362 -45320 -84541
-59142 31133 81398
43384 -1969 77074
26434 -75603 87137
-25660 89307 88038
-97756 -7703 -8624
44586 55905 76864
29035 37195 55729
30502 95147 -99131
-3675 -82399 -89266
-95946 26010 -15706
-13810 19543 -57275
72561 16862 96527
-25651 99125 68639
-31997 -17533 -93058
43820 55463 1265
1509 69756 24997
-35447 51053 -10692
-46258 34681 20397
-76695 -65366 50400
66325 -7670 -28627
-84268 93675 -79328
10765 -62210 18885
-37778 36354 -54548
41016 -84387 53301
25271 -75643 30666
87738 -52846 -16249
-27060 -789 75037
36271 98842 -28386
-60881 -7444 -2324
-10639 32529 -51820
92321 -89084 15726
96963 5624 -78190
-60791 83586 -33529
46230 -20631 36044
28007 20564 -61231
-14431 31132 -14901
-64988 -99136 49251
88785 -28828 63395
49058 -99036 -37147
-28018 -85006 78022
-15167 26574 -89186
28866 55400 -91051
93530 38379 -99273
-64018 12743 79408
-34723 -77321 -44574
88796 50096 -80372
-8039 65305 -6577
68401 -14615 -1663
38901 -96321 -43205
23666 -64361 49406
-63835 32573 54876
-99845 64840 -49293
96262 -94920 5599
-34664 54149 -46782
79906 -66066 27969
96032 -30000 -33156
-16069 48917 -12520
-79426 95552 -9484
933 54773 17456
-1626 -12846 -30787
-46804 56159 -59735
12462 -51088 -66293
88182 -23910 12813
-90876 -2 77642
5195 42403 -18867
62898 66848 -72738
32304 62455 63581
53257 79722 68329
-71945 1221 -86725
-70191 24783 24930
86543 38466 -12978
62967 -74738 49303
70479 98547 -26180
-27174 69093 -50573
-99644 -10396 -73607
16767 -28689 -45038
73261 -13997 -80344
62308 -56822 94221
84091 65699 18948
-49302 -41325 -38841
69387 -71466 37688
63164 5091 -1883
-23590 53216 -68058
64273 96921 61745
83850 -72146 18884
17638 -45122 -78904
29803 63010 67946
-56635 -10327 27395
-68051 -69443 -82829
-44582 47393 -12757
49472 -91648 56104
-10837 71951 37109
7238 8625 -98021
-4899 -27410 -11138
83587 -59130 -13395
92416 20906 -41612
-25828 -7807 -8785
30782 -53931 14310
47207 -18062 80729
-46435 14079 -85851
-45812 31445 -10640
-49627 17207 -80806
-64572 99401 -22556
27212 62309 -91407
23098 -44326 71559
80702 -13228 25931
83793 -64743 -71753
16981 -14046 69437
22199 76884 -26260
-13540 69181 43288
38068 86174 -46776
-96245 18961 18815
-45947 28593 80397
-77894 78592 30179
53617 -20840 13521
-98160 8565 41604
26928 72266 -63142
88296 58978 -20712
32381 33146 -95540
11481 -1441 -69779
-9359 -70084 -58090
-80211 78648 82948
-79246 99647 77513
-76646 24673 -29398
74063 6949 -31816
-27185 56322 -31270
7703 -20758 69725
-49248 93535 81740
-15433 3187 -99157
32070 -58300 -20406
88408 25245 -52563
77819 -31574 2829
71381 43691 76080
78254 72815 -59593
36952 64797 7617
16527 5931 67108
19931 -16348 56484
-98047 -26474 -2638
-82589 29213 5465
-58433 -55377 84192
-99291 36842 633
-69741 -61616 84814
-35330 91939 24645
-12679 -98618 -54433
-68293 -92476 -96354
-69010 25806 94873
-2600 19834 94074
16820 -81519 -51795
55438 -56924 81240
-18951 35654 58462
-92004 65093 -88422
-82912 -2124 -99329
-96418 25982 31832
37551 -18072 51896
7948 71127 17350
-40223 33155 86418
12781 -48711 -1083
-8880 16400 -40422
78938 41126 -31438
85704 79584 86466
-71751 45177 -15522
77439 -69593 -85422
-8371 50937 99367
46252 60178 79149
72059 -54122 -42329
-65175 61006 81267
21942 -39854 -22237
-50765 61538 99283
98623 -5589 7567
-57444 74075 20230
48951 -6342 -18425
-47879 -4513 -63168
59654 91388 91360
52902 -25860 -1429
47131 11101 -11600
-56164 23844 -1883
-67555 -60697 28627
-87483 -39098 -65106
-89090 19315 73889
-59500 7495 45340
65822 82163 -23003
28270 -33028 -91676
32521 -9981 -83346
-24672 99 -12165
69767 29233 60694
-76252 89937 26243
-7276 77909 -31979
81463 -913 -83804
-52393 -89847 85934
59057 1696 91550
-47004 29751 -19326
-39799 -23755 -3906
8476 -10904 -3523
-3072 19950 -55945
85254 -16362 15762
72165 36146 -36334
-78069 34769 -2042
21073 56969 45003
75214 44532 15146
48613 -4926 61782
-56562 -88827 85001
35623 96244 33012
-38375 -98858 28687
41557 28492 -73534
-4449 -32793 -89475
-21846 50985 19155
-87644 -24304 18079
-4693 2641 80151
36535 -46347 27177
35570 -43092 61601
-25693 4841 73846
69693 -11255 -96018
11185 40572 44800
-22709 53026 -78037
24510 90056 -35179
-40494 7550 95277
58994 -81340 49062
76869 63177 -74601
12899 -29807 -91812
-75111 -6205 -30700
-93734 -1862 8891
-49968 74123 10470
-22692 79487 69838
-38002 63827 54481
93531 85579 -57282
-52312 -33065 -74032
-5682 47284 13161
93038 45364 -93171
88444 20797 -23629
-49529 -71649 -21469
-99857 92599 -57636
35883 -95513 -39096
-25828 -74716 28908
14804 75259 -86478
-40857 93706 70787
53243 -92927 -62435
-42008 8519 -41373
-8597 29099 78601
-93021 75327 338
22240 -12460 83292
-18667 8429 35408
5449 -430 55739
-11817 -19688 90403
32733 86397 -81558
-59979 -29092 40248
-99383 85232 -50521
51652 -42420 -99009
-79611 56212 -53955
-85546 18931 72298
-61879 -30130 84148
-8352 -31359 -31074
-83745 -22626 50112
73000 1392 -90258
71896 72670 98357
-24206 25962 -57127
85828 6511 -10375
38893 -2346 83359
-5459 23418 -92104
-42557 -38029 50547
1647 14574 82576
98192 15976 -62305
81699 -62222 -3350
-59334 92949 88929
30739 -37574 11503
11845 47868 77844
2588 -8662 82378
55531 22036 -8671
73261 39180 28255
-58012 27206 66353
-44274 27355 19385
1715 -24902 10017
-37591 -88037 51240
-55306 -40963 -44299
-66927 -14382 33417
16573 -94268 -56262
-54222 -74865 -40399
52608 5418 62245
-98926 22262 -54702
57731 88894 -84367
10056 72794 -21904
-30748 26804 -50908
-55034 -47713 20059
-93656 66554 -71914
-96848 14990 -88619
93349 -79006 22415
-45900 -87145 -17244
72588 91558 -4671
20970 -24477 23969
-91685 -72860 -16127
-17473 -30490 36410
62506 55745 51654
77227 2107 19565
-11618 54726 28521
60710 53732 -45998
-26434 -62243 48475
70246 76998 35603
77265 -93016 77184
-45834 -78611 -99809
87647 22311 -98152
76626 -18425 -72444
86159 -45866 -94024
19420 53231 59101
-19004 -43181 11910
-86993 29131 -33310
-77384 47295 28960
79344 -30717 -40235
-75435 -85788 91780
-32790 12742 51904
-77215 69683 -15087
92033 65802 -70182
31002 -34867 3777
22893 87622 50242
48920 35504 19552
98012 -58003 34492
37675 -55040 18630
-62961 -3242 -24507
-88328 11487 -74436
-82146 -40161 -67254
71725 59061 78655
-89823 -75197 -68091
22611 2220 -40021
97838 65191 98146
-52602 39182 -89329
-69695 50020 -23946
30774 84985 -78559
-44776 80238 97458
26116 -54999 -57215
91084 65514 27196
-6133 70716 81612
-73891 19683 92454
62026 64424 -44074
97943 51321 -6996
-27272 56390 -72452
-83251 -72888 27452
73901 -88079 -50890
-64736 40409 18892
2059 -36832 -34310
72405 -70860 13029
-49603 -54652 98236
-88181 -9935 17700
37277 -62353 -30440
66113 -59730 -18645
-6873 -95877 6123
-97395 92918 -14971
8683 71729 -20045
-69186 -67868 15372
23359 -84492 -92003
67776 -26602 95610
-76843 -40404 42860
-58584 25404 -48704
96050 -87994 27450
-22732 2543 23102
95630 -73423 33234
29693 52096 -87355
-7862 -72728 59568
67958 95955 27809
41220 -23503 95758
-42793 78971 1320
-7342 32604 70795
-30199 -52184 -43456
32229 -55616 -15440
31535 -1200 16566
-61447 -89614 46156
-19689 66350 -73887
-79890 36868 40597
33046 89934 -40851
-31764 -6646 -37164
37518 -63169 67524
81326 -30198 48057
53148 -21583 47932
9738 23722 -39575
33789 -86605 -60041
-61406 74384 -53463
23229 75763 75970
74989 -82747 -40580
-71958 87909 47753
-15027 -99617 55234
90980 -34466 1078
91595 70064 -53062
21751 1960 89480
14462 13271 -51434
69636 -24444 -89315
9479 -91614 -16781
31961 -77265 7076
35569 -98937 84262
53833 -66330 18915
26493 -48306 126
-86643 -93850 -70371
-13739 3290 68224
-85544 -76263 -86429
29104 39651 76047
28347 73039 -93170
-24320 -22338 57448
18073 65718 -69339
39450 40215 73535
-70982 33605 93354
-22892 -68009 60946
83653 36776 75730
35079 -28608 -15801
-15618 67646 -15578
-62621 81088 50785
22845 28411 62733
34564 -6889 -43246
31494 15355 5566
937 -46441 -61536
-48407 -38918 92785
-34576 -65279 -473
3345 94423 48907
-55187 -25923 -92946
-87976 -3372 -32832
-83595 32029 -67837
-15936 71860 -50808
25302 63165 -84280
-78219 36924 61233
95740 -18422 -63152
-66633 -86388 79020
-91871 -21890 69776
-82121 -90163 3459
-22677 -3604 78893
-27985 27138 34848
28227 -51387 -38225
72334 -19402 94987
20861 65575 33410
65680 -29364 51472
-59372 -86516 -11933
-38709 -11679 -21128
-1595 34355 46960
11498 72308 82672
-39899 73243 78871
34176 -1398 31180
70004 -62091 -49435
-85084 32530 -11092
-61045 -8423 5830
-53565 -97458 83997
72015 26284 -47069
59626 -36819 -20316
-2595 94964 -52455
23683 34970 -7915
94407 -85200 7302
-85292 39880 58032
37447 -6505 -75762
42268 -66146 -40842
40763 -97824 -4403
8816 22391 15610
1909 64830 -10073
-25992 46276 96711
63673 -36995 -45555
97431 84331 -77101
62490 47535 -24070
48141 -32421 70248
21769 -74202 -57807
-10261 -47238 -48717
84722 50477 -10308
-44867 -76832 -34726
-44115 49699 38881
-25420 64814 23030
-58007 35781 -72883
13714 -58734 -130
-29776 -36958 -4239
11078 -41286 22213
-24259 -4476 81987
91917 1257 54760
-91354 2120 72679
-82463 93559 51119
-19186 -12090 57181
97749 -40760 -39107
-44089 1263 -13215
53273 -52395 -18689
-3862 48554 38526
55276 83277 -94923
35947 47430 39955
-3459 -58768 56091
71763 19513 8831
-92246 -23151 8176
-51362 16388 52052
-64245 -79134 62597
32350 -823 2773
17360 -46314 -19826
-37623 -21793 98024
54957 97011 37188
81862 -86769 -97807
-8372 -61320 -46522
-4584 -83759 -25274
27947 89336 -51812
52979 -92808 -80660
22548 -33037 43598
27928 -90319 -34440
1864 97370 -73198
8816 92346 18000
57860 14296 -14488
-82959 96219 49598
-54422 -84241 -71683
-30532 -72958 14339
7787 -89582 94882
70165 86073 5813
68821 -64980 -11966
63522 -96788 -40991
71704 13388 -78859
-97002 -86135 -10361
59259 -67222 32996
-20313 -37399 68598
-49574 -47921 -2148
-24994 42080 80136
-81590 -54902 -60648
-37130 -99504 79455
-34989 -9772 -29631
50905 88005 81006
16541 -59337 54023
24066 -33006 54878
-20356 67422 75856
40006 90301 -22439
91164 87832 98998
15996 -7952 -43767
-26446 62103 -69775
73965 -61379 -85208
-54145 -6726 -58566
-76600 -51234 50296
33379 -56344 -58481
35085 44191 -51925
-72543 -6594 -5806
41762 -24355 50689
39245 -28872 -70216
45341 -20584 -89799
-82809 10510 -11155
20388 97681 -12785
-45293 -60080 73013
-13242 -74983 -54207
52091 93029 -24486
-21477 -47186 -59577
12159 6552 19525
33651 -16621 -62175
15727 -60399 11039
-61586 81189 15388
43022 -82208 -50854
-27002 -36916 87424
-78154 -90570 15536
47391 -37085 36962
19874 89284 70444
1464 -23563 97963
-50984 74916 45833
-23633 15473 -43054
45056 81146 -53341
61555 -65727 22994
-28982 -38290 -25886
-15507 19834 -58982
39196 -10738 -40743
-48743 -13269 70031
-28284 -47784 16504
-32185 -28016 29427
-40581 44006 -18719
62575 -17949 77806
36640 55679 66468
27999 -80503 -85766
15625 -97827 16095
48554 22143 -62672
55015 68776 -50767
41878 -29837 -54816
34290 27336 -85654
-28993 -84496 -34238
47602 -60280 -50805
52042 -69014 92608
47727 68295 11382
52767 55420 -30663
-66890 37548 36029
77982 58684 -89208
-23192 2605 97081
22390 18082 -88853
-14575 -5837 32508
69104 -1454 92854
79410 -74936 80741
186 53295 82788
99916 13453 -90462
-1320 -51428 24393
14484 46147 49231
36961 42010 -40638
-65503 15014 83327
-52741 -89407 -61634
94868 -38468 -29218
-73358 26363 -56394
-55488 89524 -26832
85492 -27296 -9760
93988 73138 -53530
-67221 -20751 5854
-63150 16941 -95557
-24705 55602 -89101
-49543 -83871 61183
-71177 -78951 -77672
90189 69967 -95687
-74434 99333 62877
15074 91282 43733
57369 60810 25521
-90461 -95207 44188
44434 31589 -81495
-3766 30573 -57274
15969 75543 -42862
55696 28790 -58556
300 56955 8650
66184 -14867 -39406
-83647 82829 57430
39472 32197 -53294
47457 -44391 -38380
72562 30830 85785
33203 41053 89317
-82476 97338 29160
-3578 88265 93443
54866 24175 -63947
63250 -72810 -44227
-9894 -31546 12294
37274 -52611 -45933
74529 53521 64203
16535 -8794 35425
66470 -56942 73608
31076 -85025 -94930
9037 8823 79511
19191 49501 -75402
-43267 -90539 -87623
29337 93053 -79850
-69071 71721 70338
-9013 -66748 14364
-16087 29632 41671
7708 -61669 62191
82466 55244 73883
95897 -19868 -73421
-36732 -25071 73710
-14472 77186 21995
71097 49225 -76045
41073 28308 -24221
37410 -51619 -17343
-98148 88807 -64926
70459 20394 78140
-81600 -81363 54573
-33617 33118 40950
58432 -65684 58555
23049 -41298 -44004
-3878 8256 77182
74454 -47351 -15977
-42828 2957 3024
64686 32705 25028
-70579 70784 -50321
-4822 -94202 -87702
-62667 -92624 -79999
-42850 64798 25701
98896 72806 -43623
-80141 -47704 95133
53166 31304 -23533
-90618 2539 -88777
-28380 -90820 42715
5389 93111 -49088
95783 96023 -67361
-92084 -11761 -60703
28222 17901 70664
-89924 2542 -50488
9434 82249 40212
65323 93019 -65956
-27013 69061 -13148
93585 38412 -4591
1499 -53980 96880
16245 89625 -86251
23162 -97964 -82538
39070 -73981 -50769
15630 -80462 -83403
-41337 -7942 11848
45577 49013 -7405
91491 -30640 -18870
-32818 34664 -83685
46403 -28518 -75128
36593 17986 -52016
-85989 83764 -44471
-61042 96446 -33002
-92379 -18267 -56498
-37889 56674 -58771
59885 -54508 98050
-3303 -28454 46908
-79380 -42459 -4901
98066 26014 9841
68186 54660 -13523
72464 -99060 -57576
39938 68395 26758
-26543 36668 -86915
31714 40734 -85914
28928 -77207 -21066
-40881 62729 2478
64252 -90501 81738
37841 -9201 28483
12964 88726 -30521
97282 -73868 -1898
-89240 38109 -48583
31315 9921 77071
-62344 28528 35492
-74769 -93970 -81236
32502 24818 18672
-42627 81847 39775
92551 -37334 -74740
-28500 79953 -33107
-70814 87787 -49979
-54351 -98969 29928
56393 -68965 58589
71368 87984 23292
3530 87684 -68981
9905 -32558 85558
-28439 33325 -15561
-11709 72774 14797
-71935 -38438 21785
99742 66991 -48086
-99972 -45493 -28924
-71574 31134 -78918
59022 -45136 14747
-20806 51122 19356
-74358 76042 17738
76824 -7237 14374
2331 94169 -62798
72281 -64861 70786
-2298 -66050 65272
-83385 4955 97336
32785 -96179 81231
-69369 63177 -54795
39579 92986 -57746
-71123 -39755 60994
19930 -22840 -19972
-83672 -99183 -78228
-34919 83046 88084
28511 2411 -74646
63659 51066 12784
-82793 35474 16660
-82426 24224 -74457
-67419 29931 86821
-85322 -46005 -79799
61171 -68427 -13873
18743 66045 -55004
-18019 -48201 1675
-36744 38934 -16436
13223 59093 -99734
-6122 -67247 -32312
23879 -38307 -67092
-60740 87863 39961
44579 -16985 83975
-57873 54251 -95585
88514 68876 98656
62626 57926 6220
23475 81710 70801
-76913 -54507 87712
-27084 71362 57665
62780 -56349 -14549
19321 -6117 34519
-2229 8266 -38717
60383 5869 59633
8310 -47089 -10084
13272 -56991 -27135
-47192 -41787 71926
97838 96475 59989
54018 48159 -75538
63348 6538 -24697
81318 -23811 -45180
3969 18941 -57154
-23119 99683 -27208
-49040 56205 94413
-57839 6210 85166
79533 55897 -49470
-50901 22973 99891
60203 63600 1933
92017 -23614 79752
-34133 -16349 5056
58372 -33214 6371
-20238 76601 21547
-36911 13165 -31716
54209 8266 -59547
-41968 -68604 -51487
-49887 -91067 26796
44412 -49119 -3979
-54668 -64163 -8874
60717 -51240 388
-10024 -76440 78086
-47656 60198 -5594
84878 96032 74293
-29688 -3075 96179
-32967 69261 -21493
78759 94060 -26983
39830 -35045 -65108
-33847 -87931 -81573
-57084 -64635 -87950
-88206 21291 85586
15832 -91050 -53330
10560 -62380 69905
-73526 13214 -94664
-21898 -54434 -81308
91103 19165 9561
39303 -4514 7109
-76764 -87398 -57599
-29416 38685 79008
30759 -24369 80029
-55302 -35155 -75374
53976 87940 99191
-11006 -30874 99511
-73210 87262 14999
17778 -69480 -56720
-9645 -32987 -55395
-64370 -469 59264
23710 57853 -30516
-99262 -35569 13014
8170 38280 63265
109 -76364 25518
36988 28338 -58476
-18163 56662 -36857
-38155 -18044 23964
-46878 44733 59333
60053 10529 31080
-5696 -4555 -52876
87502 -18951 -33685
-42132 7323 91956
-7480 2001 -56063
-90781 -45710 31971
-64081 77110 26393
35482 -55951 17520
-92490 -65006 -6198
-78392 10257 -32553
-26172 -94400 -5223
98211 -39641 -18258
82521 93767 -77693
-33231 49058 24312
-37153 -3856 45292
44570 62968 19587
69194 74972 18683
63372 25648 98764
34694 59471 -97355
-11836 8993 28915
-3820 -18351 30155
-92668 59322 28903
45078 77045 -45064
91544 56228 51158
-72174 -20175 13092
37998 15007 -43007
27415 -53172 60025
-36985 53785 -80892
53055 86302 71871
-56282 -93366 -17715
-33189 -82082 72906
88541 70045 78465
32436 -21519 -47347
-76137 -39461 40536
57390 23418 48131
54811 -75233 -21739
26709 51454 99773
9705 46699 -35074
-13559 83114 24856
74968 81613 87103
78663 72995 -20771
94035 94771 -19905
-7426 -50034 -34037
-692 -39803 -90326
26779 98812 73730
73452 86067 -74440
-67014 -65899 -16223
14614 88200 -39764
577 -38748 63937
94087 -47 -43204
48574 10501 -29583
-68941 23288 73826
-5084 -11011 73162
54023 83242 -33871
45264 87798 46630
-94690 55767 -73703
37415 -66378 -83436
12191 -1587 18419
-78241 -95219 -74153
63336 -4664 64748
-90568 5691 -5952
-83388 -44690 -71488
-22243 40399 -5583
15170 40318 -23398
-32880 -33541 -39711
-2318 74419 -89879
84175 -81213 -16036
-65941 -19438 -68933
-18269 99735 -95912
73126 -80124 -22759
84302 -44497 64955
-38909 82560 -78227
-45305 -52450 38446
61383 25560 32676
-90956 23442 33438
-8758 45089 -18461
65157 71917 24955
58716 84547 -45408
-70956 71644 42711
46822 -56020 -66688
91069 76163 9944
-96133 -25224 75902
60319 -39468 -36291
-70854 92608 -31687
96339 63535 14808
-1435 99374 -88489
21463 -46844 73962
68280 -95974 -35893
-91453 -31577 -8392
72102 -881 77356
-62636 -50044 99376
-975 -33453 -15773
76909 -32203 -48669
-68450 37531 -73958
-79529 -75556 33642
-34903 -59461 -73617
-16712 -29666 36868
3209 8813 -57631
-15406 67620 -12346
-57787 -22857 -65726
-31702 48013 -72198
-4533 43007 -83569
-373 8323 -86811
-17164 80913 -63697
-90975 -48006 -93098
-75914 -52009 97979
-17496 -10985 40177
-90007 -98706 75830
85201 36425 22380
-55176 86938 -25655
-6484 -59714 -19186
-720 16809 1494
61665 -3151 -53912
54787 45879 23980
-14409 -99297 55590
96474 44482 -86070
-52487 -5976 -58494
-60409 -52559 87494
-1359 -88276 4761
23693 -44132 -69563
-44244 35870 6166
55936 -60363 76393
-5274 93004 -47716
92799 93767 -73825
-2771 62944 -55521
-99440 -31881 -54241
-79590 20315 50970
4481 60590 73467
28889 -98231 -66177
80332 -57665 -70744
66620 10438 -79188
-63016 -21739 -79753
18319 38281 85075
-13408 -67125 93589
81130 -42223 -55071
59540 92831 -76824
-40149 80548 -20205
-27069 60681 91658
-63473 -10587 67133
67836 -34257 23679
96121 -63573 -72356
5916 58178 -21679
53730 -18243 37504
-81930 -94764 56045
-95570 -85849 6750
27026 -43176 -43437
-12218 93530 74345
-84021 -57569 19965
16642 36031 20768
76608 95279 29159
63316 44883 -53369
-59651 -28788 86671
51719 -69705 74601
60250 65563 7960
-13392 52109 827
-94695 92285 -23288
86779 30151 -76002
12697 82781 97596
-94530 9299 68719
64334 -25396 33162
-61258 -73563 2731
83464 98840 46544
-90796 41386 -257
85405 -15454 37979
-69737 1869 84285
-2122 85171 -30816
49324 4047 32720
-55559 -1893 -65791
19702 86570 -68233
745 -11225 64054
42854 -26241 42100
-66195 -99542 -4000
25882 31751 -77913
48937 -97306 -26583
-6884 -56645 -62845
19768 -52365 30802
-27981 -80481 -12754
-36776 -5290 -54354
-12441 -56527 -56888
-62759 -45414 48064
47685 80927 53261
65231 15031 20669
-2137 -27961 8266
17600 27142 -56906
51751 -50124 -53106
-66603 -92469 -29209
-50935 -68985 83177
5835 -22966 -59320
-40138 -88231 218
-97706 28071 -45967
-38958 -92852 62273
-83123 -89245 49922
83523 1735 82204
-96656 -18456 68082
44493 19382 -5047
-76327 59539 50624
47745 96283 -12415
51628 26323 -51906
-16811 27746 -31937
-31174 17828 -81499
-25300 -98348 52130
-43751 74430 -66560
-87068 96428 97239
48692 -74318 61442
-81720 -50822 40458
-92680 -68858 -54203
26201 78074 55644
78172 93343 66127
71217 -67327 -87952
-44844 -39225 -14668
-55575 -12619 -18972
-17546 93468 -99267
-49313 -50185 -30646
-29596 65875 81707
-40714 -14644 52845
-15887 68663 -22663
-83360 25253 -16885
16716 -35277 -3003
-47704 -5831 7772
-76506 -49289 -61837
-45901 -44976 83739
-49978 -67939 14921
69309 34094 15692
-99857 -30483 -35436
60431 15468 59766
-21773 69439 8956
71924 68259 -89224
64371 -22958 27538
19082 -59943 -28661
-74191 70544 48740
37790 9129 7963
-19157 -31753 49060
-36908 -9244 -61529
-93157 95803 -88719
-17313 22504 -98536
-73984 -85969 -29831
-46229 79695 96332
31264 -26616 14750
142 70875 51274
-30852 -67904 97582
96734 56862 14593
52971 -14108 -53476
47973 -46947 22873
81360 -15050 71374
-89048 -29118 -87613
61980 -42674 -79761
23787 14262 -66021
-11871 72542 88510
-61788 66415 33420
-56697 66421 -301
-89698 6258 -23773
92705 -87739 73011
71964 10569 -54132
3331 28598 -7047
44440 -20627 41592
-57237 -37351 9828
84085 97824 -36919
-81632 86813 -54670
-85310 -91623 -23358
81289 14709 98674
-17601 92084 83623
-6967 -89437 -76732
-17615 -38788 38266
-31783 -38257 -17067
-51123 -23850 55514
-28191 50887 864
-40310 68600 6915
84754 63001 -28476
-83753 11213 51676
33106 89368 -83873
67136 32091 -28836
-13139 93877 11812
-79810 -34432 -1679
-65303 32663 -64385
12036 87647 65543
51197 87262 81333
-55168 -67416 53519
2435 95105 94674
48740 -83683 -29989
99352 -78103 16090
33750 -38464 -19537
54316 -12063 -67452
-36321 20625 48497
-55890 -56559 22806
-47816 58899 86668
76205 73180 28339
-12520 -44915 -65288
82702 76736 -88271
-49645 -61699 95878
74344 -37520 -54693
-61799 -95679 43110
-86315 -32616 3695
11585 -46111 -92896
-30679 65338 -19091
-76655 -27160 56349
74437 86660 17292
-3422 73978 -18149
24939 -60539 63449
22244 25150 -51753
-91702 73460 4053
-82003 -16072 -39879
14526 -96448 81453
77653 11733 -10960
-81001 -85941 34102
-37610 6667 -42239
-93033 43322 18996
70255 99314 -11400
37593 -6612 -18003
-27569 45429 48164
-82004 97337 10758
-84919 90131 -12565
-32837 72939 -29668
-34021 -75780 26942
11426 7328 -34778
23197 -26029 78831
28418 -88688 2991
-60200 -55237 60488
46928 76279 91349
-70942 -5117 -43946
-56201 53593 67109
14057 3712 -55448
89687 -96192 -37812
56326 -77675 -76668
-71104 17932 -65187
-86126 47059 -62252
-9477 51145 -26820
66522 -43997 -92068
-7525 -8165 -42585
26536 -58671 74073
24482 9499 -74595
-38416 24158 -14085
67593 -12450 -73090
-77497 -10755 -77499
-28246 -17165 -80144
38195 12100 80468
-92254 53744 -44856
81930 70369 -26746
-34065 -50482 -54305
-91365 89338 -86456
25045 -8400 -83951
39878 -52374 -578
-44730 -76745 35459
11492 80304 -26490
-12964 -13330 59405
56116 -17054 -41889
31659 62959 98329
-87379 -32959 96932
34055 -25536 69198
74589 -569 -38947
67751 40761 -84707
-22017 91548 -13312
-89448 -89772 -50658
-67183 -41887 17697
55588 22818 -8854
-86568 -76073 -49635
-14122 -83764 -69530
-18002 -69093 -56129
-76049 53624 3695
46014 2662 10291
47251 70181 -84187
36073 70855 -13519
-56989 -65244 89293
-6493 -64382 -30233
87338 -24391 -10591
42307 -50745 84101
-47420 -32658 38828
76622 54439 89075
53948 20820 -84802
80237 72391 35776
91541 74671 -38569
-515 -30934 -38943
86984 12018 -54294
95856 51574 -5433
-53492 8244 80119
34102 -8269 -92988
87719 46554 -66120
60200 -48334 -85097
28667 89252 -63832
