1809
-30 -71295 5348
29258 -67218 -14636
-91390 47589 41059
10869 -90007 -67938
-6058 71933 68577
27714 -99534 -66087
-94233 39222 36685
96869 -25948 -12441
-24575 -23596 -36836
-22332 99005 -59905
-65190 31731 -57026
-12716 77668 55479
89382 89936 2250
33569 62203 -97445
-61638 -19151 68972
-27787 -77755 11392
-44057 -27082 11195
50122 -29654 -60438
42539 -75981 70925
-70795 -42601 92575
24554 -79192 46086
-18823 60704 -3796
-64600 70228 40249
-67287 -13382 -46366
20456 -68207 83145
-44781 68739 -86138
-85424 -97 5237
6530 23117 83178
-50070 24201 -15830
-12310 -29035 -78985
-12480 -39116 31729
-84837 13909 -3350
-7369 31136 86997
-81380 40207 88959
-21851 23200 -50493
-21331 45701 -23776
-23395 -65630 -89980
-65888 52757 -75216
-16606 -44338 55670
24718 21138 54589
-58703 17064 22664
39082 -16675 -384
25175 -41849 -16329
41847 -12584 13548
54750 72867 57330
77735 -36623 86060
-18389 -78804 22789
-51226 -41092 -21454
-51753 59684 -505
65285 45014 -8806
-11737 -95079 -54547
18247 98794 8044
-46112 -25477 -28390
38486 27668 -41389
81387 -7312 38685
32124 -31036 55454
23415 -76837 14165
-79539 -57269 13214
40024 -37041 -38345
-57878 52145 -72512
-84382 -99977 97752
-32975 78310 94915
-71060 -12371 3800
35386 72347 53342
80986 -34843 81691
-78298 14136 -46481
-95828 76068 45344
51587 -58847 93094
-21565 12498 67091
26571 -91257 -20876
-74198 62882 -36627
63936 60637 28987
617 58540 99932
-71709 -33700 90569
-79504 -27362 -92106
12872 -94356 1566
-68533 -80208 42907
-88412 -58861 84734
81148 23761 41893
-85350 97793 -5148
-30902 -8405 -69212
84014 -12731 74146
64049 79564 -45813
77318 65824 50505
3474 -21311 -28062
87834 -44976 47630
18359 -19107 74136
-57790 -27307 57025
5414 -81194 -52805
-66816 -57063 85416
66277 -96862 18876
-48142 30269 85468
-75720 9612 56058
-46551 -35991 -5558
-91710 24564 -96181
58887 -99577 -89604
-21060 -29794 -17964
-31395 -16509 -91738
-74674 36389 55842
92382 -82224 -78186
-36761 -60281 -84081
39017 74970 -87816
-54327 25464 5433
49292 47979 42372
-44000 -19179 855
81372 4905 -95024
71379 -55592 87099
-99658 55717 1336
78987 17146 -50528
-41707 12725 75646
79208 918 52638
-49787 98319 59231
52428 22889 70361
98218 -54017 98232
87628 97837 -99035
69323 8641 -32079
78235 8948 -89063
-4106 -43391 -40980
15340 -47575 -61248
29761 -5449 20218
83702 87502 25181
60988 80990 -986
97205 -96904 52578
7827 69898 -24320
69617 10595 30075
-57081 76998 35204
-54053 67350 89541
78951 -38527 -40142
19282 18541 -11477
-73346 29122 62892
-25153 -2978 -1699
24474 53035 54672
-74899 23638 67574
-72175 -25967 9476
-92218 99674 93257
-74537 -28331 25849
15327 -62143 -79018
-52776 49233 36235
40269 -63778 -30112
-30850 77867 35849
74174 66746 -74772
25621 51463 -80764
78910 -81354 -97506
-69188 -9995 7038
-49768 49903 -70151
-67729 -70135 -52799
20983 83282 -30102
49403 -1906 -2494
36071 -30776 35486
-61044 71768 59367
-60873 -58672 98900
-89221 69301 -55808
14703 36684 -34370
-40056 96366 -27769
-35599 -875 79154
21632 58113 -89969
-47190 -61241 6869
92795 61566 -67197
-50133 4613 -86023
49437 -74549 -99932
95226 47195 68795
91826 5410 -77752
-73154 26517 -3530
41335 -76881 -86789
-68229 73872 99944
-41584 43241 34938
-86365 97617 -34722
-261 76572 86704
-62161 2611 93892
-10312 32372 99324
36977 -96161 65151
86721 -25286 18424
74577 95344 -32431
-72279 83409 23086
27252 -72021 -69283
-3383 94364 6184
-47786 -16965 -45424
13923 49276 -14779
6073 -13926 -37928
-15650 33752 -47446
67935 51287 -47032
-30619 54567 -20920
-84353 78699 -86145
48247 69728 60293
64186 23798 39819
77776 -59926 42320
6533 -31032 22897
2190 -52218 -60553
-36147 75656 -84535
-95706 83021 2080
-80419 34795 41104
14530 -51087 -84414
46231 -15572 54693
41406 -70177 -66248
-31319 5424 -57294
-93124 64035 -61269
10522 29762 53289
59980 -49920 61296
39546 -95950 45280
-78309 -16762 -12136
44451 -33662 -35425
-85370 84274 80312
89095 39914 -74354
84851 -52566 71909
-17295 40587 83082
-37196 -43372 -45543
-96021 51838 83864
-13197 -59316 -60979
5156 -25800 -10073
41701 1128 63429
12661 66347 46026
-4903 -77274 536
-72719 -38894 75498
-69373 97407 52536
75663 70590 8380
-27365 -2397 76342
63375 -79360 8509
55688 -62620 14406
18479 70677 -8937
-83434 3706 -8809
55888 71997 55001
-49699 806 27798
-90607 -53558 13196
-60017 -33111 -34211
50643 -66960 -84131
-85740 13541 -57737
-40742 63094 61273
-69043 80209 75730
17544 -13711 19350
57472 92400 32760
672 -16781 -76875
85347 -31760 -33184
47974 9056 31131
-94610 6337 -38653
30873 2383 92260
-79395 95180 -52460
-9592 77889 87010
3091 97358 -68780
17709 -67863 -39956
68345 -36150 72353
-8199 -78398 82521
-23161 -26289 63585
-42499 -63458 -72325
-49431 16001 73447
41955 -32954 -60394
-98576 -57095 -69884
-57993 47567 44695
98055 -96517 80519
47596 88864 31190
-73882 35128 -18844
-84443 54331 -9805
-72617 -75271 -18915
-30020 -19375 8208
69406 -19129 2806
1888 20350 -56201
-99942 -61785 -67313
67870 -77801 26385
-47745 -28881 -72858
-78675 -57240 61635
-60200 31144 77188
-12163 -78944 19933
1037 53000 47546
87328 75969 -22622
5371 9976 69446
-82494 -22049 47022
-69655 28279 79663
79801 16257 5912
36756 85368 58860
-33212 -43178 -15314
41845 -48024 -23965
18099 87841 10468
68145 74633 -47351
-98347 28774 -65478
77139 69371 72982
2392 37091 84536
30992 -1078 85834
-42731 -69269 -98985
-89593 -49322 -52336
90273 -53213 -98742
38732 -65234 -75195
-22904 5106 -77773
61669 -18831 21290
-91383 -3648 -76836
25103 99968 88538
-14658 -86380 27989
-69665 17966 77490
52366 74318 -78291
51170 -30283 -79574
85320 89059 -13724
27360 -57647 22208
47262 29243 50898
27122 -34298 -62902
36837 72012 -54895
74044 -27813 54490
-33817 67965 32864
-69967 41927 -64987
-77383 -1587 22432
-25059 -59978 -53619
24935 94118 -9751
-26792 17221 -46446
87192 45720 -35515
38106 35334 72190
89127 22606 -53724
-87169 68488 31758
8454 34738 32244
-16875 84816 34302
45437 45127 -55184
-92378 -44502 86616
-7889 -21662 -62123
-13547 -97005 -49654
-58078 87259 26275
-64760 -53118 -23015
58535 -84043 -73600
-16842 -45861 -69460
11355 -46720 72366
99053 40979 -7383
-74170 25144 48549
-15127 45714 -50830
70054 54653 12250
40551 -99677 -57133
-40244 35297 -14357
89231 -30012 62204
42427 29718 -454
4137 6789 45730
38987 -55388 -37963
52313 23324 -29775
93867 -70356 33752
-62316 53222 39216
84770 16569 -44779
94150 -24545 68125
-45570 -16294 -99984
-3006 14784 94075
-92567 98467 -7907
-19956 16445 -85642
-96331 30303 2543
-72801 -69498 20688
24306 62669 -85983
29408 70184 -14033
1411 -74614 11643
-36672 -16430 -36813
-74748 -30259 -92424
-20771 516 -89128
-60597 87316 -42795
-96212 -7237 -88905
96721 -40034 -88502
-62581 -26860 9875
-6051 91077 -51865
98677 -14053 53511
91027 -71067 -23633
47519 55285 14550
84182 63981 -89568
-7725 -64038 -90868
94650 -18758 -94132
-75933 -3009 -23125
-36408 -28435 4812
18480 -93303 50969
-9148 -82497 -96374
-53755 -54766 66834
55793 6523 59091
91680 73933 -92476
-52749 43058 -60353
27957 -75371 -57969
-54265 92099 -55984
93233 21085 62425
83138 -57019 35318
-27731 -92849 -10105
85072 42881 -79248
66737 -73571 -75488
-62995 46656 78521
79401 -5507 -69238
84411 -56527 -34627
69202 -77074 86819
60485 -25987 -81536
64715 83764 -3257
58731 34122 20510
-43028 -28452 73912
-16864 -57931 92592
98765 89730 -51249
-60752 92820 -95439
89085 -37165 84808
-75423 78184 -75232
67564 11099 -34204
794 87063 -4926
-44159 94687 -17021
82056 58322 -35729
41406 1998 -85554
30526 -28801 -22814
98722 39685 38355
60713 67965 68880
-17990 3936 -51472
-57556 -39639 71042
6590 -73481 -27734
-82017 -99862 -85052
-95422 -33998 -69051
57223 54487 47221
-8388 88128 -13313
61792 -71190 -30496
68640 42032 72248
78726 69624 -14767
-46942 50110 -34653
74800 -1468 -11598
-10345 -51596 79437
46513 -84904 79201
58958 -4768 -56387
-2472 22344 46794
-36273 30452 97652
38333 61716 86887
58574 -75666 -7871
-42646 -35043 43057
73544 -18108 40262
69345 -69927 -34496
24020 72252 81951
-45049 65834 37758
76579 -41766 64881
27873 -75898 6372
16305 7723 -32928
-91889 -12161 -38010
-93829 98510 44154
86421 28715 861
-20226 6629 232
65909 7540 79633
20019 -14104 47190
-60013 49092 -86
-30639 -3745 -82874
1387 72723 -97122
-73210 90330 -46203
36145 -93426 14125
49867 -22631 21061
-46083 22885 -60196
33038 59489 -92874
-29662 -76938 62915
9841 -69129 -39181
54542 -1033 23708
-11172 -80295 76809
59611 -22976 20588
-82875 29714 -89074
-83848 -64295 88441
-90804 87123 -66223
-31410 -36011 -24518
33112 -66135 40551
-43658 -91048 6970
44440 2282 -99812
-52640 -14333 -16477
-50971 36973 -26535
91793 -3267 -38737
-80840 30416 23187
71161 42454 18563
53500 -98932 51624
58637 56861 -82191
8613 -24201 5776
67175 37348 -90786
-59212 -23457 -63386
-70193 88773 30395
81400 -27364 99752
-88686 -10332 94314
-61430 79459 19632
95751 -88901 -55189
-710 94219 -85483
53202 -54922 -62127
-67906 36876 95980
4169 -53426 -68896
52070 -2216 57338
62089 -52033 93772
-92926 -78068 38223
74814 64862 54491
70568 71672 91314
-75742 74815 -65470
-12888 75418 36895
36375 94325 -87722
-46032 -50812 31836
-39845 85166 -11093
-84492 -79897 -53696
-55494 24070 -90772
5125 95939 -11778
64348 -69340 -57952
99877 7493 -57792
32318 51717 -77014
-75301 95604 -56099
-46745 12540 -30819
-56215 15882 -23649
-96599 47964 -48059
-71717 88986 -37361
22856 -24231 -74942
13885 -37398 -75360
-37833 35246 -76282
6570 58168 -24984
94413 -12560 -77776
-73746 -16339 182
88805 53482 -76285
27592 -60920 -36662
43874 -26773 -85332
36126 -96855 40290
57858 -601 -22403
69303 -9672 84786
39321 35983 89467
-3277 70619 -95501
91974 67823 -94558
29370 87957 44009
-1204 -41030 46903
-88138 -40925 63057
-58694 67354 -41026
-85137 67107 19840
-84053 -64203 60500
-96380 99164 -95139
43358 -95182 -1217
34032 50331 48988
60320 -92096 80638
71465 39597 -71578
68672 -32893 -50673
71214 34086 -10519
-52042 57145 -94744
-80849 -7823 -51050
53071 33665 61918
-69487 97661 -79269
-95275 93577 52786
92169 -96586 80764
-52760 45476 6766
37471 83181 -93617
-50563 -37668 9253
-92581 97423 -2436
-50853 -36445 -36793
-74223 52154 84994
22872 -52089 97029
-2087 -17287 -88194
-96723 68067 28134
-58318 18300 58919
44517 -31664 -20923
-28556 59913 92251
-97820 -21360 85999
64691 -45104 -90892
-71594 97823 3824
-71620 23179 55167
41929 -54902 49706
-1940 49321 34389
-49444 -39076 45940
1979 -48521 -39274
-30522 -7546 87591
64389 -63226 68053
-43192 15181 70295
-93811 -23694 -21609
-55581 86184 -26852
-55135 7127 -38957
-86508 73805 74744
-4419 15255 8470
2441 -16830 57966
18992 -29240 -68305
92321 51769 81064
-22328 60654 10144
24175 44909 -43287
-25810 2258 -33603
55532 32239 35513
76845 99299 -17046
19789 82558 -68720
-71496 3149 -35833
-77527 -25727 -13291
-50780 -7315 39680
58195 -26953 82543
96445 -90918 49791
29442 -52103 44530
-8874 19669 94949
89559 -70752 -4574
22310 -49432 90369
-43520 -19480 -52921
-47622 -5082 7182
79329 -83445 -93742
80123 3864 -88249
-40545 -18151 -41854
55902 23766 -32526
-49789 -19711 64317
6254 46745 -54636
-83479 -37887 8159
83098 9524 -59941
-97528 57856 -40566
84825 740 49013
64326 5501 81038
4221 -4072 4547
52551 93659 86285
-95540 61914 -99775
-29926 -60006 58172
-14070 -69091 -91470
60223 68894 -67226
65808 61254 7381
46458 -31665 -39445
90533 83311 -47680
29364 4107 -35167
61544 -82276 51648
-98515 79673 -89962
-6155 -78228 56764
-60263 -25683 -69679
28524 -75165 -78604
68308 -37637 91491
-38908 37631 7563
74334 -82531 -77024
-1099 -79206 85146
-56251 41039 -68876
8332 31135 77485
-51462 34091 96347
-89861 8299 -75976
-17901 -30577 -12882
62881 25842 -59615
-56583 -93476 98103
89264 55837 8511
4479 -38056 74891
22411 68593 -83289
-51018 8325 6116
-50649 70025 -19529
-8114 67850 59930
72452 49314 41385
50217 -13827 48970
12004 -14994 -72620
86583 -9550 96392
87134 -3696 -38376
-92652 45275 -17738
469 -47117 83243
-46629 -80261 32838
-48637 42108 -73335
-54585 27575 30255
-40080 62403 -64196
52443 -26462 -20020
-34630 -97425 2346
16498 66982 37013
16420 -98209 -3186
38045 8780 50572
1472 -41647 -97482
54541 89232 6462
5017 -68961 71002
12175 29742 92398
64964 3710 -25340
982 68719 34877
-45692 -44274 -10337
-86540 87137 17995
-81077 10554 91955
-17763 -52807 70036
-37537 55823 33242
78563 -10435 10507
40954 -44103 49988
-56507 24922 54447
-15696 8745 6
-98016 -38321 -88485
58646 -28642 -80279
-2462 -77380 -42413
-80418 30364 -62533
51317 -77342 53418
30909 -44831 -7855
75653 92710 38105
69405 10595 -32683
20481 -59860 64417
-8003 84374 -39769
-10538 -65489 -76337
-74989 96046 -74002
87470 44866 -18316
-64968 -47452 33186
36274 78079 61170
-43168 33664 38454
94933 67717 -84482
6664 -85640 -9736
33352 -23396 -50798
-72336 -43483 22977
-82782 -36773 96085
-46062 -8105 85345
-77547 -51354 -98053
-41367 23536 -30078
27086 88876 83504
-1493 3002 -59507
-1363 67575 80156
-23910 -39004 88898
-31255 -46859 73473
60060 20309 -67560
-95908 37823 -78694
59116 3210 -20822
92176 -46630 15783
82190 21224 33231
-86629 38370 -94767
77258 65031 67838
12809 56952 -99533
9886 -10514 52500
-32788 -97000 -4786
37367 -64731 25343
-3462 91238 22702
-53210 56445 -52203
19377 22091 -51458
37799 66416 87829
-37094 -90046 71571
23641 -61396 -94714
5568 -59958 -72456
99594 65113 8523
-24639 25806 56105
-81425 11154 82685
-42910 78110 -82502
20255 -34929 6566
-56777 75064 -54834
50240 -89785 63023
-91893 41387 -33565
-18269 10490 -29270
-73464 -91068 -45844
-78420 37484 81806
2454 -95220 -83985
-46355 53849 -70704
-74112 41607 38411
76131 51844 55326
-44959 -79254 4149
-88683 -59872 14632
3958 -96980 77556
-54278 -46209 -91897
88532 44398 -74625
-75705 94716 23274
74004 -80639 -48487
27399 -26730 -65443
-52546 -92679 8440
-39550 -51289 -56548
-27023 92766 536
59834 -72045 -53392
-61252 71033 -8881
-543 -79752 30415
-65478 4919 6619
-96248 -80719 -59759
69677 -84117 71463
79973 86537 65235
11986 20584 -48763
29307 3627 75492
29517 -39452 45544
-34774 16860 79338
59304 3035 -5031
31216 72409 33664
-32345 -29754 -81590
15948 -36090 19747
-7283 -22671 65853
42210 35815 48269
-20469 51399 82224
68259 -55020 -61934
17802 -57241 -56918
71452 94061 -12484
-45548 40650 32404
76558 -40173 17188
-41461 84147 43740
62650 42344 59513
-17417 40473 70405
-61257 51327 55398
-32230 -91257 -44895
54219 14951 79178
-28457 -33679 45354
-33535 45742 -56665
56206 -69658 56096
-77644 74010 45038
17965 38644 90799
70189 85972 47013
-20620 -96767 -95822
81663 9003 91833
53894 90018 -7977
-95074 5592 8710
11660 -58104 99708
31223 -5044 96270
52820 -69414 45044
-50398 -18867 26592
14003 41957 -53497
14493 7669 41885
-24732 73240 -2737
1935 -86414 97337
-56638 -92395 -12016
44378 -89513 41588
-80258 -70543 -23045
99519 75201 45626
78294 70080 -56598
8447 -58662 15330
-39664 -90155 40426
47210 -92661 -82271
10180 -20461 -57628
-27849 35547 -37666
42561 45668 -50266
-35775 -29660 16598
93227 42426 -85540
9996 28058 -60546
-39878 94187 28417
10682 6216 -60633
-9570 -1122 39991
-17733 -70648 -18812
31338 20832 -57072
15448 71037 84334
97595 79498 -78706
-24041 38084 76225
-71077 -60017 -70532
-41296 -40840 96579
52862 73430 -53723
4199 76991 91424
60843 20555 -34066
-79911 -4259 26171
-3644 -23531 -43660
-51846 -5587 -61245
49399 47287 -56490
-73741 51028 -82914
-66256 -42644 -32026
97719 32071 -65330
-69633 98565 -31910
15313 56683 -40372
96307 -59973 -81131
-596 86827 15585
36773 87924 15420
24603 -37910 -59393
23405 -51501 80142
-12249 -13939 -82839
-59295 -63233 41783
-18842 -9676 15875
60817 28604 48445
36040 -72876 84045
45924 -57640 -51473
-57672 -56094 59655
33329 33808 -42342
-68193 69538 51572
61430 61021 -89565
-32281 41635 4236
46796 63061 -29522
-68320 93483 -71924
-83541 38872 -74652
-62097 11472 -98318
-25336 92009 57751
-65515 -3857 66613
79804 -63643 57080
-49643 76573 -73099
37496 23994 93617
-73018 22910 -76961
-3427 93332 -27851
-46057 -28744 5375
-11186 -72123 49713
-10245 -24911 -92077
-21534 -57410 33279
39880 -5287 20680
357 98744 -95702
44429 -13013 9991
-17655 -52236 -60268
26470 65883 87648
46823 85563 -11775
96702 -43217 24197
-44539 -5196 34415
18339 -39022 -95623
3653 94048 -80283
36915 98863 -79893
88760 27744 -67620
-64170 -21060 31767
-67772 52936 -71164
-8280 40551 -93849
-39258 -1108 -52399
14643 -28268 45124
91408 99629 -41270
77561 13847 -59705
-68882 -6550 15092
22788 68350 90784
15582 -22041 -85851
77454 99105 -8843
1832 97290 -40656
-70753 -79224 -95268
21261 -50246 39667
67698 97804 -2649
-54879 12711 -43835
-30901 -43102 61253
-89995 -88673 -7483
83526 -50332 -14160
30448 -94066 -65052
-96908 150 -41255
48098 11688 52849
5 47212 -18888
-40517 -15037 39715
-94634 92350 -26855
61499 89585 58773
55947 -52695 2249
-89099 93247 -63385
8494 11614 -28373
-85610 76722 44604
33713 29601 15836
48736 24469 -51131
-19774 -33096 -5934
-73901 -14811 27805
38641 -24261 22823
-46053 46555 -36894
29341 -15418 -83709
49480 90152 -3037
39351 -9004 22266
-43458 -26077 -46309
-58130 61127 -38573
43773 -78633 76609
76309 -70398 97358
40254 -7939 -33557
60631 55619 -57339
-58300 -14722 80809
-54464 -38008 66168
-68684 1946 -29580
45101 42162 6747
-88205 64959 4380
9179 63262 59279
-71839 -88148 -25114
389 74156 -94340
-34082 -1516 6643
-17718 -12425 -24875
55835 20853 -11889
-37007 -41842 -92253
67227 -34871 8075
90268 -41170 31625
56222 6039 50022
-46993 3196 79657
-29337 -18330 -25776
82391 41858 -53534
47052 65970 21270
56642 -33880 -41668
-7470 -6165 -13813
69621 4921 -50788
99625 55917 -81890
-73126 55469 66895
23838 25367 -21510
13411 74738 -75861
66395 63535 -47460
-42078 -831 39814
77686 -67113 -30329
54170 71482 -35878
-39531 -85686 -10329
45803 93196 -2971
-22851 -78690 62071
2704 18634 -98683
-24133 9315 -39604
-44640 -17466 38285
-7076 44048 98457
-21989 -63812 -36308
60843 -32415 -39044
-6164 -64698 98043
-12407 -22984 56952
-86480 -42620 -81456
90540 -82641 57809
26749 64560 47897
-8374 -53212 41238
29955 -88389 -67722
-49747 70455 11220
4889 -92382 41620
-96133 31105 49367
-65721 57532 84775
-76846 -46359 82941
-16539 -5247 -62204
-96827 26250 15905
86762 -12743 99048
-99782 41011 -88279
-24503 98619 78421
-72985 28834 77420
21123 66332 57244
-25310 -43843 7108
20052 -85961 -11913
54780 73045 72784
88883 6950 51495
-37023 13062 -45748
-44776 -93298 68316
-75761 -25050 -20431
51745 25491 78599
78365 -34499 71517
13607 93272 -60817
-88291 16858 -97682
2011 -583 87377
-8746 -231 44699
95909 -51696 11345
29384 10080 -10624
98469 61624 -2374
-52380 24238 -86978
-19602 -73078 -53404
-79743 -88763 38168
61609 -59445 73356
87466 70368 -62816
53487 -22351 31254
52038 61683 35633
57777 -36424 -85532
-98483 52090 -1345
20768 -39009 78887
43383 91131 53272
-19643 51124 3834
98440 86895 -50418
-20075 -11813 -53432
41134 97591 34877
83620 22731 -14613
-31266 11144 20476
-43455 14926 80373
96090 26750 -23451
-14789 29878 -14348
-30841 89108 -68692
99076 -36374 72041
33930 25298 -18033
2826 -32775 37850
90827 42635 -47200
93202 -94371 -31537
-40560 -24512 -62856
-17285 -79553 -461
-35105 4747 -8678
9051 -79141 -99874
-79121 93424 2019
78025 -29462 -16026
71567 -47206 80795
11224 -56942 -70596
-58417 26875 1134
25758 -33755 6967
11524 27511 64671
-50444 -53403 72432
73543 99272 60052
-28121 23671 58122
69413 45424 -16161
-90485 75150 -52385
-4071 10556 90530
-51469 -49408 -40677
-75793 10425 -18567
-81521 14696 25302
8784 40917 -64937
-49187 23103 67103
-70356 61046 87001
79964 35481 5003
-54749 -17539 28961
-54115 86240 90426
-29996 -77681 86555
98297 65926 67468
77114 63198 18000
-65059 -30307 -67762
83403 56681 -38841
84258 27107 11604
86546 -81349 71568
-30275 -91560 60954
83416 48944 -81087
34598 -62645 66976
18934 32454 35144
-93105 82096 3150
30567 9024 -96157
90666 -50466 -57426
15918 -44758 17300
-68237 -66146 -91373
72578 88113 52774
84926 -81226 -61044
74030 62742 20384
-77674 -36669 -64246
10442 -67270 -19698
-18063 42761 75023
-42274 79421 38474
46812 -57259 -56164
-14144 35135 36017
1904 -75647 86241
50164 41266 68099
47808 -52446 84505
-28562 -48621 33148
77651 8121 41435
-11154 -35931 39518
989 47045 96475
36221 91079 -44481
9207 71102 83672
-44237 -91215 -19837
-68694 -17435 80351
-71484 -68298 -9455
12899 20207 -2762
-51271 -89291 -26903
49329 85050 -92678
-69237 27318 -59594
44334 69875 86513
86844 19289 -62570
-86073 68865 -67012
72533 -52326 -35406
-42465 46186 16156
-86776 84276 -1114
19509 -6319 -85655
-53421 -89484 -54716
-85995 -16378 30539
-73387 -70433 -38561
98537 -15545 -59818
-62901 87445 -49914
-82372 -74293 -57245
-98363 -9139 65707
82850 -26689 -43502
63324 4782 -47205
71334 -65153 12178
-58429 -91315 57456
20253 -72732 52657
49645 96790 -54501
-98782 -80899 41628
64737 79204 53741
29364 -36335 54555
-4494 -80076 17045
51572 90134 12225
51401 33377 95715
40553 55084 -13812
-31894 45615 22558
-46406 69941 13978
-17856 -34167 80771
-84695 -65160 -5051
97484 -69569 42061
82351 7058 -96180
52527 -92247 2104
74790 -32638 -19052
16560 -2253 93446
-55034 39638 -69841
35269 -23404 94565
25236 82025 -69334
-4368 98189 41414
66376 88542 -35813
72393 -35160 54264
21728 77550 98536
-78491 -39745 86512
-87281 -49093 91953
-7559 5249 35873
-14305 -93043 -32722
52069 -81238 -39790
35457 14750 56876
49518 12658 -19615
-96426 -94589 75304
54442 2706 78035
-5016 -61625 26960
83629 -88638 75094
87344 -13899 -8826
-98196 -17173 -32014
-3471 82704 33955
27498 38383 19116
97649 27840 -36888
83188 74444 -95619
90715 43079 83516
-30339 -13583 40712
-8491 -74014 37533
58666 32737 28232
-42397 -83840 42366
18957 -9686 11866
-31324 14627 71166
81778 -79209 -4665
-63862 -50138 70096
17046 -62374 58594
29328 -82325 39257
28803 11008 89515
404 49888 -71034
63242 77288 -49077
12997 63616 -27331
30222 -89927 -20405
44037 -43079 79337
-98256 -45863 32615
81519 75803 54627
-44262 13394 -31149
72706 27560 -51778
25940 -37319 58304
99296 2513 53
84819 15001 -99196
32126 38609 13262
-30809 -71721 35294
-28515 -2350 23456
48955 -87162 -52164
-70650 -11874 -97798
75008 59657 -4365
-11738 5288 31392
63208 13228 -76153
-38898 -90250 -38180
71020 -86511 25786
75520 77543 9996
-34678 -56126 -11519
62558 -95129 -74874
-10762 28116 -26580
-13407 -18078 73345
90350 -38678 61213
64856 -82552 17788
90446 75906 -2031
-1061 -43348 87849
-66224 56664 62503
-36111 -95111 -34777
28212 34354 -37998
34403 -10266 96687
89638 -32359 -99564
78083 71922 -52250
14898 4889 16178
70701 66536 -43341
98130 -3402 82434
-502 94230 69691
35432 53032 52492
90848 -46544 -84426
-50115 82318 48359
44808 -32325 -99406
23877 70463 -25687
42892 -33827 6512
-16595 94145 -43769
1590 95407 84960
92347 14392 -77255
85953 28717 24540
58021 -56894 -36640
47351 -92878 93257
-65518 -12162 -40354
-52878 47589 -66180
55165 -4870 -55696
16652 -65644 50624
-72300 13589 55652
69538 -76312 -64808
39732 54613 -42726
-53365 75868 -16852
-84077 -59599 -61810
-75230 -61228 -91487
-47408 -20750 -75452
-10644 79028 -64193
-95662 -39526 47375
43923 -60812 -90695
52752 -50587 17250
36843 44428 -21410
72725 -93705 6267
-82826 -18737 -78182
26518 7069 -51128
-32264 84461 49721
2808 -5238 18813
-3514 -93181 -25671
79010 -42675 -87703
20653 -39456 -27934
-77273 20418 22397
-61081 -69512 -81205
81392 59254 27377
-73675 -96170 68412
-60102 -28046 13497
-79174 77906 -69136
-22883 -26665 -66646
73917 88535 3326
73620 -8010 76532
66026 -69641 -6131
3263 -90574 44552
-35678 -27290 60625
88249 -56570 -5627
10232 65807 -11292
-45820 36661 -18577
-7498 -18225 -94544
-4436 26990 -42075
94985 92851 74214
-15344 8470 -89647
28627 80836 17468
96934 29730 -82831
-28177 21975 -60534
-1226 72697 54265
-38803 36908 -61503
-98916 -1570 -56746
17455 36003 99327
21880 54015 -80612
-26043 -32642 -78632
-35939 -27879 -40196
-71894 41625 38712
45357 11800 10066
-16256 -58595 86860
-50420 -88514 -61465
-3495 -14852 66361
-2335 7275 -12607
-26751 85434 -98050
71856 85269 99328
-6771 -58381 40293
51171 4351 -59321
-62027 -17872 75560
-30687 -56863 50182
1014 44421 50437
64627 75338 60040
-71967 32559 -67507
-79065 -52764 26073
40049 74585 39742
-40772 84397 -16930
-31522 80026 -43592
14067 -19516 61647
50976 -65353 -84533
54853 30945 95236
7232 -48777 20397
38806 63092 81149
60338 -42069 -81522
-81487 -37547 53939
-54366 46156 10586
-65953 33568 91977
38257 -62893 -4979
-10001 67079 3238
13834 9959 98704
-78945 98469 -14270
-93620 31358 -9452
9409 -81215 -49691
995 -52049 -21683
-29448 64641 74033
-48062 -50510 -33562
52183 26812 19501
-7519 69370 30126
9234 99614 71083
47277 -4732 -83571
-39532 44964 -11202
-23817 56144 93938
15973 34971 45024
94927 -4991 -31089
-72317 -84742 7784
74560 30901 -86301
-71479 58659 91570
78915 -72615 49694
-23079 -76174 64934
3422 -1514 -48635
-53141 -65173 -2698
-224 53098 6871
5716 950 8466
-14498 -81872 32900
-62043 -10761 55607
98938 8773 6589
-77205 -10983 74599
-47553 36584 -36803
35408 -72583 -80036
57650 99448 -33537
15084 -975 10101
-35354 1464 -38463
57687 60647 90723
-78876 -9172 56619
99658 84509 71852
-50255 -24406 75607
-79798 -18970 -3828
28463 20888 26884
-2571 -69341 8809
-40100 7217 -28030
-89922 72310 -74277
46077 -10878 38132
8569 19936 75339
6920 24799 64979
-21290 -83214 -37757
-45933 96204 -280
-83545 84557 41923
26048 70147 11437
-49510 66634 -66248
-33448 -8796 64027
-90901 13654 21122
44136 86768 -95288
-93957 -84109 79428
-19979 82323 -10070
22868 -59852 30307
-41390 97553 -12791
44501 79268 48857
-9303 -8635 -68299
5760 -67396 -47587
-12710 77665 -42584
52829 -1375 -69472
-56008 -12527 -87471
40204 -60562 -68113
35040 14835 -86922
95464 81960 -30505
88764 -18786 43666
-99526 -8660 -12588
-21748 27944 -1253
-47024 48506 50740
-62677 -89613 -14619
-47770 37777 -92563
91103 -17320 86529
87321 -46221 -23205
-81358 -48878 82025
-17257 -74771 49515
-3448 17342 -47226
99239 -86376 -54736
54352 -71115 -73104
-92631 45971 -80144
28016 -22273 -98035
-3076 -8272 98027
48058 -60283 62176
-83622 86023 39947
-34464 -29056 98231
-53163 -51775 -22187
-42791 92170 7172
-77017 69580 -69230
-84621 41266 23912
8427 2409 73129
64365 64066 44995
-24417 -29422 -82148
37434 -74771 -79300
-23874 -57705 76949
62388 36082 96795
93606 -65376 -51039
18060 96383 50377
76448 -64027 -23073
10345 84881 28328
-98295 55478 97682
-59614 -79205 -93650
-46913 78213 92661
95161 -12369 -90078
81370 -48464 89983
68395 47495 85692
-4795 -19690 -59073
13079 13019 53908
19399 -59658 -53066
-97453 86994 16348
89616 -92896 6991
-24830 40223 -56140
-73320 -50540 -50827
-74062 -64055 -9756
-79233 59549 -72023
-6362 59254 49272
-76459 -11469 -54851
22212 65175 30421
40050 -2527 -30920
74369 -82608 99010
-73458 97288 14767
73454 -65704 19243
89103 99265 -4689
97326 -35463 16327
-62161 33673 451
66423 33619 85307
66384 -18925 -71180
46276 31816 -98995
-32536 23785 -25280
-61497 2052 -71265
-14573 87201 -14377
-31810 -72954 1627
9413 -7730 -38522
-20557 -22884 74705
-22056 -21335 -49027
-13072 -75459 -8916
46393 -34497 -43321
22228 86316 -24527
-81341 -24968 74197
61132 66221 12080
43486 23088 -35120
-63385 -83776 -42727
22240 73918 37741
61834 99717 -81479
24783 25778 -77009
-63394 -98014 50366
77217 -48286 -75778
5535 54093 11753
50265 -7823 -91676
-36309 73779 -59871
92766 -75784 69598
-1979 -30126 90263
-83083 73636 2320
65937 -876 51792
72069 45253 -37677
-85717 -14446 -95392
-34010 23603 4146
-8577 46863 7176
24980 5618 13034
55216 94432 78579
50579 94965 -29266
9897 95484 66576
-45151 37593 17522
-14756 -8265 -33307
-67927 -15481 -77247
63700 97922 51400
-51324 66670 -21222
-89511 14596 63786
-92646 83099 74102
504 58832 55217
-78778 -31649 -64384
-49425 -50041 46944
-20456 37554 -66637
-63533 90137 72235
-82746 -14981 14934
-49067 -3581 90094
-23302 28785 70175
32282 31249 51118
-16301 48276 -28689
12796 -6731 99064
94134 81954 -78784
-38049 -36903 75561
90232 -76509 -51508
6156 -8476 15714
-92927 68309 -29380
-2955 65276 -61088
14335 -31468 61508
13343 -16000 53449
-8522 -53552 87692
-41077 38105 33178
42847 -34098 40419
-71688 -70054 44624
82300 -24314 -63714
-87596 81891 72042
-41811 -61827 67423
6764 99891 -75150
52042 -32151 52457
-15192 -39844 -76630
-64166 -10169 11780
-84638 22019 38362
-89761 -20218 -43452
-73989 -72811 19783
-17831 69270 -26796
-51589 -21850 -40863
-53537 7585 39540
-99125 10155 5071
-86775 28991 83524
79493 -71064 -5940
8814 -86408 87391
20248 -93425 -17919
-8290 -61367 -29062
-71406 5526 -40717
-3001 -40946 -79640
44031 -99628 -53687
-76184 -58017 93063
-4713 -94306 -35760
-46590 43267 72944
-98110 40643 -59718
79039 43664 99801
82253 91513 -28885
-49265 48405 27635
73920 -34621 -83910
95624 -60615 -63037
-96984 53106 -40001
57745 9125 25952
-51901 -80098 -45644
-30295 27209 13179
36333 -86895 73477
-14143 -48136 -11355
-85747 -36034 -86111
17454 60048 -7911
-91746 93279 -91615
-28574 22297 -82387
65940 -23755 -39704
-86245 49587 13953
-89355 -76331 43361
16219 42408 -61822
-6154 13853 -3151
85724 84363 13523
981 -77469 -98719
-78008 -18784 51072
41220 -39804 10180
-39670 20183 37871
75191 -87138 -38838
40945 -45752 70329
32954 -70676 91401
-67016 70132 -5297
-79218 -12014 33899
40657 25673 41016
-6124 -81864 94680
30736 -10230 -34821
-6223 -54123 -8975
-90765 21049 58358
51709 -50435 -92337
78351 -38213 -7405
-62069 -48873 11166
45675 56019 -53291
-94923 -68782 92594
12038 82936 20575
23911 -43462 -24177
-98259 8322 -31972
56388 64171 8362
-30939 26485 -37456
53656 86301 14653
2841 -15542 -80091
-26321 72088 -88059
-46360 -79409 67680
15031 -82682 67342
32948 16453 1918
45427 49668 -57126
88105 50236 45651
-25363 -80727 -48194
-17966 13272 81581
50150 79113 -47915
66549 47060 -55434
-50134 -48143 -32180
96453 84409 74108
-94360 5179 87442
-86378 99646 28353
-86168 -77468 8301
93674 69329 23720
50842 57616 15208
-36687 -79613 -34779
63656 -98006 -95607
22491 -95636 4292
-74938 1305 53716
63099 39479 -15743
-99131 47678 -98064
25447 -17688 -90584
8175 62030 76798
60722 87686 51615
31340 -69438 -89911
51582 5427 52706
42469 -614 -83896
64327 86267 24893
48483 35067 -29262
24094 -94466 -18718
-15508 -8662 -26240
92396 -92219 31265
-88327 -72981 -56246
92058 40267 -20318
71916 62414 -43091
-87236 -67280 -35142
-65453 62173 -72386
-13494 64495 35154
1144 35887 -5864
69874 45050 36311
-32894 79037 53274
88027 -23109 27480
-56582 -90395 85691
-60065 -23539 39284
-3419 48708 44454
49935 56469 76380
-66598 27854 -28265
-6927 79952 -89504
94827 95574 57948
-58392 -60203 83080
85854 21511 14043
-37550 -63744 -56997
92526 25129 99442
3603 -60883 -29316
-6818 -88219 78475
7706 5505 -38196
53429 82712 -91644
91210 90440 87661
68200 2037 25514
75387 51794 -30027
-84254 82742 96859
-51998 -45679 87213
-51437 7483 60670
47111 40474 -32171
-2120 -63976 62497
83744 -73412 56813
-9848 84055 17270
81008 68273 -46426
83966 91119 -21011
-91229 77857 95167
19604 39799 -48481
-26100 -53997 -61950
-28310 7704 -21738
30832 -21748 10082
43540 64934 40547
-76183 48353 -68209
79413 77592 -71660
-71669 60844 -97727
19476 -28653 37680
-52003 50400 8328
42267 42778 -60996
-70579 80906 -68434
-71833 -44716 55723
3912 -42799 -77666
-18531 -63935 15893
-5018 -17883 -79579
-34693 54170 -50142
98324 -42350 30007
-37479 -44355 74320
-62973 -10948 -72120
-54090 50024 70737
-66167 22340 -6116
-32172 -42405 -18099
-67164 90283 34524
85180 -21528 38081
88673 84715 84357
-75594 41144 21764
-1880 5510 -33937
71418 -49784 37362
-70854 13789 84518
-15936 97976 55479
29257 -40526 32983
-37916 65803 -33226
-43992 17165 92339
9362 -98680 77991
77192 79093 -89140
16593 -32121 93551
-97668 -85231 -28048
-74453 -74996 27224
-38437 -81647 29082
69581 -60195 -97924
23549 -10691 -79623
83292 -59467 -33650
9673 -74065 -8367
77118 49658 35301
-15464 13678 23675
-71883 -54662 -6682
-58872 3627 -31458
-23841 -83144 52879
5544 809 33385
-8935 -46397 -23973
-10479 45266 75791
80081 74430 87309
-98838 73650 14936
-48498 63994 -90994
94006 -47350 -803
-35392 35045 11079
91148 78433 -61596
97926 72072 -74580
-53129 -47827 -10475
-12629 50126 -19788
-18937 -64481 58887
95330 -15748 -61963
-10253 -97238 -2366
-87832 -20535 66755
-11078 17139 90763
-45746 -20879 -19601
24919 -50010 52814
27021 -32081 76753
56334 -42889 -97130
1553 -90334 -9650
-18381 27339 -99223
-75301 -61094 22594
22593 92908 -98526
47950 60178 -91503
-54176 -91235 6394
-96447 31605 66383
-60266 -27433 -10359
75838 -3081 16905
-39282 77837 89925
95096 -41220 90519
-27176 97877 64237
-96953 -37127 40646
23675 19938 31257
-24246 -2965 27976
-93779 37766 -706
-52076 -28469 -61799
97403 -54053 -11601
-21720 49388 22085
74847 9009 68371
92633 -40275 -57771
81788 -60215 -62587
22631 51374 39581
-29744 -85513 -24642
-14472 42058 -73612
-26293 -80351 -10352
57546 42546 93024
20586 -69613 33839
-70989 57601 -57941
-41070 -11547 -12565
-99651 -41304 -38927
47296 37404 -83517
-4185 -39340 -38784
-10944 -43053 44771
-33014 94073 -21447
3657 -68751 13335
-14701 -62286 -45279
-96533 99368 74071
-77021 -61326 224
1099 -93127 9955
-45648 26005 -23798
91889 -93994 63141
-84107 29910 84968
90741 37076 12492
-22388 88988 -15204
-42862 22734 57796
61050 52896 23199
77618 -96501 -82703
70991 -33019 26663
32697 -56587 -97016
56542 -77608 21002
80843 86934 -42150
-49633 36231 -53813
-73573 -46427 82840
54668 56994 73843
23817 -35527 79573
34178 -70536 -41710
92066 39505 7883
-25803 -99310 2537
-10712 32283 83896
-47284 23426 -80552
29429 71755 90552
-20242 36183 68654
-32267 -70624 -3679
29039 56577 -79024
-84416 72829 74641
78041 6853 -76235
-13735 -12589 91476
50847 -83145 85386
91803 21312 68598
-81198 56042 -38763
-10205 57043 -49957
-8163 36070 22401
52538 -74217 -56199
-65597 78666 1932
16291 3438 18969
29296 -44143 -81862
-37664 -22276 3710
-57277 24566 10691
31963 -95736 -97956
-8683 75795 -98291
3121 -18523 -58141
50792 61837 74741
-96855 -26363 -63719
-52029 -69590 -19922
-65658 -88403 -14436
-99004 23775 23272
46322 26678 48968
28411 -91840 -88821
-9336 -58657 55862
80059 98444 -63667
-13307 54342 -35228
-70401 -22047 -86923
-17203 -58392 -49801
34145 -61724 58415
3572 375 -21481
67576 -67207 -408
97736 -27201 28556
22944 25402 -34672
-7385 -37516 16679
89732 85240 -22853
-38325 -25430 93458
21535 -10214 -55717
-93588 16856 39245
75564 68204 28781
63520 -97106 24290
43025 94032 37368
-54077 1397 19448
9420 87172 -87190
65306 -96841 50142
-27487 -62302 -70442
99871 -25741 -42521
87520 -15164 -75710
55738 51794 92224
-23985 79638 -9934
-5256 -37799 89653
88044 81107 71477
820 -77801 70054
46784 28829 -30802
13879 -33559 -46916
54924 3557 -95200
66153 72337 44507
-92944 -10861 -96560
-21307 53807 -88791
76237 79081 37738
71315 2134 -61168
41135 -34110 -40210
93771 46531 -60173
-44690 73292 75373
-13335 78212 -26677
-87080 6608 -57539
-31660 -52490 -43954
51806 -92383 -73796
91715 -59767 -23397
48575 -81669 -50213
84254 39836 66390
61452 92794 -31931
97228 -55774 -44891
36207 58517 5453
40885 42112 95451
15964 -68591 55525
15605 -89813 -60885
44218 56684 25967
58850 41530 -55801
6582 -75723 78722
-89886 -46183 9655
