2197
34074 -70058 -12272
34074 -70058 23440
34074 -70058 -36197
34074 -70058 11688
34074 -70058 65442
34074 -70058 46499
34074 -70058 -87980
34074 -70058 46321
34074 -70058 -83358
34074 -70058 -26751
34074 -70058 -550
34074 -70058 61589
34074 -70058 -95697
34074 -37146 -12272
34074 -37146 23440
34074 -37146 -36197
34074 -37146 11688
34074 -37146 65442
34074 -37146 46499
34074 -37146 -87980
34074 -37146 46321
34074 -37146 -83358
34074 -37146 -26751
34074 -37146 -550
34074 -37146 61589
34074 -37146 -95697
34074 -37098 -12272
34074 -37098 23440
34074 -37098 -36197
34074 -37098 11688
34074 -37098 65442
34074 -37098 46499
34074 -37098 -87980
34074 -37098 46321
34074 -37098 -83358
34074 -37098 -26751
34074 -37098 -550
34074 -37098 61589
34074 -37098 -95697
34074 49564 -12272
34074 49564 23440
34074 49564 -36197
34074 49564 11688
34074 49564 65442
34074 49564 46499
34074 49564 -87980
34074 49564 46321
34074 49564 -83358
34074 49564 -26751
34074 49564 -550
34074 49564 61589
34074 49564 -95697
34074 11674 -12272
34074 11674 23440
34074 11674 -36197
34074 11674 11688
34074 11674 65442
34074 11674 46499
34074 11674 -87980
34074 11674 46321
34074 11674 -83358
34074 11674 -26751
34074 11674 -550
34074 11674 61589
34074 11674 -95697
34074 45165 -12272
34074 45165 23440
34074 45165 -36197
34074 45165 11688
34074 45165 65442
34074 45165 46499
34074 45165 -87980
34074 45165 46321
34074 45165 -83358
34074 45165 -26751
34074 45165 -550
34074 45165 61589
34074 45165 -95697
34074 -45378 -12272
34074 -45378 23440
34074 -45378 -36197
34074 -45378 11688
34074 -45378 65442
34074 -45378 46499
34074 -45378 -87980
34074 -45378 46321
34074 -45378 -83358
34074 -45378 -26751
34074 -45378 -550
34074 -45378 61589
34074 -45378 -95697
34074 -90952 -12272
34074 -90952 23440
34074 -90952 -36197
34074 -90952 11688
34074 -90952 65442
34074 -90952 46499
34074 -90952 -87980
34074 -90952 46321
34074 -90952 -83358
34074 -90952 -26751
34074 -90952 -550
34074 -90952 61589
34074 -90952 -95697
34074 -68834 -12272
34074 -68834 23440
34074 -68834 -36197
34074 -68834 11688
34074 -68834 65442
34074 -68834 46499
34074 -68834 -87980
34074 -68834 46321
34074 -68834 -83358
34074 -68834 -26751
34074 -68834 -550
34074 -68834 61589
34074 -68834 -95697
34074 77408 -12272
34074 77408 23440
34074 77408 -36197
34074 77408 11688
34074 77408 65442
34074 77408 46499
34074 77408 -87980
34074 77408 46321
34074 77408 -83358
34074 77408 -26751
34074 77408 -550
34074 77408 61589
34074 77408 -95697
34074 -32545 -12272
34074 -32545 23440
34074 -32545 -36197
34074 -32545 11688
34074 -32545 65442
34074 -32545 46499
34074 -32545 -87980
34074 -32545 46321
34074 -32545 -83358
34074 -32545 -26751
34074 -32545 -550
34074 -32545 61589
34074 -32545 -95697
34074 -39013 -12272
34074 -39013 23440
34074 -39013 -36197
34074 -39013 11688
34074 -39013 65442
34074 -39013 46499
34074 -39013 -87980
34074 -39013 46321
34074 -39013 -83358
34074 -39013 -26751
34074 -39013 -550
34074 -39013 61589
34074 -39013 -95697
34074 -2069 -12272
34074 -2069 23440
34074 -2069 -36197
34074 -2069 11688
34074 -2069 65442
34074 -2069 46499
34074 -2069 -87980
34074 -2069 46321
34074 -2069 -83358
34074 -2069 -26751
34074 -2069 -550
34074 -2069 61589
34074 -2069 -95697
-98735 -70058 -12272
-98735 -70058 23440
-98735 -70058 -36197
-98735 -70058 11688
-98735 -70058 65442
-98735 -70058 46499
-98735 -70058 -87980
-98735 -70058 46321
-98735 -70058 -83358
-98735 -70058 -26751
-98735 -70058 -550
-98735 -70058 61589
-98735 -70058 -95697
-98735 -37146 -12272
-98735 -37146 23440
-98735 -37146 -36197
-98735 -37146 11688
-98735 -37146 65442
-98735 -37146 46499
-98735 -37146 -87980
-98735 -37146 46321
-98735 -37146 -83358
-98735 -37146 -26751
-98735 -37146 -550
-98735 -37146 61589
-98735 -37146 -95697
-98735 -37098 -12272
-98735 -37098 23440
-98735 -37098 -36197
-98735 -37098 11688
-98735 -37098 65442
-98735 -37098 46499
-98735 -37098 -87980
-98735 -37098 46321
-98735 -37098 -83358
-98735 -37098 -26751
-98735 -37098 -550
-98735 -37098 61589
-98735 -37098 -95697
-98735 49564 -12272
-98735 49564 23440
-98735 49564 -36197
-98735 49564 11688
-98735 49564 65442
-98735 49564 46499
-98735 49564 -87980
-98735 49564 46321
-98735 49564 -83358
-98735 49564 -26751
-98735 49564 -550
-98735 49564 61589
-98735 49564 -95697
-98735 11674 -12272
-98735 11674 23440
-98735 11674 -36197
-98735 11674 11688
-98735 11674 65442
-98735 11674 46499
-98735 11674 -87980
-98735 11674 46321
-98735 11674 -83358
-98735 11674 -26751
-98735 11674 -550
-98735 11674 61589
-98735 11674 -95697
-98735 45165 -12272
-98735 45165 23440
-98735 45165 -36197
-98735 45165 11688
-98735 45165 65442
-98735 45165 46499
-98735 45165 -87980
-98735 45165 46321
-98735 45165 -83358
-98735 45165 -26751
-98735 45165 -550
-98735 45165 61589
-98735 45165 -95697
-98735 -45378 -12272
-98735 -45378 23440
-98735 -45378 -36197
-98735 -45378 11688
-98735 -45378 65442
-98735 -45378 46499
-98735 -45378 -87980
-98735 -45378 46321
-98735 -45378 -83358
-98735 -45378 -26751
-98735 -45378 -550
-98735 -45378 61589
-98735 -45378 -95697
-98735 -90952 -12272
-98735 -90952 23440
-98735 -90952 -36197
-98735 -90952 11688
-98735 -90952 65442
-98735 -90952 46499
-98735 -90952 -87980
-98735 -90952 46321
-98735 -90952 -83358
-98735 -90952 -26751
-98735 -90952 -550
-98735 -90952 61589
-98735 -90952 -95697
-98735 -68834 -12272
-98735 -68834 23440
-98735 -68834 -36197
-98735 -68834 11688
-98735 -68834 65442
-98735 -68834 46499
-98735 -68834 -87980
-98735 -68834 46321
-98735 -68834 -83358
-98735 -68834 -26751
-98735 -68834 -550
-98735 -68834 61589
-98735 -68834 -95697
-98735 77408 -12272
-98735 77408 23440
-98735 77408 -36197
-98735 77408 11688
-98735 77408 65442
-98735 77408 46499
-98735 77408 -87980
-98735 77408 46321
-98735 77408 -83358
-98735 77408 -26751
-98735 77408 -550
-98735 77408 61589
-98735 77408 -95697
-98735 -32545 -12272
-98735 -32545 23440
-98735 -32545 -36197
-98735 -32545 11688
-98735 -32545 65442
-98735 -32545 46499
-98735 -32545 -87980
-98735 -32545 46321
-98735 -32545 -83358
-98735 -32545 -26751
-98735 -32545 -550
-98735 -32545 61589
-98735 -32545 -95697
-98735 -39013 -12272
-98735 -39013 23440
-98735 -39013 -36197
-98735 -39013 11688
-98735 -39013 65442
-98735 -39013 46499
-98735 -39013 -87980
-98735 -39013 46321
-98735 -39013 -83358
-98735 -39013 -26751
-98735 -39013 -550
-98735 -39013 61589
-98735 -39013 -95697
-98735 -2069 -12272
-98735 -2069 23440
-98735 -2069 -36197
-98735 -2069 11688
-98735 -2069 65442
-98735 -2069 46499
-98735 -2069 -87980
-98735 -2069 46321
-98735 -2069 -83358
-98735 -2069 -26751
-98735 -2069 -550
-98735 -2069 61589
-98735 -2069 -95697
19320 -70058 -12272
19320 -70058 23440
19320 -70058 -36197
19320 -70058 11688
19320 -70058 65442
19320 -70058 46499
19320 -70058 -87980
19320 -70058 46321
19320 -70058 -83358
19320 -70058 -26751
19320 -70058 -550
19320 -70058 61589
19320 -70058 -95697
19320 -37146 -12272
19320 -37146 23440
19320 -37146 -36197
19320 -37146 11688
19320 -37146 65442
19320 -37146 46499
19320 -37146 -87980
19320 -37146 46321
19320 -37146 -83358
19320 -37146 -26751
19320 -37146 -550
19320 -37146 61589
19320 -37146 -95697
19320 -37098 -12272
19320 -37098 23440
19320 -37098 -36197
19320 -37098 11688
19320 -37098 65442
19320 -37098 46499
19320 -37098 -87980
19320 -37098 46321
19320 -37098 -83358
19320 -37098 -26751
19320 -37098 -550
19320 -37098 61589
19320 -37098 -95697
19320 49564 -12272
19320 49564 23440
19320 49564 -36197
19320 49564 11688
19320 49564 65442
19320 49564 46499
19320 49564 -87980
19320 49564 46321
19320 49564 -83358
19320 49564 -26751
19320 49564 -550
19320 49564 61589
19320 49564 -95697
19320 11674 -12272
19320 11674 23440
19320 11674 -36197
19320 11674 11688
19320 11674 65442
19320 11674 46499
19320 11674 -87980
19320 11674 46321
19320 11674 -83358
19320 11674 -26751
19320 11674 -550
19320 11674 61589
19320 11674 -95697
19320 45165 -12272
19320 45165 23440
19320 45165 -36197
19320 45165 11688
19320 45165 65442
19320 45165 46499
19320 45165 -87980
19320 45165 46321
19320 45165 -83358
19320 45165 -26751
19320 45165 -550
19320 45165 61589
19320 45165 -95697
19320 -45378 -12272
19320 -45378 23440
19320 -45378 -36197
19320 -45378 11688
19320 -45378 65442
19320 -45378 46499
19320 -45378 -87980
19320 -45378 46321
19320 -45378 -83358
19320 -45378 -26751
19320 -45378 -550
19320 -45378 61589
19320 -45378 -95697
19320 -90952 -12272
19320 -90952 23440
19320 -90952 -36197
19320 -90952 11688
19320 -90952 65442
19320 -90952 46499
19320 -90952 -87980
19320 -90952 46321
19320 -90952 -83358
19320 -90952 -26751
19320 -90952 -550
19320 -90952 61589
19320 -90952 -95697
19320 -68834 -12272
19320 -68834 23440
19320 -68834 -36197
19320 -68834 11688
19320 -68834 65442
19320 -68834 46499
19320 -68834 -87980
19320 -68834 46321
19320 -68834 -83358
19320 -68834 -26751
19320 -68834 -550
19320 -68834 61589
19320 -68834 -95697
19320 77408 -12272
19320 77408 23440
19320 77408 -36197
19320 77408 11688
19320 77408 65442
19320 77408 46499
19320 77408 -87980
19320 77408 46321
19320 77408 -83358
19320 77408 -26751
19320 77408 -550
19320 77408 61589
19320 77408 -95697
19320 -32545 -12272
19320 -32545 23440
19320 -32545 -36197
19320 -32545 11688
19320 -32545 65442
19320 -32545 46499
19320 -32545 -87980
19320 -32545 46321
19320 -32545 -83358
19320 -32545 -26751
19320 -32545 -550
19320 -32545 61589
19320 -32545 -95697
19320 -39013 -12272
19320 -39013 23440
19320 -39013 -36197
19320 -39013 11688
19320 -39013 65442
19320 -39013 46499
19320 -39013 -87980
19320 -39013 46321
19320 -39013 -83358
19320 -39013 -26751
19320 -39013 -550
19320 -39013 61589
19320 -39013 -95697
19320 -2069 -12272
19320 -2069 23440
19320 -2069 -36197
19320 -2069 11688
19320 -2069 65442
19320 -2069 46499
19320 -2069 -87980
19320 -2069 46321
19320 -2069 -83358
19320 -2069 -26751
19320 -2069 -550
19320 -2069 61589
19320 -2069 -95697
-2100 -70058 -12272
-2100 -70058 23440
-2100 -70058 -36197
-2100 -70058 11688
-2100 -70058 65442
-2100 -70058 46499
-2100 -70058 -87980
-2100 -70058 46321
-2100 -70058 -83358
-2100 -70058 -26751
-2100 -70058 -550
-2100 -70058 61589
-2100 -70058 -95697
-2100 -37146 -12272
-2100 -37146 23440
-2100 -37146 -36197
-2100 -37146 11688
-2100 -37146 65442
-2100 -37146 46499
-2100 -37146 -87980
-2100 -37146 46321
-2100 -37146 -83358
-2100 -37146 -26751
-2100 -37146 -550
-2100 -37146 61589
-2100 -37146 -95697
-2100 -37098 -12272
-2100 -37098 23440
-2100 -37098 -36197
-2100 -37098 11688
-2100 -37098 65442
-2100 -37098 46499
-2100 -37098 -87980
-2100 -37098 46321
-2100 -37098 -83358
-2100 -37098 -26751
-2100 -37098 -550
-2100 -37098 61589
-2100 -37098 -95697
-2100 49564 -12272
-2100 49564 23440
-2100 49564 -36197
-2100 49564 11688
-2100 49564 65442
-2100 49564 46499
-2100 49564 -87980
-2100 49564 46321
-2100 49564 -83358
-2100 49564 -26751
-2100 49564 -550
-2100 49564 61589
-2100 49564 -95697
-2100 11674 -12272
-2100 11674 23440
-2100 11674 -36197
-2100 11674 11688
-2100 11674 65442
-2100 11674 46499
-2100 11674 -87980
-2100 11674 46321
-2100 11674 -83358
-2100 11674 -26751
-2100 11674 -550
-2100 11674 61589
-2100 11674 -95697
-2100 45165 -12272
-2100 45165 23440
-2100 45165 -36197
-2100 45165 11688
-2100 45165 65442
-2100 45165 46499
-2100 45165 -87980
-2100 45165 46321
-2100 45165 -83358
-2100 45165 -26751
-2100 45165 -550
-2100 45165 61589
-2100 45165 -95697
-2100 -45378 -12272
-2100 -45378 23440
-2100 -45378 -36197
-2100 -45378 11688
-2100 -45378 65442
-2100 -45378 46499
-2100 -45378 -87980
-2100 -45378 46321
-2100 -45378 -83358
-2100 -45378 -26751
-2100 -45378 -550
-2100 -45378 61589
-2100 -45378 -95697
-2100 -90952 -12272
-2100 -90952 23440
-2100 -90952 -36197
-2100 -90952 11688
-2100 -90952 65442
-2100 -90952 46499
-2100 -90952 -87980
-2100 -90952 46321
-2100 -90952 -83358
-2100 -90952 -26751
-2100 -90952 -550
-2100 -90952 61589
-2100 -90952 -95697
-2100 -68834 -12272
-2100 -68834 23440
-2100 -68834 -36197
-2100 -68834 11688
-2100 -68834 65442
-2100 -68834 46499
-2100 -68834 -87980
-2100 -68834 46321
-2100 -68834 -83358
-2100 -68834 -26751
-2100 -68834 -550
-2100 -68834 61589
-2100 -68834 -95697
-2100 77408 -12272
-2100 77408 23440
-2100 77408 -36197
-2100 77408 11688
-2100 77408 65442
-2100 77408 46499
-2100 77408 -87980
-2100 77408 46321
-2100 77408 -83358
-2100 77408 -26751
-2100 77408 -550
-2100 77408 61589
-2100 77408 -95697
-2100 -32545 -12272
-2100 -32545 23440
-2100 -32545 -36197
-2100 -32545 11688
-2100 -32545 65442
-2100 -32545 46499
-2100 -32545 -87980
-2100 -32545 46321
-2100 -32545 -83358
-2100 -32545 -26751
-2100 -32545 -550
-2100 -32545 61589
-2100 -32545 -95697
-2100 -39013 -12272
-2100 -39013 23440
-2100 -39013 -36197
-2100 -39013 11688
-2100 -39013 65442
-2100 -39013 46499
-2100 -39013 -87980
-2100 -39013 46321
-2100 -39013 -83358
-2100 -39013 -26751
-2100 -39013 -550
-2100 -39013 61589
-2100 -39013 -95697
-2100 -2069 -12272
-2100 -2069 23440
-2100 -2069 -36197
-2100 -2069 11688
-2100 -2069 65442
-2100 -2069 46499
-2100 -2069 -87980
-2100 -2069 46321
-2100 -2069 -83358
-2100 -2069 -26751
-2100 -2069 -550
-2100 -2069 61589
-2100 -2069 -95697
-17465 -70058 -12272
-17465 -70058 23440
-17465 -70058 -36197
-17465 -70058 11688
-17465 -70058 65442
-17465 -70058 46499
-17465 -70058 -87980
-17465 -70058 46321
-17465 -70058 -83358
-17465 -70058 -26751
-17465 -70058 -550
-17465 -70058 61589
-17465 -70058 -95697
-17465 -37146 -12272
-17465 -37146 23440
-17465 -37146 -36197
-17465 -37146 11688
-17465 -37146 65442
-17465 -37146 46499
-17465 -37146 -87980
-17465 -37146 46321
-17465 -37146 -83358
-17465 -37146 -26751
-17465 -37146 -550
-17465 -37146 61589
-17465 -37146 -95697
-17465 -37098 -12272
-17465 -37098 23440
-17465 -37098 -36197
-17465 -37098 11688
-17465 -37098 65442
-17465 -37098 46499
-17465 -37098 -87980
-17465 -37098 46321
-17465 -37098 -83358
-17465 -37098 -26751
-17465 -37098 -550
-17465 -37098 61589
-17465 -37098 -95697
-17465 49564 -12272
-17465 49564 23440
-17465 49564 -36197
-17465 49564 11688
-17465 49564 65442
-17465 49564 46499
-17465 49564 -87980
-17465 49564 46321
-17465 49564 -83358
-17465 49564 -26751
-17465 49564 -550
-17465 49564 61589
-17465 49564 -95697
-17465 11674 -12272
-17465 11674 23440
-17465 11674 -36197
-17465 11674 11688
-17465 11674 65442
-17465 11674 46499
-17465 11674 -87980
-17465 11674 46321
-17465 11674 -83358
-17465 11674 -26751
-17465 11674 -550
-17465 11674 61589
-17465 11674 -95697
-17465 45165 -12272
-17465 45165 23440
-17465 45165 -36197
-17465 45165 11688
-17465 45165 65442
-17465 45165 46499
-17465 45165 -87980
-17465 45165 46321
-17465 45165 -83358
-17465 45165 -26751
-17465 45165 -550
-17465 45165 61589
-17465 45165 -95697
-17465 -45378 -12272
-17465 -45378 23440
-17465 -45378 -36197
-17465 -45378 11688
-17465 -45378 65442
-17465 -45378 46499
-17465 -45378 -87980
-17465 -45378 46321
-17465 -45378 -83358
-17465 -45378 -26751
-17465 -45378 -550
-17465 -45378 61589
-17465 -45378 -95697
-17465 -90952 -12272
-17465 -90952 23440
-17465 -90952 -36197
-17465 -90952 11688
-17465 -90952 65442
-17465 -90952 46499
-17465 -90952 -87980
-17465 -90952 46321
-17465 -90952 -83358
-17465 -90952 -26751
-17465 -90952 -550
-17465 -90952 61589
-17465 -90952 -95697
-17465 -68834 -12272
-17465 -68834 23440
-17465 -68834 -36197
-17465 -68834 11688
-17465 -68834 65442
-17465 -68834 46499
-17465 -68834 -87980
-17465 -68834 46321
-17465 -68834 -83358
-17465 -68834 -26751
-17465 -68834 -550
-17465 -68834 61589
-17465 -68834 -95697
-17465 77408 -12272
-17465 77408 23440
-17465 77408 -36197
-17465 77408 11688
-17465 77408 65442
-17465 77408 46499
-17465 77408 -87980
-17465 77408 46321
-17465 77408 -83358
-17465 77408 -26751
-17465 77408 -550
-17465 77408 61589
-17465 77408 -95697
-17465 -32545 -12272
-17465 -32545 23440
-17465 -32545 -36197
-17465 -32545 11688
-17465 -32545 65442
-17465 -32545 46499
-17465 -32545 -87980
-17465 -32545 46321
-17465 -32545 -83358
-17465 -32545 -26751
-17465 -32545 -550
-17465 -32545 61589
-17465 -32545 -95697
-17465 -39013 -12272
-17465 -39013 23440
-17465 -39013 -36197
-17465 -39013 11688
-17465 -39013 65442
-17465 -39013 46499
-17465 -39013 -87980
-17465 -39013 46321
-17465 -39013 -83358
-17465 -39013 -26751
-17465 -39013 -550
-17465 -39013 61589
-17465 -39013 -95697
-17465 -2069 -12272
-17465 -2069 23440
-17465 -2069 -36197
-17465 -2069 11688
-17465 -2069 65442
-17465 -2069 46499
-17465 -2069 -87980
-17465 -2069 46321
-17465 -2069 -83358
-17465 -2069 -26751
-17465 -2069 -550
-17465 -2069 61589
-17465 -2069 -95697
-40602 -70058 -12272
-40602 -70058 23440
-40602 -70058 -36197
-40602 -70058 11688
-40602 -70058 65442
-40602 -70058 46499
-40602 -70058 -87980
-40602 -70058 46321
-40602 -70058 -83358
-40602 -70058 -26751
-40602 -70058 -550
-40602 -70058 61589
-40602 -70058 -95697
-40602 -37146 -12272
-40602 -37146 23440
-40602 -37146 -36197
-40602 -37146 11688
-40602 -37146 65442
-40602 -37146 46499
-40602 -37146 -87980
-40602 -37146 46321
-40602 -37146 -83358
-40602 -37146 -26751
-40602 -37146 -550
-40602 -37146 61589
-40602 -37146 -95697
-40602 -37098 -12272
-40602 -37098 23440
-40602 -37098 -36197
-40602 -37098 11688
-40602 -37098 65442
-40602 -37098 46499
-40602 -37098 -87980
-40602 -37098 46321
-40602 -37098 -83358
-40602 -37098 -26751
-40602 -37098 -550
-40602 -37098 61589
-40602 -37098 -95697
-40602 49564 -12272
-40602 49564 23440
-40602 49564 -36197
-40602 49564 11688
-40602 49564 65442
-40602 49564 46499
-40602 49564 -87980
-40602 49564 46321
-40602 49564 -83358
-40602 49564 -26751
-40602 49564 -550
-40602 49564 61589
-40602 49564 -95697
-40602 11674 -12272
-40602 11674 23440
-40602 11674 -36197
-40602 11674 11688
-40602 11674 65442
-40602 11674 46499
-40602 11674 -87980
-40602 11674 46321
-40602 11674 -83358
-40602 11674 -26751
-40602 11674 -550
-40602 11674 61589
-40602 11674 -95697
-40602 45165 -12272
-40602 45165 23440
-40602 45165 -36197
-40602 45165 11688
-40602 45165 65442
-40602 45165 46499
-40602 45165 -87980
-40602 45165 46321
-40602 45165 -83358
-40602 45165 -26751
-40602 45165 -550
-40602 45165 61589
-40602 45165 -95697
-40602 -45378 -12272
-40602 -45378 23440
-40602 -45378 -36197
-40602 -45378 11688
-40602 -45378 65442
-40602 -45378 46499
-40602 -45378 -87980
-40602 -45378 46321
-40602 -45378 -83358
-40602 -45378 -26751
-40602 -45378 -550
-40602 -45378 61589
-40602 -45378 -95697
-40602 -90952 -12272
-40602 -90952 23440
-40602 -90952 -36197
-40602 -90952 11688
-40602 -90952 65442
-40602 -90952 46499
-40602 -90952 -87980
-40602 -90952 46321
-40602 -90952 -83358
-40602 -90952 -26751
-40602 -90952 -550
-40602 -90952 61589
-40602 -90952 -95697
-40602 -68834 -12272
-40602 -68834 23440
-40602 -68834 -36197
-40602 -68834 11688
-40602 -68834 65442
-40602 -68834 46499
-40602 -68834 -87980
-40602 -68834 46321
-40602 -68834 -83358
-40602 -68834 -26751
-40602 -68834 -550
-40602 -68834 61589
-40602 -68834 -95697
-40602 77408 -12272
-40602 77408 23440
-40602 77408 -36197
-40602 77408 11688
-40602 77408 65442
-40602 77408 46499
-40602 77408 -87980
-40602 77408 46321
-40602 77408 -83358
-40602 77408 -26751
-40602 77408 -550
-40602 77408 61589
-40602 77408 -95697
-40602 -32545 -12272
-40602 -32545 23440
-40602 -32545 -36197
-40602 -32545 11688
-40602 -32545 65442
-40602 -32545 46499
-40602 -32545 -87980
-40602 -32545 46321
-40602 -32545 -83358
-40602 -32545 -26751
-40602 -32545 -550
-40602 -32545 61589
-40602 -32545 -95697
-40602 -39013 -12272
-40602 -39013 23440
-40602 -39013 -36197
-40602 -39013 11688
-40602 -39013 65442
-40602 -39013 46499
-40602 -39013 -87980
-40602 -39013 46321
-40602 -39013 -83358
-40602 -39013 -26751
-40602 -39013 -550
-40602 -39013 61589
-40602 -39013 -95697
-40602 -2069 -12272
-40602 -2069 23440
-40602 -2069 -36197
-40602 -2069 11688
-40602 -2069 65442
-40602 -2069 46499
-40602 -2069 -87980
-40602 -2069 46321
-40602 -2069 -83358
-40602 -2069 -26751
-40602 -2069 -550
-40602 -2069 61589
-40602 -2069 -95697
88273 -70058 -12272
88273 -70058 23440
88273 -70058 -36197
88273 -70058 11688
88273 -70058 65442
88273 -70058 46499
88273 -70058 -87980
88273 -70058 46321
88273 -70058 -83358
88273 -70058 -26751
88273 -70058 -550
88273 -70058 61589
88273 -70058 -95697
88273 -37146 -12272
88273 -37146 23440
88273 -37146 -36197
88273 -37146 11688
88273 -37146 65442
88273 -37146 46499
88273 -37146 -87980
88273 -37146 46321
88273 -37146 -83358
88273 -37146 -26751
88273 -37146 -550
88273 -37146 61589
88273 -37146 -95697
88273 -37098 -12272
88273 -37098 23440
88273 -37098 -36197
88273 -37098 11688
88273 -37098 65442
88273 -37098 46499
88273 -37098 -87980
88273 -37098 46321
88273 -37098 -83358
88273 -37098 -26751
88273 -37098 -550
88273 -37098 61589
88273 -37098 -95697
88273 49564 -12272
88273 49564 23440
88273 49564 -36197
88273 49564 11688
88273 49564 65442
88273 49564 46499
88273 49564 -87980
88273 49564 46321
88273 49564 -83358
88273 49564 -26751
88273 49564 -550
88273 49564 61589
88273 49564 -95697
88273 11674 -12272
88273 11674 23440
88273 11674 -36197
88273 11674 11688
88273 11674 65442
88273 11674 46499
88273 11674 -87980
88273 11674 46321
88273 11674 -83358
88273 11674 -26751
88273 11674 -550
88273 11674 61589
88273 11674 -95697
88273 45165 -12272
88273 45165 23440
88273 45165 -36197
88273 45165 11688
88273 45165 65442
88273 45165 46499
88273 45165 -87980
88273 45165 46321
88273 45165 -83358
88273 45165 -26751
88273 45165 -550
88273 45165 61589
88273 45165 -95697
88273 -45378 -12272
88273 -45378 23440
88273 -45378 -36197
88273 -45378 11688
88273 -45378 65442
88273 -45378 46499
88273 -45378 -87980
88273 -45378 46321
88273 -45378 -83358
88273 -45378 -26751
88273 -45378 -550
88273 -45378 61589
88273 -45378 -95697
88273 -90952 -12272
88273 -90952 23440
88273 -90952 -36197
88273 -90952 11688
88273 -90952 65442
88273 -90952 46499
88273 -90952 -87980
88273 -90952 46321
88273 -90952 -83358
88273 -90952 -26751
88273 -90952 -550
88273 -90952 61589
88273 -90952 -95697
88273 -68834 -12272
88273 -68834 23440
88273 -68834 -36197
88273 -68834 11688
88273 -68834 65442
88273 -68834 46499
88273 -68834 -87980
88273 -68834 46321
88273 -68834 -83358
88273 -68834 -26751
88273 -68834 -550
88273 -68834 61589
88273 -68834 -95697
88273 77408 -12272
88273 77408 23440
88273 77408 -36197
88273 77408 11688
88273 77408 65442
88273 77408 46499
88273 77408 -87980
88273 77408 46321
88273 77408 -83358
88273 77408 -26751
88273 77408 -550
88273 77408 61589
88273 77408 -95697
88273 -32545 -12272
88273 -32545 23440
88273 -32545 -36197
88273 -32545 11688
88273 -32545 65442
88273 -32545 46499
88273 -32545 -87980
88273 -32545 46321
88273 -32545 -83358
88273 -32545 -26751
88273 -32545 -550
88273 -32545 61589
88273 -32545 -95697
88273 -39013 -12272
88273 -39013 23440
88273 -39013 -36197
88273 -39013 11688
88273 -39013 65442
88273 -39013 46499
88273 -39013 -87980
88273 -39013 46321
88273 -39013 -83358
88273 -39013 -26751
88273 -39013 -550
88273 -39013 61589
88273 -39013 -95697
88273 -2069 -12272
88273 -2069 23440
88273 -2069 -36197
88273 -2069 11688
88273 -2069 65442
88273 -2069 46499
88273 -2069 -87980
88273 -2069 46321
88273 -2069 -83358
88273 -2069 -26751
88273 -2069 -550
88273 -2069 61589
88273 -2069 -95697
-1262 -70058 -12272
-1262 -70058 23440
-1262 -70058 -36197
-1262 -70058 11688
-1262 -70058 65442
-1262 -70058 46499
-1262 -70058 -87980
-1262 -70058 46321
-1262 -70058 -83358
-1262 -70058 -26751
-1262 -70058 -550
-1262 -70058 61589
-1262 -70058 -95697
-1262 -37146 -12272
-1262 -37146 23440
-1262 -37146 -36197
-1262 -37146 11688
-1262 -37146 65442
-1262 -37146 46499
-1262 -37146 -87980
-1262 -37146 46321
-1262 -37146 -83358
-1262 -37146 -26751
-1262 -37146 -550
-1262 -37146 61589
-1262 -37146 -95697
-1262 -37098 -12272
-1262 -37098 23440
-1262 -37098 -36197
-1262 -37098 11688
-1262 -37098 65442
-1262 -37098 46499
-1262 -37098 -87980
-1262 -37098 46321
-1262 -37098 -83358
-1262 -37098 -26751
-1262 -37098 -550
-1262 -37098 61589
-1262 -37098 -95697
-1262 49564 -12272
-1262 49564 23440
-1262 49564 -36197
-1262 49564 11688
-1262 49564 65442
-1262 49564 46499
-1262 49564 -87980
-1262 49564 46321
-1262 49564 -83358
-1262 49564 -26751
-1262 49564 -550
-1262 49564 61589
-1262 49564 -95697
-1262 11674 -12272
-1262 11674 23440
-1262 11674 -36197
-1262 11674 11688
-1262 11674 65442
-1262 11674 46499
-1262 11674 -87980
-1262 11674 46321
-1262 11674 -83358
-1262 11674 -26751
-1262 11674 -550
-1262 11674 61589
-1262 11674 -95697
-1262 45165 -12272
-1262 45165 23440
-1262 45165 -36197
-1262 45165 11688
-1262 45165 65442
-1262 45165 46499
-1262 45165 -87980
-1262 45165 46321
-1262 45165 -83358
-1262 45165 -26751
-1262 45165 -550
-1262 45165 61589
-1262 45165 -95697
-1262 -45378 -12272
-1262 -45378 23440
-1262 -45378 -36197
-1262 -45378 11688
-1262 -45378 65442
-1262 -45378 46499
-1262 -45378 -87980
-1262 -45378 46321
-1262 -45378 -83358
-1262 -45378 -26751
-1262 -45378 -550
-1262 -45378 61589
-1262 -45378 -95697
-1262 -90952 -12272
-1262 -90952 23440
-1262 -90952 -36197
-1262 -90952 11688
-1262 -90952 65442
-1262 -90952 46499
-1262 -90952 -87980
-1262 -90952 46321
-1262 -90952 -83358
-1262 -90952 -26751
-1262 -90952 -550
-1262 -90952 61589
-1262 -90952 -95697
-1262 -68834 -12272
-1262 -68834 23440
-1262 -68834 -36197
-1262 -68834 11688
-1262 -68834 65442
-1262 -68834 46499
-1262 -68834 -87980
-1262 -68834 46321
-1262 -68834 -83358
-1262 -68834 -26751
-1262 -68834 -550
-1262 -68834 61589
-1262 -68834 -95697
-1262 77408 -12272
-1262 77408 23440
-1262 77408 -36197
-1262 77408 11688
-1262 77408 65442
-1262 77408 46499
-1262 77408 -87980
-1262 77408 46321
-1262 77408 -83358
-1262 77408 -26751
-1262 77408 -550
-1262 77408 61589
-1262 77408 -95697
-1262 -32545 -12272
-1262 -32545 23440
-1262 -32545 -36197
-1262 -32545 11688
-1262 -32545 65442
-1262 -32545 46499
-1262 -32545 -87980
-1262 -32545 46321
-1262 -32545 -83358
-1262 -32545 -26751
-1262 -32545 -550
-1262 -32545 61589
-1262 -32545 -95697
-1262 -39013 -12272
-1262 -39013 23440
-1262 -39013 -36197
-1262 -39013 11688
-1262 -39013 65442
-1262 -39013 46499
-1262 -39013 -87980
-1262 -39013 46321
-1262 -39013 -83358
-1262 -39013 -26751
-1262 -39013 -550
-1262 -39013 61589
-1262 -39013 -95697
-1262 -2069 -12272
-1262 -2069 23440
-1262 -2069 -36197
-1262 -2069 11688
-1262 -2069 65442
-1262 -2069 46499
-1262 -2069 -87980
-1262 -2069 46321
-1262 -2069 -83358
-1262 -2069 -26751
-1262 -2069 -550
-1262 -2069 61589
-1262 -2069 -95697
19255 -70058 -12272
19255 -70058 23440
19255 -70058 -36197
19255 -70058 11688
19255 -70058 65442
19255 -70058 46499
19255 -70058 -87980
19255 -70058 46321
19255 -70058 -83358
19255 -70058 -26751
19255 -70058 -550
19255 -70058 61589
19255 -70058 -95697
19255 -37146 -12272
19255 -37146 23440
19255 -37146 -36197
19255 -37146 11688
19255 -37146 65442
19255 -37146 46499
19255 -37146 -87980
19255 -37146 46321
19255 -37146 -83358
19255 -37146 -26751
19255 -37146 -550
19255 -37146 61589
19255 -37146 -95697
19255 -37098 -12272
19255 -37098 23440
19255 -37098 -36197
19255 -37098 11688
19255 -37098 65442
19255 -37098 46499
19255 -37098 -87980
19255 -37098 46321
19255 -37098 -83358
19255 -37098 -26751
19255 -37098 -550
19255 -37098 61589
19255 -37098 -95697
19255 49564 -12272
19255 49564 23440
19255 49564 -36197
19255 49564 11688
19255 49564 65442
19255 49564 46499
19255 49564 -87980
19255 49564 46321
19255 49564 -83358
19255 49564 -26751
19255 49564 -550
19255 49564 61589
19255 49564 -95697
19255 11674 -12272
19255 11674 23440
19255 11674 -36197
19255 11674 11688
19255 11674 65442
19255 11674 46499
19255 11674 -87980
19255 11674 46321
19255 11674 -83358
19255 11674 -26751
19255 11674 -550
19255 11674 61589
19255 11674 -95697
19255 45165 -12272
19255 45165 23440
19255 45165 -36197
19255 45165 11688
19255 45165 65442
19255 45165 46499
19255 45165 -87980
19255 45165 46321
19255 45165 -83358
19255 45165 -26751
19255 45165 -550
19255 45165 61589
19255 45165 -95697
19255 -45378 -12272
19255 -45378 23440
19255 -45378 -36197
19255 -45378 11688
19255 -45378 65442
19255 -45378 46499
19255 -45378 -87980
19255 -45378 46321
19255 -45378 -83358
19255 -45378 -26751
19255 -45378 -550
19255 -45378 61589
19255 -45378 -95697
19255 -90952 -12272
19255 -90952 23440
19255 -90952 -36197
19255 -90952 11688
19255 -90952 65442
19255 -90952 46499
19255 -90952 -87980
19255 -90952 46321
19255 -90952 -83358
19255 -90952 -26751
19255 -90952 -550
19255 -90952 61589
19255 -90952 -95697
19255 -68834 -12272
19255 -68834 23440
19255 -68834 -36197
19255 -68834 11688
19255 -68834 65442
19255 -68834 46499
19255 -68834 -87980
19255 -68834 46321
19255 -68834 -83358
19255 -68834 -26751
19255 -68834 -550
19255 -68834 61589
19255 -68834 -95697
19255 77408 -12272
19255 77408 23440
19255 77408 -36197
19255 77408 11688
19255 77408 65442
19255 77408 46499
19255 77408 -87980
19255 77408 46321
19255 77408 -83358
19255 77408 -26751
19255 77408 -550
19255 77408 61589
19255 77408 -95697
19255 -32545 -12272
19255 -32545 23440
19255 -32545 -36197
19255 -32545 11688
19255 -32545 65442
19255 -32545 46499
19255 -32545 -87980
19255 -32545 46321
19255 -32545 -83358
19255 -32545 -26751
19255 -32545 -550
19255 -32545 61589
19255 -32545 -95697
19255 -39013 -12272
19255 -39013 23440
19255 -39013 -36197
19255 -39013 11688
19255 -39013 65442
19255 -39013 46499
19255 -39013 -87980
19255 -39013 46321
19255 -39013 -83358
19255 -39013 -26751
19255 -39013 -550
19255 -39013 61589
19255 -39013 -95697
19255 -2069 -12272
19255 -2069 23440
19255 -2069 -36197
19255 -2069 11688
19255 -2069 65442
19255 -2069 46499
19255 -2069 -87980
19255 -2069 46321
19255 -2069 -83358
19255 -2069 -26751
19255 -2069 -550
19255 -2069 61589
19255 -2069 -95697
-36434 -70058 -12272
-36434 -70058 23440
-36434 -70058 -36197
-36434 -70058 11688
-36434 -70058 65442
-36434 -70058 46499
-36434 -70058 -87980
-36434 -70058 46321
-36434 -70058 -83358
-36434 -70058 -26751
-36434 -70058 -550
-36434 -70058 61589
-36434 -70058 -95697
-36434 -37146 -12272
-36434 -37146 23440
-36434 -37146 -36197
-36434 -37146 11688
-36434 -37146 65442
-36434 -37146 46499
-36434 -37146 -87980
-36434 -37146 46321
-36434 -37146 -83358
-36434 -37146 -26751
-36434 -37146 -550
-36434 -37146 61589
-36434 -37146 -95697
-36434 -37098 -12272
-36434 -37098 23440
-36434 -37098 -36197
-36434 -37098 11688
-36434 -37098 65442
-36434 -37098 46499
-36434 -37098 -87980
-36434 -37098 46321
-36434 -37098 -83358
-36434 -37098 -26751
-36434 -37098 -550
-36434 -37098 61589
-36434 -37098 -95697
-36434 49564 -12272
-36434 49564 23440
-36434 49564 -36197
-36434 49564 11688
-36434 49564 65442
-36434 49564 46499
-36434 49564 -87980
-36434 49564 46321
-36434 49564 -83358
-36434 49564 -26751
-36434 49564 -550
-36434 49564 61589
-36434 49564 -95697
-36434 11674 -12272
-36434 11674 23440
-36434 11674 -36197
-36434 11674 11688
-36434 11674 65442
-36434 11674 46499
-36434 11674 -87980
-36434 11674 46321
-36434 11674 -83358
-36434 11674 -26751
-36434 11674 -550
-36434 11674 61589
-36434 11674 -95697
-36434 45165 -12272
-36434 45165 23440
-36434 45165 -36197
-36434 45165 11688
-36434 45165 65442
-36434 45165 46499
-36434 45165 -87980
-36434 45165 46321
-36434 45165 -83358
-36434 45165 -26751
-36434 45165 -550
-36434 45165 61589
-36434 45165 -95697
-36434 -45378 -12272
-36434 -45378 23440
-36434 -45378 -36197
-36434 -45378 11688
-36434 -45378 65442
-36434 -45378 46499
-36434 -45378 -87980
-36434 -45378 46321
-36434 -45378 -83358
-36434 -45378 -26751
-36434 -45378 -550
-36434 -45378 61589
-36434 -45378 -95697
-36434 -90952 -12272
-36434 -90952 23440
-36434 -90952 -36197
-36434 -90952 11688
-36434 -90952 65442
-36434 -90952 46499
-36434 -90952 -87980
-36434 -90952 46321
-36434 -90952 -83358
-36434 -90952 -26751
-36434 -90952 -550
-36434 -90952 61589
-36434 -90952 -95697
-36434 -68834 -12272
-36434 -68834 23440
-36434 -68834 -36197
-36434 -68834 11688
-36434 -68834 65442
-36434 -68834 46499
-36434 -68834 -87980
-36434 -68834 46321
-36434 -68834 -83358
-36434 -68834 -26751
-36434 -68834 -550
-36434 -68834 61589
-36434 -68834 -95697
-36434 77408 -12272
-36434 77408 23440
-36434 77408 -36197
-36434 77408 11688
-36434 77408 65442
-36434 77408 46499
-36434 77408 -87980
-36434 77408 46321
-36434 77408 -83358
-36434 77408 -26751
-36434 77408 -550
-36434 77408 61589
-36434 77408 -95697
-36434 -32545 -12272
-36434 -32545 23440
-36434 -32545 -36197
-36434 -32545 11688
-36434 -32545 65442
-36434 -32545 46499
-36434 -32545 -87980
-36434 -32545 46321
-36434 -32545 -83358
-36434 -32545 -26751
-36434 -32545 -550
-36434 -32545 61589
-36434 -32545 -95697
-36434 -39013 -12272
-36434 -39013 23440
-36434 -39013 -36197
-36434 -39013 11688
-36434 -39013 65442
-36434 -39013 46499
-36434 -39013 -87980
-36434 -39013 46321
-36434 -39013 -83358
-36434 -39013 -26751
-36434 -39013 -550
-36434 -39013 61589
-36434 -39013 -95697
-36434 -2069 -12272
-36434 -2069 23440
-36434 -2069 -36197
-36434 -2069 11688
-36434 -2069 65442
-36434 -2069 46499
-36434 -2069 -87980
-36434 -2069 46321
-36434 -2069 -83358
-36434 -2069 -26751
-36434 -2069 -550
-36434 -2069 61589
-36434 -2069 -95697
-83416 -70058 -12272
-83416 -70058 23440
-83416 -70058 -36197
-83416 -70058 11688
-83416 -70058 65442
-83416 -70058 46499
-83416 -70058 -87980
-83416 -70058 46321
-83416 -70058 -83358
-83416 -70058 -26751
-83416 -70058 -550
-83416 -70058 61589
-83416 -70058 -95697
-83416 -37146 -12272
-83416 -37146 23440
-83416 -37146 -36197
-83416 -37146 11688
-83416 -37146 65442
-83416 -37146 46499
-83416 -37146 -87980
-83416 -37146 46321
-83416 -37146 -83358
-83416 -37146 -26751
-83416 -37146 -550
-83416 -37146 61589
-83416 -37146 -95697
-83416 -37098 -12272
-83416 -37098 23440
-83416 -37098 -36197
-83416 -37098 11688
-83416 -37098 65442
-83416 -37098 46499
-83416 -37098 -87980
-83416 -37098 46321
-83416 -37098 -83358
-83416 -37098 -26751
-83416 -37098 -550
-83416 -37098 61589
-83416 -37098 -95697
-83416 49564 -12272
-83416 49564 23440
-83416 49564 -36197
-83416 49564 11688
-83416 49564 65442
-83416 49564 46499
-83416 49564 -87980
-83416 49564 46321
-83416 49564 -83358
-83416 49564 -26751
-83416 49564 -550
-83416 49564 61589
-83416 49564 -95697
-83416 11674 -12272
-83416 11674 23440
-83416 11674 -36197
-83416 11674 11688
-83416 11674 65442
-83416 11674 46499
-83416 11674 -87980
-83416 11674 46321
-83416 11674 -83358
-83416 11674 -26751
-83416 11674 -550
-83416 11674 61589
-83416 11674 -95697
-83416 45165 -12272
-83416 45165 23440
-83416 45165 -36197
-83416 45165 11688
-83416 45165 65442
-83416 45165 46499
-83416 45165 -87980
-83416 45165 46321
-83416 45165 -83358
-83416 45165 -26751
-83416 45165 -550
-83416 45165 61589
-83416 45165 -95697
-83416 -45378 -12272
-83416 -45378 23440
-83416 -45378 -36197
-83416 -45378 11688
-83416 -45378 65442
-83416 -45378 46499
-83416 -45378 -87980
-83416 -45378 46321
-83416 -45378 -83358
-83416 -45378 -26751
-83416 -45378 -550
-83416 -45378 61589
-83416 -45378 -95697
-83416 -90952 -12272
-83416 -90952 23440
-83416 -90952 -36197
-83416 -90952 11688
-83416 -90952 65442
-83416 -90952 46499
-83416 -90952 -87980
-83416 -90952 46321
-83416 -90952 -83358
-83416 -90952 -26751
-83416 -90952 -550
-83416 -90952 61589
-83416 -90952 -95697
-83416 -68834 -12272
-83416 -68834 23440
-83416 -68834 -36197
-83416 -68834 11688
-83416 -68834 65442
-83416 -68834 46499
-83416 -68834 -87980
-83416 -68834 46321
-83416 -68834 -83358
-83416 -68834 -26751
-83416 -68834 -550
-83416 -68834 61589
-83416 -68834 -95697
-83416 77408 -12272
-83416 77408 23440
-83416 77408 -36197
-83416 77408 11688
-83416 77408 65442
-83416 77408 46499
-83416 77408 -87980
-83416 77408 46321
-83416 77408 -83358
-83416 77408 -26751
-83416 77408 -550
-83416 77408 61589
-83416 77408 -95697
-83416 -32545 -12272
-83416 -32545 23440
-83416 -32545 -36197
-83416 -32545 11688
-83416 -32545 65442
-83416 -32545 46499
-83416 -32545 -87980
-83416 -32545 46321
-83416 -32545 -83358
-83416 -32545 -26751
-83416 -32545 -550
-83416 -32545 61589
-83416 -32545 -95697
-83416 -39013 -12272
-83416 -39013 23440
-83416 -39013 -36197
-83416 -39013 11688
-83416 -39013 65442
-83416 -39013 46499
-83416 -39013 -87980
-83416 -39013 46321
-83416 -39013 -83358
-83416 -39013 -26751
-83416 -39013 -550
-83416 -39013 61589
-83416 -39013 -95697
-83416 -2069 -12272
-83416 -2069 23440
-83416 -2069 -36197
-83416 -2069 11688
-83416 -2069 65442
-83416 -2069 46499
-83416 -2069 -87980
-83416 -2069 46321
-83416 -2069 -83358
-83416 -2069 -26751
-83416 -2069 -550
-83416 -2069 61589
-83416 -2069 -95697
14463 -70058 -12272
14463 -70058 23440
14463 -70058 -36197
14463 -70058 11688
14463 -70058 65442
14463 -70058 46499
14463 -70058 -87980
14463 -70058 46321
14463 -70058 -83358
14463 -70058 -26751
14463 -70058 -550
14463 -70058 61589
14463 -70058 -95697
14463 -37146 -12272
14463 -37146 23440
14463 -37146 -36197
14463 -37146 11688
14463 -37146 65442
14463 -37146 46499
14463 -37146 -87980
14463 -37146 46321
14463 -37146 -83358
14463 -37146 -26751
14463 -37146 -550
14463 -37146 61589
14463 -37146 -95697
14463 -37098 -12272
14463 -37098 23440
14463 -37098 -36197
14463 -37098 11688
14463 -37098 65442
14463 -37098 46499
14463 -37098 -87980
14463 -37098 46321
14463 -37098 -83358
14463 -37098 -26751
14463 -37098 -550
14463 -37098 61589
14463 -37098 -95697
14463 49564 -12272
14463 49564 23440
14463 49564 -36197
14463 49564 11688
14463 49564 65442
14463 49564 46499
14463 49564 -87980
14463 49564 46321
14463 49564 -83358
14463 49564 -26751
14463 49564 -550
14463 49564 61589
14463 49564 -95697
14463 11674 -12272
14463 11674 23440
14463 11674 -36197
14463 11674 11688
14463 11674 65442
14463 11674 46499
14463 11674 -87980
14463 11674 46321
14463 11674 -83358
14463 11674 -26751
14463 11674 -550
14463 11674 61589
14463 11674 -95697
14463 45165 -12272
14463 45165 23440
14463 45165 -36197
14463 45165 11688
14463 45165 65442
14463 45165 46499
14463 45165 -87980
14463 45165 46321
14463 45165 -83358
14463 45165 -26751
14463 45165 -550
14463 45165 61589
14463 45165 -95697
14463 -45378 -12272
14463 -45378 23440
14463 -45378 -36197
14463 -45378 11688
14463 -45378 65442
14463 -45378 46499
14463 -45378 -87980
14463 -45378 46321
14463 -45378 -83358
14463 -45378 -26751
14463 -45378 -550
14463 -45378 61589
14463 -45378 -95697
14463 -90952 -12272
14463 -90952 23440
14463 -90952 -36197
14463 -90952 11688
14463 -90952 65442
14463 -90952 46499
14463 -90952 -87980
14463 -90952 46321
14463 -90952 -83358
14463 -90952 -26751
14463 -90952 -550
14463 -90952 61589
14463 -90952 -95697
14463 -68834 -12272
14463 -68834 23440
14463 -68834 -36197
14463 -68834 11688
14463 -68834 65442
14463 -68834 46499
14463 -68834 -87980
14463 -68834 46321
14463 -68834 -83358
14463 -68834 -26751
14463 -68834 -550
14463 -68834 61589
14463 -68834 -95697
14463 77408 -12272
14463 77408 23440
14463 77408 -36197
14463 77408 11688
14463 77408 65442
14463 77408 46499
14463 77408 -87980
14463 77408 46321
14463 77408 -83358
14463 77408 -26751
14463 77408 -550
14463 77408 61589
14463 77408 -95697
14463 -32545 -12272
14463 -32545 23440
14463 -32545 -36197
14463 -32545 11688
14463 -32545 65442
14463 -32545 46499
14463 -32545 -87980
14463 -32545 46321
14463 -32545 -83358
14463 -32545 -26751
14463 -32545 -550
14463 -32545 61589
14463 -32545 -95697
14463 -39013 -12272
14463 -39013 23440
14463 -39013 -36197
14463 -39013 11688
14463 -39013 65442
14463 -39013 46499
14463 -39013 -87980
14463 -39013 46321
14463 -39013 -83358
14463 -39013 -26751
14463 -39013 -550
14463 -39013 61589
14463 -39013 -95697
14463 -2069 -12272
14463 -2069 23440
14463 -2069 -36197
14463 -2069 11688
14463 -2069 65442
14463 -2069 46499
14463 -2069 -87980
14463 -2069 46321
14463 -2069 -83358
14463 -2069 -26751
14463 -2069 -550
14463 -2069 61589
14463 -2069 -95697
95723 -70058 -12272
95723 -70058 23440
95723 -70058 -36197
95723 -70058 11688
95723 -70058 65442
95723 -70058 46499
95723 -70058 -87980
95723 -70058 46321
95723 -70058 -83358
95723 -70058 -26751
95723 -70058 -550
95723 -70058 61589
95723 -70058 -95697
95723 -37146 -12272
95723 -37146 23440
95723 -37146 -36197
95723 -37146 11688
95723 -37146 65442
95723 -37146 46499
95723 -37146 -87980
95723 -37146 46321
95723 -37146 -83358
95723 -37146 -26751
95723 -37146 -550
95723 -37146 61589
95723 -37146 -95697
95723 -37098 -12272
95723 -37098 23440
95723 -37098 -36197
95723 -37098 11688
95723 -37098 65442
95723 -37098 46499
95723 -37098 -87980
95723 -37098 46321
95723 -37098 -83358
95723 -37098 -26751
95723 -37098 -550
95723 -37098 61589
95723 -37098 -95697
95723 49564 -12272
95723 49564 23440
95723 49564 -36197
95723 49564 11688
95723 49564 65442
95723 49564 46499
95723 49564 -87980
95723 49564 46321
95723 49564 -83358
95723 49564 -26751
95723 49564 -550
95723 49564 61589
95723 49564 -95697
95723 11674 -12272
95723 11674 23440
95723 11674 -36197
95723 11674 11688
95723 11674 65442
95723 11674 46499
95723 11674 -87980
95723 11674 46321
95723 11674 -83358
95723 11674 -26751
95723 11674 -550
95723 11674 61589
95723 11674 -95697
95723 45165 -12272
95723 45165 23440
95723 45165 -36197
95723 45165 11688
95723 45165 65442
95723 45165 46499
95723 45165 -87980
95723 45165 46321
95723 45165 -83358
95723 45165 -26751
95723 45165 -550
95723 45165 61589
95723 45165 -95697
95723 -45378 -12272
95723 -45378 23440
95723 -45378 -36197
95723 -45378 11688
95723 -45378 65442
95723 -45378 46499
95723 -45378 -87980
95723 -45378 46321
95723 -45378 -83358
95723 -45378 -26751
95723 -45378 -550
95723 -45378 61589
95723 -45378 -95697
95723 -90952 -12272
95723 -90952 23440
95723 -90952 -36197
95723 -90952 11688
95723 -90952 65442
95723 -90952 46499
95723 -90952 -87980
95723 -90952 46321
95723 -90952 -83358
95723 -90952 -26751
95723 -90952 -550
95723 -90952 61589
95723 -90952 -95697
95723 -68834 -12272
95723 -68834 23440
95723 -68834 -36197
95723 -68834 11688
95723 -68834 65442
95723 -68834 46499
95723 -68834 -87980
95723 -68834 46321
95723 -68834 -83358
95723 -68834 -26751
95723 -68834 -550
95723 -68834 61589
95723 -68834 -95697
95723 77408 -12272
95723 77408 23440
95723 77408 -36197
95723 77408 11688
95723 77408 65442
95723 77408 46499
95723 77408 -87980
95723 77408 46321
95723 77408 -83358
95723 77408 -26751
95723 77408 -550
95723 77408 61589
95723 77408 -95697
95723 -32545 -12272
95723 -32545 23440
95723 -32545 -36197
95723 -32545 11688
95723 -32545 65442
95723 -32545 46499
95723 -32545 -87980
95723 -32545 46321
95723 -32545 -83358
95723 -32545 -26751
95723 -32545 -550
95723 -32545 61589
95723 -32545 -95697
95723 -39013 -12272
95723 -39013 23440
95723 -39013 -36197
95723 -39013 11688
95723 -39013 65442
95723 -39013 46499
95723 -39013 -87980
95723 -39013 46321
95723 -39013 -83358
95723 -39013 -26751
95723 -39013 -550
95723 -39013 61589
95723 -39013 -95697
95723 -2069 -12272
95723 -2069 23440
95723 -2069 -36197
95723 -2069 11688
95723 -2069 65442
95723 -2069 46499
95723 -2069 -87980
95723 -2069 46321
95723 -2069 -83358
95723 -2069 -26751
95723 -2069 -550
95723 -2069 61589
95723 -2069 -95697
