3375
44384 94580 59732
44384 94580 -35142
44384 94580 65852
44384 94580 -43723
44384 94580 -72505
44384 94580 96124
44384 94580 24287
44384 94580 -20205
44384 94580 94317
44384 94580 91342
44384 94580 -13884
44384 94580 43426
44384 94580 -1006
44384 94580 47580
44384 94580 -24320
44384 -90935 59732
44384 -90935 -35142
44384 -90935 65852
44384 -90935 -43723
44384 -90935 -72505
44384 -90935 96124
44384 -90935 24287
44384 -90935 -20205
44384 -90935 94317
44384 -90935 91342
44384 -90935 -13884
44384 -90935 43426
44384 -90935 -1006
44384 -90935 47580
44384 -90935 -24320
44384 -81374 59732
44384 -81374 -35142
44384 -81374 65852
44384 -81374 -43723
44384 -81374 -72505
44384 -81374 96124
44384 -81374 24287
44384 -81374 -20205
44384 -81374 94317
44384 -81374 91342
44384 -81374 -13884
44384 -81374 43426
44384 -81374 -1006
44384 -81374 47580
44384 -81374 -24320
44384 11978 59732
44384 11978 -35142
44384 11978 65852
44384 11978 -43723
44384 11978 -72505
44384 11978 96124
44384 11978 24287
44384 11978 -20205
44384 11978 94317
44384 11978 91342
44384 11978 -13884
44384 11978 43426
44384 11978 -1006
44384 11978 47580
44384 11978 -24320
44384 -59997 59732
44384 -59997 -35142
44384 -59997 65852
44384 -59997 -43723
44384 -59997 -72505
44384 -59997 96124
44384 -59997 24287
44384 -59997 -20205
44384 -59997 94317
44384 -59997 91342
44384 -59997 -13884
44384 -59997 43426
44384 -59997 -1006
44384 -59997 47580
44384 -59997 -24320
44384 18667 59732
44384 18667 -35142
44384 18667 65852
44384 18667 -43723
44384 18667 -72505
44384 18667 96124
44384 18667 24287
44384 18667 -20205
44384 18667 94317
44384 18667 91342
44384 18667 -13884
44384 18667 43426
44384 18667 -1006
44384 18667 47580
44384 18667 -24320
44384 74386 59732
44384 74386 -35142
44384 74386 65852
44384 74386 -43723
44384 74386 -72505
44384 74386 96124
44384 74386 24287
44384 74386 -20205
44384 74386 94317
44384 74386 91342
44384 74386 -13884
44384 74386 43426
44384 74386 -1006
44384 74386 47580
44384 74386 -24320
44384 79598 59732
44384 79598 -35142
44384 79598 65852
44384 79598 -43723
44384 79598 -72505
44384 79598 96124
44384 79598 24287
44384 79598 -20205
44384 79598 94317
44384 79598 91342
44384 79598 -13884
44384 79598 43426
44384 79598 -1006
44384 79598 47580
44384 79598 -24320
44384 -46123 59732
44384 -46123 -35142
44384 -46123 65852
44384 -46123 -43723
44384 -46123 -72505
44384 -46123 96124
44384 -46123 24287
44384 -46123 -20205
44384 -46123 94317
44384 -46123 91342
44384 -46123 -13884
44384 -46123 43426
44384 -46123 -1006
44384 -46123 47580
44384 -46123 -24320
44384 98517 59732
44384 98517 -35142
44384 98517 65852
44384 98517 -43723
44384 98517 -72505
44384 98517 96124
44384 98517 24287
44384 98517 -20205
44384 98517 94317
44384 98517 91342
44384 98517 -13884
44384 98517 43426
44384 98517 -1006
44384 98517 47580
44384 98517 -24320
44384 -20078 59732
44384 -20078 -35142
44384 -20078 65852
44384 -20078 -43723
44384 -20078 -72505
44384 -20078 96124
44384 -20078 24287
44384 -20078 -20205
44384 -20078 94317
44384 -20078 91342
44384 -20078 -13884
44384 -20078 43426
44384 -20078 -1006
44384 -20078 47580
44384 -20078 -24320
44384 95180 59732
44384 95180 -35142
44384 95180 65852
44384 95180 -43723
44384 95180 -72505
44384 95180 96124
44384 95180 24287
44384 95180 -20205
44384 95180 94317
44384 95180 91342
44384 95180 -13884
44384 95180 43426
44384 95180 -1006
44384 95180 47580
44384 95180 -24320
44384 180 59732
44384 180 -35142
44384 180 65852
44384 180 -43723
44384 180 -72505
44384 180 96124
44384 180 24287
44384 180 -20205
44384 180 94317
44384 180 91342
44384 180 -13884
44384 180 43426
44384 180 -1006
44384 180 47580
44384 180 -24320
44384 -1112 59732
44384 -1112 -35142
44384 -1112 65852
44384 -1112 -43723
44384 -1112 -72505
44384 -1112 96124
44384 -1112 24287
44384 -1112 -20205
44384 -1112 94317
44384 -1112 91342
44384 -1112 -13884
44384 -1112 43426
44384 -1112 -1006
44384 -1112 47580
44384 -1112 -24320
44384 15887 59732
44384 15887 -35142
44384 15887 65852
44384 15887 -43723
44384 15887 -72505
44384 15887 96124
44384 15887 24287
44384 15887 -20205
44384 15887 94317
44384 15887 91342
44384 15887 -13884
44384 15887 43426
44384 15887 -1006
44384 15887 47580
44384 15887 -24320
-17428 94580 59732
-17428 94580 -35142
-17428 94580 65852
-17428 94580 -43723
-17428 94580 -72505
-17428 94580 96124
-17428 94580 24287
-17428 94580 -20205
-17428 94580 94317
-17428 94580 91342
-17428 94580 -13884
-17428 94580 43426
-17428 94580 -1006
-17428 94580 47580
-17428 94580 -24320
-17428 -90935 59732
-17428 -90935 -35142
-17428 -90935 65852
-17428 -90935 -43723
-17428 -90935 -72505
-17428 -90935 96124
-17428 -90935 24287
-17428 -90935 -20205
-17428 -90935 94317
-17428 -90935 91342
-17428 -90935 -13884
-17428 -90935 43426
-17428 -90935 -1006
-17428 -90935 47580
-17428 -90935 -24320
-17428 -81374 59732
-17428 -81374 -35142
-17428 -81374 65852
-17428 -81374 -43723
-17428 -81374 -72505
-17428 -81374 96124
-17428 -81374 24287
-17428 -81374 -20205
-17428 -81374 94317
-17428 -81374 91342
-17428 -81374 -13884
-17428 -81374 43426
-17428 -81374 -1006
-17428 -81374 47580
-17428 -81374 -24320
-17428 11978 59732
-17428 11978 -35142
-17428 11978 65852
-17428 11978 -43723
-17428 11978 -72505
-17428 11978 96124
-17428 11978 24287
-17428 11978 -20205
-17428 11978 94317
-17428 11978 91342
-17428 11978 -13884
-17428 11978 43426
-17428 11978 -1006
-17428 11978 47580
-17428 11978 -24320
-17428 -59997 59732
-17428 -59997 -35142
-17428 -59997 65852
-17428 -59997 -43723
-17428 -59997 -72505
-17428 -59997 96124
-17428 -59997 24287
-17428 -59997 -20205
-17428 -59997 94317
-17428 -59997 91342
-17428 -59997 -13884
-17428 -59997 43426
-17428 -59997 -1006
-17428 -59997 47580
-17428 -59997 -24320
-17428 18667 59732
-17428 18667 -35142
-17428 18667 65852
-17428 18667 -43723
-17428 18667 -72505
-17428 18667 96124
-17428 18667 24287
-17428 18667 -20205
-17428 18667 94317
-17428 18667 91342
-17428 18667 -13884
-17428 18667 43426
-17428 18667 -1006
-17428 18667 47580
-17428 18667 -24320
-17428 74386 59732
-17428 74386 -35142
-17428 74386 65852
-17428 74386 -43723
-17428 74386 -72505
-17428 74386 96124
-17428 74386 24287
-17428 74386 -20205
-17428 74386 94317
-17428 74386 91342
-17428 74386 -13884
-17428 74386 43426
-17428 74386 -1006
-17428 74386 47580
-17428 74386 -24320
-17428 79598 59732
-17428 79598 -35142
-17428 79598 65852
-17428 79598 -43723
-17428 79598 -72505
-17428 79598 96124
-17428 79598 24287
-17428 79598 -20205
-17428 79598 94317
-17428 79598 91342
-17428 79598 -13884
-17428 79598 43426
-17428 79598 -1006
-17428 79598 47580
-17428 79598 -24320
-17428 -46123 59732
-17428 -46123 -35142
-17428 -46123 65852
-17428 -46123 -43723
-17428 -46123 -72505
-17428 -46123 96124
-17428 -46123 24287
-17428 -46123 -20205
-17428 -46123 94317
-17428 -46123 91342
-17428 -46123 -13884
-17428 -46123 43426
-17428 -46123 -1006
-17428 -46123 47580
-17428 -46123 -24320
-17428 98517 59732
-17428 98517 -35142
-17428 98517 65852
-17428 98517 -43723
-17428 98517 -72505
-17428 98517 96124
-17428 98517 24287
-17428 98517 -20205
-17428 98517 94317
-17428 98517 91342
-17428 98517 -13884
-17428 98517 43426
-17428 98517 -1006
-17428 98517 47580
-17428 98517 -24320
-17428 -20078 59732
-17428 -20078 -35142
-17428 -20078 65852
-17428 -20078 -43723
-17428 -20078 -72505
-17428 -20078 96124
-17428 -20078 24287
-17428 -20078 -20205
-17428 -20078 94317
-17428 -20078 91342
-17428 -20078 -13884
-17428 -20078 43426
-17428 -20078 -1006
-17428 -20078 47580
-17428 -20078 -24320
-17428 95180 59732
-17428 95180 -35142
-17428 95180 65852
-17428 95180 -43723
-17428 95180 -72505
-17428 95180 96124
-17428 95180 24287
-17428 95180 -20205
-17428 95180 94317
-17428 95180 91342
-17428 95180 -13884
-17428 95180 43426
-17428 95180 -1006
-17428 95180 47580
-17428 95180 -24320
-17428 180 59732
-17428 180 -35142
-17428 180 65852
-17428 180 -43723
-17428 180 -72505
-17428 180 96124
-17428 180 24287
-17428 180 -20205
-17428 180 94317
-17428 180 91342
-17428 180 -13884
-17428 180 43426
-17428 180 -1006
-17428 180 47580
-17428 180 -24320
-17428 -1112 59732
-17428 -1112 -35142
-17428 -1112 65852
-17428 -1112 -43723
-17428 -1112 -72505
-17428 -1112 96124
-17428 -1112 24287
-17428 -1112 -20205
-17428 -1112 94317
-17428 -1112 91342
-17428 -1112 -13884
-17428 -1112 43426
-17428 -1112 -1006
-17428 -1112 47580
-17428 -1112 -24320
-17428 15887 59732
-17428 15887 -35142
-17428 15887 65852
-17428 15887 -43723
-17428 15887 -72505
-17428 15887 96124
-17428 15887 24287
-17428 15887 -20205
-17428 15887 94317
-17428 15887 91342
-17428 15887 -13884
-17428 15887 43426
-17428 15887 -1006
-17428 15887 47580
-17428 15887 -24320
-86226 94580 59732
-86226 94580 -35142
-86226 94580 65852
-86226 94580 -43723
-86226 94580 -72505
-86226 94580 96124
-86226 94580 24287
-86226 94580 -20205
-86226 94580 94317
-86226 94580 91342
-86226 94580 -13884
-86226 94580 43426
-86226 94580 -1006
-86226 94580 47580
-86226 94580 -24320
-86226 -90935 59732
-86226 -90935 -35142
-86226 -90935 65852
-86226 -90935 -43723
-86226 -90935 -72505
-86226 -90935 96124
-86226 -90935 24287
-86226 -90935 -20205
-86226 -90935 94317
-86226 -90935 91342
-86226 -90935 -13884
-86226 -90935 43426
-86226 -90935 -1006
-86226 -90935 47580
-86226 -90935 -24320
-86226 -81374 59732
-86226 -81374 -35142
-86226 -81374 65852
-86226 -81374 -43723
-86226 -81374 -72505
-86226 -81374 96124
-86226 -81374 24287
-86226 -81374 -20205
-86226 -81374 94317
-86226 -81374 91342
-86226 -81374 -13884
-86226 -81374 43426
-86226 -81374 -1006
-86226 -81374 47580
-86226 -81374 -24320
-86226 11978 59732
-86226 11978 -35142
-86226 11978 65852
-86226 11978 -43723
-86226 11978 -72505
-86226 11978 96124
-86226 11978 24287
-86226 11978 -20205
-86226 11978 94317
-86226 11978 91342
-86226 11978 -13884
-86226 11978 43426
-86226 11978 -1006
-86226 11978 47580
-86226 11978 -24320
-86226 -59997 59732
-86226 -59997 -35142
-86226 -59997 65852
-86226 -59997 -43723
-86226 -59997 -72505
-86226 -59997 96124
-86226 -59997 24287
-86226 -59997 -20205
-86226 -59997 94317
-86226 -59997 91342
-86226 -59997 -13884
-86226 -59997 43426
-86226 -59997 -1006
-86226 -59997 47580
-86226 -59997 -24320
-86226 18667 59732
-86226 18667 -35142
-86226 18667 65852
-86226 18667 -43723
-86226 18667 -72505
-86226 18667 96124
-86226 18667 24287
-86226 18667 -20205
-86226 18667 94317
-86226 18667 91342
-86226 18667 -13884
-86226 18667 43426
-86226 18667 -1006
-86226 18667 47580
-86226 18667 -24320
-86226 74386 59732
-86226 74386 -35142
-86226 74386 65852
-86226 74386 -43723
-86226 74386 -72505
-86226 74386 96124
-86226 74386 24287
-86226 74386 -20205
-86226 74386 94317
-86226 74386 91342
-86226 74386 -13884
-86226 74386 43426
-86226 74386 -1006
-86226 74386 47580
-86226 74386 -24320
-86226 79598 59732
-86226 79598 -35142
-86226 79598 65852
-86226 79598 -43723
-86226 79598 -72505
-86226 79598 96124
-86226 79598 24287
-86226 79598 -20205
-86226 79598 94317
-86226 79598 91342
-86226 79598 -13884
-86226 79598 43426
-86226 79598 -1006
-86226 79598 47580
-86226 79598 -24320
-86226 -46123 59732
-86226 -46123 -35142
-86226 -46123 65852
-86226 -46123 -43723
-86226 -46123 -72505
-86226 -46123 96124
-86226 -46123 24287
-86226 -46123 -20205
-86226 -46123 94317
-86226 -46123 91342
-86226 -46123 -13884
-86226 -46123 43426
-86226 -46123 -1006
-86226 -46123 47580
-86226 -46123 -24320
-86226 98517 59732
-86226 98517 -35142
-86226 98517 65852
-86226 98517 -43723
-86226 98517 -72505
-86226 98517 96124
-86226 98517 24287
-86226 98517 -20205
-86226 98517 94317
-86226 98517 91342
-86226 98517 -13884
-86226 98517 43426
-86226 98517 -1006
-86226 98517 47580
-86226 98517 -24320
-86226 -20078 59732
-86226 -20078 -35142
-86226 -20078 65852
-86226 -20078 -43723
-86226 -20078 -72505
-86226 -20078 96124
-86226 -20078 24287
-86226 -20078 -20205
-86226 -20078 94317
-86226 -20078 91342
-86226 -20078 -13884
-86226 -20078 43426
-86226 -20078 -1006
-86226 -20078 47580
-86226 -20078 -24320
-86226 95180 59732
-86226 95180 -35142
-86226 95180 65852
-86226 95180 -43723
-86226 95180 -72505
-86226 95180 96124
-86226 95180 24287
-86226 95180 -20205
-86226 95180 94317
-86226 95180 91342
-86226 95180 -13884
-86226 95180 43426
-86226 95180 -1006
-86226 95180 47580
-86226 95180 -24320
-86226 180 59732
-86226 180 -35142
-86226 180 65852
-86226 180 -43723
-86226 180 -72505
-86226 180 96124
-86226 180 24287
-86226 180 -20205
-86226 180 94317
-86226 180 91342
-86226 180 -13884
-86226 180 43426
-86226 180 -1006
-86226 180 47580
-86226 180 -24320
-86226 -1112 59732
-86226 -1112 -35142
-86226 -1112 65852
-86226 -1112 -43723
-86226 -1112 -72505
-86226 -1112 96124
-86226 -1112 24287
-86226 -1112 -20205
-86226 -1112 94317
-86226 -1112 91342
-86226 -1112 -13884
-86226 -1112 43426
-86226 -1112 -1006
-86226 -1112 47580
-86226 -1112 -24320
-86226 15887 59732
-86226 15887 -35142
-86226 15887 65852
-86226 15887 -43723
-86226 15887 -72505
-86226 15887 96124
-86226 15887 24287
-86226 15887 -20205
-86226 15887 94317
-86226 15887 91342
-86226 15887 -13884
-86226 15887 43426
-86226 15887 -1006
-86226 15887 47580
-86226 15887 -24320
71713 94580 59732
71713 94580 -35142
71713 94580 65852
71713 94580 -43723
71713 94580 -72505
71713 94580 96124
71713 94580 24287
71713 94580 -20205
71713 94580 94317
71713 94580 91342
71713 94580 -13884
71713 94580 43426
71713 94580 -1006
71713 94580 47580
71713 94580 -24320
71713 -90935 59732
71713 -90935 -35142
71713 -90935 65852
71713 -90935 -43723
71713 -90935 -72505
71713 -90935 96124
71713 -90935 24287
71713 -90935 -20205
71713 -90935 94317
71713 -90935 91342
71713 -90935 -13884
71713 -90935 43426
71713 -90935 -1006
71713 -90935 47580
71713 -90935 -24320
71713 -81374 59732
71713 -81374 -35142
71713 -81374 65852
71713 -81374 -43723
71713 -81374 -72505
71713 -81374 96124
71713 -81374 24287
71713 -81374 -20205
71713 -81374 94317
71713 -81374 91342
71713 -81374 -13884
71713 -81374 43426
71713 -81374 -1006
71713 -81374 47580
71713 -81374 -24320
71713 11978 59732
71713 11978 -35142
71713 11978 65852
71713 11978 -43723
71713 11978 -72505
71713 11978 96124
71713 11978 24287
71713 11978 -20205
71713 11978 94317
71713 11978 91342
71713 11978 -13884
71713 11978 43426
71713 11978 -1006
71713 11978 47580
71713 11978 -24320
71713 -59997 59732
71713 -59997 -35142
71713 -59997 65852
71713 -59997 -43723
71713 -59997 -72505
71713 -59997 96124
71713 -59997 24287
71713 -59997 -20205
71713 -59997 94317
71713 -59997 91342
71713 -59997 -13884
71713 -59997 43426
71713 -59997 -1006
71713 -59997 47580
71713 -59997 -24320
71713 18667 59732
71713 18667 -35142
71713 18667 65852
71713 18667 -43723
71713 18667 -72505
71713 18667 96124
71713 18667 24287
71713 18667 -20205
71713 18667 94317
71713 18667 91342
71713 18667 -13884
71713 18667 43426
71713 18667 -1006
71713 18667 47580
71713 18667 -24320
71713 74386 59732
71713 74386 -35142
71713 74386 65852
71713 74386 -43723
71713 74386 -72505
71713 74386 96124
71713 74386 24287
71713 74386 -20205
71713 74386 94317
71713 74386 91342
71713 74386 -13884
71713 74386 43426
71713 74386 -1006
71713 74386 47580
71713 74386 -24320
71713 79598 59732
71713 79598 -35142
71713 79598 65852
71713 79598 -43723
71713 79598 -72505
71713 79598 96124
71713 79598 24287
71713 79598 -20205
71713 79598 94317
71713 79598 91342
71713 79598 -13884
71713 79598 43426
71713 79598 -1006
71713 79598 47580
71713 79598 -24320
71713 -46123 59732
71713 -46123 -35142
71713 -46123 65852
71713 -46123 -43723
71713 -46123 -72505
71713 -46123 96124
71713 -46123 24287
71713 -46123 -20205
71713 -46123 94317
71713 -46123 91342
71713 -46123 -13884
71713 -46123 43426
71713 -46123 -1006
71713 -46123 47580
71713 -46123 -24320
71713 98517 59732
71713 98517 -35142
71713 98517 65852
71713 98517 -43723
71713 98517 -72505
71713 98517 96124
71713 98517 24287
71713 98517 -20205
71713 98517 94317
71713 98517 91342
71713 98517 -13884
71713 98517 43426
71713 98517 -1006
71713 98517 47580
71713 98517 -24320
71713 -20078 59732
71713 -20078 -35142
71713 -20078 65852
71713 -20078 -43723
71713 -20078 -72505
71713 -20078 96124
71713 -20078 24287
71713 -20078 -20205
71713 -20078 94317
71713 -20078 91342
71713 -20078 -13884
71713 -20078 43426
71713 -20078 -1006
71713 -20078 47580
71713 -20078 -24320
71713 95180 59732
71713 95180 -35142
71713 95180 65852
71713 95180 -43723
71713 95180 -72505
71713 95180 96124
71713 95180 24287
71713 95180 -20205
71713 95180 94317
71713 95180 91342
71713 95180 -13884
71713 95180 43426
71713 95180 -1006
71713 95180 47580
71713 95180 -24320
71713 180 59732
71713 180 -35142
71713 180 65852
71713 180 -43723
71713 180 -72505
71713 180 96124
71713 180 24287
71713 180 -20205
71713 180 94317
71713 180 91342
71713 180 -13884
71713 180 43426
71713 180 -1006
71713 180 47580
71713 180 -24320
71713 -1112 59732
71713 -1112 -35142
71713 -1112 65852
71713 -1112 -43723
71713 -1112 -72505
71713 -1112 96124
71713 -1112 24287
71713 -1112 -20205
71713 -1112 94317
71713 -1112 91342
71713 -1112 -13884
71713 -1112 43426
71713 -1112 -1006
71713 -1112 47580
71713 -1112 -24320
71713 15887 59732
71713 15887 -35142
71713 15887 65852
71713 15887 -43723
71713 15887 -72505
71713 15887 96124
71713 15887 24287
71713 15887 -20205
71713 15887 94317
71713 15887 91342
71713 15887 -13884
71713 15887 43426
71713 15887 -1006
71713 15887 47580
71713 15887 -24320
-39799 94580 59732
-39799 94580 -35142
-39799 94580 65852
-39799 94580 -43723
-39799 94580 -72505
-39799 94580 96124
-39799 94580 24287
-39799 94580 -20205
-39799 94580 94317
-39799 94580 91342
-39799 94580 -13884
-39799 94580 43426
-39799 94580 -1006
-39799 94580 47580
-39799 94580 -24320
-39799 -90935 59732
-39799 -90935 -35142
-39799 -90935 65852
-39799 -90935 -43723
-39799 -90935 -72505
-39799 -90935 96124
-39799 -90935 24287
-39799 -90935 -20205
-39799 -90935 94317
-39799 -90935 91342
-39799 -90935 -13884
-39799 -90935 43426
-39799 -90935 -1006
-39799 -90935 47580
-39799 -90935 -24320
-39799 -81374 59732
-39799 -81374 -35142
-39799 -81374 65852
-39799 -81374 -43723
-39799 -81374 -72505
-39799 -81374 96124
-39799 -81374 24287
-39799 -81374 -20205
-39799 -81374 94317
-39799 -81374 91342
-39799 -81374 -13884
-39799 -81374 43426
-39799 -81374 -1006
-39799 -81374 47580
-39799 -81374 -24320
-39799 11978 59732
-39799 11978 -35142
-39799 11978 65852
-39799 11978 -43723
-39799 11978 -72505
-39799 11978 96124
-39799 11978 24287
-39799 11978 -20205
-39799 11978 94317
-39799 11978 91342
-39799 11978 -13884
-39799 11978 43426
-39799 11978 -1006
-39799 11978 47580
-39799 11978 -24320
-39799 -59997 59732
-39799 -59997 -35142
-39799 -59997 65852
-39799 -59997 -43723
-39799 -59997 -72505
-39799 -59997 96124
-39799 -59997 24287
-39799 -59997 -20205
-39799 -59997 94317
-39799 -59997 91342
-39799 -59997 -13884
-39799 -59997 43426
-39799 -59997 -1006
-39799 -59997 47580
-39799 -59997 -24320
-39799 18667 59732
-39799 18667 -35142
-39799 18667 65852
-39799 18667 -43723
-39799 18667 -72505
-39799 18667 96124
-39799 18667 24287
-39799 18667 -20205
-39799 18667 94317
-39799 18667 91342
-39799 18667 -13884
-39799 18667 43426
-39799 18667 -1006
-39799 18667 47580
-39799 18667 -24320
-39799 74386 59732
-39799 74386 -35142
-39799 74386 65852
-39799 74386 -43723
-39799 74386 -72505
-39799 74386 96124
-39799 74386 24287
-39799 74386 -20205
-39799 74386 94317
-39799 74386 91342
-39799 74386 -13884
-39799 74386 43426
-39799 74386 -1006
-39799 74386 47580
-39799 74386 -24320
-39799 79598 59732
-39799 79598 -35142
-39799 79598 65852
-39799 79598 -43723
-39799 79598 -72505
-39799 79598 96124
-39799 79598 24287
-39799 79598 -20205
-39799 79598 94317
-39799 79598 91342
-39799 79598 -13884
-39799 79598 43426
-39799 79598 -1006
-39799 79598 47580
-39799 79598 -24320
-39799 -46123 59732
-39799 -46123 -35142
-39799 -46123 65852
-39799 -46123 -43723
-39799 -46123 -72505
-39799 -46123 96124
-39799 -46123 24287
-39799 -46123 -20205
-39799 -46123 94317
-39799 -46123 91342
-39799 -46123 -13884
-39799 -46123 43426
-39799 -46123 -1006
-39799 -46123 47580
-39799 -46123 -24320
-39799 98517 59732
-39799 98517 -35142
-39799 98517 65852
-39799 98517 -43723
-39799 98517 -72505
-39799 98517 96124
-39799 98517 24287
-39799 98517 -20205
-39799 98517 94317
-39799 98517 91342
-39799 98517 -13884
-39799 98517 43426
-39799 98517 -1006
-39799 98517 47580
-39799 98517 -24320
-39799 -20078 59732
-39799 -20078 -35142
-39799 -20078 65852
-39799 -20078 -43723
-39799 -20078 -72505
-39799 -20078 96124
-39799 -20078 24287
-39799 -20078 -20205
-39799 -20078 94317
-39799 -20078 91342
-39799 -20078 -13884
-39799 -20078 43426
-39799 -20078 -1006
-39799 -20078 47580
-39799 -20078 -24320
-39799 95180 59732
-39799 95180 -35142
-39799 95180 65852
-39799 95180 -43723
-39799 95180 -72505
-39799 95180 96124
-39799 95180 24287
-39799 95180 -20205
-39799 95180 94317
-39799 95180 91342
-39799 95180 -13884
-39799 95180 43426
-39799 95180 -1006
-39799 95180 47580
-39799 95180 -24320
-39799 180 59732
-39799 180 -35142
-39799 180 65852
-39799 180 -43723
-39799 180 -72505
-39799 180 96124
-39799 180 24287
-39799 180 -20205
-39799 180 94317
-39799 180 91342
-39799 180 -13884
-39799 180 43426
-39799 180 -1006
-39799 180 47580
-39799 180 -24320
-39799 -1112 59732
-39799 -1112 -35142
-39799 -1112 65852
-39799 -1112 -43723
-39799 -1112 -72505
-39799 -1112 96124
-39799 -1112 24287
-39799 -1112 -20205
-39799 -1112 94317
-39799 -1112 91342
-39799 -1112 -13884
-39799 -1112 43426
-39799 -1112 -1006
-39799 -1112 47580
-39799 -1112 -24320
-39799 15887 59732
-39799 15887 -35142
-39799 15887 65852
-39799 15887 -43723
-39799 15887 -72505
-39799 15887 96124
-39799 15887 24287
-39799 15887 -20205
-39799 15887 94317
-39799 15887 91342
-39799 15887 -13884
-39799 15887 43426
-39799 15887 -1006
-39799 15887 47580
-39799 15887 -24320
3750 94580 59732
3750 94580 -35142
3750 94580 65852
3750 94580 -43723
3750 94580 -72505
3750 94580 96124
3750 94580 24287
3750 94580 -20205
3750 94580 94317
3750 94580 91342
3750 94580 -13884
3750 94580 43426
3750 94580 -1006
3750 94580 47580
3750 94580 -24320
3750 -90935 59732
3750 -90935 -35142
3750 -90935 65852
3750 -90935 -43723
3750 -90935 -72505
3750 -90935 96124
3750 -90935 24287
3750 -90935 -20205
3750 -90935 94317
3750 -90935 91342
3750 -90935 -13884
3750 -90935 43426
3750 -90935 -1006
3750 -90935 47580
3750 -90935 -24320
3750 -81374 59732
3750 -81374 -35142
3750 -81374 65852
3750 -81374 -43723
3750 -81374 -72505
3750 -81374 96124
3750 -81374 24287
3750 -81374 -20205
3750 -81374 94317
3750 -81374 91342
3750 -81374 -13884
3750 -81374 43426
3750 -81374 -1006
3750 -81374 47580
3750 -81374 -24320
3750 11978 59732
3750 11978 -35142
3750 11978 65852
3750 11978 -43723
3750 11978 -72505
3750 11978 96124
3750 11978 24287
3750 11978 -20205
3750 11978 94317
3750 11978 91342
3750 11978 -13884
3750 11978 43426
3750 11978 -1006
3750 11978 47580
3750 11978 -24320
3750 -59997 59732
3750 -59997 -35142
3750 -59997 65852
3750 -59997 -43723
3750 -59997 -72505
3750 -59997 96124
3750 -59997 24287
3750 -59997 -20205
3750 -59997 94317
3750 -59997 91342
3750 -59997 -13884
3750 -59997 43426
3750 -59997 -1006
3750 -59997 47580
3750 -59997 -24320
3750 18667 59732
3750 18667 -35142
3750 18667 65852
3750 18667 -43723
3750 18667 -72505
3750 18667 96124
3750 18667 24287
3750 18667 -20205
3750 18667 94317
3750 18667 91342
3750 18667 -13884
3750 18667 43426
3750 18667 -1006
3750 18667 47580
3750 18667 -24320
3750 74386 59732
3750 74386 -35142
3750 74386 65852
3750 74386 -43723
3750 74386 -72505
3750 74386 96124
3750 74386 24287
3750 74386 -20205
3750 74386 94317
3750 74386 91342
3750 74386 -13884
3750 74386 43426
3750 74386 -1006
3750 74386 47580
3750 74386 -24320
3750 79598 59732
3750 79598 -35142
3750 79598 65852
3750 79598 -43723
3750 79598 -72505
3750 79598 96124
3750 79598 24287
3750 79598 -20205
3750 79598 94317
3750 79598 91342
3750 79598 -13884
3750 79598 43426
3750 79598 -1006
3750 79598 47580
3750 79598 -24320
3750 -46123 59732
3750 -46123 -35142
3750 -46123 65852
3750 -46123 -43723
3750 -46123 -72505
3750 -46123 96124
3750 -46123 24287
3750 -46123 -20205
3750 -46123 94317
3750 -46123 91342
3750 -46123 -13884
3750 -46123 43426
3750 -46123 -1006
3750 -46123 47580
3750 -46123 -24320
3750 98517 59732
3750 98517 -35142
3750 98517 65852
3750 98517 -43723
3750 98517 -72505
3750 98517 96124
3750 98517 24287
3750 98517 -20205
3750 98517 94317
3750 98517 91342
3750 98517 -13884
3750 98517 43426
3750 98517 -1006
3750 98517 47580
3750 98517 -24320
3750 -20078 59732
3750 -20078 -35142
3750 -20078 65852
3750 -20078 -43723
3750 -20078 -72505
3750 -20078 96124
3750 -20078 24287
3750 -20078 -20205
3750 -20078 94317
3750 -20078 91342
3750 -20078 -13884
3750 -20078 43426
3750 -20078 -1006
3750 -20078 47580
3750 -20078 -24320
3750 95180 59732
3750 95180 -35142
3750 95180 65852
3750 95180 -43723
3750 95180 -72505
3750 95180 96124
3750 95180 24287
3750 95180 -20205
3750 95180 94317
3750 95180 91342
3750 95180 -13884
3750 95180 43426
3750 95180 -1006
3750 95180 47580
3750 95180 -24320
3750 180 59732
3750 180 -35142
3750 180 65852
3750 180 -43723
3750 180 -72505
3750 180 96124
3750 180 24287
3750 180 -20205
3750 180 94317
3750 180 91342
3750 180 -13884
3750 180 43426
3750 180 -1006
3750 180 47580
3750 180 -24320
3750 -1112 59732
3750 -1112 -35142
3750 -1112 65852
3750 -1112 -43723
3750 -1112 -72505
3750 -1112 96124
3750 -1112 24287
3750 -1112 -20205
3750 -1112 94317
3750 -1112 91342
3750 -1112 -13884
3750 -1112 43426
3750 -1112 -1006
3750 -1112 47580
3750 -1112 -24320
3750 15887 59732
3750 15887 -35142
3750 15887 65852
3750 15887 -43723
3750 15887 -72505
3750 15887 96124
3750 15887 24287
3750 15887 -20205
3750 15887 94317
3750 15887 91342
3750 15887 -13884
3750 15887 43426
3750 15887 -1006
3750 15887 47580
3750 15887 -24320
15059 94580 59732
15059 94580 -35142
15059 94580 65852
15059 94580 -43723
15059 94580 -72505
15059 94580 96124
15059 94580 24287
15059 94580 -20205
15059 94580 94317
15059 94580 91342
15059 94580 -13884
15059 94580 43426
15059 94580 -1006
15059 94580 47580
15059 94580 -24320
15059 -90935 59732
15059 -90935 -35142
15059 -90935 65852
15059 -90935 -43723
15059 -90935 -72505
15059 -90935 96124
15059 -90935 24287
15059 -90935 -20205
15059 -90935 94317
15059 -90935 91342
15059 -90935 -13884
15059 -90935 43426
15059 -90935 -1006
15059 -90935 47580
15059 -90935 -24320
15059 -81374 59732
15059 -81374 -35142
15059 -81374 65852
15059 -81374 -43723
15059 -81374 -72505
15059 -81374 96124
15059 -81374 24287
15059 -81374 -20205
15059 -81374 94317
15059 -81374 91342
15059 -81374 -13884
15059 -81374 43426
15059 -81374 -1006
15059 -81374 47580
15059 -81374 -24320
15059 11978 59732
15059 11978 -35142
15059 11978 65852
15059 11978 -43723
15059 11978 -72505
15059 11978 96124
15059 11978 24287
15059 11978 -20205
15059 11978 94317
15059 11978 91342
15059 11978 -13884
15059 11978 43426
15059 11978 -1006
15059 11978 47580
15059 11978 -24320
15059 -59997 59732
15059 -59997 -35142
15059 -59997 65852
15059 -59997 -43723
15059 -59997 -72505
15059 -59997 96124
15059 -59997 24287
15059 -59997 -20205
15059 -59997 94317
15059 -59997 91342
15059 -59997 -13884
15059 -59997 43426
15059 -59997 -1006
15059 -59997 47580
15059 -59997 -24320
15059 18667 59732
15059 18667 -35142
15059 18667 65852
15059 18667 -43723
15059 18667 -72505
15059 18667 96124
15059 18667 24287
15059 18667 -20205
15059 18667 94317
15059 18667 91342
15059 18667 -13884
15059 18667 43426
15059 18667 -1006
15059 18667 47580
15059 18667 -24320
15059 74386 59732
15059 74386 -35142
15059 74386 65852
15059 74386 -43723
15059 74386 -72505
15059 74386 96124
15059 74386 24287
15059 74386 -20205
15059 74386 94317
15059 74386 91342
15059 74386 -13884
15059 74386 43426
15059 74386 -1006
15059 74386 47580
15059 74386 -24320
15059 79598 59732
15059 79598 -35142
15059 79598 65852
15059 79598 -43723
15059 79598 -72505
15059 79598 96124
15059 79598 24287
15059 79598 -20205
15059 79598 94317
15059 79598 91342
15059 79598 -13884
15059 79598 43426
15059 79598 -1006
15059 79598 47580
15059 79598 -24320
15059 -46123 59732
15059 -46123 -35142
15059 -46123 65852
15059 -46123 -43723
15059 -46123 -72505
15059 -46123 96124
15059 -46123 24287
15059 -46123 -20205
15059 -46123 94317
15059 -46123 91342
15059 -46123 -13884
15059 -46123 43426
15059 -46123 -1006
15059 -46123 47580
15059 -46123 -24320
15059 98517 59732
15059 98517 -35142
15059 98517 65852
15059 98517 -43723
15059 98517 -72505
15059 98517 96124
15059 98517 24287
15059 98517 -20205
15059 98517 94317
15059 98517 91342
15059 98517 -13884
15059 98517 43426
15059 98517 -1006
15059 98517 47580
15059 98517 -24320
15059 -20078 59732
15059 -20078 -35142
15059 -20078 65852
15059 -20078 -43723
15059 -20078 -72505
15059 -20078 96124
15059 -20078 24287
15059 -20078 -20205
15059 -20078 94317
15059 -20078 91342
15059 -20078 -13884
15059 -20078 43426
15059 -20078 -1006
15059 -20078 47580
15059 -20078 -24320
15059 95180 59732
15059 95180 -35142
15059 95180 65852
15059 95180 -43723
15059 95180 -72505
15059 95180 96124
15059 95180 24287
15059 95180 -20205
15059 95180 94317
15059 95180 91342
15059 95180 -13884
15059 95180 43426
15059 95180 -1006
15059 95180 47580
15059 95180 -24320
15059 180 59732
15059 180 -35142
15059 180 65852
15059 180 -43723
15059 180 -72505
15059 180 96124
15059 180 24287
15059 180 -20205
15059 180 94317
15059 180 91342
15059 180 -13884
15059 180 43426
15059 180 -1006
15059 180 47580
15059 180 -24320
15059 -1112 59732
15059 -1112 -35142
15059 -1112 65852
15059 -1112 -43723
15059 -1112 -72505
15059 -1112 96124
15059 -1112 24287
15059 -1112 -20205
15059 -1112 94317
15059 -1112 91342
15059 -1112 -13884
15059 -1112 43426
15059 -1112 -1006
15059 -1112 47580
15059 -1112 -24320
15059 15887 59732
15059 15887 -35142
15059 15887 65852
15059 15887 -43723
15059 15887 -72505
15059 15887 96124
15059 15887 24287
15059 15887 -20205
15059 15887 94317
15059 15887 91342
15059 15887 -13884
15059 15887 43426
15059 15887 -1006
15059 15887 47580
15059 15887 -24320
75201 94580 59732
75201 94580 -35142
75201 94580 65852
75201 94580 -43723
75201 94580 -72505
75201 94580 96124
75201 94580 24287
75201 94580 -20205
75201 94580 94317
75201 94580 91342
75201 94580 -13884
75201 94580 43426
75201 94580 -1006
75201 94580 47580
75201 94580 -24320
75201 -90935 59732
75201 -90935 -35142
75201 -90935 65852
75201 -90935 -43723
75201 -90935 -72505
75201 -90935 96124
75201 -90935 24287
75201 -90935 -20205
75201 -90935 94317
75201 -90935 91342
75201 -90935 -13884
75201 -90935 43426
75201 -90935 -1006
75201 -90935 47580
75201 -90935 -24320
75201 -81374 59732
75201 -81374 -35142
75201 -81374 65852
75201 -81374 -43723
75201 -81374 -72505
75201 -81374 96124
75201 -81374 24287
75201 -81374 -20205
75201 -81374 94317
75201 -81374 91342
75201 -81374 -13884
75201 -81374 43426
75201 -81374 -1006
75201 -81374 47580
75201 -81374 -24320
75201 11978 59732
75201 11978 -35142
75201 11978 65852
75201 11978 -43723
75201 11978 -72505
75201 11978 96124
75201 11978 24287
75201 11978 -20205
75201 11978 94317
75201 11978 91342
75201 11978 -13884
75201 11978 43426
75201 11978 -1006
75201 11978 47580
75201 11978 -24320
75201 -59997 59732
75201 -59997 -35142
75201 -59997 65852
75201 -59997 -43723
75201 -59997 -72505
75201 -59997 96124
75201 -59997 24287
75201 -59997 -20205
75201 -59997 94317
75201 -59997 91342
75201 -59997 -13884
75201 -59997 43426
75201 -59997 -1006
75201 -59997 47580
75201 -59997 -24320
75201 18667 59732
75201 18667 -35142
75201 18667 65852
75201 18667 -43723
75201 18667 -72505
75201 18667 96124
75201 18667 24287
75201 18667 -20205
75201 18667 94317
75201 18667 91342
75201 18667 -13884
75201 18667 43426
75201 18667 -1006
75201 18667 47580
75201 18667 -24320
75201 74386 59732
75201 74386 -35142
75201 74386 65852
75201 74386 -43723
75201 74386 -72505
75201 74386 96124
75201 74386 24287
75201 74386 -20205
75201 74386 94317
75201 74386 91342
75201 74386 -13884
75201 74386 43426
75201 74386 -1006
75201 74386 47580
75201 74386 -24320
75201 79598 59732
75201 79598 -35142
75201 79598 65852
75201 79598 -43723
75201 79598 -72505
75201 79598 96124
75201 79598 24287
75201 79598 -20205
75201 79598 94317
75201 79598 91342
75201 79598 -13884
75201 79598 43426
75201 79598 -1006
75201 79598 47580
75201 79598 -24320
75201 -46123 59732
75201 -46123 -35142
75201 -46123 65852
75201 -46123 -43723
75201 -46123 -72505
75201 -46123 96124
75201 -46123 24287
75201 -46123 -20205
75201 -46123 94317
75201 -46123 91342
75201 -46123 -13884
75201 -46123 43426
75201 -46123 -1006
75201 -46123 47580
75201 -46123 -24320
75201 98517 59732
75201 98517 -35142
75201 98517 65852
75201 98517 -43723
75201 98517 -72505
75201 98517 96124
75201 98517 24287
75201 98517 -20205
75201 98517 94317
75201 98517 91342
75201 98517 -13884
75201 98517 43426
75201 98517 -1006
75201 98517 47580
75201 98517 -24320
75201 -20078 59732
75201 -20078 -35142
75201 -20078 65852
75201 -20078 -43723
75201 -20078 -72505
75201 -20078 96124
75201 -20078 24287
75201 -20078 -20205
75201 -20078 94317
75201 -20078 91342
75201 -20078 -13884
75201 -20078 43426
75201 -20078 -1006
75201 -20078 47580
75201 -20078 -24320
75201 95180 59732
75201 95180 -35142
75201 95180 65852
75201 95180 -43723
75201 95180 -72505
75201 95180 96124
75201 95180 24287
75201 95180 -20205
75201 95180 94317
75201 95180 91342
75201 95180 -13884
75201 95180 43426
75201 95180 -1006
75201 95180 47580
75201 95180 -24320
75201 180 59732
75201 180 -35142
75201 180 65852
75201 180 -43723
75201 180 -72505
75201 180 96124
75201 180 24287
75201 180 -20205
75201 180 94317
75201 180 91342
75201 180 -13884
75201 180 43426
75201 180 -1006
75201 180 47580
75201 180 -24320
75201 -1112 59732
75201 -1112 -35142
75201 -1112 65852
75201 -1112 -43723
75201 -1112 -72505
75201 -1112 96124
75201 -1112 24287
75201 -1112 -20205
75201 -1112 94317
75201 -1112 91342
75201 -1112 -13884
75201 -1112 43426
75201 -1112 -1006
75201 -1112 47580
75201 -1112 -24320
75201 15887 59732
75201 15887 -35142
75201 15887 65852
75201 15887 -43723
75201 15887 -72505
75201 15887 96124
75201 15887 24287
75201 15887 -20205
75201 15887 94317
75201 15887 91342
75201 15887 -13884
75201 15887 43426
75201 15887 -1006
75201 15887 47580
75201 15887 -24320
30649 94580 59732
30649 94580 -35142
30649 94580 65852
30649 94580 -43723
30649 94580 -72505
30649 94580 96124
30649 94580 24287
30649 94580 -20205
30649 94580 94317
30649 94580 91342
30649 94580 -13884
30649 94580 43426
30649 94580 -1006
30649 94580 47580
30649 94580 -24320
30649 -90935 59732
30649 -90935 -35142
30649 -90935 65852
30649 -90935 -43723
30649 -90935 -72505
30649 -90935 96124
30649 -90935 24287
30649 -90935 -20205
30649 -90935 94317
30649 -90935 91342
30649 -90935 -13884
30649 -90935 43426
30649 -90935 -1006
30649 -90935 47580
30649 -90935 -24320
30649 -81374 59732
30649 -81374 -35142
30649 -81374 65852
30649 -81374 -43723
30649 -81374 -72505
30649 -81374 96124
30649 -81374 24287
30649 -81374 -20205
30649 -81374 94317
30649 -81374 91342
30649 -81374 -13884
30649 -81374 43426
30649 -81374 -1006
30649 -81374 47580
30649 -81374 -24320
30649 11978 59732
30649 11978 -35142
30649 11978 65852
30649 11978 -43723
30649 11978 -72505
30649 11978 96124
30649 11978 24287
30649 11978 -20205
30649 11978 94317
30649 11978 91342
30649 11978 -13884
30649 11978 43426
30649 11978 -1006
30649 11978 47580
30649 11978 -24320
30649 -59997 59732
30649 -59997 -35142
30649 -59997 65852
30649 -59997 -43723
30649 -59997 -72505
30649 -59997 96124
30649 -59997 24287
30649 -59997 -20205
30649 -59997 94317
30649 -59997 91342
30649 -59997 -13884
30649 -59997 43426
30649 -59997 -1006
30649 -59997 47580
30649 -59997 -24320
30649 18667 59732
30649 18667 -35142
30649 18667 65852
30649 18667 -43723
30649 18667 -72505
30649 18667 96124
30649 18667 24287
30649 18667 -20205
30649 18667 94317
30649 18667 91342
30649 18667 -13884
30649 18667 43426
30649 18667 -1006
30649 18667 47580
30649 18667 -24320
30649 74386 59732
30649 74386 -35142
30649 74386 65852
30649 74386 -43723
30649 74386 -72505
30649 74386 96124
30649 74386 24287
30649 74386 -20205
30649 74386 94317
30649 74386 91342
30649 74386 -13884
30649 74386 43426
30649 74386 -1006
30649 74386 47580
30649 74386 -24320
30649 79598 59732
30649 79598 -35142
30649 79598 65852
30649 79598 -43723
30649 79598 -72505
30649 79598 96124
30649 79598 24287
30649 79598 -20205
30649 79598 94317
30649 79598 91342
30649 79598 -13884
30649 79598 43426
30649 79598 -1006
30649 79598 47580
30649 79598 -24320
30649 -46123 59732
30649 -46123 -35142
30649 -46123 65852
30649 -46123 -43723
30649 -46123 -72505
30649 -46123 96124
30649 -46123 24287
30649 -46123 -20205
30649 -46123 94317
30649 -46123 91342
30649 -46123 -13884
30649 -46123 43426
30649 -46123 -1006
30649 -46123 47580
30649 -46123 -24320
30649 98517 59732
30649 98517 -35142
30649 98517 65852
30649 98517 -43723
30649 98517 -72505
30649 98517 96124
30649 98517 24287
30649 98517 -20205
30649 98517 94317
30649 98517 91342
30649 98517 -13884
30649 98517 43426
30649 98517 -1006
30649 98517 47580
30649 98517 -24320
30649 -20078 59732
30649 -20078 -35142
30649 -20078 65852
30649 -20078 -43723
30649 -20078 -72505
30649 -20078 96124
30649 -20078 24287
30649 -20078 -20205
30649 -20078 94317
30649 -20078 91342
30649 -20078 -13884
30649 -20078 43426
30649 -20078 -1006
30649 -20078 47580
30649 -20078 -24320
30649 95180 59732
30649 95180 -35142
30649 95180 65852
30649 95180 -43723
30649 95180 -72505
30649 95180 96124
30649 95180 24287
30649 95180 -20205
30649 95180 94317
30649 95180 91342
30649 95180 -13884
30649 95180 43426
30649 95180 -1006
30649 95180 47580
30649 95180 -24320
30649 180 59732
30649 180 -35142
30649 180 65852
30649 180 -43723
30649 180 -72505
30649 180 96124
30649 180 24287
30649 180 -20205
30649 180 94317
30649 180 91342
30649 180 -13884
30649 180 43426
30649 180 -1006
30649 180 47580
30649 180 -24320
30649 -1112 59732
30649 -1112 -35142
30649 -1112 65852
30649 -1112 -43723
30649 -1112 -72505
30649 -1112 96124
30649 -1112 24287
30649 -1112 -20205
30649 -1112 94317
30649 -1112 91342
30649 -1112 -13884
30649 -1112 43426
30649 -1112 -1006
30649 -1112 47580
30649 -1112 -24320
30649 15887 59732
30649 15887 -35142
30649 15887 65852
30649 15887 -43723
30649 15887 -72505
30649 15887 96124
30649 15887 24287
30649 15887 -20205
30649 15887 94317
30649 15887 91342
30649 15887 -13884
30649 15887 43426
30649 15887 -1006
30649 15887 47580
30649 15887 -24320
97084 94580 59732
97084 94580 -35142
97084 94580 65852
97084 94580 -43723
97084 94580 -72505
97084 94580 96124
97084 94580 24287
97084 94580 -20205
97084 94580 94317
97084 94580 91342
97084 94580 -13884
97084 94580 43426
97084 94580 -1006
97084 94580 47580
97084 94580 -24320
97084 -90935 59732
97084 -90935 -35142
97084 -90935 65852
97084 -90935 -43723
97084 -90935 -72505
97084 -90935 96124
97084 -90935 24287
97084 -90935 -20205
97084 -90935 94317
97084 -90935 91342
97084 -90935 -13884
97084 -90935 43426
97084 -90935 -1006
97084 -90935 47580
97084 -90935 -24320
97084 -81374 59732
97084 -81374 -35142
97084 -81374 65852
97084 -81374 -43723
97084 -81374 -72505
97084 -81374 96124
97084 -81374 24287
97084 -81374 -20205
97084 -81374 94317
97084 -81374 91342
97084 -81374 -13884
97084 -81374 43426
97084 -81374 -1006
97084 -81374 47580
97084 -81374 -24320
97084 11978 59732
97084 11978 -35142
97084 11978 65852
97084 11978 -43723
97084 11978 -72505
97084 11978 96124
97084 11978 24287
97084 11978 -20205
97084 11978 94317
97084 11978 91342
97084 11978 -13884
97084 11978 43426
97084 11978 -1006
97084 11978 47580
97084 11978 -24320
97084 -59997 59732
97084 -59997 -35142
97084 -59997 65852
97084 -59997 -43723
97084 -59997 -72505
97084 -59997 96124
97084 -59997 24287
97084 -59997 -20205
97084 -59997 94317
97084 -59997 91342
97084 -59997 -13884
97084 -59997 43426
97084 -59997 -1006
97084 -59997 47580
97084 -59997 -24320
97084 18667 59732
97084 18667 -35142
97084 18667 65852
97084 18667 -43723
97084 18667 -72505
97084 18667 96124
97084 18667 24287
97084 18667 -20205
97084 18667 94317
97084 18667 91342
97084 18667 -13884
97084 18667 43426
97084 18667 -1006
97084 18667 47580
97084 18667 -24320
97084 74386 59732
97084 74386 -35142
97084 74386 65852
97084 74386 -43723
97084 74386 -72505
97084 74386 96124
97084 74386 24287
97084 74386 -20205
97084 74386 94317
97084 74386 91342
97084 74386 -13884
97084 74386 43426
97084 74386 -1006
97084 74386 47580
97084 74386 -24320
97084 79598 59732
97084 79598 -35142
97084 79598 65852
97084 79598 -43723
97084 79598 -72505
97084 79598 96124
97084 79598 24287
97084 79598 -20205
97084 79598 94317
97084 79598 91342
97084 79598 -13884
97084 79598 43426
97084 79598 -1006
97084 79598 47580
97084 79598 -24320
97084 -46123 59732
97084 -46123 -35142
97084 -46123 65852
97084 -46123 -43723
97084 -46123 -72505
97084 -46123 96124
97084 -46123 24287
97084 -46123 -20205
97084 -46123 94317
97084 -46123 91342
97084 -46123 -13884
97084 -46123 43426
97084 -46123 -1006
97084 -46123 47580
97084 -46123 -24320
97084 98517 59732
97084 98517 -35142
97084 98517 65852
97084 98517 -43723
97084 98517 -72505
97084 98517 96124
97084 98517 24287
97084 98517 -20205
97084 98517 94317
97084 98517 91342
97084 98517 -13884
97084 98517 43426
97084 98517 -1006
97084 98517 47580
97084 98517 -24320
97084 -20078 59732
97084 -20078 -35142
97084 -20078 65852
97084 -20078 -43723
97084 -20078 -72505
97084 -20078 96124
97084 -20078 24287
97084 -20078 -20205
97084 -20078 94317
97084 -20078 91342
97084 -20078 -13884
97084 -20078 43426
97084 -20078 -1006
97084 -20078 47580
97084 -20078 -24320
97084 95180 59732
97084 95180 -35142
97084 95180 65852
97084 95180 -43723
97084 95180 -72505
97084 95180 96124
97084 95180 24287
97084 95180 -20205
97084 95180 94317
97084 95180 91342
97084 95180 -13884
97084 95180 43426
97084 95180 -1006
97084 95180 47580
97084 95180 -24320
97084 180 59732
97084 180 -35142
97084 180 65852
97084 180 -43723
97084 180 -72505
97084 180 96124
97084 180 24287
97084 180 -20205
97084 180 94317
97084 180 91342
97084 180 -13884
97084 180 43426
97084 180 -1006
97084 180 47580
97084 180 -24320
97084 -1112 59732
97084 -1112 -35142
97084 -1112 65852
97084 -1112 -43723
97084 -1112 -72505
97084 -1112 96124
97084 -1112 24287
97084 -1112 -20205
97084 -1112 94317
97084 -1112 91342
97084 -1112 -13884
97084 -1112 43426
97084 -1112 -1006
97084 -1112 47580
97084 -1112 -24320
97084 15887 59732
97084 15887 -35142
97084 15887 65852
97084 15887 -43723
97084 15887 -72505
97084 15887 96124
97084 15887 24287
97084 15887 -20205
97084 15887 94317
97084 15887 91342
97084 15887 -13884
97084 15887 43426
97084 15887 -1006
97084 15887 47580
97084 15887 -24320
-87788 94580 59732
-87788 94580 -35142
-87788 94580 65852
-87788 94580 -43723
-87788 94580 -72505
-87788 94580 96124
-87788 94580 24287
-87788 94580 -20205
-87788 94580 94317
-87788 94580 91342
-87788 94580 -13884
-87788 94580 43426
-87788 94580 -1006
-87788 94580 47580
-87788 94580 -24320
-87788 -90935 59732
-87788 -90935 -35142
-87788 -90935 65852
-87788 -90935 -43723
-87788 -90935 -72505
-87788 -90935 96124
-87788 -90935 24287
-87788 -90935 -20205
-87788 -90935 94317
-87788 -90935 91342
-87788 -90935 -13884
-87788 -90935 43426
-87788 -90935 -1006
-87788 -90935 47580
-87788 -90935 -24320
-87788 -81374 59732
-87788 -81374 -35142
-87788 -81374 65852
-87788 -81374 -43723
-87788 -81374 -72505
-87788 -81374 96124
-87788 -81374 24287
-87788 -81374 -20205
-87788 -81374 94317
-87788 -81374 91342
-87788 -81374 -13884
-87788 -81374 43426
-87788 -81374 -1006
-87788 -81374 47580
-87788 -81374 -24320
-87788 11978 59732
-87788 11978 -35142
-87788 11978 65852
-87788 11978 -43723
-87788 11978 -72505
-87788 11978 96124
-87788 11978 24287
-87788 11978 -20205
-87788 11978 94317
-87788 11978 91342
-87788 11978 -13884
-87788 11978 43426
-87788 11978 -1006
-87788 11978 47580
-87788 11978 -24320
-87788 -59997 59732
-87788 -59997 -35142
-87788 -59997 65852
-87788 -59997 -43723
-87788 -59997 -72505
-87788 -59997 96124
-87788 -59997 24287
-87788 -59997 -20205
-87788 -59997 94317
-87788 -59997 91342
-87788 -59997 -13884
-87788 -59997 43426
-87788 -59997 -1006
-87788 -59997 47580
-87788 -59997 -24320
-87788 18667 59732
-87788 18667 -35142
-87788 18667 65852
-87788 18667 -43723
-87788 18667 -72505
-87788 18667 96124
-87788 18667 24287
-87788 18667 -20205
-87788 18667 94317
-87788 18667 91342
-87788 18667 -13884
-87788 18667 43426
-87788 18667 -1006
-87788 18667 47580
-87788 18667 -24320
-87788 74386 59732
-87788 74386 -35142
-87788 74386 65852
-87788 74386 -43723
-87788 74386 -72505
-87788 74386 96124
-87788 74386 24287
-87788 74386 -20205
-87788 74386 94317
-87788 74386 91342
-87788 74386 -13884
-87788 74386 43426
-87788 74386 -1006
-87788 74386 47580
-87788 74386 -24320
-87788 79598 59732
-87788 79598 -35142
-87788 79598 65852
-87788 79598 -43723
-87788 79598 -72505
-87788 79598 96124
-87788 79598 24287
-87788 79598 -20205
-87788 79598 94317
-87788 79598 91342
-87788 79598 -13884
-87788 79598 43426
-87788 79598 -1006
-87788 79598 47580
-87788 79598 -24320
-87788 -46123 59732
-87788 -46123 -35142
-87788 -46123 65852
-87788 -46123 -43723
-87788 -46123 -72505
-87788 -46123 96124
-87788 -46123 24287
-87788 -46123 -20205
-87788 -46123 94317
-87788 -46123 91342
-87788 -46123 -13884
-87788 -46123 43426
-87788 -46123 -1006
-87788 -46123 47580
-87788 -46123 -24320
-87788 98517 59732
-87788 98517 -35142
-87788 98517 65852
-87788 98517 -43723
-87788 98517 -72505
-87788 98517 96124
-87788 98517 24287
-87788 98517 -20205
-87788 98517 94317
-87788 98517 91342
-87788 98517 -13884
-87788 98517 43426
-87788 98517 -1006
-87788 98517 47580
-87788 98517 -24320
-87788 -20078 59732
-87788 -20078 -35142
-87788 -20078 65852
-87788 -20078 -43723
-87788 -20078 -72505
-87788 -20078 96124
-87788 -20078 24287
-87788 -20078 -20205
-87788 -20078 94317
-87788 -20078 91342
-87788 -20078 -13884
-87788 -20078 43426
-87788 -20078 -1006
-87788 -20078 47580
-87788 -20078 -24320
-87788 95180 59732
-87788 95180 -35142
-87788 95180 65852
-87788 95180 -43723
-87788 95180 -72505
-87788 95180 96124
-87788 95180 24287
-87788 95180 -20205
-87788 95180 94317
-87788 95180 91342
-87788 95180 -13884
-87788 95180 43426
-87788 95180 -1006
-87788 95180 47580
-87788 95180 -24320
-87788 180 59732
-87788 180 -35142
-87788 180 65852
-87788 180 -43723
-87788 180 -72505
-87788 180 96124
-87788 180 24287
-87788 180 -20205
-87788 180 94317
-87788 180 91342
-87788 180 -13884
-87788 180 43426
-87788 180 -1006
-87788 180 47580
-87788 180 -24320
-87788 -1112 59732
-87788 -1112 -35142
-87788 -1112 65852
-87788 -1112 -43723
-87788 -1112 -72505
-87788 -1112 96124
-87788 -1112 24287
-87788 -1112 -20205
-87788 -1112 94317
-87788 -1112 91342
-87788 -1112 -13884
-87788 -1112 43426
-87788 -1112 -1006
-87788 -1112 47580
-87788 -1112 -24320
-87788 15887 59732
-87788 15887 -35142
-87788 15887 65852
-87788 15887 -43723
-87788 15887 -72505
-87788 15887 96124
-87788 15887 24287
-87788 15887 -20205
-87788 15887 94317
-87788 15887 91342
-87788 15887 -13884
-87788 15887 43426
-87788 15887 -1006
-87788 15887 47580
-87788 15887 -24320
35433 94580 59732
35433 94580 -35142
35433 94580 65852
35433 94580 -43723
35433 94580 -72505
35433 94580 96124
35433 94580 24287
35433 94580 -20205
35433 94580 94317
35433 94580 91342
35433 94580 -13884
35433 94580 43426
35433 94580 -1006
35433 94580 47580
35433 94580 -24320
35433 -90935 59732
35433 -90935 -35142
35433 -90935 65852
35433 -90935 -43723
35433 -90935 -72505
35433 -90935 96124
35433 -90935 24287
35433 -90935 -20205
35433 -90935 94317
35433 -90935 91342
35433 -90935 -13884
35433 -90935 43426
35433 -90935 -1006
35433 -90935 47580
35433 -90935 -24320
35433 -81374 59732
35433 -81374 -35142
35433 -81374 65852
35433 -81374 -43723
35433 -81374 -72505
35433 -81374 96124
35433 -81374 24287
35433 -81374 -20205
35433 -81374 94317
35433 -81374 91342
35433 -81374 -13884
35433 -81374 43426
35433 -81374 -1006
35433 -81374 47580
35433 -81374 -24320
35433 11978 59732
35433 11978 -35142
35433 11978 65852
35433 11978 -43723
35433 11978 -72505
35433 11978 96124
35433 11978 24287
35433 11978 -20205
35433 11978 94317
35433 11978 91342
35433 11978 -13884
35433 11978 43426
35433 11978 -1006
35433 11978 47580
35433 11978 -24320
35433 -59997 59732
35433 -59997 -35142
35433 -59997 65852
35433 -59997 -43723
35433 -59997 -72505
35433 -59997 96124
35433 -59997 24287
35433 -59997 -20205
35433 -59997 94317
35433 -59997 91342
35433 -59997 -13884
35433 -59997 43426
35433 -59997 -1006
35433 -59997 47580
35433 -59997 -24320
35433 18667 59732
35433 18667 -35142
35433 18667 65852
35433 18667 -43723
35433 18667 -72505
35433 18667 96124
35433 18667 24287
35433 18667 -20205
35433 18667 94317
35433 18667 91342
35433 18667 -13884
35433 18667 43426
35433 18667 -1006
35433 18667 47580
35433 18667 -24320
35433 74386 59732
35433 74386 -35142
35433 74386 65852
35433 74386 -43723
35433 74386 -72505
35433 74386 96124
35433 74386 24287
35433 74386 -20205
35433 74386 94317
35433 74386 91342
35433 74386 -13884
35433 74386 43426
35433 74386 -1006
35433 74386 47580
35433 74386 -24320
35433 79598 59732
35433 79598 -35142
35433 79598 65852
35433 79598 -43723
35433 79598 -72505
35433 79598 96124
35433 79598 24287
35433 79598 -20205
35433 79598 94317
35433 79598 91342
35433 79598 -13884
35433 79598 43426
35433 79598 -1006
35433 79598 47580
35433 79598 -24320
35433 -46123 59732
35433 -46123 -35142
35433 -46123 65852
35433 -46123 -43723
35433 -46123 -72505
35433 -46123 96124
35433 -46123 24287
35433 -46123 -20205
35433 -46123 94317
35433 -46123 91342
35433 -46123 -13884
35433 -46123 43426
35433 -46123 -1006
35433 -46123 47580
35433 -46123 -24320
35433 98517 59732
35433 98517 -35142
35433 98517 65852
35433 98517 -43723
35433 98517 -72505
35433 98517 96124
35433 98517 24287
35433 98517 -20205
35433 98517 94317
35433 98517 91342
35433 98517 -13884
35433 98517 43426
35433 98517 -1006
35433 98517 47580
35433 98517 -24320
35433 -20078 59732
35433 -20078 -35142
35433 -20078 65852
35433 -20078 -43723
35433 -20078 -72505
35433 -20078 96124
35433 -20078 24287
35433 -20078 -20205
35433 -20078 94317
35433 -20078 91342
35433 -20078 -13884
35433 -20078 43426
35433 -20078 -1006
35433 -20078 47580
35433 -20078 -24320
35433 95180 59732
35433 95180 -35142
35433 95180 65852
35433 95180 -43723
35433 95180 -72505
35433 95180 96124
35433 95180 24287
35433 95180 -20205
35433 95180 94317
35433 95180 91342
35433 95180 -13884
35433 95180 43426
35433 95180 -1006
35433 95180 47580
35433 95180 -24320
35433 180 59732
35433 180 -35142
35433 180 65852
35433 180 -43723
35433 180 -72505
35433 180 96124
35433 180 24287
35433 180 -20205
35433 180 94317
35433 180 91342
35433 180 -13884
35433 180 43426
35433 180 -1006
35433 180 47580
35433 180 -24320
35433 -1112 59732
35433 -1112 -35142
35433 -1112 65852
35433 -1112 -43723
35433 -1112 -72505
35433 -1112 96124
35433 -1112 24287
35433 -1112 -20205
35433 -1112 94317
35433 -1112 91342
35433 -1112 -13884
35433 -1112 43426
35433 -1112 -1006
35433 -1112 47580
35433 -1112 -24320
35433 15887 59732
35433 15887 -35142
35433 15887 65852
35433 15887 -43723
35433 15887 -72505
35433 15887 96124
35433 15887 24287
35433 15887 -20205
35433 15887 94317
35433 15887 91342
35433 15887 -13884
35433 15887 43426
35433 15887 -1006
35433 15887 47580
35433 15887 -24320
13486 94580 59732
13486 94580 -35142
13486 94580 65852
13486 94580 -43723
13486 94580 -72505
13486 94580 96124
13486 94580 24287
13486 94580 -20205
13486 94580 94317
13486 94580 91342
13486 94580 -13884
13486 94580 43426
13486 94580 -1006
13486 94580 47580
13486 94580 -24320
13486 -90935 59732
13486 -90935 -35142
13486 -90935 65852
13486 -90935 -43723
13486 -90935 -72505
13486 -90935 96124
13486 -90935 24287
13486 -90935 -20205
13486 -90935 94317
13486 -90935 91342
13486 -90935 -13884
13486 -90935 43426
13486 -90935 -1006
13486 -90935 47580
13486 -90935 -24320
13486 -81374 59732
13486 -81374 -35142
13486 -81374 65852
13486 -81374 -43723
13486 -81374 -72505
13486 -81374 96124
13486 -81374 24287
13486 -81374 -20205
13486 -81374 94317
13486 -81374 91342
13486 -81374 -13884
13486 -81374 43426
13486 -81374 -1006
13486 -81374 47580
13486 -81374 -24320
13486 11978 59732
13486 11978 -35142
13486 11978 65852
13486 11978 -43723
13486 11978 -72505
13486 11978 96124
13486 11978 24287
13486 11978 -20205
13486 11978 94317
13486 11978 91342
13486 11978 -13884
13486 11978 43426
13486 11978 -1006
13486 11978 47580
13486 11978 -24320
13486 -59997 59732
13486 -59997 -35142
13486 -59997 65852
13486 -59997 -43723
13486 -59997 -72505
13486 -59997 96124
13486 -59997 24287
13486 -59997 -20205
13486 -59997 94317
13486 -59997 91342
13486 -59997 -13884
13486 -59997 43426
13486 -59997 -1006
13486 -59997 47580
13486 -59997 -24320
13486 18667 59732
13486 18667 -35142
13486 18667 65852
13486 18667 -43723
13486 18667 -72505
13486 18667 96124
13486 18667 24287
13486 18667 -20205
13486 18667 94317
13486 18667 91342
13486 18667 -13884
13486 18667 43426
13486 18667 -1006
13486 18667 47580
13486 18667 -24320
13486 74386 59732
13486 74386 -35142
13486 74386 65852
13486 74386 -43723
13486 74386 -72505
13486 74386 96124
13486 74386 24287
13486 74386 -20205
13486 74386 94317
13486 74386 91342
13486 74386 -13884
13486 74386 43426
13486 74386 -1006
13486 74386 47580
13486 74386 -24320
13486 79598 59732
13486 79598 -35142
13486 79598 65852
13486 79598 -43723
13486 79598 -72505
13486 79598 96124
13486 79598 24287
13486 79598 -20205
13486 79598 94317
13486 79598 91342
13486 79598 -13884
13486 79598 43426
13486 79598 -1006
13486 79598 47580
13486 79598 -24320
13486 -46123 59732
13486 -46123 -35142
13486 -46123 65852
13486 -46123 -43723
13486 -46123 -72505
13486 -46123 96124
13486 -46123 24287
13486 -46123 -20205
13486 -46123 94317
13486 -46123 91342
13486 -46123 -13884
13486 -46123 43426
13486 -46123 -1006
13486 -46123 47580
13486 -46123 -24320
13486 98517 59732
13486 98517 -35142
13486 98517 65852
13486 98517 -43723
13486 98517 -72505
13486 98517 96124
13486 98517 24287
13486 98517 -20205
13486 98517 94317
13486 98517 91342
13486 98517 -13884
13486 98517 43426
13486 98517 -1006
13486 98517 47580
13486 98517 -24320
13486 -20078 59732
13486 -20078 -35142
13486 -20078 65852
13486 -20078 -43723
13486 -20078 -72505
13486 -20078 96124
13486 -20078 24287
13486 -20078 -20205
13486 -20078 94317
13486 -20078 91342
13486 -20078 -13884
13486 -20078 43426
13486 -20078 -1006
13486 -20078 47580
13486 -20078 -24320
13486 95180 59732
13486 95180 -35142
13486 95180 65852
13486 95180 -43723
13486 95180 -72505
13486 95180 96124
13486 95180 24287
13486 95180 -20205
13486 95180 94317
13486 95180 91342
13486 95180 -13884
13486 95180 43426
13486 95180 -1006
13486 95180 47580
13486 95180 -24320
13486 180 59732
13486 180 -35142
13486 180 65852
13486 180 -43723
13486 180 -72505
13486 180 96124
13486 180 24287
13486 180 -20205
13486 180 94317
13486 180 91342
13486 180 -13884
13486 180 43426
13486 180 -1006
13486 180 47580
13486 180 -24320
13486 -1112 59732
13486 -1112 -35142
13486 -1112 65852
13486 -1112 -43723
13486 -1112 -72505
13486 -1112 96124
13486 -1112 24287
13486 -1112 -20205
13486 -1112 94317
13486 -1112 91342
13486 -1112 -13884
13486 -1112 43426
13486 -1112 -1006
13486 -1112 47580
13486 -1112 -24320
13486 15887 59732
13486 15887 -35142
13486 15887 65852
13486 15887 -43723
13486 15887 -72505
13486 15887 96124
13486 15887 24287
13486 15887 -20205
13486 15887 94317
13486 15887 91342
13486 15887 -13884
13486 15887 43426
13486 15887 -1006
13486 15887 47580
13486 15887 -24320
11502 94580 59732
11502 94580 -35142
11502 94580 65852
11502 94580 -43723
11502 94580 -72505
11502 94580 96124
11502 94580 24287
11502 94580 -20205
11502 94580 94317
11502 94580 91342
11502 94580 -13884
11502 94580 43426
11502 94580 -1006
11502 94580 47580
11502 94580 -24320
11502 -90935 59732
11502 -90935 -35142
11502 -90935 65852
11502 -90935 -43723
11502 -90935 -72505
11502 -90935 96124
11502 -90935 24287
11502 -90935 -20205
11502 -90935 94317
11502 -90935 91342
11502 -90935 -13884
11502 -90935 43426
11502 -90935 -1006
11502 -90935 47580
11502 -90935 -24320
11502 -81374 59732
11502 -81374 -35142
11502 -81374 65852
11502 -81374 -43723
11502 -81374 -72505
11502 -81374 96124
11502 -81374 24287
11502 -81374 -20205
11502 -81374 94317
11502 -81374 91342
11502 -81374 -13884
11502 -81374 43426
11502 -81374 -1006
11502 -81374 47580
11502 -81374 -24320
11502 11978 59732
11502 11978 -35142
11502 11978 65852
11502 11978 -43723
11502 11978 -72505
11502 11978 96124
11502 11978 24287
11502 11978 -20205
11502 11978 94317
11502 11978 91342
11502 11978 -13884
11502 11978 43426
11502 11978 -1006
11502 11978 47580
11502 11978 -24320
11502 -59997 59732
11502 -59997 -35142
11502 -59997 65852
11502 -59997 -43723
11502 -59997 -72505
11502 -59997 96124
11502 -59997 24287
11502 -59997 -20205
11502 -59997 94317
11502 -59997 91342
11502 -59997 -13884
11502 -59997 43426
11502 -59997 -1006
11502 -59997 47580
11502 -59997 -24320
11502 18667 59732
11502 18667 -35142
11502 18667 65852
11502 18667 -43723
11502 18667 -72505
11502 18667 96124
11502 18667 24287
11502 18667 -20205
11502 18667 94317
11502 18667 91342
11502 18667 -13884
11502 18667 43426
11502 18667 -1006
11502 18667 47580
11502 18667 -24320
11502 74386 59732
11502 74386 -35142
11502 74386 65852
11502 74386 -43723
11502 74386 -72505
11502 74386 96124
11502 74386 24287
11502 74386 -20205
11502 74386 94317
11502 74386 91342
11502 74386 -13884
11502 74386 43426
11502 74386 -1006
11502 74386 47580
11502 74386 -24320
11502 79598 59732
11502 79598 -35142
11502 79598 65852
11502 79598 -43723
11502 79598 -72505
11502 79598 96124
11502 79598 24287
11502 79598 -20205
11502 79598 94317
11502 79598 91342
11502 79598 -13884
11502 79598 43426
11502 79598 -1006
11502 79598 47580
11502 79598 -24320
11502 -46123 59732
11502 -46123 -35142
11502 -46123 65852
11502 -46123 -43723
11502 -46123 -72505
11502 -46123 96124
11502 -46123 24287
11502 -46123 -20205
11502 -46123 94317
11502 -46123 91342
11502 -46123 -13884
11502 -46123 43426
11502 -46123 -1006
11502 -46123 47580
11502 -46123 -24320
11502 98517 59732
11502 98517 -35142
11502 98517 65852
11502 98517 -43723
11502 98517 -72505
11502 98517 96124
11502 98517 24287
11502 98517 -20205
11502 98517 94317
11502 98517 91342
11502 98517 -13884
11502 98517 43426
11502 98517 -1006
11502 98517 47580
11502 98517 -24320
11502 -20078 59732
11502 -20078 -35142
11502 -20078 65852
11502 -20078 -43723
11502 -20078 -72505
11502 -20078 96124
11502 -20078 24287
11502 -20078 -20205
11502 -20078 94317
11502 -20078 91342
11502 -20078 -13884
11502 -20078 43426
11502 -20078 -1006
11502 -20078 47580
11502 -20078 -24320
11502 95180 59732
11502 95180 -35142
11502 95180 65852
11502 95180 -43723
11502 95180 -72505
11502 95180 96124
11502 95180 24287
11502 95180 -20205
11502 95180 94317
11502 95180 91342
11502 95180 -13884
11502 95180 43426
11502 95180 -1006
11502 95180 47580
11502 95180 -24320
11502 180 59732
11502 180 -35142
11502 180 65852
11502 180 -43723
11502 180 -72505
11502 180 96124
11502 180 24287
11502 180 -20205
11502 180 94317
11502 180 91342
11502 180 -13884
11502 180 43426
11502 180 -1006
11502 180 47580
11502 180 -24320
11502 -1112 59732
11502 -1112 -35142
11502 -1112 65852
11502 -1112 -43723
11502 -1112 -72505
11502 -1112 96124
11502 -1112 24287
11502 -1112 -20205
11502 -1112 94317
11502 -1112 91342
11502 -1112 -13884
11502 -1112 43426
11502 -1112 -1006
11502 -1112 47580
11502 -1112 -24320
11502 15887 59732
11502 15887 -35142
11502 15887 65852
11502 15887 -43723
11502 15887 -72505
11502 15887 96124
11502 15887 24287
11502 15887 -20205
11502 15887 94317
11502 15887 91342
11502 15887 -13884
11502 15887 43426
11502 15887 -1006
11502 15887 47580
11502 15887 -24320
-26857 94580 59732
-26857 94580 -35142
-26857 94580 65852
-26857 94580 -43723
-26857 94580 -72505
-26857 94580 96124
-26857 94580 24287
-26857 94580 -20205
-26857 94580 94317
-26857 94580 91342
-26857 94580 -13884
-26857 94580 43426
-26857 94580 -1006
-26857 94580 47580
-26857 94580 -24320
-26857 -90935 59732
-26857 -90935 -35142
-26857 -90935 65852
-26857 -90935 -43723
-26857 -90935 -72505
-26857 -90935 96124
-26857 -90935 24287
-26857 -90935 -20205
-26857 -90935 94317
-26857 -90935 91342
-26857 -90935 -13884
-26857 -90935 43426
-26857 -90935 -1006
-26857 -90935 47580
-26857 -90935 -24320
-26857 -81374 59732
-26857 -81374 -35142
-26857 -81374 65852
-26857 -81374 -43723
-26857 -81374 -72505
-26857 -81374 96124
-26857 -81374 24287
-26857 -81374 -20205
-26857 -81374 94317
-26857 -81374 91342
-26857 -81374 -13884
-26857 -81374 43426
-26857 -81374 -1006
-26857 -81374 47580
-26857 -81374 -24320
-26857 11978 59732
-26857 11978 -35142
-26857 11978 65852
-26857 11978 -43723
-26857 11978 -72505
-26857 11978 96124
-26857 11978 24287
-26857 11978 -20205
-26857 11978 94317
-26857 11978 91342
-26857 11978 -13884
-26857 11978 43426
-26857 11978 -1006
-26857 11978 47580
-26857 11978 -24320
-26857 -59997 59732
-26857 -59997 -35142
-26857 -59997 65852
-26857 -59997 -43723
-26857 -59997 -72505
-26857 -59997 96124
-26857 -59997 24287
-26857 -59997 -20205
-26857 -59997 94317
-26857 -59997 91342
-26857 -59997 -13884
-26857 -59997 43426
-26857 -59997 -1006
-26857 -59997 47580
-26857 -59997 -24320
-26857 18667 59732
-26857 18667 -35142
-26857 18667 65852
-26857 18667 -43723
-26857 18667 -72505
-26857 18667 96124
-26857 18667 24287
-26857 18667 -20205
-26857 18667 94317
-26857 18667 91342
-26857 18667 -13884
-26857 18667 43426
-26857 18667 -1006
-26857 18667 47580
-26857 18667 -24320
-26857 74386 59732
-26857 74386 -35142
-26857 74386 65852
-26857 74386 -43723
-26857 74386 -72505
-26857 74386 96124
-26857 74386 24287
-26857 74386 -20205
-26857 74386 94317
-26857 74386 91342
-26857 74386 -13884
-26857 74386 43426
-26857 74386 -1006
-26857 74386 47580
-26857 74386 -24320
-26857 79598 59732
-26857 79598 -35142
-26857 79598 65852
-26857 79598 -43723
-26857 79598 -72505
-26857 79598 96124
-26857 79598 24287
-26857 79598 -20205
-26857 79598 94317
-26857 79598 91342
-26857 79598 -13884
-26857 79598 43426
-26857 79598 -1006
-26857 79598 47580
-26857 79598 -24320
-26857 -46123 59732
-26857 -46123 -35142
-26857 -46123 65852
-26857 -46123 -43723
-26857 -46123 -72505
-26857 -46123 96124
-26857 -46123 24287
-26857 -46123 -20205
-26857 -46123 94317
-26857 -46123 91342
-26857 -46123 -13884
-26857 -46123 43426
-26857 -46123 -1006
-26857 -46123 47580
-26857 -46123 -24320
-26857 98517 59732
-26857 98517 -35142
-26857 98517 65852
-26857 98517 -43723
-26857 98517 -72505
-26857 98517 96124
-26857 98517 24287
-26857 98517 -20205
-26857 98517 94317
-26857 98517 91342
-26857 98517 -13884
-26857 98517 43426
-26857 98517 -1006
-26857 98517 47580
-26857 98517 -24320
-26857 -20078 59732
-26857 -20078 -35142
-26857 -20078 65852
-26857 -20078 -43723
-26857 -20078 -72505
-26857 -20078 96124
-26857 -20078 24287
-26857 -20078 -20205
-26857 -20078 94317
-26857 -20078 91342
-26857 -20078 -13884
-26857 -20078 43426
-26857 -20078 -1006
-26857 -20078 47580
-26857 -20078 -24320
-26857 95180 59732
-26857 95180 -35142
-26857 95180 65852
-26857 95180 -43723
-26857 95180 -72505
-26857 95180 96124
-26857 95180 24287
-26857 95180 -20205
-26857 95180 94317
-26857 95180 91342
-26857 95180 -13884
-26857 95180 43426
-26857 95180 -1006
-26857 95180 47580
-26857 95180 -24320
-26857 180 59732
-26857 180 -35142
-26857 180 65852
-26857 180 -43723
-26857 180 -72505
-26857 180 96124
-26857 180 24287
-26857 180 -20205
-26857 180 94317
-26857 180 91342
-26857 180 -13884
-26857 180 43426
-26857 180 -1006
-26857 180 47580
-26857 180 -24320
-26857 -1112 59732
-26857 -1112 -35142
-26857 -1112 65852
-26857 -1112 -43723
-26857 -1112 -72505
-26857 -1112 96124
-26857 -1112 24287
-26857 -1112 -20205
-26857 -1112 94317
-26857 -1112 91342
-26857 -1112 -13884
-26857 -1112 43426
-26857 -1112 -1006
-26857 -1112 47580
-26857 -1112 -24320
-26857 15887 59732
-26857 15887 -35142
-26857 15887 65852
-26857 15887 -43723
-26857 15887 -72505
-26857 15887 96124
-26857 15887 24287
-26857 15887 -20205
-26857 15887 94317
-26857 15887 91342
-26857 15887 -13884
-26857 15887 43426
-26857 15887 -1006
-26857 15887 47580
-26857 15887 -24320
