2197
27535 -27115 92784
27535 -27115 -98155
27535 -27115 -16744
27535 -27115 -20147
27535 -27115 27470
27535 -27115 -9238
27535 -27115 -89463
27535 -27115 87573
27535 -27115 76948
27535 -27115 -58991
27535 -27115 -7161
27535 -27115 77483
27535 -27115 -88220
27535 15538 92784
27535 15538 -98155
27535 15538 -16744
27535 15538 -20147
27535 15538 27470
27535 15538 -9238
27535 15538 -89463
27535 15538 87573
27535 15538 76948
27535 15538 -58991
27535 15538 -7161
27535 15538 77483
27535 15538 -88220
27535 37671 92784
27535 37671 -98155
27535 37671 -16744
27535 37671 -20147
27535 37671 27470
27535 37671 -9238
27535 37671 -89463
27535 37671 87573
27535 37671 76948
27535 37671 -58991
27535 37671 -7161
27535 37671 77483
27535 37671 -88220
27535 -85215 92784
27535 -85215 -98155
27535 -85215 -16744
27535 -85215 -20147
27535 -85215 27470
27535 -85215 -9238
27535 -85215 -89463
27535 -85215 87573
27535 -85215 76948
27535 -85215 -58991
27535 -85215 -7161
27535 -85215 77483
27535 -85215 -88220
27535 61566 92784
27535 61566 -98155
27535 61566 -16744
27535 61566 -20147
27535 61566 27470
27535 61566 -9238
27535 61566 -89463
27535 61566 87573
27535 61566 76948
27535 61566 -58991
27535 61566 -7161
27535 61566 77483
27535 61566 -88220
27535 59315 92784
27535 59315 -98155
27535 59315 -16744
27535 59315 -20147
27535 59315 27470
27535 59315 -9238
27535 59315 -89463
27535 59315 87573
27535 59315 76948
27535 59315 -58991
27535 59315 -7161
27535 59315 77483
27535 59315 -88220
27535 67156 92784
27535 67156 -98155
27535 67156 -16744
27535 67156 -20147
27535 67156 27470
27535 67156 -9238
27535 67156 -89463
27535 67156 87573
27535 67156 76948
27535 67156 -58991
27535 67156 -7161
27535 67156 77483
27535 67156 -88220
27535 -68067 92784
27535 -68067 -98155
27535 -68067 -16744
27535 -68067 -20147
27535 -68067 27470
27535 -68067 -9238
27535 -68067 -89463
27535 -68067 87573
27535 -68067 76948
27535 -68067 -58991
27535 -68067 -7161
27535 -68067 77483
27535 -68067 -88220
27535 60882 92784
27535 60882 -98155
27535 60882 -16744
27535 60882 -20147
27535 60882 27470
27535 60882 -9238
27535 60882 -89463
27535 60882 87573
27535 60882 76948
27535 60882 -58991
27535 60882 -7161
27535 60882 77483
27535 60882 -88220
27535 -63820 92784
27535 -63820 -98155
27535 -63820 -16744
27535 -63820 -20147
27535 -63820 27470
27535 -63820 -9238
27535 -63820 -89463
27535 -63820 87573
27535 -63820 76948
27535 -63820 -58991
27535 -63820 -7161
27535 -63820 77483
27535 -63820 -88220
27535 -42265 92784
27535 -42265 -98155
27535 -42265 -16744
27535 -42265 -20147
27535 -42265 27470
27535 -42265 -9238
27535 -42265 -89463
27535 -42265 87573
27535 -42265 76948
27535 -42265 -58991
27535 -42265 -7161
27535 -42265 77483
27535 -42265 -88220
27535 99903 92784
27535 99903 -98155
27535 99903 -16744
27535 99903 -20147
27535 99903 27470
27535 99903 -9238
27535 99903 -89463
27535 99903 87573
27535 99903 76948
27535 99903 -58991
27535 99903 -7161
27535 99903 77483
27535 99903 -88220
27535 -11071 92784
27535 -11071 -98155
27535 -11071 -16744
27535 -11071 -20147
27535 -11071 27470
27535 -11071 -9238
27535 -11071 -89463
27535 -11071 87573
27535 -11071 76948
27535 -11071 -58991
27535 -11071 -7161
27535 -11071 77483
27535 -11071 -88220
-42271 -27115 92784
-42271 -27115 -98155
-42271 -27115 -16744
-42271 -27115 -20147
-42271 -27115 27470
-42271 -27115 -9238
-42271 -27115 -89463
-42271 -27115 87573
-42271 -27115 76948
-42271 -27115 -58991
-42271 -27115 -7161
-42271 -27115 77483
-42271 -27115 -88220
-42271 15538 92784
-42271 15538 -98155
-42271 15538 -16744
-42271 15538 -20147
-42271 15538 27470
-42271 15538 -9238
-42271 15538 -89463
-42271 15538 87573
-42271 15538 76948
-42271 15538 -58991
-42271 15538 -7161
-42271 15538 77483
-42271 15538 -88220
-42271 37671 92784
-42271 37671 -98155
-42271 37671 -16744
-42271 37671 -20147
-42271 37671 27470
-42271 37671 -9238
-42271 37671 -89463
-42271 37671 87573
-42271 37671 76948
-42271 37671 -58991
-42271 37671 -7161
-42271 37671 77483
-42271 37671 -88220
-42271 -85215 92784
-42271 -85215 -98155
-42271 -85215 -16744
-42271 -85215 -20147
-42271 -85215 27470
-42271 -85215 -9238
-42271 -85215 -89463
-42271 -85215 87573
-42271 -85215 76948
-42271 -85215 -58991
-42271 -85215 -7161
-42271 -85215 77483
-42271 -85215 -88220
-42271 61566 92784
-42271 61566 -98155
-42271 61566 -16744
-42271 61566 -20147
-42271 61566 27470
-42271 61566 -9238
-42271 61566 -89463
-42271 61566 87573
-42271 61566 76948
-42271 61566 -58991
-42271 61566 -7161
-42271 61566 77483
-42271 61566 -88220
-42271 59315 92784
-42271 59315 -98155
-42271 59315 -16744
-42271 59315 -20147
-42271 59315 27470
-42271 59315 -9238
-42271 59315 -89463
-42271 59315 87573
-42271 59315 76948
-42271 59315 -58991
-42271 59315 -7161
-42271 59315 77483
-42271 59315 -88220
-42271 67156 92784
-42271 67156 -98155
-42271 67156 -16744
-42271 67156 -20147
-42271 67156 27470
-42271 67156 -9238
-42271 67156 -89463
-42271 67156 87573
-42271 67156 76948
-42271 67156 -58991
-42271 67156 -7161
-42271 67156 77483
-42271 67156 -88220
-42271 -68067 92784
-42271 -68067 -98155
-42271 -68067 -16744
-42271 -68067 -20147
-42271 -68067 27470
-42271 -68067 -9238
-42271 -68067 -89463
-42271 -68067 87573
-42271 -68067 76948
-42271 -68067 -58991
-42271 -68067 -7161
-42271 -68067 77483
-42271 -68067 -88220
-42271 60882 92784
-42271 60882 -98155
-42271 60882 -16744
-42271 60882 -20147
-42271 60882 27470
-42271 60882 -9238
-42271 60882 -89463
-42271 60882 87573
-42271 60882 76948
-42271 60882 -58991
-42271 60882 -7161
-42271 60882 77483
-42271 60882 -88220
-42271 -63820 92784
-42271 -63820 -98155
-42271 -63820 -16744
-42271 -63820 -20147
-42271 -63820 27470
-42271 -63820 -9238
-42271 -63820 -89463
-42271 -63820 87573
-42271 -63820 76948
-42271 -63820 -58991
-42271 -63820 -7161
-42271 -63820 77483
-42271 -63820 -88220
-42271 -42265 92784
-42271 -42265 -98155
-42271 -42265 -16744
-42271 -42265 -20147
-42271 -42265 27470
-42271 -42265 -9238
-42271 -42265 -89463
-42271 -42265 87573
-42271 -42265 76948
-42271 -42265 -58991
-42271 -42265 -7161
-42271 -42265 77483
-42271 -42265 -88220
-42271 99903 92784
-42271 99903 -98155
-42271 99903 -16744
-42271 99903 -20147
-42271 99903 27470
-42271 99903 -9238
-42271 99903 -89463
-42271 99903 87573
-42271 99903 76948
-42271 99903 -58991
-42271 99903 -7161
-42271 99903 77483
-42271 99903 -88220
-42271 -11071 92784
-42271 -11071 -98155
-42271 -11071 -16744
-42271 -11071 -20147
-42271 -11071 27470
-42271 -11071 -9238
-42271 -11071 -89463
-42271 -11071 87573
-42271 -11071 76948
-42271 -11071 -58991
-42271 -11071 -7161
-42271 -11071 77483
-42271 -11071 -88220
5337 -27115 92784
5337 -27115 -98155
5337 -27115 -16744
5337 -27115 -20147
5337 -27115 27470
5337 -27115 -9238
5337 -27115 -89463
5337 -27115 87573
5337 -27115 76948
5337 -27115 -58991
5337 -27115 -7161
5337 -27115 77483
5337 -27115 -88220
5337 15538 92784
5337 15538 -98155
5337 15538 -16744
5337 15538 -20147
5337 15538 27470
5337 15538 -9238
5337 15538 -89463
5337 15538 87573
5337 15538 76948
5337 15538 -58991
5337 15538 -7161
5337 15538 77483
5337 15538 -88220
5337 37671 92784
5337 37671 -98155
5337 37671 -16744
5337 37671 -20147
5337 37671 27470
5337 37671 -9238
5337 37671 -89463
5337 37671 87573
5337 37671 76948
5337 37671 -58991
5337 37671 -7161
5337 37671 77483
5337 37671 -88220
5337 -85215 92784
5337 -85215 -98155
5337 -85215 -16744
5337 -85215 -20147
5337 -85215 27470
5337 -85215 -9238
5337 -85215 -89463
5337 -85215 87573
5337 -85215 76948
5337 -85215 -58991
5337 -85215 -7161
5337 -85215 77483
5337 -85215 -88220
5337 61566 92784
5337 61566 -98155
5337 61566 -16744
5337 61566 -20147
5337 61566 27470
5337 61566 -9238
5337 61566 -89463
5337 61566 87573
5337 61566 76948
5337 61566 -58991
5337 61566 -7161
5337 61566 77483
5337 61566 -88220
5337 59315 92784
5337 59315 -98155
5337 59315 -16744
5337 59315 -20147
5337 59315 27470
5337 59315 -9238
5337 59315 -89463
5337 59315 87573
5337 59315 76948
5337 59315 -58991
5337 59315 -7161
5337 59315 77483
5337 59315 -88220
5337 67156 92784
5337 67156 -98155
5337 67156 -16744
5337 67156 -20147
5337 67156 27470
5337 67156 -9238
5337 67156 -89463
5337 67156 87573
5337 67156 76948
5337 67156 -58991
5337 67156 -7161
5337 67156 77483
5337 67156 -88220
5337 -68067 92784
5337 -68067 -98155
5337 -68067 -16744
5337 -68067 -20147
5337 -68067 27470
5337 -68067 -9238
5337 -68067 -89463
5337 -68067 87573
5337 -68067 76948
5337 -68067 -58991
5337 -68067 -7161
5337 -68067 77483
5337 -68067 -88220
5337 60882 92784
5337 60882 -98155
5337 60882 -16744
5337 60882 -20147
5337 60882 27470
5337 60882 -9238
5337 60882 -89463
5337 60882 87573
5337 60882 76948
5337 60882 -58991
5337 60882 -7161
5337 60882 77483
5337 60882 -88220
5337 -63820 92784
5337 -63820 -98155
5337 -63820 -16744
5337 -63820 -20147
5337 -63820 27470
5337 -63820 -9238
5337 -63820 -89463
5337 -63820 87573
5337 -63820 76948
5337 -63820 -58991
5337 -63820 -7161
5337 -63820 77483
5337 -63820 -88220
5337 -42265 92784
5337 -42265 -98155
5337 -42265 -16744
5337 -42265 -20147
5337 -42265 27470
5337 -42265 -9238
5337 -42265 -89463
5337 -42265 87573
5337 -42265 76948
5337 -42265 -58991
5337 -42265 -7161
5337 -42265 77483
5337 -42265 -88220
5337 99903 92784
5337 99903 -98155
5337 99903 -16744
5337 99903 -20147
5337 99903 27470
5337 99903 -9238
5337 99903 -89463
5337 99903 87573
5337 99903 76948
5337 99903 -58991
5337 99903 -7161
5337 99903 77483
5337 99903 -88220
5337 -11071 92784
5337 -11071 -98155
5337 -11071 -16744
5337 -11071 -20147
5337 -11071 27470
5337 -11071 -9238
5337 -11071 -89463
5337 -11071 87573
5337 -11071 76948
5337 -11071 -58991
5337 -11071 -7161
5337 -11071 77483
5337 -11071 -88220
-20420 -27115 92784
-20420 -27115 -98155
-20420 -27115 -16744
-20420 -27115 -20147
-20420 -27115 27470
-20420 -27115 -9238
-20420 -27115 -89463
-20420 -27115 87573
-20420 -27115 76948
-20420 -27115 -58991
-20420 -27115 -7161
-20420 -27115 77483
-20420 -27115 -88220
-20420 15538 92784
-20420 15538 -98155
-20420 15538 -16744
-20420 15538 -20147
-20420 15538 27470
-20420 15538 -9238
-20420 15538 -89463
-20420 15538 87573
-20420 15538 76948
-20420 15538 -58991
-20420 15538 -7161
-20420 15538 77483
-20420 15538 -88220
-20420 37671 92784
-20420 37671 -98155
-20420 37671 -16744
-20420 37671 -20147
-20420 37671 27470
-20420 37671 -9238
-20420 37671 -89463
-20420 37671 87573
-20420 37671 76948
-20420 37671 -58991
-20420 37671 -7161
-20420 37671 77483
-20420 37671 -88220
-20420 -85215 92784
-20420 -85215 -98155
-20420 -85215 -16744
-20420 -85215 -20147
-20420 -85215 27470
-20420 -85215 -9238
-20420 -85215 -89463
-20420 -85215 87573
-20420 -85215 76948
-20420 -85215 -58991
-20420 -85215 -7161
-20420 -85215 77483
-20420 -85215 -88220
-20420 61566 92784
-20420 61566 -98155
-20420 61566 -16744
-20420 61566 -20147
-20420 61566 27470
-20420 61566 -9238
-20420 61566 -89463
-20420 61566 87573
-20420 61566 76948
-20420 61566 -58991
-20420 61566 -7161
-20420 61566 77483
-20420 61566 -88220
-20420 59315 92784
-20420 59315 -98155
-20420 59315 -16744
-20420 59315 -20147
-20420 59315 27470
-20420 59315 -9238
-20420 59315 -89463
-20420 59315 87573
-20420 59315 76948
-20420 59315 -58991
-20420 59315 -7161
-20420 59315 77483
-20420 59315 -88220
-20420 67156 92784
-20420 67156 -98155
-20420 67156 -16744
-20420 67156 -20147
-20420 67156 27470
-20420 67156 -9238
-20420 67156 -89463
-20420 67156 87573
-20420 67156 76948
-20420 67156 -58991
-20420 67156 -7161
-20420 67156 77483
-20420 67156 -88220
-20420 -68067 92784
-20420 -68067 -98155
-20420 -68067 -16744
-20420 -68067 -20147
-20420 -68067 27470
-20420 -68067 -9238
-20420 -68067 -89463
-20420 -68067 87573
-20420 -68067 76948
-20420 -68067 -58991
-20420 -68067 -7161
-20420 -68067 77483
-20420 -68067 -88220
-20420 60882 92784
-20420 60882 -98155
-20420 60882 -16744
-20420 60882 -20147
-20420 60882 27470
-20420 60882 -9238
-20420 60882 -89463
-20420 60882 87573
-20420 60882 76948
-20420 60882 -58991
-20420 60882 -7161
-20420 60882 77483
-20420 60882 -88220
-20420 -63820 92784
-20420 -63820 -98155
-20420 -63820 -16744
-20420 -63820 -20147
-20420 -63820 27470
-20420 -63820 -9238
-20420 -63820 -89463
-20420 -63820 87573
-20420 -63820 76948
-20420 -63820 -58991
-20420 -63820 -7161
-20420 -63820 77483
-20420 -63820 -88220
-20420 -42265 92784
-20420 -42265 -98155
-20420 -42265 -16744
-20420 -42265 -20147
-20420 -42265 27470
-20420 -42265 -9238
-20420 -42265 -89463
-20420 -42265 87573
-20420 -42265 76948
-20420 -42265 -58991
-20420 -42265 -7161
-20420 -42265 77483
-20420 -42265 -88220
-20420 99903 92784
-20420 99903 -98155
-20420 99903 -16744
-20420 99903 -20147
-20420 99903 27470
-20420 99903 -9238
-20420 99903 -89463
-20420 99903 87573
-20420 99903 76948
-20420 99903 -58991
-20420 99903 -7161
-20420 99903 77483
-20420 99903 -88220
-20420 -11071 92784
-20420 -11071 -98155
-20420 -11071 -16744
-20420 -11071 -20147
-20420 -11071 27470
-20420 -11071 -9238
-20420 -11071 -89463
-20420 -11071 87573
-20420 -11071 76948
-20420 -11071 -58991
-20420 -11071 -7161
-20420 -11071 77483
-20420 -11071 -88220
-73621 -27115 92784
-73621 -27115 -98155
-73621 -27115 -16744
-73621 -27115 -20147
-73621 -27115 27470
-73621 -27115 -9238
-73621 -27115 -89463
-73621 -27115 87573
-73621 -27115 76948
-73621 -27115 -58991
-73621 -27115 -7161
-73621 -27115 77483
-73621 -27115 -88220
-73621 15538 92784
-73621 15538 -98155
-73621 15538 -16744
-73621 15538 -20147
-73621 15538 27470
-73621 15538 -9238
-73621 15538 -89463
-73621 15538 87573
-73621 15538 76948
-73621 15538 -58991
-73621 15538 -7161
-73621 15538 77483
-73621 15538 -88220
-73621 37671 92784
-73621 37671 -98155
-73621 37671 -16744
-73621 37671 -20147
-73621 37671 27470
-73621 37671 -9238
-73621 37671 -89463
-73621 37671 87573
-73621 37671 76948
-73621 37671 -58991
-73621 37671 -7161
-73621 37671 77483
-73621 37671 -88220
-73621 -85215 92784
-73621 -85215 -98155
-73621 -85215 -16744
-73621 -85215 -20147
-73621 -85215 27470
-73621 -85215 -9238
-73621 -85215 -89463
-73621 -85215 87573
-73621 -85215 76948
-73621 -85215 -58991
-73621 -85215 -7161
-73621 -85215 77483
-73621 -85215 -88220
-73621 61566 92784
-73621 61566 -98155
-73621 61566 -16744
-73621 61566 -20147
-73621 61566 27470
-73621 61566 -9238
-73621 61566 -89463
-73621 61566 87573
-73621 61566 76948
-73621 61566 -58991
-73621 61566 -7161
-73621 61566 77483
-73621 61566 -88220
-73621 59315 92784
-73621 59315 -98155
-73621 59315 -16744
-73621 59315 -20147
-73621 59315 27470
-73621 59315 -9238
-73621 59315 -89463
-73621 59315 87573
-73621 59315 76948
-73621 59315 -58991
-73621 59315 -7161
-73621 59315 77483
-73621 59315 -88220
-73621 67156 92784
-73621 67156 -98155
-73621 67156 -16744
-73621 67156 -20147
-73621 67156 27470
-73621 67156 -9238
-73621 67156 -89463
-73621 67156 87573
-73621 67156 76948
-73621 67156 -58991
-73621 67156 -7161
-73621 67156 77483
-73621 67156 -88220
-73621 -68067 92784
-73621 -68067 -98155
-73621 -68067 -16744
-73621 -68067 -20147
-73621 -68067 27470
-73621 -68067 -9238
-73621 -68067 -89463
-73621 -68067 87573
-73621 -68067 76948
-73621 -68067 -58991
-73621 -68067 -7161
-73621 -68067 77483
-73621 -68067 -88220
-73621 60882 92784
-73621 60882 -98155
-73621 60882 -16744
-73621 60882 -20147
-73621 60882 27470
-73621 60882 -9238
-73621 60882 -89463
-73621 60882 87573
-73621 60882 76948
-73621 60882 -58991
-73621 60882 -7161
-73621 60882 77483
-73621 60882 -88220
-73621 -63820 92784
-73621 -63820 -98155
-73621 -63820 -16744
-73621 -63820 -20147
-73621 -63820 27470
-73621 -63820 -9238
-73621 -63820 -89463
-73621 -63820 87573
-73621 -63820 76948
-73621 -63820 -58991
-73621 -63820 -7161
-73621 -63820 77483
-73621 -63820 -88220
-73621 -42265 92784
-73621 -42265 -98155
-73621 -42265 -16744
-73621 -42265 -20147
-73621 -42265 27470
-73621 -42265 -9238
-73621 -42265 -89463
-73621 -42265 87573
-73621 -42265 76948
-73621 -42265 -58991
-73621 -42265 -7161
-73621 -42265 77483
-73621 -42265 -88220
-73621 99903 92784
-73621 99903 -98155
-73621 99903 -16744
-73621 99903 -20147
-73621 99903 27470
-73621 99903 -9238
-73621 99903 -89463
-73621 99903 87573
-73621 99903 76948
-73621 99903 -58991
-73621 99903 -7161
-73621 99903 77483
-73621 99903 -88220
-73621 -11071 92784
-73621 -11071 -98155
-73621 -11071 -16744
-73621 -11071 -20147
-73621 -11071 27470
-73621 -11071 -9238
-73621 -11071 -89463
-73621 -11071 87573
-73621 -11071 76948
-73621 -11071 -58991
-73621 -11071 -7161
-73621 -11071 77483
-73621 -11071 -88220
-29379 -27115 92784
-29379 -27115 -98155
-29379 -27115 -16744
-29379 -27115 -20147
-29379 -27115 27470
-29379 -27115 -9238
-29379 -27115 -89463
-29379 -27115 87573
-29379 -27115 76948
-29379 -27115 -58991
-29379 -27115 -7161
-29379 -27115 77483
-29379 -27115 -88220
-29379 15538 92784
-29379 15538 -98155
-29379 15538 -16744
-29379 15538 -20147
-29379 15538 27470
-29379 15538 -9238
-29379 15538 -89463
-29379 15538 87573
-29379 15538 76948
-29379 15538 -58991
-29379 15538 -7161
-29379 15538 77483
-29379 15538 -88220
-29379 37671 92784
-29379 37671 -98155
-29379 37671 -16744
-29379 37671 -20147
-29379 37671 27470
-29379 37671 -9238
-29379 37671 -89463
-29379 37671 87573
-29379 37671 76948
-29379 37671 -58991
-29379 37671 -7161
-29379 37671 77483
-29379 37671 -88220
-29379 -85215 92784
-29379 -85215 -98155
-29379 -85215 -16744
-29379 -85215 -20147
-29379 -85215 27470
-29379 -85215 -9238
-29379 -85215 -89463
-29379 -85215 87573
-29379 -85215 76948
-29379 -85215 -58991
-29379 -85215 -7161
-29379 -85215 77483
-29379 -85215 -88220
-29379 61566 92784
-29379 61566 -98155
-29379 61566 -16744
-29379 61566 -20147
-29379 61566 27470
-29379 61566 -9238
-29379 61566 -89463
-29379 61566 87573
-29379 61566 76948
-29379 61566 -58991
-29379 61566 -7161
-29379 61566 77483
-29379 61566 -88220
-29379 59315 92784
-29379 59315 -98155
-29379 59315 -16744
-29379 59315 -20147
-29379 59315 27470
-29379 59315 -9238
-29379 59315 -89463
-29379 59315 87573
-29379 59315 76948
-29379 59315 -58991
-29379 59315 -7161
-29379 59315 77483
-29379 59315 -88220
-29379 67156 92784
-29379 67156 -98155
-29379 67156 -16744
-29379 67156 -20147
-29379 67156 27470
-29379 67156 -9238
-29379 67156 -89463
-29379 67156 87573
-29379 67156 76948
-29379 67156 -58991
-29379 67156 -7161
-29379 67156 77483
-29379 67156 -88220
-29379 -68067 92784
-29379 -68067 -98155
-29379 -68067 -16744
-29379 -68067 -20147
-29379 -68067 27470
-29379 -68067 -9238
-29379 -68067 -89463
-29379 -68067 87573
-29379 -68067 76948
-29379 -68067 -58991
-29379 -68067 -7161
-29379 -68067 77483
-29379 -68067 -88220
-29379 60882 92784
-29379 60882 -98155
-29379 60882 -16744
-29379 60882 -20147
-29379 60882 27470
-29379 60882 -9238
-29379 60882 -89463
-29379 60882 87573
-29379 60882 76948
-29379 60882 -58991
-29379 60882 -7161
-29379 60882 77483
-29379 60882 -88220
-29379 -63820 92784
-29379 -63820 -98155
-29379 -63820 -16744
-29379 -63820 -20147
-29379 -63820 27470
-29379 -63820 -9238
-29379 -63820 -89463
-29379 -63820 87573
-29379 -63820 76948
-29379 -63820 -58991
-29379 -63820 -7161
-29379 -63820 77483
-29379 -63820 -88220
-29379 -42265 92784
-29379 -42265 -98155
-29379 -42265 -16744
-29379 -42265 -20147
-29379 -42265 27470
-29379 -42265 -9238
-29379 -42265 -89463
-29379 -42265 87573
-29379 -42265 76948
-29379 -42265 -58991
-29379 -42265 -7161
-29379 -42265 77483
-29379 -42265 -88220
-29379 99903 92784
-29379 99903 -98155
-29379 99903 -16744
-29379 99903 -20147
-29379 99903 27470
-29379 99903 -9238
-29379 99903 -89463
-29379 99903 87573
-29379 99903 76948
-29379 99903 -58991
-29379 99903 -7161
-29379 99903 77483
-29379 99903 -88220
-29379 -11071 92784
-29379 -11071 -98155
-29379 -11071 -16744
-29379 -11071 -20147
-29379 -11071 27470
-29379 -11071 -9238
-29379 -11071 -89463
-29379 -11071 87573
-29379 -11071 76948
-29379 -11071 -58991
-29379 -11071 -7161
-29379 -11071 77483
-29379 -11071 -88220
-65438 -27115 92784
-65438 -27115 -98155
-65438 -27115 -16744
-65438 -27115 -20147
-65438 -27115 27470
-65438 -27115 -9238
-65438 -27115 -89463
-65438 -27115 87573
-65438 -27115 76948
-65438 -27115 -58991
-65438 -27115 -7161
-65438 -27115 77483
-65438 -27115 -88220
-65438 15538 92784
-65438 15538 -98155
-65438 15538 -16744
-65438 15538 -20147
-65438 15538 27470
-65438 15538 -9238
-65438 15538 -89463
-65438 15538 87573
-65438 15538 76948
-65438 15538 -58991
-65438 15538 -7161
-65438 15538 77483
-65438 15538 -88220
-65438 37671 92784
-65438 37671 -98155
-65438 37671 -16744
-65438 37671 -20147
-65438 37671 27470
-65438 37671 -9238
-65438 37671 -89463
-65438 37671 87573
-65438 37671 76948
-65438 37671 -58991
-65438 37671 -7161
-65438 37671 77483
-65438 37671 -88220
-65438 -85215 92784
-65438 -85215 -98155
-65438 -85215 -16744
-65438 -85215 -20147
-65438 -85215 27470
-65438 -85215 -9238
-65438 -85215 -89463
-65438 -85215 87573
-65438 -85215 76948
-65438 -85215 -58991
-65438 -85215 -7161
-65438 -85215 77483
-65438 -85215 -88220
-65438 61566 92784
-65438 61566 -98155
-65438 61566 -16744
-65438 61566 -20147
-65438 61566 27470
-65438 61566 -9238
-65438 61566 -89463
-65438 61566 87573
-65438 61566 76948
-65438 61566 -58991
-65438 61566 -7161
-65438 61566 77483
-65438 61566 -88220
-65438 59315 92784
-65438 59315 -98155
-65438 59315 -16744
-65438 59315 -20147
-65438 59315 27470
-65438 59315 -9238
-65438 59315 -89463
-65438 59315 87573
-65438 59315 76948
-65438 59315 -58991
-65438 59315 -7161
-65438 59315 77483
-65438 59315 -88220
-65438 67156 92784
-65438 67156 -98155
-65438 67156 -16744
-65438 67156 -20147
-65438 67156 27470
-65438 67156 -9238
-65438 67156 -89463
-65438 67156 87573
-65438 67156 76948
-65438 67156 -58991
-65438 67156 -7161
-65438 67156 77483
-65438 67156 -88220
-65438 -68067 92784
-65438 -68067 -98155
-65438 -68067 -16744
-65438 -68067 -20147
-65438 -68067 27470
-65438 -68067 -9238
-65438 -68067 -89463
-65438 -68067 87573
-65438 -68067 76948
-65438 -68067 -58991
-65438 -68067 -7161
-65438 -68067 77483
-65438 -68067 -88220
-65438 60882 92784
-65438 60882 -98155
-65438 60882 -16744
-65438 60882 -20147
-65438 60882 27470
-65438 60882 -9238
-65438 60882 -89463
-65438 60882 87573
-65438 60882 76948
-65438 60882 -58991
-65438 60882 -7161
-65438 60882 77483
-65438 60882 -88220
-65438 -63820 92784
-65438 -63820 -98155
-65438 -63820 -16744
-65438 -63820 -20147
-65438 -63820 27470
-65438 -63820 -9238
-65438 -63820 -89463
-65438 -63820 87573
-65438 -63820 76948
-65438 -63820 -58991
-65438 -63820 -7161
-65438 -63820 77483
-65438 -63820 -88220
-65438 -42265 92784
-65438 -42265 -98155
-65438 -42265 -16744
-65438 -42265 -20147
-65438 -42265 27470
-65438 -42265 -9238
-65438 -42265 -89463
-65438 -42265 87573
-65438 -42265 76948
-65438 -42265 -58991
-65438 -42265 -7161
-65438 -42265 77483
-65438 -42265 -88220
-65438 99903 92784
-65438 99903 -98155
-65438 99903 -16744
-65438 99903 -20147
-65438 99903 27470
-65438 99903 -9238
-65438 99903 -89463
-65438 99903 87573
-65438 99903 76948
-65438 99903 -58991
-65438 99903 -7161
-65438 99903 77483
-65438 99903 -88220
-65438 -11071 92784
-65438 -11071 -98155
-65438 -11071 -16744
-65438 -11071 -20147
-65438 -11071 27470
-65438 -11071 -9238
-65438 -11071 -89463
-65438 -11071 87573
-65438 -11071 76948
-65438 -11071 -58991
-65438 -11071 -7161
-65438 -11071 77483
-65438 -11071 -88220
-11096 -27115 92784
-11096 -27115 -98155
-11096 -27115 -16744
-11096 -27115 -20147
-11096 -27115 27470
-11096 -27115 -9238
-11096 -27115 -89463
-11096 -27115 87573
-11096 -27115 76948
-11096 -27115 -58991
-11096 -27115 -7161
-11096 -27115 77483
-11096 -27115 -88220
-11096 15538 92784
-11096 15538 -98155
-11096 15538 -16744
-11096 15538 -20147
-11096 15538 27470
-11096 15538 -9238
-11096 15538 -89463
-11096 15538 87573
-11096 15538 76948
-11096 15538 -58991
-11096 15538 -7161
-11096 15538 77483
-11096 15538 -88220
-11096 37671 92784
-11096 37671 -98155
-11096 37671 -16744
-11096 37671 -20147
-11096 37671 27470
-11096 37671 -9238
-11096 37671 -89463
-11096 37671 87573
-11096 37671 76948
-11096 37671 -58991
-11096 37671 -7161
-11096 37671 77483
-11096 37671 -88220
-11096 -85215 92784
-11096 -85215 -98155
-11096 -85215 -16744
-11096 -85215 -20147
-11096 -85215 27470
-11096 -85215 -9238
-11096 -85215 -89463
-11096 -85215 87573
-11096 -85215 76948
-11096 -85215 -58991
-11096 -85215 -7161
-11096 -85215 77483
-11096 -85215 -88220
-11096 61566 92784
-11096 61566 -98155
-11096 61566 -16744
-11096 61566 -20147
-11096 61566 27470
-11096 61566 -9238
-11096 61566 -89463
-11096 61566 87573
-11096 61566 76948
-11096 61566 -58991
-11096 61566 -7161
-11096 61566 77483
-11096 61566 -88220
-11096 59315 92784
-11096 59315 -98155
-11096 59315 -16744
-11096 59315 -20147
-11096 59315 27470
-11096 59315 -9238
-11096 59315 -89463
-11096 59315 87573
-11096 59315 76948
-11096 59315 -58991
-11096 59315 -7161
-11096 59315 77483
-11096 59315 -88220
-11096 67156 92784
-11096 67156 -98155
-11096 67156 -16744
-11096 67156 -20147
-11096 67156 27470
-11096 67156 -9238
-11096 67156 -89463
-11096 67156 87573
-11096 67156 76948
-11096 67156 -58991
-11096 67156 -7161
-11096 67156 77483
-11096 67156 -88220
-11096 -68067 92784
-11096 -68067 -98155
-11096 -68067 -16744
-11096 -68067 -20147
-11096 -68067 27470
-11096 -68067 -9238
-11096 -68067 -89463
-11096 -68067 87573
-11096 -68067 76948
-11096 -68067 -58991
-11096 -68067 -7161
-11096 -68067 77483
-11096 -68067 -88220
-11096 60882 92784
-11096 60882 -98155
-11096 60882 -16744
-11096 60882 -20147
-11096 60882 27470
-11096 60882 -9238
-11096 60882 -89463
-11096 60882 87573
-11096 60882 76948
-11096 60882 -58991
-11096 60882 -7161
-11096 60882 77483
-11096 60882 -88220
-11096 -63820 92784
-11096 -63820 -98155
-11096 -63820 -16744
-11096 -63820 -20147
-11096 -63820 27470
-11096 -63820 -9238
-11096 -63820 -89463
-11096 -63820 87573
-11096 -63820 76948
-11096 -63820 -58991
-11096 -63820 -7161
-11096 -63820 77483
-11096 -63820 -88220
-11096 -42265 92784
-11096 -42265 -98155
-11096 -42265 -16744
-11096 -42265 -20147
-11096 -42265 27470
-11096 -42265 -9238
-11096 -42265 -89463
-11096 -42265 87573
-11096 -42265 76948
-11096 -42265 -58991
-11096 -42265 -7161
-11096 -42265 77483
-11096 -42265 -88220
-11096 99903 92784
-11096 99903 -98155
-11096 99903 -16744
-11096 99903 -20147
-11096 99903 27470
-11096 99903 -9238
-11096 99903 -89463
-11096 99903 87573
-11096 99903 76948
-11096 99903 -58991
-11096 99903 -7161
-11096 99903 77483
-11096 99903 -88220
-11096 -11071 92784
-11096 -11071 -98155
-11096 -11071 -16744
-11096 -11071 -20147
-11096 -11071 27470
-11096 -11071 -9238
-11096 -11071 -89463
-11096 -11071 87573
-11096 -11071 76948
-11096 -11071 -58991
-11096 -11071 -7161
-11096 -11071 77483
-11096 -11071 -88220
-57751 -27115 92784
-57751 -27115 -98155
-57751 -27115 -16744
-57751 -27115 -20147
-57751 -27115 27470
-57751 -27115 -9238
-57751 -27115 -89463
-57751 -27115 87573
-57751 -27115 76948
-57751 -27115 -58991
-57751 -27115 -7161
-57751 -27115 77483
-57751 -27115 -88220
-57751 15538 92784
-57751 15538 -98155
-57751 15538 -16744
-57751 15538 -20147
-57751 15538 27470
-57751 15538 -9238
-57751 15538 -89463
-57751 15538 87573
-57751 15538 76948
-57751 15538 -58991
-57751 15538 -7161
-57751 15538 77483
-57751 15538 -88220
-57751 37671 92784
-57751 37671 -98155
-57751 37671 -16744
-57751 37671 -20147
-57751 37671 27470
-57751 37671 -9238
-57751 37671 -89463
-57751 37671 87573
-57751 37671 76948
-57751 37671 -58991
-57751 37671 -7161
-57751 37671 77483
-57751 37671 -88220
-57751 -85215 92784
-57751 -85215 -98155
-57751 -85215 -16744
-57751 -85215 -20147
-57751 -85215 27470
-57751 -85215 -9238
-57751 -85215 -89463
-57751 -85215 87573
-57751 -85215 76948
-57751 -85215 -58991
-57751 -85215 -7161
-57751 -85215 77483
-57751 -85215 -88220
-57751 61566 92784
-57751 61566 -98155
-57751 61566 -16744
-57751 61566 -20147
-57751 61566 27470
-57751 61566 -9238
-57751 61566 -89463
-57751 61566 87573
-57751 61566 76948
-57751 61566 -58991
-57751 61566 -7161
-57751 61566 77483
-57751 61566 -88220
-57751 59315 92784
-57751 59315 -98155
-57751 59315 -16744
-57751 59315 -20147
-57751 59315 27470
-57751 59315 -9238
-57751 59315 -89463
-57751 59315 87573
-57751 59315 76948
-57751 59315 -58991
-57751 59315 -7161
-57751 59315 77483
-57751 59315 -88220
-57751 67156 92784
-57751 67156 -98155
-57751 67156 -16744
-57751 67156 -20147
-57751 67156 27470
-57751 67156 -9238
-57751 67156 -89463
-57751 67156 87573
-57751 67156 76948
-57751 67156 -58991
-57751 67156 -7161
-57751 67156 77483
-57751 67156 -88220
-57751 -68067 92784
-57751 -68067 -98155
-57751 -68067 -16744
-57751 -68067 -20147
-57751 -68067 27470
-57751 -68067 -9238
-57751 -68067 -89463
-57751 -68067 87573
-57751 -68067 76948
-57751 -68067 -58991
-57751 -68067 -7161
-57751 -68067 77483
-57751 -68067 -88220
-57751 60882 92784
-57751 60882 -98155
-57751 60882 -16744
-57751 60882 -20147
-57751 60882 27470
-57751 60882 -9238
-57751 60882 -89463
-57751 60882 87573
-57751 60882 76948
-57751 60882 -58991
-57751 60882 -7161
-57751 60882 77483
-57751 60882 -88220
-57751 -63820 92784
-57751 -63820 -98155
-57751 -63820 -16744
-57751 -63820 -20147
-57751 -63820 27470
-57751 -63820 -9238
-57751 -63820 -89463
-57751 -63820 87573
-57751 -63820 76948
-57751 -63820 -58991
-57751 -63820 -7161
-57751 -63820 77483
-57751 -63820 -88220
-57751 -42265 92784
-57751 -42265 -98155
-57751 -42265 -16744
-57751 -42265 -20147
-57751 -42265 27470
-57751 -42265 -9238
-57751 -42265 -89463
-57751 -42265 87573
-57751 -42265 76948
-57751 -42265 -58991
-57751 -42265 -7161
-57751 -42265 77483
-57751 -42265 -88220
-57751 99903 92784
-57751 99903 -98155
-57751 99903 -16744
-57751 99903 -20147
-57751 99903 27470
-57751 99903 -9238
-57751 99903 -89463
-57751 99903 87573
-57751 99903 76948
-57751 99903 -58991
-57751 99903 -7161
-57751 99903 77483
-57751 99903 -88220
-57751 -11071 92784
-57751 -11071 -98155
-57751 -11071 -16744
-57751 -11071 -20147
-57751 -11071 27470
-57751 -11071 -9238
-57751 -11071 -89463
-57751 -11071 87573
-57751 -11071 76948
-57751 -11071 -58991
-57751 -11071 -7161
-57751 -11071 77483
-57751 -11071 -88220
-33452 -27115 92784
-33452 -27115 -98155
-33452 -27115 -16744
-33452 -27115 -20147
-33452 -27115 27470
-33452 -27115 -9238
-33452 -27115 -89463
-33452 -27115 87573
-33452 -27115 76948
-33452 -27115 -58991
-33452 -27115 -7161
-33452 -27115 77483
-33452 -27115 -88220
-33452 15538 92784
-33452 15538 -98155
-33452 15538 -16744
-33452 15538 -20147
-33452 15538 27470
-33452 15538 -9238
-33452 15538 -89463
-33452 15538 87573
-33452 15538 76948
-33452 15538 -58991
-33452 15538 -7161
-33452 15538 77483
-33452 15538 -88220
-33452 37671 92784
-33452 37671 -98155
-33452 37671 -16744
-33452 37671 -20147
-33452 37671 27470
-33452 37671 -9238
-33452 37671 -89463
-33452 37671 87573
-33452 37671 76948
-33452 37671 -58991
-33452 37671 -7161
-33452 37671 77483
-33452 37671 -88220
-33452 -85215 92784
-33452 -85215 -98155
-33452 -85215 -16744
-33452 -85215 -20147
-33452 -85215 27470
-33452 -85215 -9238
-33452 -85215 -89463
-33452 -85215 87573
-33452 -85215 76948
-33452 -85215 -58991
-33452 -85215 -7161
-33452 -85215 77483
-33452 -85215 -88220
-33452 61566 92784
-33452 61566 -98155
-33452 61566 -16744
-33452 61566 -20147
-33452 61566 27470
-33452 61566 -9238
-33452 61566 -89463
-33452 61566 87573
-33452 61566 76948
-33452 61566 -58991
-33452 61566 -7161
-33452 61566 77483
-33452 61566 -88220
-33452 59315 92784
-33452 59315 -98155
-33452 59315 -16744
-33452 59315 -20147
-33452 59315 27470
-33452 59315 -9238
-33452 59315 -89463
-33452 59315 87573
-33452 59315 76948
-33452 59315 -58991
-33452 59315 -7161
-33452 59315 77483
-33452 59315 -88220
-33452 67156 92784
-33452 67156 -98155
-33452 67156 -16744
-33452 67156 -20147
-33452 67156 27470
-33452 67156 -9238
-33452 67156 -89463
-33452 67156 87573
-33452 67156 76948
-33452 67156 -58991
-33452 67156 -7161
-33452 67156 77483
-33452 67156 -88220
-33452 -68067 92784
-33452 -68067 -98155
-33452 -68067 -16744
-33452 -68067 -20147
-33452 -68067 27470
-33452 -68067 -9238
-33452 -68067 -89463
-33452 -68067 87573
-33452 -68067 76948
-33452 -68067 -58991
-33452 -68067 -7161
-33452 -68067 77483
-33452 -68067 -88220
-33452 60882 92784
-33452 60882 -98155
-33452 60882 -16744
-33452 60882 -20147
-33452 60882 27470
-33452 60882 -9238
-33452 60882 -89463
-33452 60882 87573
-33452 60882 76948
-33452 60882 -58991
-33452 60882 -7161
-33452 60882 77483
-33452 60882 -88220
-33452 -63820 92784
-33452 -63820 -98155
-33452 -63820 -16744
-33452 -63820 -20147
-33452 -63820 27470
-33452 -63820 -9238
-33452 -63820 -89463
-33452 -63820 87573
-33452 -63820 76948
-33452 -63820 -58991
-33452 -63820 -7161
-33452 -63820 77483
-33452 -63820 -88220
-33452 -42265 92784
-33452 -42265 -98155
-33452 -42265 -16744
-33452 -42265 -20147
-33452 -42265 27470
-33452 -42265 -9238
-33452 -42265 -89463
-33452 -42265 87573
-33452 -42265 76948
-33452 -42265 -58991
-33452 -42265 -7161
-33452 -42265 77483
-33452 -42265 -88220
-33452 99903 92784
-33452 99903 -98155
-33452 99903 -16744
-33452 99903 -20147
-33452 99903 27470
-33452 99903 -9238
-33452 99903 -89463
-33452 99903 87573
-33452 99903 76948
-33452 99903 -58991
-33452 99903 -7161
-33452 99903 77483
-33452 99903 -88220
-33452 -11071 92784
-33452 -11071 -98155
-33452 -11071 -16744
-33452 -11071 -20147
-33452 -11071 27470
-33452 -11071 -9238
-33452 -11071 -89463
-33452 -11071 87573
-33452 -11071 76948
-33452 -11071 -58991
-33452 -11071 -7161
-33452 -11071 77483
-33452 -11071 -88220
90208 -27115 92784
90208 -27115 -98155
90208 -27115 -16744
90208 -27115 -20147
90208 -27115 27470
90208 -27115 -9238
90208 -27115 -89463
90208 -27115 87573
90208 -27115 76948
90208 -27115 -58991
90208 -27115 -7161
90208 -27115 77483
90208 -27115 -88220
90208 15538 92784
90208 15538 -98155
90208 15538 -16744
90208 15538 -20147
90208 15538 27470
90208 15538 -9238
90208 15538 -89463
90208 15538 87573
90208 15538 76948
90208 15538 -58991
90208 15538 -7161
90208 15538 77483
90208 15538 -88220
90208 37671 92784
90208 37671 -98155
90208 37671 -16744
90208 37671 -20147
90208 37671 27470
90208 37671 -9238
90208 37671 -89463
90208 37671 87573
90208 37671 76948
90208 37671 -58991
90208 37671 -7161
90208 37671 77483
90208 37671 -88220
90208 -85215 92784
90208 -85215 -98155
90208 -85215 -16744
90208 -85215 -20147
90208 -85215 27470
90208 -85215 -9238
90208 -85215 -89463
90208 -85215 87573
90208 -85215 76948
90208 -85215 -58991
90208 -85215 -7161
90208 -85215 77483
90208 -85215 -88220
90208 61566 92784
90208 61566 -98155
90208 61566 -16744
90208 61566 -20147
90208 61566 27470
90208 61566 -9238
90208 61566 -89463
90208 61566 87573
90208 61566 76948
90208 61566 -58991
90208 61566 -7161
90208 61566 77483
90208 61566 -88220
90208 59315 92784
90208 59315 -98155
90208 59315 -16744
90208 59315 -20147
90208 59315 27470
90208 59315 -9238
90208 59315 -89463
90208 59315 87573
90208 59315 76948
90208 59315 -58991
90208 59315 -7161
90208 59315 77483
90208 59315 -88220
90208 67156 92784
90208 67156 -98155
90208 67156 -16744
90208 67156 -20147
90208 67156 27470
90208 67156 -9238
90208 67156 -89463
90208 67156 87573
90208 67156 76948
90208 67156 -58991
90208 67156 -7161
90208 67156 77483
90208 67156 -88220
90208 -68067 92784
90208 -68067 -98155
90208 -68067 -16744
90208 -68067 -20147
90208 -68067 27470
90208 -68067 -9238
90208 -68067 -89463
90208 -68067 87573
90208 -68067 76948
90208 -68067 -58991
90208 -68067 -7161
90208 -68067 77483
90208 -68067 -88220
90208 60882 92784
90208 60882 -98155
90208 60882 -16744
90208 60882 -20147
90208 60882 27470
90208 60882 -9238
90208 60882 -89463
90208 60882 87573
90208 60882 76948
90208 60882 -58991
90208 60882 -7161
90208 60882 77483
90208 60882 -88220
90208 -63820 92784
90208 -63820 -98155
90208 -63820 -16744
90208 -63820 -20147
90208 -63820 27470
90208 -63820 -9238
90208 -63820 -89463
90208 -63820 87573
90208 -63820 76948
90208 -63820 -58991
90208 -63820 -7161
90208 -63820 77483
90208 -63820 -88220
90208 -42265 92784
90208 -42265 -98155
90208 -42265 -16744
90208 -42265 -20147
90208 -42265 27470
90208 -42265 -9238
90208 -42265 -89463
90208 -42265 87573
90208 -42265 76948
90208 -42265 -58991
90208 -42265 -7161
90208 -42265 77483
90208 -42265 -88220
90208 99903 92784
90208 99903 -98155
90208 99903 -16744
90208 99903 -20147
90208 99903 27470
90208 99903 -9238
90208 99903 -89463
90208 99903 87573
90208 99903 76948
90208 99903 -58991
90208 99903 -7161
90208 99903 77483
90208 99903 -88220
90208 -11071 92784
90208 -11071 -98155
90208 -11071 -16744
90208 -11071 -20147
90208 -11071 27470
90208 -11071 -9238
90208 -11071 -89463
90208 -11071 87573
90208 -11071 76948
90208 -11071 -58991
90208 -11071 -7161
90208 -11071 77483
90208 -11071 -88220
2831 -27115 92784
2831 -27115 -98155
2831 -27115 -16744
2831 -27115 -20147
2831 -27115 27470
2831 -27115 -9238
2831 -27115 -89463
2831 -27115 87573
2831 -27115 76948
2831 -27115 -58991
2831 -27115 -7161
2831 -27115 77483
2831 -27115 -88220
2831 15538 92784
2831 15538 -98155
2831 15538 -16744
2831 15538 -20147
2831 15538 27470
2831 15538 -9238
2831 15538 -89463
2831 15538 87573
2831 15538 76948
2831 15538 -58991
2831 15538 -7161
2831 15538 77483
2831 15538 -88220
2831 37671 92784
2831 37671 -98155
2831 37671 -16744
2831 37671 -20147
2831 37671 27470
2831 37671 -9238
2831 37671 -89463
2831 37671 87573
2831 37671 76948
2831 37671 -58991
2831 37671 -7161
2831 37671 77483
2831 37671 -88220
2831 -85215 92784
2831 -85215 -98155
2831 -85215 -16744
2831 -85215 -20147
2831 -85215 27470
2831 -85215 -9238
2831 -85215 -89463
2831 -85215 87573
2831 -85215 76948
2831 -85215 -58991
2831 -85215 -7161
2831 -85215 77483
2831 -85215 -88220
2831 61566 92784
2831 61566 -98155
2831 61566 -16744
2831 61566 -20147
2831 61566 27470
2831 61566 -9238
2831 61566 -89463
2831 61566 87573
2831 61566 76948
2831 61566 -58991
2831 61566 -7161
2831 61566 77483
2831 61566 -88220
2831 59315 92784
2831 59315 -98155
2831 59315 -16744
2831 59315 -20147
2831 59315 27470
2831 59315 -9238
2831 59315 -89463
2831 59315 87573
2831 59315 76948
2831 59315 -58991
2831 59315 -7161
2831 59315 77483
2831 59315 -88220
2831 67156 92784
2831 67156 -98155
2831 67156 -16744
2831 67156 -20147
2831 67156 27470
2831 67156 -9238
2831 67156 -89463
2831 67156 87573
2831 67156 76948
2831 67156 -58991
2831 67156 -7161
2831 67156 77483
2831 67156 -88220
2831 -68067 92784
2831 -68067 -98155
2831 -68067 -16744
2831 -68067 -20147
2831 -68067 27470
2831 -68067 -9238
2831 -68067 -89463
2831 -68067 87573
2831 -68067 76948
2831 -68067 -58991
2831 -68067 -7161
2831 -68067 77483
2831 -68067 -88220
2831 60882 92784
2831 60882 -98155
2831 60882 -16744
2831 60882 -20147
2831 60882 27470
2831 60882 -9238
2831 60882 -89463
2831 60882 87573
2831 60882 76948
2831 60882 -58991
2831 60882 -7161
2831 60882 77483
2831 60882 -88220
2831 -63820 92784
2831 -63820 -98155
2831 -63820 -16744
2831 -63820 -20147
2831 -63820 27470
2831 -63820 -9238
2831 -63820 -89463
2831 -63820 87573
2831 -63820 76948
2831 -63820 -58991
2831 -63820 -7161
2831 -63820 77483
2831 -63820 -88220
2831 -42265 92784
2831 -42265 -98155
2831 -42265 -16744
2831 -42265 -20147
2831 -42265 27470
2831 -42265 -9238
2831 -42265 -89463
2831 -42265 87573
2831 -42265 76948
2831 -42265 -58991
2831 -42265 -7161
2831 -42265 77483
2831 -42265 -88220
2831 99903 92784
2831 99903 -98155
2831 99903 -16744
2831 99903 -20147
2831 99903 27470
2831 99903 -9238
2831 99903 -89463
2831 99903 87573
2831 99903 76948
2831 99903 -58991
2831 99903 -7161
2831 99903 77483
2831 99903 -88220
2831 -11071 92784
2831 -11071 -98155
2831 -11071 -16744
2831 -11071 -20147
2831 -11071 27470
2831 -11071 -9238
2831 -11071 -89463
2831 -11071 87573
2831 -11071 76948
2831 -11071 -58991
2831 -11071 -7161
2831 -11071 77483
2831 -11071 -88220
61089 -27115 92784
61089 -27115 -98155
61089 -27115 -16744
61089 -27115 -20147
61089 -27115 27470
61089 -27115 -9238
61089 -27115 -89463
61089 -27115 87573
61089 -27115 76948
61089 -27115 -58991
61089 -27115 -7161
61089 -27115 77483
61089 -27115 -88220
61089 15538 92784
61089 15538 -98155
61089 15538 -16744
61089 15538 -20147
61089 15538 27470
61089 15538 -9238
61089 15538 -89463
61089 15538 87573
61089 15538 76948
61089 15538 -58991
61089 15538 -7161
61089 15538 77483
61089 15538 -88220
61089 37671 92784
61089 37671 -98155
61089 37671 -16744
61089 37671 -20147
61089 37671 27470
61089 37671 -9238
61089 37671 -89463
61089 37671 87573
61089 37671 76948
61089 37671 -58991
61089 37671 -7161
61089 37671 77483
61089 37671 -88220
61089 -85215 92784
61089 -85215 -98155
61089 -85215 -16744
61089 -85215 -20147
61089 -85215 27470
61089 -85215 -9238
61089 -85215 -89463
61089 -85215 87573
61089 -85215 76948
61089 -85215 -58991
61089 -85215 -7161
61089 -85215 77483
61089 -85215 -88220
61089 61566 92784
61089 61566 -98155
61089 61566 -16744
61089 61566 -20147
61089 61566 27470
61089 61566 -9238
61089 61566 -89463
61089 61566 87573
61089 61566 76948
61089 61566 -58991
61089 61566 -7161
61089 61566 77483
61089 61566 -88220
61089 59315 92784
61089 59315 -98155
61089 59315 -16744
61089 59315 -20147
61089 59315 27470
61089 59315 -9238
61089 59315 -89463
61089 59315 87573
61089 59315 76948
61089 59315 -58991
61089 59315 -7161
61089 59315 77483
61089 59315 -88220
61089 67156 92784
61089 67156 -98155
61089 67156 -16744
61089 67156 -20147
61089 67156 27470
61089 67156 -9238
61089 67156 -89463
61089 67156 87573
61089 67156 76948
61089 67156 -58991
61089 67156 -7161
61089 67156 77483
61089 67156 -88220
61089 -68067 92784
61089 -68067 -98155
61089 -68067 -16744
61089 -68067 -20147
61089 -68067 27470
61089 -68067 -9238
61089 -68067 -89463
61089 -68067 87573
61089 -68067 76948
61089 -68067 -58991
61089 -68067 -7161
61089 -68067 77483
61089 -68067 -88220
61089 60882 92784
61089 60882 -98155
61089 60882 -16744
61089 60882 -20147
61089 60882 27470
61089 60882 -9238
61089 60882 -89463
61089 60882 87573
61089 60882 76948
61089 60882 -58991
61089 60882 -7161
61089 60882 77483
61089 60882 -88220
61089 -63820 92784
61089 -63820 -98155
61089 -63820 -16744
61089 -63820 -20147
61089 -63820 27470
61089 -63820 -9238
61089 -63820 -89463
61089 -63820 87573
61089 -63820 76948
61089 -63820 -58991
61089 -63820 -7161
61089 -63820 77483
61089 -63820 -88220
61089 -42265 92784
61089 -42265 -98155
61089 -42265 -16744
61089 -42265 -20147
61089 -42265 27470
61089 -42265 -9238
61089 -42265 -89463
61089 -42265 87573
61089 -42265 76948
61089 -42265 -58991
61089 -42265 -7161
61089 -42265 77483
61089 -42265 -88220
61089 99903 92784
61089 99903 -98155
61089 99903 -16744
61089 99903 -20147
61089 99903 27470
61089 99903 -9238
61089 99903 -89463
61089 99903 87573
61089 99903 76948
61089 99903 -58991
61089 99903 -7161
61089 99903 77483
61089 99903 -88220
61089 -11071 92784
61089 -11071 -98155
61089 -11071 -16744
61089 -11071 -20147
61089 -11071 27470
61089 -11071 -9238
61089 -11071 -89463
61089 -11071 87573
61089 -11071 76948
61089 -11071 -58991
61089 -11071 -7161
61089 -11071 77483
61089 -11071 -88220
