4001
-997 -1003 -1001
-1008 -991 -1007
-1002 -996 -990
-1001 -1003 -1000
-990 -1007 -1008
-1009 -998 -1008
-998 -1002 -1010
-998 -994 -994
-1007 -1002 -1007
-998 -1004 -993
-1002 -1004 -991
-1010 -992 -994
-1010 -994 -990
-1000 -998 -1001
-1009 -1004 -993
-992 -1008 -1003
-990 -992 -996
-997 -1003 -1007
-1000 -1010 -1008
-998 -1009 -999
-1005 -995 -991
-1005 -994 -1006
-1003 -993 -1002
-1005 -1006 -992
-1005 -993 -1004
-995 -999 -995
-993 -996 -991
-1000 -1001 -1008
-1009 -992 -1003
-1002 -997 -1001
-1010 -994 -990
-1007 -1000 -994
-997 -1007 -990
-994 -1003 -1001
-992 -999 -1010
-993 -995 -996
-1003 -1002 -998
-1006 -996 -991
-1010 -997 -991
-998 -1006 -1008
-1010 -1002 -1000
-1005 -1000 -991
-1001 -996 -1002
-993 -992 -1002
-997 -1004 -1010
-997 -1001 -1003
-994 -1001 -1003
-1004 -994 -1006
-1008 -1001 -995
-1004 -1004 -1007
-1009 -994 -993
-1005 -1003 -990
-995 -999 -990
-1001 -1000 -1005
-998 -990 -1004
-996 -990 -1003
-990 -1005 -1006
-1000 -1003 -1000
-994 -1009 -1008
-993 -1008 -1008
-1007 -1000 -1001
-1007 -1000 -997
-995 -996 -997
-1009 -997 -1000
-994 -1003 -1002
-1009 -999 -990
-1005 -994 -1005
-1008 -1002 -1010
-997 -998 -1006
-1010 -999 -1002
-997 -1000 -992
-998 -997 -1006
-990 -993 -1000
-991 -1000 -1002
-996 -990 -994
-1005 -993 -992
-990 -1003 -990
-1001 -1006 -1006
-1010 -991 -1004
-993 -993 -1010
-991 -991 -993
-1004 -1009 -995
-999 -997 -990
-991 -991 -999
-998 -991 -1009
-1002 -993 -1001
-1008 -1004 -1003
-1003 -993 -1006
-994 -994 -1007
-1005 -1010 -993
-1001 -1004 -1007
-996 -991 -996
-992 -1003 -994
-994 -996 -993
-994 -994 -999
-992 -1008 -1001
-990 -1009 -1002
-1006 -1006 -1004
-1000 -1007 -1006
-990 -994 -990
-1005 -1004 -1008
-1009 -1000 -1008
-1007 -993 -1000
-1008 -1010 -991
-993 -1008 -1002
-1007 -993 -991
-994 -997 -1009
-1000 -995 -991
-1003 -993 -997
-994 -1010 -991
-998 -1000 -1003
-993 -1008 -1002
-1010 -1010 -1006
-993 -1003 -1006
-1007 -996 -993
-1007 -1003 -1006
-993 -1006 -1001
-993 -997 -1005
-999 -995 -995
-1002 -1008 -1001
-996 -995 -1000
-999 -995 -1008
-1009 -990 -1008
-1010 -996 -1002
-1001 -997 -990
-1005 -993 -1002
-999 -995 -995
-1004 -1003 -991
-1002 -997 -996
-995 -1009 -998
-990 -1001 -998
-1001 -990 -997
-999 -992 -998
-994 -992 -995
-1007 -1000 -1010
-1007 -1001 -995
-1010 -991 -999
-998 -994 -1007
-994 -1008 -1000
-1008 -1005 -994
-1002 -996 -995
-990 -1009 -999
-1000 -994 -993
-1002 -997 -992
-997 -1003 -998
-991 -1010 -993
-998 -1000 -1000
-1005 -1002 -1000
-993 -1010 -997
-1007 -998 -1009
-992 -1004 -1005
-1007 -1009 -1010
-991 -1009 -999
-999 -1005 -994
-998 -1007 -1001
-1001 -997 -993
-1009 -990 -996
-1002 -1008 -1007
-1000 -1005 -1002
-1002 -1005 -999
-1004 -991 -997
-1001 -1010 -1000
-1005 -995 -992
-1005 -991 -991
-991 -1003 -990
-992 -1007 -1007
-990 -991 -1005
-991 -992 -996
-1007 -994 -1009
-995 -1008 -1006
-991 -1001 -1007
-998 -999 -1001
-998 -1009 -995
-1006 -1001 -998
-992 -998 -990
-1010 -993 -1010
-1002 -991 -1005
-1007 -993 -992
-1002 -1009 -999
-1002 -1004 -997
-1005 -991 -993
-1002 -992 -1000
-999 -1007 -996
-1004 -1005 -1004
-995 -993 -990
-1001 -998 -993
-1004 -1008 -1009
-1007 -995 -1007
-1006 -999 -998
-1005 -1002 -1003
-1008 -1000 -1000
-1006 -1002 -990
-992 -1005 -1009
-994 -1005 -991
-1006 -1007 -998
-1000 -996 -991
-1003 -1000 -1004
-993 -997 -1001
-1006 -990 -999
-1002 -1002 -995
-996 -991 -1003
-1002 -994 -992
-995 -1002 -1006
-998 -1002 -994
-991 -1008 -995
-994 -1007 -991
-995 -1008 -990
-999 -1008 -992
-998 -1002 -1005
-996 -1004 -1005
-1003 -1006 -1000
-992 -1007 -1004
-995 -1005 -1005
-1002 -991 -1010
-997 -990 -1001
-999 -992 -992
-998 -1002 -1002
-996 -1003 -1003
-1002 -1001 -995
-1001 -991 -991
-1003 -1002 -1006
-999 -990 -998
-1002 -995 -1008
-996 -994 -1003
-997 -1010 -1001
-1002 -1009 -1010
-997 -1007 -1008
-1009 -997 -993
-993 -1010 -1008
-998 -1002 -993
-999 -1007 -992
-1009 -991 -1009
-991 -1005 -995
-990 -999 -1010
-994 -1007 -1010
-997 -999 -1000
-992 -995 -1005
-995 -1006 -1006
-993 -992 -1004
-1002 -996 -993
-1009 -1006 -1008
-998 -1007 -1005
-1002 -1003 -1008
-1006 -993 -1005
-999 -995 -1008
-1003 -1009 -998
-992 -993 -1001
-1004 -993 -997
-999 -1008 -993
-1003 -990 -1002
-991 -1001 -991
-998 -1008 -1010
-1002 -1004 -1003
-995 -1000 -1000
-1005 -997 -1004
-992 -1008 -1000
-1005 -992 -1004
-995 -1004 -991
-997 -1001 -997
-998 -995 -1008
-1003 -997 -1007
-1000 -992 -992
-999 -1003 -1007
-1000 -1005 -1004
-990 -1007 -1006
-1008 -993 -1006
-993 -990 -992
-996 -993 -1009
-1007 -1010 -1009
-995 -1009 -1000
-1006 -1003 -1009
-997 -1000 -1005
-994 -999 -996
-994 -996 -1003
-1004 -1002 -991
-994 -998 -995
-990 -990 -1006
-1007 -995 -1007
-997 -993 -1004
-1010 -994 -994
-1010 -996 -997
-997 -999 -1007
-1009 -992 -1007
-992 -991 -1010
-992 -1000 -1005
-1000 -995 -1005
-998 -999 -1004
-1007 -998 -1006
-1010 -1001 -994
-997 -1009 -1008
-1004 -1005 -996
-1003 -993 -1003
-993 -1006 -990
-1002 -1000 -1000
-996 -997 -990
-990 -1010 -1003
-995 -999 -1010
-995 -1004 -1007
-1005 -994 -1005
-1005 -1005 -1005
-1008 -998 -1008
-997 -996 -1009
-1003 -1007 -1009
-990 -1002 -997
-1002 -1006 -1000
-999 -1010 -999
-999 -994 -992
-1005 -998 -992
-997 -999 -1000
-1004 -998 -1001
-999 -993 -1002
-997 -994 -993
-992 -1003 -1003
-993 -1010 -1004
-991 -1002 -996
-995 -1006 -1009
-991 -990 -1007
-991 -994 -996
-1000 -1006 -1004
-1002 -1008 -1000
-1000 -999 -994
-1004 -1001 -999
-1008 -1006 -1007
-991 -1010 -993
-1008 -991 -999
-993 -991 -990
-1006 -1009 -1003
-991 -992 -997
-1007 -993 -1010
-994 -1002 -1000
-995 -991 -994
-997 -995 -992
-990 -1003 -992
-1009 -992 -999
-996 -999 -992
-990 -998 -1003
-997 -1000 -999
-1008 -1008 -1003
-991 -1005 -1006
-1004 -995 -1001
-996 -1010 -1010
-1005 -991 -1003
-991 -1003 -1000
-997 -991 -1003
-996 -992 -1004
-1010 -1010 -991
-990 -1003 -993
-1002 -992 -1007
-1009 -993 -1007
-1002 -996 -1001
-994 -993 -1010
-997 -1009 -990
-991 -1008 -1004
-991 -1003 -1006
-1001 -995 -992
-1000 -994 -994
-992 -995 -1003
-1009 -998 -1006
-993 -1005 -990
-995 -995 -1003
-996 -997 -994
-998 -998 -995
-998 -1001 -999
-1009 -997 -999
-1001 -1008 -990
-991 -996 -994
-993 -1007 -998
-1010 -990 -1004
-1008 -1002 -1010
-1002 -1000 -998
-1001 -992 -1001
-1006 -1008 -1004
-997 -1004 -1005
-1006 -1003 -1000
-1007 -993 -1010
-1003 -994 -1005
-994 -1003 -998
-992 -995 -994
-991 -1002 -990
-1002 -1001 -991
-992 -997 -995
-999 -1006 -1010
-1007 -1000 -1003
-997 -1007 -997
-1006 -1007 -996
-992 -1003 -998
-1003 -997 -1003
-1010 -1006 -1006
-1008 -998 -998
-1002 -1004 -1003
-996 -998 -991
-994 -999 -1007
-1006 -990 -998
-993 -1001 -992
-1010 -999 -997
-1006 -1008 -994
-1009 -1005 -1010
-996 -995 -1010
-1001 -1009 -1006
-1001 -996 -990
-996 -1006 -1001
-994 -1009 -1008
-990 -998 -997
-997 -1008 -999
-997 -1008 -996
-1005 -1010 -1004
-994 -995 -999
-999 -998 -997
-1005 -990 -999
-1009 -995 -1004
-1000 -1006 -993
-1006 -990 -991
-1005 -1002 -990
-993 -1000 -1007
-994 -1001 -1008
-995 -998 -996
-992 -995 -1008
-1005 -1009 -999
-1010 -1008 -1001
-995 -1006 -991
-999 -991 -1009
-992 -990 -994
-1002 -1007 -1003
-998 -991 -991
-999 -991 -994
-1003 -1002 -996
-998 -1008 -991
-1007 -992 -992
-993 -1004 -1008
-992 -1008 -1002
-1002 -990 -1010
-995 -1001 -1010
-991 -1002 -992
-1004 -992 -990
-1005 -994 -1006
-992 -993 -1010
-995 -995 -1005
-996 -1001 -994
-990 -998 -994
-1006 -1004 -1001
-1003 -1010 -998
-1000 -999 -1002
-997 -996 -1003
-1002 -1006 -1004
-993 -1005 -995
-997 -1001 -995
-998 -997 -997
-994 -996 -999
-1008 -1000 -1006
-1010 -992 -993
-1000 -996 -997
-993 -1000 -999
-1009 -1004 -995
-990 -990 -996
-1003 -1000 -1010
-1001 -1009 -994
-1004 -990 -999
-1005 -1005 -1006
-1009 -990 -1002
-996 -992 -999
-1009 -997 -1004
-996 -1002 -990
-991 -1002 -1006
-991 -991 -990
-1007 -990 -1009
-1002 -1004 -1009
-996 -998 -1002
-997 -1003 -991
-1008 -999 -992
-990 -996 -995
-1001 -1010 -1005
-994 -993 -997
-999 -1001 -993
-1005 -996 -992
-1002 -1006 -1002
-1001 -990 -1003
-997 -991 -1008
-1007 -996 -994
-1006 -994 -994
-1007 -997 -1002
-992 -991 -1000
-1009 -1005 -997
-1005 -1001 -993
-997 -993 -996
-1005 -996 -1008
-992 -1007 -990
-1002 -1009 -997
-1004 -1010 -1003
-1008 -998 -996
-991 -1004 -994
-991 -993 -998
-996 -995 -1005
-999 -1002 -1008
-1000 -1003 -1005
-995 -1000 -1000
-1003 -1010 -1010
-1010 -1002 -997
-998 -1007 -1009
-1000 -998 -998
-992 -995 -998
-998 -1008 -995
-1002 -1007 -1004
-997 -1005 -1007
-1006 -996 -992
-996 -995 -990
-1002 -1004 -1006
-1005 -1003 -991
-997 -997 -1000
-990 -995 -1000
-997 -1008 -998
-1000 -1007 -995
-994 -992 -1002
-1010 -1010 -1007
-1007 -1010 -997
-995 -993 -1008
-997 -1003 -999
-991 -1003 -1000
-1010 -997 -990
-1004 -1000 -1001
-1008 -1001 -1005
-997 -1008 -994
-998 -1001 -1008
-1007 -1000 -1006
-990 -997 -1002
-1000 -996 -1010
-1010 -995 -1009
-1005 -991 -1005
-990 -1009 -998
-1002 -999 -1004
-1002 -1009 -996
-992 -1001 -1000
-994 -1006 -991
-995 -991 -992
-1005 -1009 -991
-1006 -1008 -996
-1001 -1009 -997
-1007 -1002 -1006
-991 -1003 -990
-1010 -993 -996
-1000 -994 -1005
-997 -995 -993
-991 -1010 -1008
-996 -1008 -1000
-994 -993 -992
-1010 -990 -998
-997 -1006 -999
-1008 -1004 -1008
-1010 -994 -1007
-999 -993 -992
-999 -996 -994
-1005 -1001 -993
-991 -1004 -1002
-998 -1000 -993
-1001 -1001 -1006
-1005 -1000 -996
-1000 -1004 -1008
-990 -993 -1004
-992 -992 -1001
-994 -995 -998
-1010 -995 -990
-993 -1005 -1005
-1005 -996 -998
-994 -1003 -993
-1005 -1005 -999
-1010 -992 -1010
-993 -1008 -996
-1000 -990 -1009
-997 -997 -990
-993 -1007 -1010
-1000 -998 -991
-998 -1000 -1010
-998 -990 -992
-1009 -997 -999
-1003 -994 -1000
-997 -998 -996
-1004 -1010 -1007
-1005 -1004 -990
-1010 -998 -999
-1000 -990 -995
-1010 -1004 -1000
-997 -1004 -993
-990 -993 -998
-1009 -1010 -995
-990 -1003 -1009
-1001 -1001 -1004
-1003 -998 -995
-991 -992 -998
-994 -993 -992
-990 -999 -1007
-1009 -1010 -1004
-1007 -999 -1003
-994 -1003 -1009
-1001 -1008 -992
-1002 -999 -1005
-1007 -1002 -1006
-1005 -991 -1001
-1008 -994 -995
-1010 -995 -998
-990 -999 -998
-992 -996 -994
-1000 -1000 -1009
-991 -1008 -1003
-993 -990 -992
-1007 -1008 -993
-1006 -995 -1000
-1002 -1006 -1000
-1005 -1007 -997
-996 -996 -1000
-993 -1002 -996
-1006 -1007 -1006
-997 -990 -1008
-1005 -1001 -998
-1001 -998 -1002
-1008 -992 -992
-998 -995 -1001
-990 -1008 -1009
-1006 -1002 -994
-994 -998 -1010
-1010 -994 -993
-998 -992 -993
-1001 -997 -1006
-999 -1006 -1010
-1008 -1004 -1005
-1000 -1005 -1009
-1006 -993 -999
-1009 -995 -1009
-1002 -1010 -1002
-993 -991 -994
-994 -1010 -1003
-994 -1009 -997
-995 -1006 -1002
-1001 -995 -996
-994 -997 -998
-1000 -999 -1008
-996 -997 -1003
-992 -1003 -990
-1002 -1009 -1002
-1004 -994 -993
-995 -1003 -991
-1006 -990 -998
-993 -994 -1000
-996 -1010 -992
-1005 -990 -993
-1002 -1009 -992
-1000 -999 -998
-996 -1001 -1004
-993 -1009 -990
-1007 -990 -1003
-1001 -1002 -995
-992 -1000 -991
-1002 -996 -1008
-1002 -992 -999
-995 -1000 -1006
-999 -996 -1010
-994 -993 -1000
-1006 -1003 -1008
-990 -990 -1005
-1004 -995 -1007
-1003 -995 -1005
-1008 -1009 -994
-1008 -1007 -1005
-991 -1001 -992
-999 -1005 -1002
-1010 -1007 -1000
-1000 -1004 -1009
-997 -1008 -1000
-1003 -999 -999
-1004 -993 -991
-990 -1000 -1005
-1004 -1005 -996
-996 -994 -990
-995 -992 -996
-1001 -997 -1001
-1002 -1002 -1010
-996 -992 -1001
-1002 -1006 -1008
-990 -999 -991
-997 -995 -1008
-1004 -993 -1007
-996 -1006 -1001
-1007 -994 -992
-1002 -997 -995
-996 -1009 -991
-999 -1002 -998
-1006 -1002 -992
-990 -1009 -990
-1000 -1009 -1008
-1004 -996 -992
-1006 -1001 -1003
-995 -999 -991
-992 -1001 -999
-1002 -1001 -997
-1002 -1004 -1009
-1000 -997 -990
-991 -1000 -994
-1004 -1009 -993
-1006 -994 -998
-992 -1010 -1009
-1004 -1000 -1006
-994 -993 -996
-1007 -1010 -1005
-995 -999 -995
-995 -1006 -999
-995 -1010 -1010
-1004 -1008 -1007
-997 -991 -1005
-1003 -992 -1004
-1010 -993 -1006
-1006 -993 -998
-999 -994 -997
-990 -1009 -1001
-1008 -991 -993
-997 -1000 -1009
-1001 -997 -999
-1009 -994 -999
-997 -1010 -999
-1009 -993 -996
-993 -997 -1002
-1000 -1009 -990
-1005 -996 -997
-1008 -990 -995
-1004 -992 -996
-1006 -993 -1004
-1001 -990 -995
-992 -999 -992
-1001 -993 -1004
-996 -997 -994
-991 -1007 -1008
-1003 -1007 -1002
-994 -990 -1007
-1003 -991 -1002
-1004 -997 -996
-993 -998 -991
-1009 -1003 -999
-1009 -995 -1003
-1002 -996 -998
-1006 -991 -992
-1003 -990 -990
-995 -992 -993
-994 -1008 -997
-1000 -1007 -990
-998 -1002 -992
-999 -1008 -997
-1002 -992 -993
-996 -1007 -991
-1002 -1009 -1010
-991 -1003 -996
-994 -994 -999
-1003 -999 -1005
-1003 -993 -1003
-998 -994 -995
-1008 -1006 -1003
-998 -995 -1006
-1004 -1007 -1001
-1003 -1005 -994
-997 -999 -1006
-991 -993 -1003
-1008 -1001 -999
-999 -993 -990
-1000 -994 -994
-1004 -996 -1003
-990 -999 -1002
-996 -1007 -1008
-1006 -997 -1005
-1010 -992 -995
-1010 -998 -993
-1007 -992 -1000
-1004 -994 -994
-995 -999 -993
-998 -1004 -1007
-991 -1010 -995
-993 -1006 -990
-998 -998 -1003
-999 -995 -1009
-1005 -993 -990
-1006 -999 -992
-1002 -996 -1008
-996 -992 -996
-1002 -995 -991
-1004 -1003 -1004
-997 -996 -997
-1006 -1010 -1009
-1004 -993 -1009
-990 -995 -993
-991 -1001 -1000
-994 -998 -1010
-993 -1002 -1004
-1001 -992 -1007
-1006 -1004 -1004
-1003 -1000 -1004
-1004 -1002 -991
-996 -1005 -998
-996 -1003 -993
-1006 -992 -999
-997 -999 -1000
-994 -999 -1006
-991 -1010 -993
-998 -993 -994
-993 -996 -997
-999 -991 -1007
-993 -1002 -1000
-997 -1005 -1006
-1000 -1006 -998
-1008 -997 -1008
-990 -1009 -997
-993 -1004 -1000
-995 -1006 -1004
-1001 -1000 -1010
-992 -990 -1000
-993 -997 -998
-1010 -1009 -996
-1000 -1002 -1002
-1007 -992 -997
-992 -996 -1009
-1000 -1002 -1009
-1005 -996 -1002
-1005 -1010 -1010
-992 -1005 -1001
-998 -1002 -994
-993 -993 -1002
-998 -991 -1002
-1002 -993 -1010
-993 -1007 -997
-1001 -992 -998
-1007 -1002 -992
-998 -995 -1001
-1006 -1005 -1005
-994 -1002 -1002
-1002 -996 -999
-1006 -1007 -992
-993 -993 -1010
-997 -992 -1004
-996 -1006 -1008
-1000 -1003 -999
-1007 -997 -1000
-1007 -1004 -994
-998 -1003 -1001
-1006 -1007 -991
-998 -990 -1004
-993 -997 -1005
-999 -1008 -995
-1000 -1003 -992
-994 -1007 -1010
-992 -993 -1001
-995 -1009 -1000
-993 -1007 -998
-995 -1010 -1004
-990 -994 -990
-992 -1008 -999
-1000 -1000 -990
-1009 -1007 -990
-990 -1006 -1010
-993 -999 -992
-991 -998 -1003
-1006 -991 -998
-1000 -1006 -1002
-1004 -997 -1007
-1001 -1001 -1004
-1010 -1004 -996
-1005 -999 -999
-1007 -1007 -1003
-999 -993 -994
-1000 -997 -996
-996 -1009 -1009
-997 -1008 -1000
-997 -1009 -995
-1003 -996 -991
-1002 -995 -1000
-999 -1007 -996
-991 -992 -999
-1002 -1008 -1007
-1003 -997 -996
-1004 -991 -1008
-1002 -990 -993
-1000 -1000 -1007
-999 -998 -990
-992 -993 -1002
-1000 -1003 -1010
-1004 -1008 -995
-1001 -1005 -996
-1000 -1000 -1001
-1002 -1005 -1010
-1002 -999 -991
-1004 -1000 -1003
-992 -1001 -1010
-1009 -992 -1005
-998 -993 -993
-1002 -992 -1002
-998 -993 -1010
-1010 -1009 -1004
-990 -992 -1003
-994 -1004 -998
-999 -1001 -991
-997 -990 -1000
-999 -1008 -993
-990 -991 -995
-1004 -1008 -995
-999 -1005 -990
-993 -990 -1004
-991 -998 -1008
-1007 -998 -996
-1007 -1010 -1008
-1007 -991 -996
-995 -998 -1010
-993 -995 -1004
-997 -1010 -1009
-1006 -996 -996
-1009 -1002 -1004
-1002 -990 -1007
-1001 -1007 -993
-1003 -1006 -1002
-1009 -1007 -993
-1006 -999 -1003
-995 -994 -999
-1010 -998 -990
-998 -999 -994
-1002 -1000 -1004
-993 -1000 -1008
-1005 -999 -994
-994 -994 -992
-990 -998 -1000
-1006 -991 -1004
-996 -992 -994
-1002 -1000 -993
-994 -1007 -995
-993 -1009 -994
-1000 -993 -1002
-990 -997 -990
-999 -999 -1000
-1001 -1009 -1006
-1000 -990 -995
-1001 -990 -992
-1006 -1003 -999
-1002 -993 -996
-1009 -993 -995
-1002 -1001 -990
-1008 -993 -1010
-1006 -998 -992
-1003 -991 -1001
-1005 -1006 -991
-1010 -1000 -1006
-991 -995 -1001
-1003 -998 -993
-990 -1000 -1005
-1004 -996 -1007
-1009 -994 -1007
-1001 -1010 -993
-995 -1001 -1007
-1001 -999 -993
-1006 -1006 -1000
-1007 -1000 -997
-1007 -1000 -1005
-993 -998 -1001
-1009 -1009 -1003
-999 -1007 -1005
-1008 -1009 -998
-996 -994 -1001
-1000 -1000 -1003
-1006 -991 -999
-998 -1008 -997
-996 -1001 -1008
-990 -1006 -1004
-1000 -1005 -990
-990 -1005 -1001
-995 -998 -999
-1002 -999 -1010
-1000 -996 -999
-1004 -991 -1002
-1000 -1010 -1002
-993 -1008 -998
-990 -998 -1008
-994 -1009 -1002
-990 -1004 -996
-991 -998 -991
-1000 -998 -994
-996 -1005 -991
-992 -1007 -1008
-990 -994 -1007
-990 -992 -1000
-990 -993 -999
-998 -997 -1000
-1003 -1002 -996
-1006 -992 -1005
-993 -1004 -991
-1000 -1007 -998
-1007 -1008 -994
-1000 -1006 -1007
-1010 -1005 -994
-992 -995 -1004
-991 -1009 -999
-1000 -996 -995
-1000 -996 -995
-1001 -1003 -1001
-997 -993 -995
-995 -1006 -994
-1006 -1007 -994
-994 -997 -995
-1004 -993 -1009
-1003 -996 -999
-994 -1007 -991
-1008 -993 -992
-990 -998 -1004
-1002 -998 -991
-1000 -997 -1006
-1004 -994 -997
-992 -1000 -1007
-993 -991 -994
-1000 -1008 -992
-991 -1005 -1005
-1003 -992 -997
-1010 -991 -993
-1003 -995 -1008
-1000 -999 -996
-991 -991 -995
-1006 -1001 -1007
-1006 -1006 -990
-991 -996 -998
-1003 -1001 -998
-993 -1005 -1003
-1000 -1006 -1007
-1003 -1006 -1001
-1000 -1010 -1001
-1003 -990 -1006
-997 -1003 -1009
-1010 -991 -995
-1008 -993 -994
-995 -1008 -1006
-1004 -992 -991
-1003 -1009 -999
-991 -1004 -999
-1000 -1000 -999
-995 -998 -1008
-993 -995 -993
-997 -994 -991
-992 -1004 -1007
-993 -1000 -997
-1000 -1003 -999
-1010 -994 -1008
-1009 -1003 -990
-994 -995 -999
-992 -1009 -999
-992 -1007 -998
-999 -998 -997
-1006 -994 -995
-997 -1009 -1006
-1008 -1000 -990
-995 -999 -1005
-1008 -991 -997
-996 -1008 -996
-1000 -997 -1009
-992 -1002 -997
-1001 -1007 -999
-997 -995 -1003
-996 -1005 -1004
-1008 -1006 -1001
-1001 -1001 -1006
-990 -1003 -999
-995 -991 -1002
-998 -1005 -1005
-1010 -990 -998
-1004 -996 -991
-994 -990 -990
-1002 -1008 -994
-1009 -997 -997
-1006 -1005 -1002
-992 -1005 -990
-994 -998 -1005
-995 -995 -1000
-994 -991 -995
-1006 -1007 -1007
-996 -998 -990
-1000 -990 -997
-990 -997 -991
-1006 -998 -994
-1009 -1010 -1005
-992 -1008 -1002
-1003 -999 -1002
-1003 -994 -1007
-995 -991 -995
-1010 -991 -1002
-993 -992 -1007
-1002 -1002 -1008
-997 -1002 -993
-1004 -1005 -1005
-1010 -1002 -1006
-1004 -1002 -990
-999 -1003 -996
-1008 -992 -992
-994 -999 -1005
-1010 -1001 -998
-994 -1003 -994
-992 -998 -992
-1000 -1009 -1005
-993 -1009 -996
-1001 -1001 -991
-1008 -991 -1010
-1005 -990 -1010
-1002 -990 -995
-997 -996 -996
-1001 -994 -1006
-990 -997 -1005
-1005 -1000 -994
-1006 -998 -1001
-1000 -993 -1004
-996 -1006 -1006
-1001 -1004 -991
-1005 -996 -1000
-1004 -1007 -999
-992 -992 -995
-1005 -1010 -1007
-999 -1004 -1000
-1007 -1005 -1010
-999 -1007 -1003
-996 -1005 -1010
-1005 -998 -991
-994 -1006 -1005
-1006 -994 -996
-1005 -993 -1000
-1009 -1000 -1001
-1009 -1008 -993
-1008 -996 -997
-1004 -1000 -1003
-1001 -1003 -993
-1009 -1008 -1003
-997 -993 -1004
-999 -1004 -1008
-1004 -997 -1005
-991 -998 -991
-1000 -1003 -1005
-1001 -997 -998
-1007 -999 -1010
-1004 -994 -1006
-994 -1009 -1007
-1007 -1009 -997
-998 -1010 -1004
-1003 -997 -994
-998 -1007 -1003
-991 -991 -1008
-999 -1010 -1008
-990 -1005 -1006
-994 -998 -995
-993 -999 -994
-1004 -1008 -1002
-993 -1005 -998
-993 -1001 -1009
-1003 -997 -1009
-996 -1010 -1010
-997 -1009 -1009
-995 -990 -996
-1010 -992 -995
-997 -1006 -1000
-997 -1004 -995
-1009 -1001 -1003
-993 -992 -994
-1002 -998 -998
-1009 -1005 -1004
-993 -1009 -995
-1003 -1007 -991
-999 -997 -1001
-990 -1000 -1001
-1003 -1000 -1002
-1008 -1008 -1000
-992 -995 -1001
-999 -998 -1010
-1008 -997 -1001
-1007 -1005 -998
-995 -1010 -1010
-1000 -992 -1006
-991 -1004 -990
-993 -998 -995
-990 -1008 -1010
-996 -1007 -999
-1010 -999 -999
-1000 -992 -998
-999 -1007 -1010
-1006 -991 -996
-1003 -998 -1001
-998 -995 -998
-1008 -1008 -995
-1006 -999 -994
-996 -1001 -999
-998 -1004 -1007
-1005 -1005 -995
-993 -1001 -992
-998 -994 -1002
-1005 -1008 -1002
-1004 -998 -999
-1007 -1003 -1002
-999 -1004 -999
-1004 -994 -999
-991 -1010 -993
-1007 -1004 -1009
-991 -1009 -1003
-1001 -1005 -1009
-1002 -999 -1007
-1003 -992 -1010
-997 -1010 -1003
-991 -1003 -997
-1004 -991 -1007
-1008 -995 -994
-995 -1010 -991
-1002 -1010 -1008
-993 -1010 -995
-1002 -995 -992
-990 -999 -1009
-1009 -1010 -1010
-990 -993 -998
-1009 -1002 -995
-996 -995 -992
-998 -992 -996
-1008 -1004 -999
-996 -1006 -1004
-996 -999 -1004
-1010 -997 -1010
-999 -994 -996
-997 -1003 -1003
-991 -991 -1004
-993 -998 -1004
-1002 -998 -997
-1004 -1007 -1003
-1005 -999 -999
-1009 -1005 -1005
-994 -995 -1000
-999 -1002 -999
-1002 -1000 -993
-1001 -1006 -990
-997 -996 -1010
-1009 -1007 -1006
-1001 -999 -1000
-997 -997 -992
-997 -998 -1007
-1003 -1001 -991
-1000 -990 -1009
-998 -997 -995
-998 -1005 -998
-998 -1009 -1010
-998 -998 -1008
-1005 -996 -992
-1010 -1010 -1007
-1008 -1002 -998
-1010 -1000 -996
-1008 -1006 -999
-996 -1008 -996
-996 -1001 -1003
-996 -999 -992
-1000 -1007 -990
-997 -1004 -1000
-997 -994 -1003
-1009 -991 -995
-1007 -991 -990
-1004 -1005 -1003
-1008 -990 -990
-1004 -1006 -992
-1000 -1005 -1005
-1001 -992 -1000
-1003 -1010 -995
-998 -1006 -1003
-999 -996 -1002
-1004 -1001 -994
-1000 -1008 -1000
-990 -995 -1002
-1009 -994 -1008
-990 -1005 -1010
-1003 -991 -997
-998 -992 -1002
-991 -993 -1009
-997 -1004 -997
-1004 -991 -998
-994 -998 -1010
-1000 -993 -999
-1008 -998 -991
-998 -1004 -1004
-1006 -1001 -1000
-990 -993 -993
-993 -1010 -999
-991 -991 -994
-995 -1007 -1003
-998 -1008 -1010
-1002 -1007 -991
-1006 -993 -990
-1008 -1008 -997
-1009 -997 -995
-1000 -1000 -991
-997 -1008 -1003
-996 -991 -991
-1007 -992 -994
-999 -1008 -991
-1010 -1005 -1002
-1000 -1010 -997
-1010 -1005 -997
-994 -997 -1002
-991 -1004 -1006
-1010 -996 -1010
-992 -997 -1003
-995 -990 -990
-996 -1002 -991
-991 -1006 -1007
-1001 -998 -991
-1001 -998 -1009
-990 -1002 -1009
-999 -996 -992
-993 -1000 -997
-1004 -998 -994
-995 -1005 -999
-996 -991 -1010
-1010 -1002 -996
-1008 -999 -1003
-992 -997 -1001
-990 -996 -998
-1009 -1008 -1005
-1007 -1002 -999
-992 -1002 -996
-997 -1008 -990
-998 -1001 -996
-997 -1006 -1007
-999 -992 -995
-996 -1007 -1009
-1007 -1001 -992
-1006 -1008 -1006
-1008 -1007 -992
-991 -1007 -1007
-1007 -1003 -1006
-991 -1002 -1006
-1000 -1005 -1009
-1001 -992 -990
-992 -992 -997
-993 -1005 -1003
-993 -996 -1000
-999 -1006 -992
-1006 -1010 -1006
-997 -991 -1000
-1005 -1009 -998
-992 -1002 -1002
-1000 -1007 -1003
-992 -993 -1004
-990 -995 -991
-1002 -1000 -1008
-1003 -996 -991
-1002 -1004 -997
-994 -1001 -1008
-994 -990 -1010
-991 -992 -1004
-1006 -1001 -1005
-1003 -1003 -999
-1004 -997 -990
-1000 -994 -1004
-1006 -995 -1009
-996 -1004 -992
-999 -997 -1003
-1000 -1007 -1003
-998 -1003 -996
-1010 -1005 -1010
-1004 -990 -1001
-1003 -997 -1008
-1000 -996 -993
-991 -996 -997
-996 -998 -1008
-1000 -1009 -1003
-1003 -1006 -999
-995 -990 -995
-1005 -997 -999
-1006 -1010 -996
-1000 -1004 -1005
-1010 -1009 -999
-996 -1006 -1001
-994 -1004 -1007
-1005 -993 -993
-1005 -1002 -995
-999 -993 -1002
-1002 -1008 -993
-1010 -991 -1002
-1010 -1000 -996
-990 -1006 -991
-1007 -1000 -1009
-999 -998 -1003
-998 -999 -1000
-1009 -1003 -1010
-1009 -1006 -1005
-999 -997 -1006
-1009 -990 -992
-1003 -1001 -1010
-1010 -1005 -990
-995 -1005 -992
-997 -993 -1007
-1010 -1008 -992
-999 -991 -1005
-1005 -1010 -1001
-996 -993 -990
-1003 -997 -1001
-1008 -1005 -996
-992 -1000 -1004
-1010 -996 -999
-997 -997 -1010
-1006 -994 -998
-1000 -990 -1009
-995 -1002 -990
-991 -1001 -991
-997 -995 -997
-997 -992 -1001
-1004 -992 -991
-1003 -1004 -1010
-995 -1007 -1006
-1005 -995 -1005
-990 -1009 -1003
-994 -996 -996
-1008 -997 -990
-1002 -996 -1003
-996 -993 -996
-996 -991 -1008
-990 -992 -994
-991 -1010 -1006
-1009 -1010 -1002
-993 -990 -1010
-990 -1003 -1001
-991 -995 -1001
-991 -991 -994
-1005 -992 -994
-1003 -1001 -997
-998 -1010 -994
-999 -993 -992
-997 -997 -1001
-997 -1000 -990
-992 -1010 -997
-1006 -1008 -999
-999 -1001 -1008
-1001 -1006 -1001
-991 -995 -1000
-999 -995 -1009
-1008 -1003 -996
-997 -1000 -1006
-991 -998 -999
-998 -1010 -991
-1004 -991 -994
-1009 -999 -992
-998 -992 -1004
-990 -997 -993
-999 -997 -1005
-992 -1005 -997
-1006 -997 -993
-993 -1007 -1006
-995 -1009 -1003
-1005 -1005 -1000
-993 -1000 -994
-1003 -1002 -994
-1000 -1005 -1002
-1007 -1003 -1003
-1001 -998 -994
-996 -994 -1004
-993 -993 -1005
-1008 -999 -1008
-999 -997 -1004
-996 -1000 -1010
-998 -994 -999
-1003 -993 -1010
-1004 -990 -1006
-1003 -1007 -998
-1000 -1010 -991
-992 -995 -1007
-1007 -1010 -998
-1006 -1009 -996
-990 -994 -1004
-998 -999 -996
-999 -1002 -1010
-1006 -997 -1002
-992 -994 -1003
-992 -1008 -999
-993 -1005 -1008
-993 -999 -1002
-1002 -1009 -1003
-993 -993 -1005
-999 -996 -995
-999 -994 -999
-996 -991 -992
-992 -994 -1004
-1005 -1007 -999
-1004 -1009 -997
-990 -1005 -1002
-993 -990 -1007
-1010 -992 -1009
-1004 -996 -1009
-994 -992 -997
-1001 -1009 -1005
-1010 -1006 -1008
-1000 -991 -993
-1000 -993 -1001
-990 -999 -998
-997 -1001 -994
-998 -991 -1003
-1010 -1004 -1002
-1001 -999 -991
-991 -1003 -995
-1006 -1004 -1003
-993 -993 -990
-1000 -996 -991
-995 -997 -1001
-996 -994 -1009
-1010 -999 -995
-1010 -1008 -998
-990 -994 -1003
-1001 -995 -1001
-994 -993 -994
-1003 -992 -994
-996 -1002 -1002
-996 -1005 -1005
-992 -1001 -1004
-1003 -990 -995
-1006 -1007 -995
-994 -1002 -1001
-1003 -998 -994
-1005 -1004 -1001
-1005 -1001 -1001
-992 -1003 -1009
-1005 -1003 -998
-995 -1002 -1000
-997 -998 -999
-1005 -1001 -1006
-999 -990 -1003
-993 -1000 -1002
-1006 -1003 -990
-1007 -993 -996
-995 -995 -1001
-1000 -998 -991
-1001 -990 -1000
-1009 -1004 -1010
-990 -996 -1001
-995 -1005 -1002
-1002 -991 -1000
-1006 -999 -993
-997 -1003 -993
-990 -1003 -1009
-992 -998 -1004
-992 -995 -990
-995 -995 -1008
-1005 -1008 -1009
-1004 -1007 -1002
-993 -1010 -992
-999 -994 -1003
-993 -995 -990
-1010 -996 -993
-999 -1002 -996
-1005 -990 -993
-1000 -1007 -1010
-1003 -1005 -1008
-1005 -1001 -997
-1001 -996 -1000
-1010 -1002 -997
-991 -1005 -1010
-990 -994 -999
-1010 -991 -1005
-1007 -999 -1001
-1009 -996 -999
-990 -996 -1003
-1005 -998 -995
-996 -1000 -1006
-997 -1001 -1009
-1005 -1000 -1004
-1010 -995 -993
-1004 -1006 -990
-1010 -995 -1009
-1010 -993 -1008
-1000 -991 -999
-991 -1005 -996
-1005 -1009 -1007
-1008 -995 -1010
-996 -1005 -992
-1004 -995 -991
-993 -1010 -1002
-993 -1008 -992
-1004 -1008 -1010
-1000 -1002 -1001
-1005 -996 -1005
-994 -1003 -1007
-1005 -990 -1006
-996 -1010 -991
-1007 -1006 -1003
-1002 -1008 -1007
-996 -999 -1005
-992 -1010 -992
-1003 -995 -1010
-997 -1007 -995
-992 -1000 -990
-1010 -996 -1009
-1008 -1005 -1010
-998 -1006 -999
-1007 -991 -1009
-1006 -997 -1000
-990 -993 -1006
-1001 -993 -1007
-992 -1008 -996
-1009 -1002 -996
-1009 -992 -999
-1007 -995 -1005
-990 -990 -1005
-1010 -1000 -1005
-1007 -1007 -1005
-1004 -1010 -994
-998 -1002 -998
-991 -1002 -1010
-1009 -1003 -990
-1002 -996 -1008
-1005 -990 -998
-993 -1008 -995
-1005 -1010 -1003
-992 -1001 -1005
-995 -997 -1003
-1003 -1001 -1002
-997 -990 -994
-994 -992 -999
-999 -1001 -997
-990 -998 -996
-1010 -995 -1006
-998 -1010 -1006
-997 -1006 -991
-998 -990 -994
-993 -1005 -998
-1008 -1007 -995
-1009 -991 -1004
-992 -993 -1002
-992 -1005 -991
-1010 -995 -1010
-990 -1002 -1008
-992 -1006 -1007
-1008 -1006 -1001
-993 -991 -996
-1006 -995 -995
-1006 -998 -992
-999 -992 -1002
-1008 -992 -1001
-1008 -991 -993
-1008 -1003 -1009
-998 -990 -1007
-1001 -990 -993
-1000 -992 -995
-1001 -1000 -995
-1006 -998 -1006
-998 -990 -994
-1008 -998 -996
-990 -1006 -1010
-999 -1001 -1004
-1001 -996 -990
-1005 -1009 -1004
-1001 -996 -1006
-1002 -995 -997
-990 -990 -1003
-1004 -998 -992
-995 -1010 -990
-999 -997 -999
-1001 -994 -1001
-994 -997 -1007
-1006 -1005 -995
-994 -1010 -993
-992 -1003 -1002
-1010 -998 -1004
-1001 -996 -1002
-1008 -1007 -1004
-993 -997 -997
-1007 -1001 -999
-990 -992 -992
-997 -1007 -1005
-1002 -1009 -997
-1004 -996 -1000
-1004 -1009 -1001
-1004 -1003 -1006
-1005 -990 -1001
-990 -996 -1001
-1009 -993 -1009
-993 -1010 -999
-996 -1005 -1004
-997 -993 -998
-991 -1010 -1009
-994 -1009 -1001
-1000 -1007 -999
-991 -1004 -996
-997 -994 -1010
-994 -1002 -991
-998 -990 -995
-998 -998 -1007
-1008 -994 -1003
-994 -1006 -993
-997 -1009 -1003
-996 -1007 -995
-1006 -990 -992
-1009 -997 -999
-997 -1009 -1001
-998 -1002 -1009
-997 -997 -1000
-1010 -1002 -1002
-1003 -1000 -993
-1004 -998 -991
-1010 -1001 -995
-997 -991 -1010
-1010 -1009 -1008
-1005 -1001 -992
-996 -1000 -997
-995 -998 -1002
-1005 -1005 -1002
-1005 -999 -1006
-990 -1005 -995
-1009 -1009 -1005
-1009 -1001 -1009
-990 -994 -1001
-992 -991 -1006
-1004 -1004 -1001
-1010 -992 -1006
-1005 -1010 -990
-996 -990 -996
-1002 -991 -997
-1002 -1001 -1009
-1003 -1006 -992
-994 -999 -1000
-1010 -997 -999
-997 -1000 -996
-994 -992 -1005
-990 -993 -998
-1010 -990 -1001
-1002 -1006 -996
-992 -996 -1007
-998 -1004 -1002
-996 -1002 -994
-991 -991 -992
-1002 -1010 -1009
-1010 -994 -1004
-994 -994 -991
-992 -1007 -991
-1006 -992 -992
-1010 -1005 -993
-1010 -1001 -1009
-999 -992 -1010
-995 -996 -992
-1004 -1003 -995
-996 -994 -999
-1007 -993 -993
-997 -999 -1003
-1005 -1004 -1003
-990 -994 -1008
-993 -994 -990
-1005 -992 -1006
-990 -1008 -1006
-994 -1007 -991
-1004 -1008 -991
-995 -1001 -1000
-993 -994 -996
-995 -995 -993
-991 -1008 -990
-992 -994 -1003
-997 -1004 -1003
-998 -992 -1004
-990 -996 -1007
-1002 -1009 -993
-998 -1000 -1001
-1010 -1006 -1005
-1007 -1002 -997
-990 -1008 -991
-993 -1007 -1004
-995 -991 -999
-1010 -1010 -1007
-992 -1000 -1006
-997 -997 -991
-994 -1001 -995
-1007 -995 -990
-997 -993 -999
-1008 -1006 -1009
-1004 -1010 -1002
-1005 -999 -1006
-997 -997 -992
-1005 -993 -1010
-996 -1010 -1007
-1008 -1010 -1001
-990 -1003 -1006
-999 -1000 -1003
-997 -997 -995
-992 -997 -993
-1005 -1001 -992
-992 -999 -1000
-1001 -1010 -995
-995 -1001 -1002
-1007 -997 -1004
-1001 -1009 -1010
-996 -1002 -1002
-994 -1004 -994
-992 -997 -993
-991 -1008 -1004
-993 -1001 -1005
-995 -990 -998
-1000 -1006 -1010
-990 -1009 -994
-1007 -1002 -1006
-1006 -1003 -995
-1008 -998 -1006
-995 -1010 -1008
-1008 -996 -1008
-1008 -996 -1006
-1001 -992 -995
-1003 -995 -997
-1001 -990 -1008
-1004 -1003 -1000
-993 -1001 -1003
-1003 -991 -992
-992 -1003 -1001
-990 -1009 -992
-992 -999 -996
-1001 -996 -1004
-995 -1002 -1009
-996 -990 -1002
-992 -998 -1003
-993 -998 -997
-992 -1004 -1003
-995 -994 -1010
-1008 -1007 -1000
-997 -1007 -994
-993 -994 -1002
-1004 -1005 -998
-1004 -991 -1005
-1004 -1007 -1004
-991 -990 -1002
-1007 -991 -992
-1001 -1010 -1004
-1001 -995 -1004
-995 -993 -1004
-1004 -1001 -1000
-1006 -1008 -992
-1004 -993 -1006
-992 -994 -1001
-995 -999 -997
-1005 -1005 -991
-1000 -993 -996
-1010 -1003 -1002
-1003 -1003 -997
-997 -996 -1001
-1002 -1006 -992
-1010 -999 -999
-995 -1002 -1003
-1002 -1002 -1002
-1003 -990 -995
-992 -1002 -1005
-1009 -1006 -990
-994 -995 -1005
-996 -997 -992
-1006 -997 -990
-991 -1009 -996
-1008 -1010 -1001
-1010 -993 -997
-1010 -1005 -1004
-1004 -1008 -1003
-993 -1007 -999
-992 -996 -1005
-1008 -997 -997
-999 -992 -1001
-997 -1004 -1006
-1007 -1008 -997
-1003 -995 -1007
-995 -997 -1006
-1010 -993 -1005
-996 -990 -999
-1005 -1009 -995
-1000 -1004 -997
-994 -999 -1010
-991 -1005 -991
-1010 -996 -1002
-992 -1001 -1005
-1002 -1007 -993
-1000 -990 -1005
-994 -995 -1006
-991 -1004 -1000
-991 -1005 -998
-997 -993 -998
-1004 -1003 -1008
-996 -1003 -1001
-996 -997 -994
-997 -1010 -1005
-994 -1002 -997
-1004 -999 -1002
-1005 -997 -994
-997 -990 -997
-996 -993 -1008
-1004 -997 -995
-994 -1010 -992
-1003 -1007 -993
-1008 -1008 -1001
-1008 -1009 -994
-997 -1003 -1003
-995 -999 -998
-1007 -1010 -1009
-1008 -1006 -998
-994 -998 -992
-992 -991 -1003
-990 -996 -991
-1002 -995 -999
-997 -993 -1007
-1001 -1001 -995
-999 -997 -1005
-997 -993 -994
-1005 -1002 -1002
-992 -998 -1003
-994 -1001 -998
-1006 -1000 -994
-1007 -1001 -1000
-1002 -992 -992
-1005 -1003 -994
-1002 -1009 -991
-1005 -991 -1005
-998 -1005 -995
-993 -1001 -1002
-994 -990 -1007
-998 -1004 -1003
-1005 -994 -1004
-990 -1004 -1000
-996 -991 -1008
-991 -1000 -991
-1002 -1003 -992
-997 -1010 -992
-998 -1000 -1001
-1007 -993 -997
-995 -996 -1002
-1008 -1006 -997
-1006 -1007 -991
-1003 -1004 -1006
-1006 -999 -994
-1008 -1006 -1005
-997 -1005 -1004
-1002 -998 -997
-995 -1010 -997
-998 -992 -996
-996 -992 -990
-1010 -998 -998
-999 -999 -998
-1008 -1009 -992
-1009 -997 -1005
-1000 -1004 -1004
-1010 -1010 -1004
-1008 -1005 -1001
-994 -993 -1004
-994 -1009 -1008
-996 -992 -992
-995 -1003 -994
-1003 -1003 -995
-1005 -991 -1010
-996 -995 -1002
-1004 -1010 -991
-1009 -1001 -1002
-995 -996 -995
-992 -1007 -1005
-993 -1007 -1000
-992 -1000 -999
-991 -991 -990
-995 -1003 -1006
-1003 -1005 -991
-994 -1004 -1010
-1007 -1007 -1005
-994 -1004 -998
-1007 -1009 -1008
-1004 -1008 -995
-1006 -1005 -1007
-997 -1004 -1004
-991 -1005 -1010
-991 -1001 -999
-1004 -991 -998
-993 -1008 -994
-991 -993 -998
-1002 -999 -997
-999 -1002 -1007
-1003 -990 -994
-990 -997 -1005
-1009 -1000 -1006
-996 -1004 -993
-990 -1002 -999
-1003 -993 -1001
-999 -991 -1010
-998 -1000 -995
-991 -1001 -990
-995 -994 -990
-991 -1006 -990
-993 -1006 -995
-991 -992 -998
-1005 -999 -992
-994 -1005 -993
-1007 -1002 -1004
-1010 -1005 -999
-999 -1003 -1009
-994 -999 -992
-993 -997 -1004
-994 -990 -997
-990 -999 -998
-992 -1002 -1005
-1002 -1006 -992
-994 -1004 -999
-998 -992 -1004
-990 -1009 -1009
-998 -1007 -1005
-1000 -1001 -1007
-990 -1010 -998
-1002 -1002 -994
-995 -996 -1006
-1002 -1002 -994
-1000 -1006 -996
-1007 -993 -1000
-1003 -1007 -998
-998 -991 -994
-1000 -996 -1000
-1001 -1004 -997
-997 -996 -1007
-995 -999 -995
-1010 -990 -1010
-994 -1004 -1008
-1002 -1004 -991
-994 -1002 -992
-1004 -996 -1005
-1004 -1010 -996
-1009 -1009 -996
-1004 -991 -991
-1007 -995 -1010
-1003 -997 -990
-993 -996 -992
-999 -990 -995
-990 -1002 -999
-990 -1010 -1006
-990 -1005 -990
-1007 -996 -993
-1003 -1006 -998
-1006 -1006 -1004
-993 -994 -995
-1005 -1007 -1010
-994 -1008 -1007
-1005 -1008 -999
-1008 -998 -1007
-993 -1000 -993
-991 -992 -990
-990 -1006 -1005
-999 -993 -1002
-1008 -991 -995
-1010 -1007 -991
-1002 -1009 -1005
-995 -990 -1010
-1006 -1008 -1007
-1003 -999 -992
-996 -1006 -1000
-996 -1009 -1001
-1007 -1003 -997
-992 -995 -999
-997 -992 -995
-1006 -995 -996
-1000 -996 -1005
-1002 -990 -993
-1000 -995 -1010
-990 -1007 -996
-991 -1010 -996
-1007 -994 -1009
-1006 -1005 -992
-991 -1000 -993
-994 -1006 -1002
-990 -1004 -1007
-997 -1007 -1003
-999 -1009 -1004
-992 -1010 -994
-990 -995 -990
-992 -996 -998
-994 -991 -1002
-1009 -999 -1002
-994 -1000 -995
-993 -993 -998
-1005 -990 -993
-991 -997 -1005
-996 -1009 -1004
-997 -1002 -1009
-992 -996 -1001
-999 -990 -1000
-1004 -997 -999
-992 -1007 -1006
-1010 -1010 -1004
-999 -993 -992
-1007 -996 -1004
-993 -1010 -1010
-1002 -1010 -994
-1003 -996 -1006
-996 -1001 -1001
-1005 -1008 -1006
-992 -999 -997
-994 -996 -994
-1004 -992 -1000
-1005 -995 -1004
-1006 -997 -1010
-998 -1009 -999
-1005 -1000 -1007
-1006 -996 -993
-1002 -1000 -1010
-1009 -1007 -996
-990 -995 -991
-996 -1007 -991
-994 -996 -991
-996 -1003 -991
-992 -1001 -1000
-1003 -1005 -991
-996 -990 -1005
-1000 -1003 -999
-999 -1000 -996
-1008 -1000 -996
-998 -994 -992
-996 -1008 -1009
-1004 -1006 -999
-993 -1002 -999
-1008 -990 -994
-1007 -1006 -990
-1009 -1009 -992
-1009 -993 -998
-1004 -1005 -999
-999 -1007 -995
-1010 -1001 -997
-990 -1009 -995
-990 -998 -1008
-997 -1010 -1005
-1001 -992 -1000
-995 -991 -1002
-1010 -1010 -1000
-1008 -990 -1006
-996 -996 -996
-993 -990 -1002
-1006 -992 -1004
-1008 -999 -1004
-990 -1003 -992
-1002 -1006 -990
-998 -1001 -1002
-1003 -1004 -999
-1002 -1010 -999
-996 -1007 -1009
-995 -1006 -1009
-994 -1010 -999
-1005 -1002 -990
-1001 -1003 -992
-1008 -1008 -1000
-998 -997 -1005
-1003 -990 -1007
-1004 -994 -1003
-1005 -1010 -1003
-999 -994 -998
-990 -1000 -1003
-990 -990 -994
-992 -1003 -998
-1002 -1005 -1001
-991 -995 -995
-1002 -991 -1010
-996 -1003 -1000
-1006 -994 -991
-1001 -990 -1009
-993 -1007 -1001
-1005 -1009 -1006
-998 -991 -1005
-990 -1005 -1002
-1001 -995 -999
-1000 -996 -1003
-1008 -1007 -992
-1010 -1004 -1002
-994 -1010 -1001
-1000 -997 -994
-994 -1010 -1008
-1006 -998 -996
-994 -1002 -993
-1004 -994 -991
-1005 -997 -1007
-1007 -994 -1005
-997 -998 -991
-1005 -991 -1004
-1007 -996 -999
-1004 -1005 -997
-997 -996 -997
-996 -1007 -990
-997 -999 -993
-1004 -998 -1007
-1008 -995 -1006
-999 -1006 -995
-991 -1009 -1007
-997 -1002 -993
-1005 -994 -993
-1002 -1010 -998
-1009 -1006 -990
-996 -990 -1008
-998 -1001 -1008
-991 -1006 -1006
-1004 -993 -992
-1004 -994 -1002
-1001 -997 -1009
-1004 -1000 -1002
-1006 -1005 -1000
-1003 -1009 -1008
-1008 -1005 -1004
-999 -1005 -995
-995 -1004 -990
-995 -992 -993
-1004 -1004 -1007
-1002 -995 -1002
-990 -1005 -1010
-1003 -999 -991
-992 -994 -1004
-990 -1010 -1002
-1004 -990 -997
-994 -999 -992
-1004 -997 -1001
-1003 -1001 -1010
-1009 -1000 -1004
-1004 -1006 -991
-995 -1002 -996
-994 -998 -997
-1007 -1009 -999
-994 -1009 -1005
-998 -996 -999
-992 -1001 -999
-1001 -990 -992
-991 -1004 -999
-1010 -1010 -1000
-993 -996 -998
-1004 -990 -996
-999 -1004 -994
-1000 -998 -997
-1000 -1005 -1003
-1001 -1010 -991
-990 -995 -993
-1009 -990 -996
-992 -991 -991
-1010 -1005 -1001
-993 -992 -1006
-993 -1004 -1007
-1007 -1007 -999
-994 -1002 -991
-1007 -1008 -1000
-1003 -1005 -1010
-1002 -1001 -1005
-998 -1000 -993
-1006 -997 -990
-993 -995 -1003
-1003 -994 -1005
-992 -1003 -1000
-996 -1007 -1002
-1003 -1005 -998
-1004 -995 -993
-998 -995 -1003
-1006 -995 -993
-1000 -1006 -994
-999 -990 -993
-999 -990 -997
-1004 -1008 -995
-1008 -1002 -1002
-1007 -991 -991
-1001 -1009 -1001
-997 -993 -1008
-1009 -995 -993
-995 -990 -1000
-995 -1008 -1002
-1002 -994 -1007
-990 -1006 -995
-1000 -1005 -1006
-993 -1010 -992
-1003 -1006 -1001
-999 -998 -1008
-1005 -1003 -991
-1002 -995 -998
-991 -997 -1006
-993 -995 -1007
-996 -1006 -995
-1004 -996 -999
-1001 -1009 -1006
-995 -990 -1007
-1007 -1008 -1006
-999 -1004 -998
-994 -1004 -996
-999 -1002 -995
-1002 -998 -1009
-1010 -1008 -990
-990 -1006 -1006
-1006 -1001 -995
-991 -1001 -1001
-1001 -1000 -998
-992 -1006 -990
-992 -991 -1007
-1007 -993 -1008
-1002 -1002 -993
-1009 -1001 -990
-1008 -1001 -992
-1005 -999 -990
-994 -993 -1006
-1002 -1010 -1008
-1003 -1000 -1002
-998 -1006 -1007
-1003 -1006 -1007
-1001 -1008 -995
-1003 -1000 -996
-999 -998 -994
-1010 -995 -1001
-1010 -992 -997
-999 -993 -1010
-996 -991 -1007
-1002 -993 -996
-991 -1010 -992
-992 -994 -995
-1006 -990 -994
-1001 -999 -1009
-991 -995 -994
-1008 -994 -1005
-1007 -1004 -994
-996 -990 -993
-992 -999 -990
-1003 -999 -1008
-1009 -995 -1001
-994 -1006 -1002
-990 -1000 -1002
-991 -1009 -994
-1001 -996 -1004
-998 -996 -1001
-1009 -990 -1001
-997 -1002 -1003
-995 -998 -1008
-1000 -1006 -999
-998 -1002 -1008
-1001 -1006 -992
-1008 -991 -1006
-1002 -994 -1007
-995 -1006 -1006
-1009 -1010 -997
-1004 -999 -991
-998 -1009 -1002
-1005 -998 -993
-996 -990 -996
-1002 -990 -998
-999 -990 -1008
-997 -996 -991
-998 -994 -1007
-1005 -1001 -1007
-1000 -1005 -994
-993 -991 -1010
-1005 -999 -1004
-995 -1003 -1009
-1010 -1008 -1002
-992 -997 -1005
-1010 -990 -993
-991 -1006 -1008
-991 -998 -1008
-994 -1005 -995
-995 -1002 -997
-1001 -994 -991
-990 -1000 -990
-992 -1006 -997
-1002 -1004 -1006
-992 -992 -994
-1002 -999 -995
-996 -1004 -1005
-1001 -1003 -1007
-991 -1005 -1001
-997 -1005 -997
-990 -1005 -1006
-1004 -994 -993
-1008 -992 -1004
-1005 -1003 -993
-997 -998 -1002
-997 -999 -997
-996 -995 -998
-996 -1001 -1003
-1004 -991 -1009
-1006 -999 -993
-995 -1007 -991
-1004 -992 -1008
-1009 -1002 -997
-995 -1000 -994
-991 -1002 -1005
-1009 -999 -992
-1006 -995 -990
-997 -999 -1010
-993 -997 -999
-992 -991 -1000
-992 -998 -991
-995 -994 -1003
-993 -1006 -991
-994 -993 -997
-1000 -1001 -997
-1009 -1009 -992
-994 -992 -1006
-1007 -994 -996
-994 -992 -1008
-1003 -999 -992
-994 -1000 -1000
-993 -1004 -996
-1002 -994 -996
-998 -1001 -997
-1004 -998 -1005
-992 -996 -995
-1003 -992 -1001
-997 -990 -997
-996 -992 -1009
-1010 -993 -1000
-990 -1001 -1002
-1001 -990 -1000
-1001 -1000 -994
-1007 -993 -1003
-1003 -993 -1003
-993 -991 -994
-992 -1007 -991
-998 -994 -1010
-990 -1001 -1006
-1001 -1006 -999
-990 -995 -990
-992 -998 -990
-996 -993 -1008
-1009 -1010 -999
-992 -999 -995
-1006 -999 -1002
-992 -999 -1005
-1010 -1007 -1006
-1006 -998 -1003
-1007 -990 -1003
-1005 -1002 -1008
-1007 -997 -1001
-1005 -1005 -1005
-1006 -1002 -999
-990 -1010 -998
-1006 -1002 -1001
-1002 -994 -1008
-1008 -997 -1009
-1002 -991 -1001
-991 -996 -1001
-997 -999 -994
-994 -1010 -1006
-1002 -994 -996
-1002 -1004 -1008
-990 -993 -1005
-1005 -995 -992
-993 -1007 -1001
-1006 -1002 -1002
-999 -1006 -1000
-996 -1001 -1001
-991 -1010 -1006
-992 -993 -1007
-999 -1009 -1002
-999 -1004 -1008
-1000 -998 -997
-1003 -998 -1009
-1004 -995 -1008
-1000 -990 -1001
-991 -1003 -1010
-999 -992 -996
-992 -1005 -997
-991 -1010 -1000
-993 -1004 -1009
-1002 -998 -992
-990 -1006 -992
-1002 -1001 -991
-1006 -1001 -1000
-999 -990 -990
-1002 -1001 -997
-1002 -993 -1010
-1001 -1010 -990
-997 -1003 -1009
-1004 -1008 -1004
-990 -1008 -1005
-1010 -1005 -999
-994 -1000 -997
-998 -999 -1006
-990 -990 -997
-1006 -995 -1005
-1004 -1008 -1006
-1006 -997 -1010
-1004 -1006 -1001
-999 -1007 -995
-998 -990 -996
-999 -1004 -1009
-1010 -992 -1007
-995 -1008 -997
-998 -998 -1008
-1003 -1004 -990
-1006 -1000 -995
-1004 -1003 -1006
-997 -999 -1005
-991 -1010 -999
-1009 -1010 -999
-994 -992 -1010
-1005 -994 -999
-997 -1000 -993
-996 -1003 -1009
-995 -995 -994
-1006 -997 -996
-990 -1001 -996
-997 -996 -997
-1000 -1007 -1001
-1003 -1006 -1003
-999 -1004 -1006
-1006 -1004 -1001
-999 -1001 -1006
-990 -991 -1007
-994 -990 -1005
-1006 -1008 -1002
-996 -1007 -1003
-999 -991 -1003
-1009 -994 -1003
-999 -995 -998
-1002 -998 -991
-1003 -998 -992
-1008 -997 -999
-992 -1002 -993
-1001 -1001 -990
-1005 -1009 -990
-1001 -992 -992
-994 -1004 -1000
-1001 -1005 -995
-996 -997 -1005
-1000 -1008 -999
-990 -1006 -1007
-1000 -997 -1010
-1002 -992 -1010
-1007 -993 -994
-996 -1000 -1010
-1003 -1005 -997
-1005 -991 -1008
-1004 -992 -1004
-997 -1002 -1007
-1002 -1006 -999
-991 -1010 -1009
-1009 -1008 -996
-997 -1008 -993
-991 -994 -1008
-994 -1009 -995
-1001 -1004 -995
-1009 -999 -1006
-996 -991 -992
-990 -1009 -1010
-999 -1010 -1010
-992 -1002 -992
-1010 -1008 -1009
-1002 -993 -1005
-993 -1001 -991
-1004 -1004 -990
-1010 -1003 -1001
-996 -994 -1002
-1001 -1002 -994
-1005 -1004 -1005
-991 -1005 -996
-996 -998 -997
-1006 -990 -1001
-999 -1008 -990
-1010 -991 -1008
-998 -1010 -1007
-993 -993 -1006
-990 -1007 -1004
-1008 -1003 -1007
-991 -1007 -1001
-1000 -1010 -990
-1000 -997 -996
-1006 -992 -996
-996 -991 -993
-1001 -999 -1007
-992 -997 -1007
-1006 -996 -993
-1004 -1000 -998
-994 -998 -1004
-996 -990 -991
-1000 -1004 -1009
-1004 -1009 -1005
-994 -995 -993
-997 -995 -1010
-1002 -1006 -1001
-1007 -1003 -995
-1005 -994 -1008
-1005 -996 -1008
-997 -1009 -1002
-998 -1007 -992
-1004 -992 -999
-995 -1001 -1005
-1008 -1007 -1006
-1008 -997 -1006
-993 -990 -1008
-994 -994 -1007
-995 -1001 -994
-1003 -1006 -990
-1001 -1002 -993
-1002 -1002 -1010
-1007 -997 -1007
-999 -994 -1000
-1009 -1004 -1007
-993 -1008 -1009
-1004 -999 -1003
-991 -995 -998
-1006 -998 -996
-994 -1005 -1002
-1007 -990 -994
-1009 -1005 -994
-990 -1010 -990
-999 -1001 -1006
-1001 -992 -1009
-992 -998 -994
-1003 -1005 -992
-1008 -1002 -1008
-996 -1008 -1010
-1009 -990 -997
-994 -999 -991
-1003 -999 -1009
-992 -1004 -995
-1009 -1004 -990
-1009 -1008 -1007
-993 -995 -991
-1001 -993 -1004
-1005 -1009 -995
-997 -1005 -1001
-990 -1003 -1007
-1005 -995 -999
-996 -1003 -1001
-991 -1009 -1010
-1009 -1008 -997
-1003 -1000 -1000
-993 -998 -990
-998 -1002 -994
-991 -995 -1007
-1010 -997 -1000
-1002 -996 -1006
-999 -1002 -1001
-1002 -992 -992
-1004 -993 -1002
-1006 -998 -1006
-996 -991 -993
-1007 -1002 -1000
-994 -998 -1010
-1002 -990 -1006
-999 -1008 -990
-994 -1008 -1005
-1004 -1003 -999
-1009 -1005 -1009
-1001 -993 -999
-996 -1002 -997
-1009 -1010 -1006
-1000 -990 -994
-993 -997 -1005
-995 -1004 -990
-1009 -991 -998
-990 -1000 -996
-1004 -992 -995
-1006 -992 -999
-996 -992 -999
-997 -994 -1005
-1006 -1009 -994
-1009 -997 -1008
-1006 -1000 -997
-1001 -1006 -996
-998 -999 -1007
-999 -991 -1005
-990 -994 -994
-1009 -1002 -992
-1005 -993 -1010
-1001 -1003 -990
-993 -993 -990
-1005 -994 -1002
-992 -1005 -1004
-993 -991 -997
-1010 -991 -991
-1010 -1006 -1008
-998 -1002 -993
-995 -1000 -1010
-1005 -993 -1008
-1008 -994 -991
-1004 -1002 -996
-992 -1008 -1009
-991 -990 -1003
-1006 -999 -1009
-1007 -990 -1003
-995 -991 -1008
-998 -1006 -1008
-997 -994 -990
-995 -1008 -1003
-1002 -1009 -1008
-990 -1010 -1007
-1002 -999 -1009
-992 -1000 -1008
-1000 -993 -1010
-1000 -1003 -1006
-1007 -1006 -1001
-995 -992 -1004
-1003 -1008 -1006
-1007 -996 -1006
-1007 -1010 -1000
-1000 -991 -998
-997 -1008 -997
-994 -1008 -1000
-994 -1000 -1005
-990 -991 -1003
-993 -996 -993
-1006 -994 -1008
-998 -990 -1007
-1007 -996 -1001
-1008 -992 -993
-998 -1000 -1001
-1009 -1002 -999
-991 -1009 -1006
-995 -994 -999
-1002 -995 -1005
-1008 -1001 -990
-996 -998 -1005
-1005 -991 -997
-993 -1009 -994
-1006 -1006 -1006
-994 -994 -1002
-990 -998 -1005
-1003 -1004 -1008
-991 -991 -1000
-993 -996 -990
-991 -1008 -995
-999 -1001 -1000
-998 -993 -1005
-1000 -1004 -998
-991 -1002 -999
-1006 -1001 -999
-999 -1004 -1005
-999 -1003 -999
-993 -1010 -1004
-993 -1002 -1003
-1003 -1000 -1003
-1010 -998 -1005
-1005 -994 -991
-991 -1000 -1000
-998 -993 -1008
-998 -994 -1005
-1000 -1004 -994
-992 -991 -993
-990 -1004 -1003
-1000 -994 -996
-991 -1009 -1005
-991 -990 -1006
-1002 -992 -1004
-994 -1000 -999
-1001 -1009 -1007
-990 -999 -1001
-1010 -996 -996
-995 -990 -1004
-1002 -1009 -998
-998 -1009 -1001
-1009 -1000 -990
-1004 -992 -1001
-1003 -1003 -1005
-996 -993 -991
-990 -1007 -1001
-1004 -996 -1007
-991 -1007 -1009
-1004 -1004 -990
-994 -993 -992
-997 -1002 -1005
-1008 -1002 -1006
-995 -999 -1003
-1003 -1002 -994
-1002 -1010 -1006
-1000 -994 -992
-1001 -997 -999
-1006 -1008 -1003
-997 -1002 -1009
-998 -993 -1005
-1009 -1007 -1000
-990 -999 -990
-1009 -1006 -1001
-992 -1010 -1010
-992 -1005 -993
-1002 -1007 -990
-1003 -994 -1005
-995 -992 -990
-999 -1003 -1006
-990 -1006 -1002
-1009 -1005 -994
-1000 -990 -1006
-1004 -992 -991
-1000 -1010 -1002
-1000 -990 -1008
-1005 -994 -997
-1007 -1008 -1001
-1010 -1006 -1009
-1009 -998 -991
-1010 -1000 -992
-996 -1004 -1010
-991 -1002 -1005
-990 -1004 -994
-1008 -991 -1003
-999 -998 -1005
-992 -991 -1002
-994 -999 -1006
-1000 -1004 -1004
-998 -994 -1000
-1008 -1005 -1010
-990 -997 -990
-995 -996 -1006
-1010 -991 -993
-997 -992 -1007
-1000 -1007 -992
-994 -1002 -998
-994 -998 -1002
-1001 -1003 -1005
-997 -992 -1005
-990 -996 -1003
-1006 -994 -1000
-1010 -1000 -993
-998 -993 -1010
-994 -999 -1003
-996 -1006 -998
-1000 -996 -995
-991 -991 -995
-995 -994 -1000
-998 -993 -999
-996 -997 -1007
-1006 -1007 -997
-1004 -1009 -999
-1003 -1004 -994
-1009 -1007 -1002
-991 -998 -1001
-999 -990 -1008
-995 -994 -1003
-1005 -1006 -1005
-1000 -1003 -1009
-994 -1009 -991
-999 -1005 -1001
-1006 -995 -992
-992 -1010 -1000
-990 -1001 -1009
-993 -997 -997
-993 -1007 -997
-999 -994 -1003
-1003 -994 -996
-994 -1002 -1007
-993 -997 -991
-1009 -998 -1010
-1005 -1001 -1007
-995 -1004 -998
-1009 -1006 -1006
-994 -997 -1007
-990 -994 -999
-993 -993 -1005
-997 -994 -997
-1006 -993 -998
-999 -991 -1009
-996 -997 -1007
-1008 -990 -994
-1010 -990 -1003
-997 -1008 -990
-998 -1010 -1010
-1008 -995 -992
-1002 -999 -1005
-1006 -1004 -1002
-993 -996 -1001
-996 -995 -1004
-998 -995 -1001
-994 -1005 -998
-993 -993 -998
-995 -1010 -1008
-1007 -1010 -1000
-1004 -994 -996
-992 -996 -999
-996 -996 -996
-1002 -1004 -997
-990 -1000 -991
-1001 -1002 -1009
-1007 -992 -1007
-993 -999 -1007
-1005 -990 -998
-1005 -990 -1007
-991 -1001 -1000
-1007 -1000 -997
-1007 -996 -997
-997 -1008 -1004
-994 -1000 -1000
-1010 -1009 -1006
-992 -1007 -999
-1008 -996 -1007
-999 -1004 -999
-1008 -1006 -997
-1001 -1003 -997
-999 -1007 -997
-1009 -1007 -1005
-996 -998 -1009
-992 -997 -1010
-1010 -997 -997
-991 -1010 -990
-1000 -1003 -996
-997 -1001 -1000
-1004 -1008 -1001
-998 -1000 -996
-1003 -1005 -992
-1003 -1006 -996
-999 -998 -996
-999 -1003 -991
-1001 -996 -1000
-1009 -993 -997
-1008 -994 -1009
-1001 -997 -996
-999 -1006 -996
-995 -1005 -994
-993 -1005 -1004
-991 -991 -1008
-1004 -1001 -1006
-1002 -991 -1008
-996 -1001 -999
-995 -994 -1006
-991 -1006 -999
-998 -990 -1002
-992 -990 -1005
-1002 -1005 -996
-992 -998 -1002
-1007 -992 -997
-1003 -1009 -992
-998 -996 -990
-1005 -1005 -991
-991 -1008 -999
-1003 -990 -993
-1006 -994 -999
-991 -1009 -991
-1002 -1006 -996
-998 -1004 -1003
-999 -999 -1001
-995 -994 -1006
-995 -996 -996
-1008 -990 -999
-1010 -997 -1000
-1003 -998 -999
-1008 -990 -994
-1005 -999 -1005
-1006 -990 -1002
-1009 -991 -1000
-997 -991 -1003
-1009 -1008 -1003
-1006 -1009 -997
-993 -992 -992
-1010 -1000 -1010
-995 -1000 -997
-1005 -1006 -990
-993 -1002 -990
-1006 -992 -993
-995 -999 -995
-1001 -1003 -1002
-1007 -1002 -992
-1002 -1004 -991
-1005 -1004 -992
-1007 -1002 -1003
-994 -1006 -1007
-993 -1006 -1003
-1002 -1005 -993
-992 -996 -1004
-992 -993 -1004
-999 -1007 -1010
-1003 -994 -1001
-993 -1000 -1010
-993 -1010 -993
-1000 -990 -1007
-998 -995 -1007
-1000 -990 -998
-995 -992 -1004
-996 -1004 -997
-991 -992 -997
-999 -991 -1004
-1005 -996 -1007
-1001 -990 -998
-1005 -1009 -996
-991 -999 -1010
-991 -1008 -1010
-1004 -998 -996
-1007 -992 -993
-1010 -1008 -1010
-1001 -994 -1008
-1000 -1008 -991
-1001 -992 -1007
-1001 -1009 -992
-1005 -1006 -991
-1002 -1001 -996
-1005 -1010 -998
-992 -996 -1002
-994 -1006 -1000
-997 -991 -1008
-1002 -991 -1008
-998 -999 -1000
-1002 -1002 -1008
-996 -998 -1003
-1002 -999 -1001
-1002 -1004 -1007
-994 -1002 -991
-990 -1004 -1010
-1002 -1002 -992
-992 -1010 -999
-993 -993 -1005
-998 -993 -992
-1000 -992 -1002
-1000 -994 -1008
-1009 -1004 -1005
-997 -1007 -995
-1003 -1005 -1010
-1000 -990 -992
-1005 -1001 -999
-1010 -1005 -995
-993 -1009 -994
-995 -990 -991
-1010 -995 -1007
-991 -1006 -1004
-993 -996 -995
-995 -992 -1003
-1000 -1003 -1009
-993 -1002 -1009
-1001 -1007 -991
-992 -994 -993
-994 -1006 -1009
-997 -1005 -995
-1001 -992 -1003
-993 -993 -997
-993 -995 -993
-991 -997 -1003
-1008 -1006 -1001
-999 -1001 -1004
-1002 -1003 -1004
-1007 -998 -997
-992 -1010 -1000
-1008 -995 -1008
-994 -995 -996
-1009 -1006 -1005
-1003 -1005 -994
-997 -1010 -1004
-993 -1005 -1000
-997 -999 -991
-1005 -1008 -992
-999 -996 -1000
-1008 -998 -1008
-1009 -1001 -1000
-990 -1001 -995
-1005 -999 -1006
-1004 -1005 -992
-999 -1001 -1008
-994 -995 -1009
-1005 -998 -993
-994 -990 -993
-1002 -991 -1005
-998 -1009 -996
-1009 -1007 -1001
-995 -1007 -994
-992 -993 -995
-998 -1008 -996
-994 -1004 -1001
-997 -997 -1004
-991 -995 -998
-1003 -999 -1010
-998 -1004 -1008
-992 -1000 -992
-997 -1006 -990
-1001 -1004 -995
-1008 -999 -1005
-1006 -997 -1005
-999 -992 -990
-992 -991 -1000
-995 -1004 -1000
-1002 -999 -998
-990 -1004 -1010
-997 -1000 -1009
-990 -996 -1001
-993 -1005 -1004
-1002 -1004 -992
-995 -993 -992
-1000 -1001 -1006
-1007 -1008 -1005
-1003 -990 -991
-999 -997 -990
-990 -999 -994
-993 -1002 -1000
-995 -1006 -990
-1001 -995 -997
-990 -991 -1000
-990 -999 -990
-1003 -1009 -1003
-1010 -996 -1008
-1010 -997 -1006
-995 -1009 -995
-1010 -995 -1001
-1001 -1008 -999
-994 -993 -1002
-1008 -999 -998
-1007 -1008 -1000
-996 -1002 -999
-990 -1003 -1000
-1005 -996 -995
-991 -999 -1007
-995 -1010 -1009
-1003 -1005 -1005
-1009 -1000 -1009
-1010 -1004 -1005
-1004 -992 -991
-990 -1008 -1004
-1000 -1010 -992
-1003 -998 -1010
-1008 -1006 -999
-1003 -1006 -990
-997 -1000 -1001
-1002 -1010 -1006
-1006 -1000 -990
-1006 -1006 -1005
-1003 -1001 -1007
-1001 -1005 -990
-1006 -993 -1007
-1008 -1010 -1010
-997 -992 -993
-998 -998 -1006
-1008 -993 -1000
-1003 -991 -993
-997 -991 -1006
-1003 -992 -994
-1009 -991 -999
-1005 -1003 -995
-1010 -1008 -1006
-1002 -996 -1008
-1009 -997 -1007
-1005 -999 -1004
-999 -991 -1007
-1010 -1002 -1000
-990 -994 -1010
-1009 -1004 -993
-993 -1004 -993
-1003 -996 -1007
-1003 -1001 -996
-1010 -1008 -1000
-1000 -1004 -1005
-990 -995 -1009
-1003 -996 -997
-995 -991 -1009
-1004 -992 -992
-997 -1001 -1005
-998 -998 -1008
-999 -1002 -996
-992 -993 -1004
-999 -1010 -1008
-990 -992 -997
-1009 -995 -1010
-990 -999 -1003
-1002 -1003 -1002
-1001 -993 -999
-1001 -1010 -996
-1002 -990 -994
-1004 -1010 -1004
-1007 -1009 -1003
-1005 -995 -999
-1001 -998 -990
-996 -996 -1002
-1006 -995 -990
-998 -991 -993
-1005 -1000 -990
-1004 -1009 -1005
-995 -992 -1000
-1005 -999 -1010
-1004 -1003 -999
-1007 -1001 -1004
-998 -996 -1007
-1006 -1008 -1009
-1004 -999 -1005
-1010 -1005 -1006
-997 -1004 -1005
-1009 -1005 -1001
-999 -1010 -1008
-996 -1004 -996
-995 -994 -990
-1010 -1006 -1001
-1004 -1004 -1010
-994 -991 -1010
-998 -998 -1004
-1003 -1003 -998
-1001 -1005 -998
-1000 -1004 -991
-998 -991 -1009
-991 -1000 -1000
-1002 -992 -1004
-992 -999 -1000
-995 -1004 -999
-1008 -994 -994
-997 -1006 -1000
-1006 -992 -995
-1009 -1001 -1005
-994 -1006 -1007
-994 -1007 -995
-1004 -1002 -990
-1005 -1008 -998
-1005 -996 -997
-1004 -1004 -992
-1001 -1004 -995
-1004 -1010 -1010
-1003 -1003 -1003
-992 -1010 -1009
-1007 -1007 -1002
-1005 -1005 -995
-1009 -1001 -1003
-1009 -993 -990
-998 -992 -996
-997 -991 -995
-1003 -992 -1006
-1008 -1004 -990
-991 -1000 -1008
-1005 -1005 -992
-1005 -997 -1002
-995 -1010 -998
-1010 -1008 -1009
-1001 -994 -1002
-1010 -995 -1000
-992 -1005 -1007
-1007 -994 -1004
-991 -1006 -993
-991 -990 -1006
-998 -1008 -992
-994 -995 -1004
-995 -991 -1003
-1005 -1006 -991
-1006 -990 -1005
-1000 -1009 -998
-997 -1003 -1008
-1000 -991 -990
-999 -1005 -1003
-1005 -999 -996
-996 -1008 -1010
-1009 -992 -995
-995 -994 -1004
-1010 -1003 -1002
-1003 -992 -1009
-1007 -996 -1005
-991 -1005 -1009
-1003 -998 -994
-990 -997 -991
-992 -994 -1006
-992 -996 -1009
-997 -992 -1004
-1005 -1004 -992
-1010 -997 -1007
-1002 -1005 -1007
-992 -1004 -996
-1009 -995 -990
-996 -1007 -991
-999 -1005 -990
-993 -996 -1006
-1006 -1002 -995
-1004 -1001 -999
-998 -1006 -996
-1007 -1008 -1005
-990 -1010 -992
-995 -999 -1005
-994 -1005 -1006
-1008 -990 -1000
-993 -994 -1000
-994 -996 -1003
-990 -1004 -997
-995 -996 -1005
-1007 -1008 -1007
-1002 -1001 -991
-1005 -1009 -1001
-994 -990 -992
-998 -1001 -1001
-1010 -993 -1009
-1008 -994 -1003
-990 -994 -990
-992 -996 -1004
-1004 -1009 -1010
-1003 -1007 -991
-1007 -1007 -1009
-997 -1002 -1009
-1005 -997 -991
-1007 -1003 -1004
-996 -1000 -996
-996 -991 -994
-990 -999 -994
-1007 -999 -1007
-1004 -997 -990
-999 -998 -990
-997 -999 -990
-1005 -998 -1000
-1007 -990 -992
-996 -1009 -1002
-999 -991 -991
-1002 -993 -995
-993 -1004 -996
-994 -994 -1005
-994 -1007 -1001
-1006 -992 -998
-994 -1010 -993
-995 -1010 -1010
-1001 -1007 -998
-1000 -1006 -997
-1004 -1007 -992
-999 -999 -1002
-1007 -996 -1008
-1001 -991 -991
-997 -995 -1008
-992 -993 -1003
-1001 -1004 -1003
-1003 -991 -997
-998 -1002 -994
-994 -1010 -993
-993 -999 -999
-1008 -1005 -1004
-999 -1000 -1003
-1006 -1002 -1007
-1000 -1002 -1008
-993 -1002 -1009
-1002 -996 -1004
-990 -1009 -999
-1006 -1005 -995
-1010 -991 -1001
-1009 -999 -992
-1007 -993 -996
-1001 -997 -996
-1003 -1009 -1006
-1006 -1003 -1009
-991 -991 -1009
-1004 -997 -1005
-999 -1006 -990
-1008 -990 -1000
-997 -1001 -997
-1002 -1010 -991
-1000 -1003 -1001
-1006 -1006 -1002
-1003 -991 -1009
-1000 -994 -993
-994 -1010 -993
-1007 -1010 -1007
-1001 -1006 -995
-999 -1002 -1008
-995 -1004 -1003
-991 -992 -1001
-1004 -990 -991
-994 -1006 -1005
-1010 -1005 -999
-1007 -995 -1005
-1006 -1010 -1007
-1007 -994 -1007
-991 -1007 -1001
-1010 -992 -1010
-1010 -994 -1002
-996 -1006 -1005
-997 -1004 -1008
-1005 -1003 -1006
-1003 -1007 -1001
-995 -997 -997
-998 -999 -1008
-1001 -1010 -1010
-1003 -1007 -1003
-999 -1009 -1008
-998 -995 -994
-1006 -994 -1002
-1007 -1007 -993
-997 -1007 -1002
-1009 -1004 -1010
-990 -998 -999
-991 -995 -1010
-1006 -998 -996
-1001 -1004 -1006
-1005 -1001 -1004
-1007 -994 -990
-997 -1007 -1008
-995 -990 -997
-1007 -1005 -992
-1006 -997 -1004
-1005 -996 -1008
-1009 -1006 -1010
-997 -1002 -1005
-998 -990 -995
-1005 -997 -1010
-1005 -995 -994
-991 -995 -1004
-994 -1002 -996
-998 -1004 -997
-1002 -1002 -1002
-993 -1004 -993
-994 -1008 -998
-990 -1006 -1009
-993 -994 -1005
-1003 -1009 -996
-999 -1006 -1006
-995 -1006 -1003
-1000 -1007 -1001
-1009 -1002 -1009
-1009 -997 -997
-993 -1003 -994
-997 -995 -1007
-995 -995 -1004
-995 -1000 -1004
-991 -997 -995
-1010 -1007 -1008
-1006 -1005 -1009
-1001 -999 -992
-1007 -1009 -1006
-1005 -996 -1004
-1010 -1004 -1003
-1000 -997 -1006
-1008 -993 -1006
-1002 -1007 -991
-993 -991 -1000
-1009 -993 -1009
-998 -1002 -1003
-996 -1010 -1003
-1007 -1004 -1000
-1003 -1006 -1001
-1004 -1000 -1006
-990 -998 -996
-1009 -1002 -1000
-1005 -994 -1006
-1002 -997 -997
-991 -999 -999
-1002 -999 -1004
-1003 -995 -992
-990 -1004 -995
-999 -998 -997
-1005 -999 -1006
-991 -996 -996
-1006 -1008 -996
-1007 -999 -993
-1004 -1010 -990
-1004 -999 -999
-1003 -1003 -1010
-1005 -996 -1000
-996 -1008 -991
-993 -1002 -999
-992 -1006 -1004
-993 -1001 -1000
-999 -1001 -1004
-997 -1004 -1002
-995 -990 -1010
-1005 -1000 -991
-1005 -1004 -1000
-1001 -1006 -1010
-1000 -1000 -1009
-993 -1004 -1002
-1008 -999 -990
-1004 -1004 -995
-997 -1003 -998
-1008 -1005 -994
-1004 -994 -995
-1001 -998 -993
-1005 -1008 -996
-999 -994 -1000
-1000 -996 -993
-1001 -1008 -1000
-990 -1004 -1010
-996 -990 -1005
-1004 -990 -992
-998 -992 -1006
-1000 -1003 -998
-1010 -997 -998
-1002 -999 -1003
-998 -1010 -1001
-1000 -1001 -1002
-1004 -993 -999
-994 -1002 -1000
-996 -997 -1003
-1000 -1004 -997
-995 -1009 -1009
-1003 -1007 -993
-1006 -991 -1010
-991 -997 -1010
-991 -999 -1004
-999 -1002 -1000
-995 -1007 -993
-997 -999 -995
-1000 -994 -990
-1008 -1002 -1003
-1008 -995 -997
-1000 -992 -1004
-1010 -1003 -1007
-993 -1000 -999
-995 -992 -995
-996 -997 -991
-990 -1000 -998
-1002 -1004 -1000
-995 -998 -994
-993 -1010 -993
-1001 -1009 -1004
-992 -990 -1002
-999 -1001 -1007
-995 -1007 -991
-1003 -991 -1000
-1001 -1001 -1008
-1008 -1000 -994
-1003 -1004 -996
-993 -1006 -1010
-1010 -1007 -995
-1002 -1000 -1000
-1010 -1007 -1005
-1003 -993 -1007
-990 -1007 -998
-998 -990 -998
-1003 -1000 -996
-997 -1004 -990
-1008 -1009 -1000
-997 -993 -1006
-1003 -994 -1006
-1000 -997 -999
-1010 -993 -990
-1003 -996 -1009
-997 -995 -1008
-1003 -995 -1007
-990 -994 -1010
-1000 -998 -993
-1006 -1008 -1002
-999 -995 -995
-1006 -992 -1008
-994 -995 -1010
-1005 -992 -998
-991 -993 -991
-1004 -992 -1004
-1002 -991 -991
-991 -991 -1009
-1004 -1007 -1006
-996 -1009 -996
-1008 -1002 -1006
-1002 -993 -992
-998 -993 -996
-1003 -1009 -992
-1000 -1000 -993
-996 -1005 -1003
-1009 -1007 -1006
-1001 -998 -1006
-1007 -996 -992
-1001 -1006 -997
-991 -995 -1001
-992 -998 -998
-1002 -1005 -996
-1005 -995 -999
-992 -998 -1010
-1000 -1005 -1004
-990 -993 -996
-993 -1002 -1005
-995 -1005 -995
-1004 -991 -991
-1006 -1010 -996
-1001 -1010 -1001
-990 -1007 -1008
-1002 -997 -992
-1008 -1001 -1010
-995 -1001 -995
-1004 -996 -996
-1002 -1003 -994
-1004 -995 -1010
-1010 -1003 -999
-992 -1009 -1007
-1002 -991 -1001
-992 -1006 -1003
-999 -997 -1010
-1008 -1000 -1002
-1001 -1005 -993
-992 -1003 -991
-998 -997 -997
-995 -1007 -998
-990 -1005 -997
-1009 -1002 -998
-998 -990 -994
-1010 -993 -1009
-991 -992 -996
-1006 -1006 -1002
-1009 -1000 -1005
-998 -1010 -991
-996 -995 -1002
-990 -1006 -990
-996 -1000 -1006
-1003 -994 -1008
-1010 -992 -998
-1001 -992 -990
-996 -992 -1002
-993 -1004 -1002
-998 -1000 -1000
-1007 -993 -1007
-1001 -999 -1000
-999 -1002 -1003
-1006 -1001 -1010
-1005 -991 -1009
-1006 -999 -990
-995 -993 -1010
-994 -1003 -995
-991 -992 -1010
-1002 -1008 -994
-997 -1006 -993
-991 -1010 -1007
-1002 -1010 -1002
-996 -990 -991
-1004 -992 -1009
-992 -1010 -996
-1005 -993 -995
-995 -1005 -1009
-998 -1002 -1009
-1009 -1008 -996
-1005 -990 -1000
-994 -1007 -1006
-1009 -993 -992
-997 -1009 -1004
-1008 -1001 -994
-990 -1004 -993
-1007 -992 -1009
-1009 -999 -993
-1004 -1001 -1008
-1002 -1005 -992
-994 -1005 -1009
-1006 -999 -992
-1000 -1009 -1006
-1004 -1009 -992
-998 -994 -1008
-1005 -991 -990
-992 -995 -994
-1001 -993 -996
-1005 -1002 -992
-991 -1010 -994
-1000 -1006 -994
-995 -1009 -990
-1008 -1005 -1001
-997 -1001 -997
-1005 -1002 -994
-1003 -992 -1010
-999 -991 -996
-1008 -1001 -1002
-1005 -1003 -1003
-994 -1006 -990
-1009 -1007 -1002
-1000 -1001 -999
-992 -1009 -1008
-1005 -1005 -997
-1009 -1009 -998
-993 -990 -996
-1003 -1007 -1005
-1005 -990 -1003
-1010 -991 -994
-1003 -1010 -1003
-995 -993 -1009
-994 -993 -1000
-1000 -993 -1010
-996 -1004 -1007
-1004 -1009 -998
-990 -990 -1009
-1009 -999 -998
-991 -1002 -995
-1008 -994 -999
-1000 -1004 -1008
-1001 -1010 -1008
-998 -1002 -1010
-999 -996 -1002
-1003 -998 -993
-992 -1002 -1005
-1005 -992 -1003
-1004 -994 -1005
-1007 -994 -993
-996 -1009 -992
-1005 -1002 -999
-1006 -991 -1010
-998 -997 -998
-1008 -1005 -1002
-993 -1001 -1000
-1006 -991 -1003
-1000 -1004 -1004
-994 -1004 -1001
-999 -994 -993
-997 -997 -1010
-999 -991 -1007
-992 -990 -999
-996 -1007 -993
-990 -1004 -1003
-1005 -1001 -1005
-1009 -1002 -996
-1010 -992 -996
-1009 -1007 -997
-992 -993 -990
-1003 -1004 -1009
-995 -995 -1000
-1000 -992 -1005
-996 -993 -997
-1002 -1010 -997
-991 -998 -991
-1008 -998 -999
-996 -994 -998
-1009 -995 -1000
-992 -1004 -1009
-999 -990 -1006
-991 -999 -994
-1001 -994 -1001
-993 -1003 -1009
-991 -1003 -992
-996 -990 -998
-1008 -1004 -1006
-1000 -990 -998
-996 -1000 -1002
-997 -1001 -990
-1010 -1005 -991
-994 -997 -996
-1000 -1007 -1009
-997 -1006 -1004
-1003 -1007 -1001
-1008 -994 -1002
-999 -996 -992
-990 -994 -1010
-1008 -1001 -1004
-1009 -1008 -993
-996 -998 -1001
-999 -1002 -998
-1002 -992 -997
-1004 -996 -993
-1003 -1009 -997
-998 -991 -1001
-990 -1008 -990
-995 -990 -1007
-1006 -1009 -1001
-1009 -1007 -996
-1010 -1009 -1001
-995 -990 -994
-991 -993 -1000
-1002 -1005 -996
-998 -998 -990
-994 -994 -998
-1009 -1006 -999
-1005 -995 -1007
-992 -996 -998
-1008 -1000 -1001
-1008 -999 -991
-1005 -990 -998
-1008 -1009 -1002
-998 -1010 -1001
-990 -1000 -990
-994 -990 -1004
-1006 -997 -996
-1002 -995 -1003
-992 -1001 -1000
-1009 -999 -991
-1002 -1000 -999
-1000 -1000 -1003
-1000 -1003 -993
-994 -994 -1001
-1000 -990 -993
-999 -1009 -993
-1008 -991 -1007
-998 -1007 -999
-1010 -993 -991
-994 -991 -1006
-995 -1004 -994
-1003 -992 -999
-1006 -996 -998
-1005 -996 -993
-995 -1010 -994
-1007 -1010 -1008
-1003 -992 -1001
-1006 -998 -998
-1006 -994 -1005
-997 -994 -999
-1003 -990 -995
-999 -1007 -992
-999 -1005 -996
-1006 -996 -1000
-990 -1009 -999
-1003 -999 -1002
-1008 -993 -999
-998 -1001 -993
-1005 -1001 -996
-1008 -1003 -1009
-998 -1008 -1005
-1002 -994 -995
-1002 -1010 -1008
-992 -1007 -992
-1008 -991 -1004
-1005 -1009 -998
-1005 -1007 -999
-1006 -995 -1004
-998 -1004 -990
-992 -1009 -1005
-997 -998 -1008
-993 -1009 -999
-995 -992 -991
-1002 -1001 -1008
-998 -997 -1007
-1008 -994 -1003
-1007 -990 -1006
-1005 -995 -1006
-1005 -997 -1005
-1006 -1009 -1002
-1002 -991 -993
-1008 -995 -990
-997 -990 -1004
-995 -1004 -993
-999 -993 -999
-1009 -994 -995
-990 -1004 -992
-992 -1009 -1005
-1006 -990 -1007
-999 -1003 -1006
-1000 -1005 -990
-991 -1009 -1005
-1007 -998 -995
-999 -1007 -998
-990 -1005 -997
-1004 -999 -1006
-1005 -995 -999
-1007 -1003 -998
-1005 -1004 -990
-1009 -994 -997
-1004 -1004 -1003
-997 -997 -994
-1003 -1003 -1010
-1002 -1003 -1000
-995 -1010 -1008
-1009 -1002 -997
-1003 -1004 -992
-999 -1005 -1007
-994 -1009 -997
-991 -1009 -997
-1006 -1006 -1004
-1008 -997 -996
-1006 -993 -1002
-990 -998 -995
-1002 -1008 -1004
-992 -1008 -1003
-1003 -1001 -1005
-999 -991 -999
-1009 -999 -992
-1005 -1008 -991
-1006 -1002 -1006
-995 -1003 -1002
-999 -995 -1006
-1004 -1006 -991
-1003 -1009 -1010
-1005 -1002 -1010
-1003 -992 -994
-1008 -996 -993
-1002 -1010 -997
-996 -990 -996
-996 -1005 -1010
-993 -990 -999
-1007 -1008 -1001
-1004 -990 -1002
-998 -995 -1002
-997 -993 -1002
-992 -999 -995
-992 -996 -1006
-992 -1004 -994
-1003 -998 -1001
-1007 -990 -1009
-1007 -992 -1010
-1009 -1008 -997
-991 -1003 -1010
-1007 -999 -1002
-999 -1003 -1003
-1005 -1010 -1001
-998 -997 -996
-994 -998 -1003
-991 -1010 -994
-997 -1001 -992
-1000 -1006 -1010
-1005 -1009 -997
-1001 -992 -1010
-1006 -1005 -992
-1007 -1000 -1004
-995 -994 -999
-990 -995 -998
-994 -992 -996
-992 -998 -991
-996 -1010 -992
-1006 -1001 -999
-1009 -998 -992
-1001 -997 -1008
-1006 -1000 -990
-1010 -1001 -1003
-1007 -997 -992
-1003 -1003 -1002
-1006 -998 -1009
-1010 -996 -998
-1003 -1003 -1003
-1003 -1009 -1002
-1005 -1004 -993
-996 -999 -1004
-1008 -1007 -1008
-993 -990 -995
-1002 -1003 -1000
-996 -996 -1001
-995 -1010 -1005
-1004 -996 -1000
-994 -1000 -1006
-1010 -992 -994
-994 -994 -1006
-995 -1006 -1010
-1003 -993 -1001
-1001 -1007 -1005
-1008 -996 -996
-990 -1005 -995
-991 -999 -991
-1010 -1007 -990
-995 -1010 -1010
-1008 -993 -1000
-1002 -998 -1004
-1000 -1002 -996
-1004 -1002 -998
-995 -992 -994
-990 -1007 -994
-1003 -996 -998
-991 -1000 -992
-1003 -1010 -995
-991 -1005 -993
-990 -1001 -1002
-1006 -1006 -1010
-998 -999 -1009
-990 -996 -1009
-997 -1001 -1006
-1007 -990 -1001
-1005 -997 -997
-997 -997 -996
-998 -1010 -1007
-1008 -1002 -999
-1000 -993 -1003
-991 -1001 -1010
-995 -1008 -1001
-992 -999 -993
-990 -1006 -994
-992 -1007 -1006
-996 -995 -994
-1001 -992 -1010
-1008 -1002 -994
-994 -1008 -995
-990 -993 -997
-990 -1007 -1008
-990 -1007 -997
-1010 -1001 -1002
-1000 -1003 -992
-1008 -1001 -1005
-1008 -994 -996
-1009 -1006 -997
-991 -994 -1008
-1006 -1006 -999
-996 -1002 -1007
-994 -990 -1003
-1005 -1003 -1002
-1006 -1006 -992
-1004 -1002 -994
-1004 -996 -1009
-1003 -1010 -996
-1004 -1003 -996
-996 -1005 -1007
-992 -1005 -1003
-998 -1010 -1006
-998 -995 -992
-997 -1009 -999
-995 -1006 -995
-995 -992 -997
-1001 -998 -993
-990 -1000 -1010
-998 -1007 -1006
-998 -991 -1010
-1003 -1002 -1003
-1002 -996 -1003
-1004 -999 -992
-1005 -1000 -998
-1001 -999 -1002
-1005 -1004 -1000
-994 -999 -1003
-998 -999 -994
-1003 -999 -1003
-1006 -1000 -1010
-998 -1008 -1004
-1000 -1003 -991
-1006 -1000 -999
-999 -1009 -1007
-1002 -1006 -1006
-1001 -1005 -1008
-1007 -1005 -1005
-995 -1006 -990
-993 -1009 -1008
-1000 -1004 -1010
-1002 -1009 -1008
-1009 -1009 -1000
-993 -1006 -990
-1005 -991 -1006
-1006 -997 -1001
-1009 -995 -1007
-1009 -1000 -1008
-995 -1004 -994
-990 -992 -1000
-994 -1004 -1010
-1004 -994 -1005
-1001 -991 -995
-998 -1005 -991
-1002 -995 -994
-991 -1006 -1009
-1005 -1002 -1008
-999 -996 -1007
-998 -996 -992
-1001 -993 -998
-1008 -994 -1005
-1001 -1001 -994
-995 -1006 -999
-1010 -991 -999
-1005 -1002 -1006
-1008 -1001 -1005
-1005 -990 -994
-996 -993 -994
-1002 -995 -998
-992 -997 -999
-1009 -996 -1007
-1007 -1001 -1007
-998 -1005 -992
-992 -996 -1008
-995 -1002 -1002
-1005 -1007 -1002
-1001 -992 -998
-1000 -1002 -1005
-993 -990 -1007
-995 -991 -1003
-996 -993 -1004
-995 -1006 -1001
-1000 -1000 -995
-1004 -1006 -997
-1006 -1001 -992
-993 -1010 -1008
-1002 -1007 -1008
-1005 -994 -990
-1008 -1010 -1004
-999 -1009 -1005
-994 -1005 -1010
-1005 -990 -1000
-1007 -995 -994
1005 992 992
