4080
-50086 -50230 -50275
-49443 -49508 -50581
-50424 -49350 -49159
-50947 -50001 -49709
-49039 -50505 -50067
-49939 -49582 -49333
-50516 -49174 -50445
-50340 -50311 -49434
-50972 -49085 -49943
-49442 -49782 -49134
-50559 -50915 -50479
-49494 -50104 -49726
-50340 -50548 -49156
-49179 -50876 -49797
-50866 -50423 -49246
-50090 -50760 -49510
-49517 -49726 -50887
-50937 -50130 -49883
-50518 -50126 -49035
-49055 -50818 -49317
-49412 -50081 -50018
-50447 -49471 -50238
-50624 -50433 -50185
-49624 -49862 -49504
-49800 -50202 -49340
-50524 -49385 -49230
-49667 -49252 -50603
-50783 -50057 -50367
-50008 -50167 -50038
-50618 -50614 -49819
-50309 -49712 -50842
-49421 -49573 -49154
-49972 -50435 -50924
-49724 -50790 -49725
-50692 -50067 -49427
-49601 -50072 -49218
-50886 -49660 -50597
-50672 -49807 -50404
-50584 -50470 -49003
-50856 -50244 -49359
-49317 -50744 -50866
-50777 -49756 -49243
-50400 -49166 -49522
-50861 -49318 -50537
-50373 -50379 -49337
-50815 -50041 -49473
-49177 -50603 -49096
-49814 -50054 -49427
-49435 -49749 -49304
-50736 -50466 -50727
-50367 -50986 -50810
-50160 -49949 -49393
-49563 -49179 -49310
-49206 -50237 -50440
-50063 -49203 -49191
-50984 -50371 -50688
-49919 -49579 -49659
-50988 -49807 -50021
-50175 -50406 -49117
-50013 -49807 -50365
-50835 -49855 -49042
-50701 -50372 -50371
-49504 -49883 -49548
-50454 -50910 -50689
-49226 -50326 -50390
-50021 -50123 -49766
-50362 -49883 -49345
-49535 -50880 -49537
-50834 -50268 -50006
-49384 -50957 -50203
-50881 -49906 -50276
-49852 -50477 -49932
-49596 -50789 -50504
-50438 -50613 -49910
-50766 -50259 -49742
-50509 -50489 -49969
-50681 -50263 -50769
-50311 -50047 -50719
-50947 -50570 -50506
-50442 -50378 -50107
-50531 -49313 -50053
-49298 -49624 -50752
-50223 -49204 -49898
-49435 -50217 -50601
-50296 -50279 -50686
-49020 -50379 -49999
-49602 -49769 -50844
-50324 -49491 -49536
-49314 -50547 -49445
-49821 -50314 -49419
-49034 -49677 -49501
-49725 -50423 -49947
-50204 -50737 -50294
-50655 -50111 -50578
-50335 -49098 -49972
-49389 -50271 -49845
-49623 -50853 -49384
-49407 -49328 -50681
-49391 -50639 -50423
-49001 -50111 -49072
-50982 -50168 -50202
-49725 -50092 -50895
-49124 -49230 -50590
-50072 -49225 -50883
-49810 -49410 -50717
-49018 -49380 -50371
-49785 -49183 -50998
-49171 -49369 -49050
-50579 -50653 -49302
-50600 -49961 -50177
-49903 -49141 -49227
-49495 -49097 -50911
-50093 -50833 -50233
-49500 -50155 -49854
-49256 -49559 -49648
-49854 -50786 -49529
-50399 -50505 -49259
-49700 -49117 -49479
-49362 -49409 -50511
-50289 -49785 -49593
-50333 -50974 -50696
-50370 -50398 -50856
-50852 -49882 -49642
-50185 -49509 -50438
-49931 -49545 -50191
-50215 -50785 -50898
-50136 -50117 -49520
-49160 -49815 -50984
-49409 -49496 -50881
-49529 -50120 -49489
-50440 -50306 -49274
-50624 -50570 -49240
-49711 -50105 -49125
-49995 -49604 -50913
-49184 -50041 -50349
-50237 -49383 -49281
-49282 -50986 -49753
-49434 -49948 -50490
-49535 -50950 -49866
-50888 -50283 -49175
-50384 -50003 -50820
-49610 -50031 -49083
-49562 -50222 -50158
-50709 -49561 -49440
-50848 -50331 -50820
-49506 -49955 -50439
-50295 -50509 -50661
-49864 -49095 -50807
-50480 -49869 -50087
-50997 -49402 -49605
-50710 -49261 -50119
-49041 -50004 -49366
-49549 -50215 -50492
-50600 -49008 -50802
-49174 -50442 -50478
-49902 -50455 -49297
-50154 -49155 -49469
-50209 -50232 -50655
-50524 -50466 -50948
-50292 -49153 -50060
-50502 -50294 -49322
-49020 -49878 -50010
-50447 -49638 -49145
-50988 -49384 -49434
-49472 -49421 -50535
-50163 -49487 -50113
-49110 -49054 -49635
-50688 -50428 -49508
-50981 -49774 -50730
-49027 -49777 -49471
-49803 -49113 -50423
-50180 -50747 -50225
-49380 -50932 -49864
-49994 -50084 -50591
-50992 -50322 -50639
-49958 -49878 -49050
-49694 -50146 -49641
-50088 -49453 -49819
-50868 -49611 -50837
-49159 -50823 -49462
-49430 -49576 -49106
-49348 -49633 -49641
-49760 -49014 -49410
-50172 -49227 -50683
-49039 -49827 -50331
-50773 -50692 -50578
-49342 -49879 -49476
-49889 -49368 -50117
-49854 -50060 -49229
-49092 -49671 -49790
-50691 -50946 -50016
-49212 -50587 -49651
-50080 -49638 -50938
-50824 -49864 -50473
-49258 -49194 -49144
-49634 -50338 -50876
-49480 -50622 -50366
-49720 -50415 -49468
-49894 -49195 -49296
-49930 -50745 -50750
-50196 -50367 -50553
-49130 -49296 -49478
-49434 -50026 -50391
-50340 -49909 -50044
-50460 -49753 -49764
-49112 -49142 -49011
-50499 -49973 -50724
-50177 -50999 -49135
-49863 -49595 -49240
-50286 -49124 -49868
-49686 -49546 -50018
-49647 -49512 -50030
-50319 -49085 -49868
-49761 -49550 -49537
-50799 -50969 -49344
-50084 -49062 -50744
-50984 -49768 -50737
-50611 -49363 -49236
-49855 -49325 -49839
-50425 -50716 -49015
-50477 -49943 -49650
-50262 -50294 -49761
-49238 -50492 -50084
-50822 -49911 -50259
-50837 -49005 -49028
-50422 -49184 -49172
-50841 -49041 -49523
-50558 -49498 -49493
-50360 -49843 -49188
-50126 -50239 -50090
-49048 -49771 -50450
-50192 -49282 -50896
-50789 -49139 -49015
-49066 -49630 -50452
-49520 -50769 -50859
-49797 -50639 -50757
-49676 -50620 -50508
-49002 -49923 -49924
-50580 -50849 -50383
-50346 -49428 -50202
-50951 -50534 -50924
-50724 -49214 -49335
-50312 -49318 -49249
-50041 -50487 -50640
-49608 -50231 -50091
-49136 -49445 -49588
-50508 -49955 -50857
-50812 -50956 -50448
-50113 -49193 -50143
-49583 -49761 -49543
-49670 -50683 -49154
-50521 -50837 -50405
-50360 -49278 -50820
-50066 -49080 -49161
-50462 -49344 -50766
-50313 -50108 -50761
-50694 -49149 -50339
-50938 -50558 -49818
-50154 -49139 -49440
-49886 -50069 -49725
-49725 -50276 -49542
-49189 -49995 -49359
-50411 -50534 -50158
-50677 -49237 -50665
-50486 -50156 -50785
-50628 -50785 -49593
-49936 -49547 -50502
-49365 -50907 -50865
-49108 -50065 -49091
-49739 -50384 -49139
-49292 -50130 -49607
-49923 -49256 -50593
-49983 -49305 -50263
-50886 -49407 -50126
-49701 -50987 -49557
-49467 -49680 -49610
-50859 -49315 -49140
-50478 -49767 -50998
-49602 -49231 -49253
-49768 -49791 -49407
-49254 -49324 -49920
-50856 -49797 -50756
-49831 -49064 -50998
-49258 -50773 -49528
-50386 -49049 -49623
-50857 -50028 -49453
-49981 -50353 -50762
-50203 -49076 -50312
-49744 -50402 -50896
-49373 -50028 -50446
-50058 -50461 -50903
-49701 -49888 -50114
-50108 -49681 -49544
-50728 -50746 -49381
-50006 -50474 -50441
-49755 -50944 -50847
-50637 -50623 -49643
-50954 -49498 -49743
-50951 -49566 -49747
-50344 -49130 -50757
-49606 -49106 -50488
-49702 -50005 -49804
-50273 -50014 -50870
-50855 -50975 -50334
-49481 -49285 -50091
-50948 -50455 -49061
-49682 -50799 -50951
-49726 -50704 -50659
-50862 -50409 -50711
-49113 -49226 -50496
-49126 -50545 -50467
-50745 -49389 -49707
-50790 -50800 -50559
-49529 -49058 -50232
-50911 -50267 -50505
-50447 -49095 -49355
-49285 -50759 -49991
-50661 -50562 -49087
-50357 -50815 -49664
-49858 -49885 -50375
-49917 -49816 -50747
-49611 -50841 -49644
-49475 -50170 -50180
-49834 -50637 -50724
-49518 -49888 -50879
-49771 -49491 -50054
-49818 -49308 -49241
-50066 -50186 -49967
-49337 -49040 -49526
-50981 -49491 -50906
-49130 -50012 -50575
-50137 -50460 -50409
-50315 -50516 -50445
-50692 -50263 -49178
-49160 -49803 -50190
-49613 -50476 -49582
-49029 -50104 -49171
-49858 -49931 -49352
-49237 -50669 -50175
-49213 -49596 -49993
-49547 -49765 -50744
-49186 -49439 -50156
-50536 -50970 -50236
-49514 -49030 -50421
-50541 -49687 -50089
-49069 -49758 -50864
-49856 -49067 -49443
-49039 -50497 -50762
-50235 -50450 -50589
-50235 -50943 -50559
-49717 -49549 -49488
-50810 -49583 -49589
-50853 -49437 -49612
-49354 -50560 -49761
-50788 -50082 -50676
-50226 -49465 -50479
-49561 -50351 -50116
-49727 -50696 -49782
-49323 -49297 -49255
-49061 -50819 -49660
-50964 -50490 -49290
-49017 -49701 -49728
-49477 -50556 -50918
-49220 -49517 -49402
-50126 -49793 -50262
-49059 -49497 -49948
-50270 -50625 -50000
-49890 -49589 -50297
-49592 -49501 -49240
-50524 -50569 -50988
-50710 -49638 -49814
-50154 -50508 -50051
-50108 -49523 -50078
-50643 -49758 -50465
-49014 -50864 -50102
-50581 -49680 -49707
-49280 -49536 -50680
-49501 -49018 -49892
-49782 -49453 -50770
-49576 -50317 -50050
-50965 -50592 -49898
-50026 -50516 -49230
-49063 -50736 -50695
-50293 -50377 -49430
-49933 -50985 -49465
-50397 -50814 -49351
-49845 -50509 -49139
-49701 -49368 -49073
-50552 -49908 -50889
-50901 -49627 -50476
-50865 -50531 -49580
-50060 -49718 -50714
-50287 -50170 -50860
-50110 -50145 -50588
-49889 -49464 -50489
-50633 -49157 -50764
-50900 -49713 -50327
-49797 -49176 -49701
-49236 -50004 -49399
-49933 -50162 -49606
-49684 -50477 -49597
-50614 -49668 -50793
-50605 -49959 -49390
-49727 -50152 -50244
-49327 -49671 -49037
-50887 -49720 -49241
-49440 -49300 -49444
-49417 -49143 -49947
-50392 -50877 -50834
-50630 -49034 -49976
-50703 -50854 -50961
-50989 -49242 -49656
-50557 -50906 -49801
-49162 -49987 -50745
-50467 -50097 -50266
-50308 -49023 -50883
-50326 -50400 -49753
-49963 -50592 -50096
-50529 -49003 -49247
-50373 -50069 -49924
-49302 -50552 -49458
-49452 -49098 -49684
-50653 -50412 -50216
-50506 -49476 -49612
-50675 -50729 -50067
-50860 -50090 -50780
-50505 -50974 -50074
-50299 -49986 -50040
-49087 -50250 -50736
-49080 -50064 -50853
-50482 -50285 -49054
-50288 -49098 -50892
-50469 -49525 -50206
-49859 -49293 -49325
-50372 -49233 -50240
-50588 -50031 -49636
-49146 -49980 -50119
-50338 -49357 -50839
-49341 -49224 -49907
-49182 -49106 -50556
-49842 -49241 -49394
-49501 -49315 -50976
-49558 -49732 -50903
-50480 -50622 -49754
-50116 -49171 -50300
-49841 -49367 -49169
-50931 -50414 -49931
-50702 -49631 -49505
-49438 -50675 -49373
-50080 -49623 -49296
-50550 -50209 -49978
-49205 -50967 -50115
-49599 -49981 -50768
-49760 -50711 -49450
-49734 -49585 -50920
-50431 -50856 -49440
-49881 -49705 -50333
-50065 -50236 -50000
-50316 -49804 -50210
-49612 -49918 -49738
-49161 -49615 -49293
-49734 -50557 -49159
-49758 -49423 -49584
-49286 -50521 -50824
-50142 -49424 -49848
-49102 -49866 -50060
-50789 -50399 -49392
-49438 -50095 -49312
-50756 -50180 -50730
-49736 -50504 -49908
-49361 -49359 -50133
-50169 -49150 -49839
-49132 -50929 -50613
-49456 -49553 -50665
-50996 -49326 -49620
-49062 -50893 -50873
-49058 -50131 -50781
-49341 -50036 -50676
-49365 -50650 -50078
-49270 -49880 -50468
-49408 -49029 -50629
-50398 -50415 -50977
-50065 -49244 -50242
-50917 -49691 -49693
-49304 -49785 -50245
-49649 -49403 -49353
-50863 -49607 -50086
-50576 -50541 -50320
-50462 -49233 -50946
-50139 -49528 -49002
-50579 -49638 -49761
-50014 -49725 -49324
-49247 -49233 -49360
-49673 -49136 -50546
-50906 -50563 -50065
-50990 -49010 -49293
-49534 -49425 -49077
-50721 -49418 -49654
-50914 -49942 -50575
-49264 -49808 -50479
-50969 -50355 -49206
-50425 -50374 -50996
-49530 -50430 -50508
-50816 -49781 -50627
-50426 -50461 -49515
-49825 -50411 -49011
-49087 -49275 -50942
-49481 -49329 -50817
-50783 -50553 -49323
-50997 -50156 -49085
-49733 -49839 -50493
-50889 -50128 -50034
-49676 -50647 -50990
-50509 -50335 -50280
-49094 -50361 -49921
-49187 -50301 -50009
-49601 -50161 -49843
-50423 -49271 -50974
-50532 -50034 -49193
-50078 -50438 -50917
-49687 -49562 -50802
-49510 -50872 -50609
-49192 -49394 -50747
-50043 -49169 -50174
-49180 -49986 -49759
-49442 -49250 -50215
-49717 -49610 -49466
-49304 -50558 -50018
-50738 -49656 -49071
-49143 -50243 -49904
-50930 -49553 -50352
-50701 -50296 -49885
-49402 -50990 -50570
-49460 -49494 -49034
-50754 -49527 -50041
-49899 -50023 -49582
-50799 -49159 -49565
-49082 -49426 -49794
-50105 -50854 -50582
-50466 -50986 -50749
-50419 -49194 -50631
-49976 -49517 -49129
-50658 -49858 -50082
-49342 -49609 -50609
-49885 -50980 -49135
-49056 -50891 -49224
-49893 -50928 -49647
-50454 -50851 -49314
-49095 -50569 -50296
-49480 -49531 -50116
-49006 -50062 -49277
-50696 -50207 -50574
-49147 -49297 -50002
-49510 -50428 -49618
-50903 -49306 -49962
-49666 -49263 -50886
-50950 -50903 -49399
-50308 -50684 -50119
-49658 -49590 -49824
-50662 -50868 -50678
-49530 -49505 -49467
-50598 -49224 -49878
-50574 -50808 -49619
-49897 -49018 -49777
-49054 -49552 -49592
-50567 -49302 -49913
-50721 -50295 -49893
-49211 -49450 -49098
-49152 -49700 -49680
-49310 -50517 -50910
-50988 -49186 -49211
-49626 -50555 -49185
-50560 -50886 -49058
-49719 -50953 -50176
-49548 -49938 -49077
-50376 -49526 -49686
-50346 -49993 -49759
-50567 -50642 -50489
-49692 -49837 -49575
-50047 -50053 -49630
-50207 -50412 -49656
-50585 -50331 -49378
-50605 -49118 -49128
-50082 -49105 -49827
-49666 -50873 -50994
-50136 -49644 -50759
-49484 -50031 -50260
-50554 -50762 -50209
-49107 -50474 -50469
-50799 -50173 -50378
-49296 -49191 -50263
-49391 -50271 -49793
-49042 -50866 -49596
-49607 -50955 -49538
-50223 -50568 -49955
-49893 -49939 -49940
-50443 -49938 -50736
-49880 -49300 -50302
-50396 -49477 -49015
-49629 -50403 -49461
-50744 -49310 -49772
-49999 -50825 -49389
-50959 -49334 -50080
-50930 -50936 -50482
-50085 -49529 -50634
-50090 -49008 -50145
-49188 -50511 -50857
-49549 -49972 -49662
-50636 -50007 -50359
-49744 -50254 -50995
-50555 -50596 -50734
-50689 -49388 -50455
-50201 -49704 -50721
-50361 -50568 -50160
-50265 -50148 -50755
-49146 -49594 -49107
-49732 -50246 -50426
-50378 -49115 -49618
-50113 -50896 -50165
-49792 -49695 -49543
-50385 -49030 -49593
-50201 -49555 -50026
-49559 -50054 -49970
-50417 -50695 -50039
-49571 -49205 -49840
-49212 -50353 -50696
-49547 -50856 -50088
-50640 -50162 -50365
-50932 -50951 -49368
-49939 -49426 -49098
-49916 -50265 -50664
-50138 -50182 -50716
-50142 -50972 -50125
-49416 -50610 -50486
-50627 -49852 -50554
-49376 -50737 -50404
-49809 -49790 -50061
-49903 -50782 -50438
-49605 -49402 -50775
-49537 -49333 -49313
-50142 -49839 -50857
-50124 -49976 -50499
-49776 -50803 -49211
-49078 -50312 -50670
-50165 -50822 -50582
-49136 -49403 -49918
-49595 -49742 -50693
-49446 -50860 -50947
-50441 -49617 -50333
-50691 -50188 -50537
-49967 -50141 -49751
-50959 -49188 -50631
-50824 -50275 -50654
-50057 -50627 -50012
-50951 -49284 -49735
-49082 -50505 -49334
-49987 -50123 -50845
-49320 -49984 -49646
-50263 -49762 -50298
-50811 -49107 -50370
-49489 -50106 -50316
-50763 -50332 -50989
-49541 -49152 -50812
-50915 -49965 -50090
-49341 -49062 -50216
-50544 -49324 -50022
-49529 -49781 -50365
-49032 -50142 -50884
-49237 -49677 -50490
-49116 -49373 -49615
-49091 -49584 -50552
-49281 -49277 -49391
-49717 -50992 -50050
-50154 -50232 -50949
-50230 -49397 -50442
-50162 -49737 -50500
-50565 -49878 -50291
-50709 -50107 -50865
-49094 -49373 -49537
-49423 -50800 -50729
-50077 -49714 -49043
-50894 -50459 -50077
-49968 -49694 -49872
-49352 -50069 -50213
-50818 -50228 -49561
-49673 -49165 -50066
-49266 -50585 -49292
-49572 -49169 -50608
-50632 -49911 -49961
-49059 -50764 -50397
-49990 -50113 -49204
-50724 -50274 -49885
-49512 -50004 -49279
-50851 -49693 -49627
-49030 -49305 -49111
-50697 -49580 -50555
-50616 -50679 -50444
-50161 -49174 -50287
-50163 -50077 -50919
-50332 -50995 -49122
-50991 -49184 -49891
-49594 -50444 -50883
-50498 -50659 -49207
-49310 -49933 -49307
-50391 -50697 -49424
-49904 -50753 -49147
-49935 -49230 -49785
-49063 -49778 -49745
-49950 -50882 -49271
-49737 -50631 -49071
-49420 -49593 -49541
-49780 -50016 -50343
-50464 -50323 -50764
-49572 -50562 -50543
-49220 -50607 -49393
-49424 -50100 -50330
-50406 -49951 -50158
-49055 -50465 -49656
-50393 -49735 -50859
-50828 -50349 -50783
-50124 -49433 -49016
-49654 -50739 -49409
-49083 -49259 -50979
-49198 -50343 -49057
-49626 -49094 -50234
-49036 -50799 -49664
-50898 -49617 -49156
-49329 -49750 -49180
-50278 -50003 -50322
-50605 -50308 -49530
-49199 -50820 -50696
-50278 -50250 -49711
-50421 -49645 -49237
-49116 -49729 -50973
-50709 -49184 -50542
-50527 -49934 -49091
-49175 -51000 -50460
-49987 -49034 -49044
-49054 -49996 -50789
-50593 -49181 -49789
-50605 -50841 -49958
-50998 -50689 -50136
-49779 -49828 -49942
-49904 -50741 -50738
-50747 -50021 -50031
-50237 -50328 -49488
-49736 -50005 -50761
-49891 -50580 -50651
-50631 -50513 -49306
-50434 -50840 -50564
-50295 -50401 -49366
-49443 -50607 -49139
-50536 -50666 -50138
-49110 -49944 -50366
-50417 -50761 -49688
-49473 -50782 -50996
-50534 -50923 -50121
-50990 -50510 -50539
-50145 -49957 -50646
-49242 -49305 -49282
-50208 -50369 -50736
-49112 -50431 -50586
-49494 -50086 -49961
-50105 -49410 -50199
-49121 -49980 -49761
-49831 -50208 -49757
-49172 -50070 -49286
-49815 -49977 -49259
-49804 -49247 -50935
-50502 -50266 -49611
-49107 -50553 -49155
-49213 -50285 -49356
-49233 -50908 -50563
-49054 -49766 -49865
-50501 -50063 -50891
-50422 -49342 -50441
-50436 -50344 -49122
-49118 -50235 -50556
-50979 -49599 -49002
-50829 -50268 -50857
-50339 -50001 -50237
-50465 -50758 -49399
-49806 -50606 -50496
-50156 -50569 -49464
-50881 -50043 -50810
-50415 -50255 -50789
-49943 -50529 -50284
-49769 -50829 -50110
-49952 -49850 -49312
-50701 -50673 -49271
-49279 -50141 -49465
-49475 -50764 -49175
-50951 -49267 -50125
-50960 -49959 -50570
-49773 -49258 -50220
-49345 -49807 -50692
-49360 -50717 -49069
-49542 -50100 -50165
-49818 -49971 -49402
-50614 -50007 -50101
-49549 -49708 -49366
-50283 -50838 -50451
-50180 -50912 -50119
-50715 -50547 -50231
-50804 -50593 -50388
-49111 -50443 -49393
-50836 -50467 -49667
-49640 -49866 -49774
-49009 -50316 -49550
-49605 -50253 -50590
-49192 -49890 -49966
-49627 -50045 -49011
-49652 -49991 -50688
-49209 -50505 -50992
-50619 -49891 -49685
-50990 -49493 -50895
-49009 -49949 -49681
-50785 -49171 -50298
-50123 -50428 -50162
-49724 -49320 -50609
-50130 -50618 -49531
-49808 -49163 -49797
-49956 -49326 -49194
-50977 -50602 -49029
-50045 -49428 -50703
-50415 -49848 -49158
-49469 -49308 -49469
-50514 -50143 -49374
-50222 -50405 -50696
-49228 -49694 -50064
-49177 -50705 -50962
-50932 -49264 -50322
-50016 -50007 -49868
-50046 -49932 -50020
-49924 -50240 -50668
-50885 -50708 -50829
-50609 -49914 -50868
-49055 -49964 -49925
-50219 -50360 -50835
-49027 -50941 -49121
-49139 -50591 -49036
-50099 -50640 -49529
-50131 -50261 -49902
-50345 -50057 -49876
-50876 -50586 -50748
-50318 -49835 -50823
-50074 -50482 -50028
-50309 -49084 -49708
-50167 -50946 -49446
-50322 -50586 -49135
-50631 -50459 -50122
-49380 -50327 -50635
-49860 -49369 -49377
-50456 -50716 -50419
-50878 -50421 -50783
-49288 -50836 -49034
-49314 -49625 -50151
-50032 -50319 -49895
-49077 -49414 -50634
-49804 -49115 -50535
-49505 -49318 -50017
-49107 -50741 -50392
-50996 -49406 -50348
-49933 -49014 -50066
-50805 -49427 -50175
-50413 -49125 -50077
-49218 -49859 -49414
-50781 -49523 -50173
-49459 -50609 -50947
-49448 -50079 -49578
-49817 -50941 -49948
-49843 -49682 -49963
-49270 -50489 -50224
-49471 -50905 -49938
-49173 -50960 -49648
-50494 -49508 -49182
-50566 -49565 -50711
-50697 -50548 -50285
-49425 -50813 -50341
-49720 -50112 -49935
-50398 -49019 -49060
-49124 -49108 -49512
-50911 -49287 -49564
-49579 -49608 -50486
-50760 -49952 -49471
-49370 -50661 -50307
-49131 -51000 -50466
-49290 -49193 -49682
-49209 -49244 -50618
-50845 -49725 -50573
-50988 -50336 -50013
-50817 -50989 -49503
-49613 -50227 -49435
-50157 -50050 -49973
-50372 -49230 -49641
-50114 -49461 -49357
-50021 -50924 -50205
-50897 -50128 -49333
-49012 -50164 -49744
-49991 -50016 -50214
-49177 -50908 -50411
-49232 -49952 -50171
-49261 -49624 -49733
-49430 -50707 -49047
-50834 -49762 -49716
-50982 -50545 -49704
-50855 -50060 -50292
-50305 -50293 -49080
-49048 -50051 -50941
-49936 -50784 -49323
-49881 -50728 -49967
-49394 -49828 -49923
-50372 -49734 -50934
-50088 -49851 -50276
-49007 -50503 -49654
-50999 -49943 -50016
-49337 -50942 -49381
-49619 -50684 -49121
-49236 -50982 -50313
-50286 -50981 -49637
-49433 -49847 -50684
-50712 -50892 -49737
-49707 -50995 -50697
-49948 -49964 -49746
-49474 -50772 -49706
-50039 -49600 -49348
-49594 -49282 -49108
-50630 -49976 -49913
-50735 -49598 -50460
-50910 -50952 -50100
-49055 -50153 -50412
-49336 -50112 -50904
-49546 -50253 -50830
-49704 -50015 -49288
-50285 -50546 -50336
-49272 -50267 -50495
-49680 -49664 -50178
-49194 -50825 -50336
-49486 -50557 -50018
-50430 -50115 -49961
-50407 -49692 -49489
-50255 -49646 -49371
-50798 -50593 -49350
-50956 -49539 -49841
-49928 -50596 -49371
-49476 -50546 -50392
-50269 -49460 -50871
-49088 -50273 -50746
-50662 -50222 -49267
-50773 -49835 -50673
-50757 -49776 -50116
-50760 -49621 -49471
-49311 -49421 -50224
-49464 -49877 -50814
-49869 -50602 -49894
-50835 -49523 -50802
-50036 -49826 -51000
-50300 -49176 -49786
-49861 -49020 -50616
-49202 -49458 -49457
-50609 -50098 -49986
-50464 -50846 -49638
-50631 -50008 -49044
-49320 -50120 -50231
-50878 -50487 -50221
-49797 -50887 -49425
-50063 -49621 -50354
-49029 -49212 -50574
-50470 -50120 -49583
-50287 -49845 -50437
-50793 -49935 -50614
-50736 -50058 -49540
-50999 -50269 -49384
-50269 -49760 -49952
-49432 -50351 -50994
-49802 -49061 -50593
-49074 -50095 -49803
-49990 -49047 -49476
-49139 -50915 -50292
-49857 -50045 -49769
-49975 -50642 -50485
-49169 -50327 -50123
-49226 -49537 -50704
-50259 -50061 -49705
-49109 -49277 -49357
-49818 -50618 -50859
-50571 -50515 -49566
-50842 -49699 -50422
-50807 -50192 -49142
-49196 -49198 -50368
-49670 -50288 -49214
-50967 -49297 -49338
-50054 -50930 -49459
-49773 -49106 -49428
-50573 -49345 -50550
-50229 -50346 -50983
-50837 -50233 -49889
-50035 -49732 -50576
-49829 -50809 -50899
-49958 -49767 -49328
-50786 -50446 -50856
-49646 -50020 -49511
-49909 -50833 -49212
-49610 -49189 -49908
-50439 -50013 -49587
-50814 -49211 -49460
-50703 -49619 -50082
-49296 -49898 -49857
-49026 -49202 -50970
-50313 -49962 -49792
-49920 -50230 -50238
-50172 -49011 -49576
-49345 -50106 -50557
-49823 -50753 -49120
-50790 -50079 -49141
-50398 -50773 -49800
-49950 -49857 -49544
-49507 -50451 -50546
-49518 -50726 -49673
-49555 -50201 -49555
-50765 -49508 -49979
-49501 -50552 -50129
-49106 -49955 -49269
-50664 -49926 -50416
-49006 -49055 -49991
-49469 -50111 -50647
-49566 -50010 -49268
-49786 -49451 -49346
-50555 -50477 -50726
-50031 -50786 -49313
-49080 -49381 -49792
-49539 -50371 -50832
-49530 -49265 -50003
-49851 -49888 -50271
-49232 -49468 -50385
-49947 -50066 -50991
-50668 -50193 -50158
-49431 -49137 -49542
-50635 -50836 -50462
-49920 -49111 -50984
-49108 -49545 -49588
-49068 -49962 -50266
-49680 -49872 -50297
-49949 -49109 -49111
-49172 -49224 -49276
-49908 -50804 -49876
-49141 -50287 -49499
-49877 -49720 -49095
-50184 -50846 -49770
-49743 -49954 -49263
-49796 -49499 -49749
-50721 -49876 -50781
-49515 -49416 -50885
-50963 -49422 -49109
-49206 -49740 -49281
-49293 -49194 -49470
-50502 -49845 -50389
-49193 -50203 -50050
-49896 -49692 -49005
-50641 -49067 -49185
-49219 -50410 -49090
-49064 -50692 -50103
-50817 -49360 -50756
-50630 -50181 -50328
-50157 -49901 -49792
-50762 -49600 -50769
-50857 -49703 -49070
-50201 -50520 -50548
-49950 -49871 -50818
-49033 -49241 -50465
-50078 -49938 -50142
-50820 -49418 -49349
-50242 -49375 -50665
-49335 -49109 -50977
-49961 -50385 -50150
-50302 -50122 -49741
-50756 -49271 -50322
-49570 -49296 -50307
-49409 -49819 -49718
-49058 -49652 -50009
-50389 -50119 -50154
-50143 -50744 -49534
-49520 -49608 -50447
-50808 -49895 -49135
-50740 -50149 -49669
-50950 -49421 -49191
-50989 -49150 -50882
-49044 -50425 -50100
-49017 -49864 -49898
-49774 -49449 -49383
-50421 -50275 -49944
-50456 -49013 -49669
-49270 -50275 -49434
-49658 -49920 -50601
-49727 -50521 -49342
-49571 -50756 -50281
-50116 -49729 -49170
-49479 -50089 -49967
-50443 -49246 -50415
-50267 -49571 -49837
-49472 -49264 -49979
-50556 -50029 -49997
-50076 -49732 -49618
-49036 -49648 -49846
-50282 -50011 -49775
-49691 -49052 -49261
-50714 -49857 -49491
-50349 -50153 -50891
-50030 -50117 -50406
-49793 -49844 -50508
-50678 -49045 -49650
-49061 -49133 -49456
-50982 -49509 -50020
-49060 -50795 -50755
-49494 -49012 -50634
-49704 -49355 -50045
-49863 -49891 -50189
-50441 -50609 -49721
-50754 -50004 -49025
-50863 -49803 -50022
-50501 -50118 -49682
-50020 -50648 -49307
-50370 -50666 -50556
-50942 -50312 -49790
-50906 -50091 -50269
-50610 -49253 -50820
-49645 -49972 -49488
-49553 -49424 -49115
-49909 -50950 -50961
-49221 -49849 -50136
-50781 -50587 -49014
-49017 -50001 -49046
-50796 -49114 -50130
-49143 -50393 -50957
-50443 -49427 -50925
-49414 -50125 -50498
-50904 -49631 -50389
-49391 -50478 -50140
-49642 -50665 -49949
-49717 -49021 -49700
-50724 -50233 -49386
-49544 -49833 -49730
-50275 -50752 -50762
-50923 -49362 -50359
-50228 -50823 -49893
-50045 -50165 -49809
-50386 -49513 -50022
-50912 -50034 -49467
-50567 -49832 -49066
-49262 -49658 -50496
-49592 -49320 -49496
-50956 -49186 -49735
-50366 -50091 -50760
-50728 -49656 -49355
-49069 -50321 -50120
-50990 -49109 -49034
-49071 -49715 -50556
-49408 -49485 -49252
-50236 -49234 -49155
-49828 -50546 -49548
-49829 -49397 -50883
-49037 -49669 -49988
-50312 -50248 -50704
-50672 -50677 -50349
-50751 -50699 -49055
-50737 -50958 -49129
-49481 -50841 -50971
-50091 -50603 -50498
-49692 -49169 -49001
-49100 -50408 -49978
-50534 -49394 -49638
-50324 -49702 -49969
-50080 -50410 -50568
-49508 -50268 -50527
-50567 -50568 -49694
-50155 -49823 -49628
-49220 -49851 -50619
-50709 -50181 -49063
-50317 -50226 -50051
-49071 -50887 -50348
-49141 -50868 -50863
-49529 -49049 -49474
-49947 -50983 -50165
-50085 -50491 -49452
-49788 -49730 -49576
-50649 -50083 -50704
-49618 -49748 -50434
-50547 -49434 -49599
-49553 -50956 -49237
-49109 -50572 -49912
-49645 -50874 -49266
-50811 -50355 -50562
-49883 -49150 -50835
-50181 -49356 -50511
-50236 -50925 -50420
-49114 -50285 -49130
-49740 -50405 -49342
-49203 -50838 -50023
-49361 -49463 -50120
-50195 -50116 -49068
-49103 -50540 -50047
-50125 -50224 -49400
-49352 -50581 -50431
-49674 -49470 -49798
-49744 -50435 -50545
-50658 -50538 -49758
-50392 -50168 -50526
-49130 -50525 -49743
-49593 -50950 -50344
-50017 -49576 -49826
-49062 -50623 -50941
-50553 -49688 -50229
-50604 -49860 -49857
-50499 -49300 -50282
-50668 -50784 -49807
-50922 -50819 -49189
-49267 -49512 -49592
-50502 -49678 -49623
-49284 -50102 -49487
-49271 -50740 -50392
-49806 -50493 -49407
-49214 -49239 -49990
-49894 -49678 -49792
-50456 -49492 -50675
-49323 -49036 -50717
-49056 -50917 -50920
-50487 -49505 -49484
-50567 -49566 -50803
-50829 -50815 -50272
-49630 -49045 -50484
-50270 -49512 -50621
-49105 -49906 -50429
-49009 -49888 -49189
-49198 -50800 -49915
-50106 -49872 -50021
-50830 -49200 -49552
-49351 -49227 -49652
-50557 -50389 -49373
-49612 -49185 -49147
-49889 -49443 -50028
-50905 -50622 -50246
-49525 -50083 -50067
-49758 -50789 -49761
-50964 -49532 -49303
-49652 -50708 -50463
-50396 -50543 -49001
-49769 -50173 -50026
-49348 -49640 -49188
-50351 -50861 -49111
-49435 -49282 -49430
-49691 -49838 -50937
-50083 -50284 -49647
-49770 -49806 -49905
-50320 -50238 -49570
-49188 -49519 -50726
-49042 -50963 -49482
-50736 -49103 -50987
-50647 -49432 -49347
-49138 -50818 -50346
-49246 -50078 -49383
-50117 -49043 -50212
-49972 -50673 -50351
-49384 -49042 -50136
-49364 -49250 -50319
-50592 -49148 -49103
-49341 -49357 -50801
-49551 -49050 -49572
-50061 -49264 -50223
-50982 -49069 -49956
-50451 -50863 -49035
-49633 -49210 -50591
-50140 -50033 -50186
-50407 -50064 -49909
-49475 -50308 -50702
-50313 -49916 -49196
-49224 -50651 -49635
-49220 -50650 -49984
-50975 -49603 -49329
-50601 -50947 -49002
-49814 -49481 -49031
-50516 -49016 -50159
-50222 -49982 -50364
-50390 -50352 -49577
-49029 -49422 -50642
-49969 -50407 -49488
-49649 -50360 -50822
-49627 -50718 -49536
-49363 -50901 -49615
-49756 -49598 -50046
-50475 -50440 -50568
-50127 -50037 -50398
-49435 -50902 -50642
-49215 -49935 -49018
-49400 -49078 -50036
-49384 -49531 -49475
-50977 -50860 -50587
-50476 -50916 -49254
-49345 -50895 -49294
-49677 -49324 -49129
-49390 -50476 -50502
-50295 -49863 -49348
-50387 -49865 -50753
-49778 -50747 -49669
-50335 -49032 -49954
-50591 -50138 -50456
-50393 -50096 -49530
-49912 -50842 -49845
-50513 -49702 -49279
-49777 -50097 -49575
-50323 -49819 -50865
-49475 -49530 -49382
-49759 -49672 -49993
-50054 -49635 -50085
-50409 -50053 -49293
-50324 -50894 -49234
-50186 -49956 -50760
-50525 -50360 -49903
-49360 -49142 -49614
-49879 -49651 -49870
-49371 -49322 -50269
-50765 -49525 -49364
-50692 -50761 -49864
-50151 -49768 -50811
-49872 -50197 -50311
-50761 -50020 -50378
-50201 -50341 -50677
-50914 -50315 -50631
-49490 -50296 -50450
-50945 -49031 -49896
-50461 -49147 -50545
-49246 -50541 -49693
-49573 -49346 -49856
-49809 -50106 -49451
-50662 -49058 -50876
-49458 -50210 -50854
-49060 -49452 -50739
-50599 -49767 -49702
-50253 -50495 -49225
-50637 -49244 -49530
-49095 -50540 -50852
-50468 -50535 -49431
-49145 -49720 -49423
-49241 -50038 -49095
-49821 -49959 -49356
-49629 -49898 -50206
-49031 -49246 -49040
-49156 -50885 -50377
-50673 -49819 -50614
-50090 -50759 -49916
-50427 -50776 -50626
-50857 -50206 -50821
-50727 -49667 -50247
-50474 -49443 -49375
-49241 -49790 -50538
-49683 -49541 -49636
-49450 -49203 -49649
-49586 -49647 -50382
-50669 -49910 -50298
-50963 -49400 -49002
-49949 -50940 -49853
-49177 -50114 -50321
-50857 -50087 -50917
-49684 -50325 -49173
-49808 -50994 -50373
-49612 -50279 -50275
-50933 -49486 -49120
-49145 -50219 -49264
-50994 -50234 -49844
-50742 -50679 -50485
-50132 -49477 -49571
-50737 -49071 -50490
-50281 -50417 -50520
-49813 -49036 -49093
-50911 -50721 -49790
-49250 -50911 -49639
-50339 -49908 -49343
-49748 -49021 -50279
-50631 -50454 -50967
-49289 -50366 -50044
-49991 -50826 -49828
-50776 -49388 -49503
-49449 -50087 -49696
-49990 -49972 -49847
-50156 -49152 -49060
-49037 -50800 -49204
-50629 -49735 -50693
-50954 -49001 -49831
-50900 -50618 -50365
-49683 -50237 -50151
-49553 -49764 -49570
-49127 -49396 -50250
-49815 -49107 -50251
-49305 -49412 -50498
-50478 -50362 -49220
-49497 -50198 -50452
-50065 -50934 -49966
-49039 -49881 -49786
-50557 -50255 -49228
-49237 -50767 -49476
-49259 -50990 -49929
-49193 -49612 -50142
-50826 -50899 -49361
-49882 -50341 -49295
-50741 -49490 -50331
-49780 -50760 -49451
-49133 -49716 -50937
-50330 -50680 -49181
-50836 -50125 -50106
-50084 -50473 -49478
-50729 -50067 -50250
-50152 -50364 -50119
-49875 -50250 -49955
-50223 -49149 -49212
-50705 -50347 -50861
-49156 -49737 -50601
-49594 -50153 -49780
-50384 -49077 -49040
-49432 -50426 -50800
-50080 -49411 -50673
-49401 -49758 -50109
-50630 -49379 -49396
-50170 -49201 -50175
-50401 -49564 -50835
-49798 -49637 -50220
-50307 -50872 -49855
-49025 -50004 -50244
-49365 -50692 -49155
-49990 -49527 -50838
-50375 -50194 -50315
-50721 -49633 -50547
-49375 -50851 -50083
-50112 -49351 -49796
-50131 -49717 -49889
-50284 -50262 -49498
-50013 -49974 -50818
-50040 -49132 -50474
-49184 -49231 -49257
-50093 -50708 -50186
-49506 -50781 -50256
-50369 -50303 -50011
-50418 -49814 -50017
-49054 -50041 -49141
-49611 -49426 -50971
-49104 -49233 -50738
-50677 -49351 -50221
-50924 -49723 -50963
-49359 -50104 -50958
-49563 -49566 -50427
-49232 -50922 -49260
-50844 -49005 -49478
-49517 -50563 -50533
-49955 -50553 -50413
-50644 -49131 -49317
-50403 -50339 -50478
-50351 -49108 -50606
-49965 -49554 -50514
-50146 -49868 -49358
-49789 -49277 -50275
-49191 -50338 -49196
-49821 -50720 -50305
-49131 -49103 -50296
-50952 -50820 -50521
-49684 -49300 -49058
-49857 -50716 -49250
-50255 -50162 -50185
-49543 -49600 -49769
-50623 -50557 -50729
-50006 -49050 -49459
-50362 -50979 -49922
-50611 -50311 -50285
-49272 -50874 -50698
-50867 -49875 -49704
-49488 -50064 -49840
-49269 -49540 -49756
-49598 -49417 -50757
-49117 -50970 -50147
-49882 -50676 -49919
-50451 -49129 -50425
-49798 -49099 -50614
-50716 -50768 -50862
-50006 -49605 -50873
-49157 -49347 -49731
-50500 -49314 -49730
-50364 -50389 -49561
-50477 -49636 -49417
-49002 -49593 -49329
-49637 -49228 -50195
-49505 -49225 -49989
-49669 -50829 -49605
-49304 -49226 -50094
-49522 -50683 -49258
-49078 -49746 -49652
-49318 -49826 -50507
-50795 -50900 -50304
-50692 -49988 -50607
-49619 -49981 -50738
-49720 -50158 -49763
-49650 -50114 -50499
-49191 -50631 -50017
-49554 -49079 -50946
-49595 -49672 -50114
-49426 -50096 -50653
-49977 -49068 -49977
-50666 -49158 -50464
-50177 -49591 -50544
-50169 -49205 -49437
-49051 -49925 -50406
-50798 -49565 -50390
-50534 -49361 -49732
-49256 -49393 -50391
-50343 -49666 -49697
-49541 -49528 -49066
-49801 -49376 -49001
-49588 -50590 -50197
-49476 -49605 -49567
-49291 -50128 -50523
-50732 -50965 -49513
-49770 -50091 -49096
-49766 -50941 -49117
-49754 -49647 -50474
-50880 -49371 -50858
-49841 -49771 -49627
-50109 -49969 -50675
-49278 -49001 -50086
-50161 -50407 -49413
-50888 -49000 -50314
-50375 -50432 -50779
-49527 -50677 -50001
-49547 -49577 -50972
-50682 -49746 -49027
-49895 -49029 -50073
-50798 -49343 -50774
-50631 -50857 -50304
-49773 -49253 -49596
-50830 -49571 -49368
-50127 -49757 -49559
-50411 -50949 -49847
-50874 -50860 -49987
-49372 -49759 -50034
-49757 -50730 -50489
-50067 -50681 -49520
-49973 -50535 -49304
-49482 -49957 -50382
-50984 -49268 -50406
-50582 -49935 -50059
-50780 -50349 -50616
-49208 -49577 -50255
-49481 -49533 -49798
-49058 -50636 -49237
-50201 -49349 -50949
-50088 -49236 -50857
-50221 -50921 -50325
-49877 -50969 -49280
-50851 -50207 -49830
-50785 -50162 -49949
-50423 -49881 -49340
-49915 -49056 -50428
-50874 -50176 -49401
-49021 -50934 -49429
-49805 -49478 -49264
-49504 -49000 -49160
-49614 -49501 -49853
-49692 -50041 -49521
-49759 -49326 -50806
-49041 -49839 -50439
-50173 -50864 -50727
-49941 -49075 -50163
-50670 -50414 -49368
-49059 -50579 -50124
-50161 -50985 -50188
-50013 -49323 -50227
-49260 -49941 -50906
-50796 -49596 -50564
-50661 -49401 -49305
-49403 -49108 -49424
-49747 -50708 -50148
-49782 -50712 -50651
-49117 -49179 -50292
-50397 -50986 -50627
-50306 -50731 -50945
-50615 -49941 -50367
-49793 -50354 -50343
-49129 -49588 -50756
-49491 -50384 -50538
-50330 -50495 -50244
-49433 -50510 -50275
-49135 -50543 -50569
-50173 -49761 -50430
-50340 -50074 -49961
-50620 -50953 -49918
-49518 -49425 -50744
-50603 -50789 -50706
-50816 -50187 -50078
-49789 -49154 -50026
-50345 -50488 -49898
-50381 -49752 -49484
-50373 -50402 -49469
-49493 -49093 -50226
-49613 -49225 -50620
-50414 -49026 -49236
-50685 -50054 -50714
-49630 -50608 -50383
-49431 -49624 -50770
-49008 -49822 -50176
-50664 -49882 -50054
-49899 -49714 -49557
-49279 -50844 -49407
-50883 -50792 -49772
-49550 -50041 -50094
-49531 -49642 -49757
-49478 -49112 -50815
-50595 -49457 -50302
-50547 -49519 -50790
-49860 -50498 -50296
-49516 -50712 -50293
-49008 -49236 -50729
-50257 -50381 -49038
-49733 -50360 -49005
-50372 -50119 -50942
-50602 -49466 -50346
-49455 -50389 -49520
-49386 -49836 -50330
-50490 -49953 -49225
-49775 -49278 -50691
-50225 -50223 -49740
-50446 -49162 -49192
-50255 -49929 -50097
-49658 -50450 -49306
-49426 -50691 -50176
-50849 -50191 -50595
-50478 -49680 -50549
-49765 -49116 -49550
-49902 -50245 -49490
-49278 -49416 -50321
-50306 -50162 -49324
-49058 -50699 -49703
-49511 -50330 -50118
-49827 -49893 -49684
-49455 -50160 -49205
-50549 -50348 -50045
-50175 -50727 -49775
-50246 -50461 -50415
-49283 -49067 -50823
-49069 -50261 -49620
-50991 -49148 -50771
-49562 -49801 -49031
-50603 -50588 -49854
-50338 -50973 -49422
-50931 -50981 -49699
-49177 -49400 -50111
-50525 -50666 -50512
-50819 -50581 -50487
-50307 -49369 -50050
-49041 -49611 -50142
-50627 -49223 -49000
-50435 -50497 -49535
-50409 -49005 -49081
-49944 -49274 -50147
-49011 -50996 -49215
-49788 -49581 -50986
-49835 -49932 -49397
-49871 -49972 -49394
-50194 -50946 -49231
-49265 -49825 -50396
-49430 -49713 -50824
-49278 -50722 -49750
-50321 -50956 -50484
-49557 -49936 -49811
-50402 -50364 -50537
-50772 -50994 -49042
-49379 -50969 -50663
-49148 -50122 -49461
-49843 -50791 -49301
-50118 -49733 -49615
-49744 -50167 -49845
-50011 -50238 -49170
-49274 -49391 -49834
-50309 -50286 -50630
-50880 -49514 -50524
-50410 -50967 -49871
-49656 -49340 -50485
-49734 -50521 -50867
-50775 -50624 -49283
-50245 -50591 -49150
-49236 -49125 -49273
-50460 -49709 -50216
-49648 -50426 -49457
-50332 -49137 -49211
-49447 -49810 -49030
-50235 -50371 -50848
-49208 -50425 -49660
-50496 -50739 -49556
-49889 -50414 -50614
-49891 -50045 -49862
-50297 -49610 -50959
-49882 -50280 -49783
-50665 -49952 -49574
-49102 -50557 -50541
-50110 -50945 -50028
-49505 -50253 -49147
-50561 -50202 -49463
-50449 -49575 -49097
-50536 -50263 -49186
-50123 -49198 -49779
-49213 -49203 -50236
-50968 -50655 -50920
-50664 -49311 -50013
-49649 -49057 -49005
-50427 -50530 -50279
-50759 -50373 -50022
-49850 -49447 -49415
-49111 -50095 -50014
-50703 -50042 -50743
-50313 -50163 -50929
-49230 -49328 -49843
-49115 -50533 -49882
-50783 -50463 -50130
-49959 -50873 -49817
-49649 -49893 -49736
-50721 -50046 -50820
-50810 -50095 -50738
-50052 -50495 -49539
-50814 -50035 -49382
-50375 -50917 -50694
-49678 -50793 -49139
-49628 -50751 -49953
-49584 -50809 -50494
-49412 -49032 -49510
-50606 -49009 -50556
-50675 -49068 -49631
-49985 -50326 -49363
-50130 -49908 -50079
-50331 -50083 -49921
-50337 -50923 -50034
-49557 -49187 -50980
-50630 -49363 -49160
-49976 -50572 -49006
-49263 -49260 -50069
-49293 -49065 -49289
-50618 -50169 -50155
-49397 -49885 -50596
-49385 -49578 -50741
-50615 -49038 -49851
-50693 -50174 -50420
-49573 -50370 -49073
-50636 -50612 -50032
-49103 -50712 -49948
-49787 -49117 -50875
-50548 -50618 -50676
-49481 -50575 -50207
-50019 -50560 -49048
-50426 -50007 -50067
-49457 -49738 -49712
-49117 -50327 -49655
-49501 -50170 -49395
-49862 -49180 -49811
-50593 -49100 -50493
-50376 -49373 -50485
-50451 -50385 -50837
-49211 -50059 -49506
-49143 -49147 -50901
-49839 -49203 -50670
-50881 -50753 -50001
-49396 -49772 -49901
-50286 -49480 -49607
-49182 -49487 -49547
-50312 -49002 -49350
-49447 -49261 -50769
-49537 -50014 -50015
-50026 -50231 -50122
-50012 -50286 -50306
-50556 -50871 -50186
-50391 -50975 -50680
-49735 -50670 -49130
-49206 -50585 -50937
-49464 -49573 -49303
-50902 -49080 -50393
-49218 -50231 -50948
-49495 -50488 -50858
-50630 -50673 -49542
-49514 -49932 -49334
-50794 -49845 -49087
-49229 -50284 -50201
-50245 -49342 -50949
-50785 -49697 -49023
-49179 -49421 -50285
-50695 -50593 -50659
-50170 -50590 -50175
-49162 -50931 -49434
-50087 -50139 -49179
-49318 -50040 -50795
-50160 -49348 -49840
-50403 -50713 -50601
-50651 -50568 -49423
-50070 -50535 -49964
-49127 -49931 -49614
-49787 -50813 -49219
-49251 -49861 -50895
-49424 -49730 -49799
-49492 -49848 -49306
-50660 -49974 -49744
-49338 -50512 -49967
-49369 -50463 -50227
-49383 -50696 -50030
-49639 -49462 -49892
-49657 -49163 -49759
-49156 -50346 -50886
-50224 -50727 -49694
-50316 -49268 -49683
-49628 -49559 -49254
-50013 -49635 -50662
-49148 -50809 -50117
-49293 -50358 -49736
-50056 -49499 -50857
-50397 -49111 -50227
-49860 -49763 -50342
-49631 -50955 -50110
-50182 -49671 -49622
-49427 -50461 -50758
-50787 -50116 -49232
-50363 -50759 -49140
-50121 -49055 -50071
-50427 -49420 -50205
-49696 -49820 -50850
-49912 -49655 -49391
-49158 -49913 -50653
-49022 -49866 -50848
-50173 -49012 -49166
-50601 -50638 -50390
-50737 -49217 -49097
-49798 -50076 -49095
-50406 -49172 -50084
-50250 -49612 -50004
-50529 -50722 -49858
-49519 -50367 -49700
-50164 -50150 -50579
-50726 -49386 -50824
-49322 -49018 -49014
-50720 -49409 -49396
-49277 -49205 -50017
-50016 -50442 -49677
-50498 -49193 -49981
-49571 -50268 -50023
-49283 -49292 -50679
-49326 -50738 -50811
-49044 -50978 -50200
-49113 -49305 -50872
-49474 -49221 -49248
-50463 -49344 -50942
-50237 -49388 -49895
-50557 -50675 -49789
-50231 -50922 -50073
-50420 -50580 -50932
-49028 -49344 -49215
-50618 -50917 -49052
-50845 -49972 -50176
-49215 -50155 -50199
-50240 -50719 -50232
-50582 -49005 -50403
-49348 -49393 -50062
-49369 -49033 -49642
-50891 -50396 -50240
-50250 -49382 -49988
-50364 -50280 -50289
-49660 -50434 -49557
-49586 -49419 -49029
-50819 -49420 -50543
-50422 -50840 -50460
-49250 -50701 -50021
-50586 -49356 -49162
-50867 -49001 -49116
-50895 -49549 -49860
-50950 -49945 -50361
-50329 -49355 -49555
-50322 -49568 -49881
-49241 -50875 -49105
-50096 -50809 -49324
-49092 -50974 -49735
-49645 -49895 -50587
-49597 -50531 -49213
-49408 -50094 -50330
-49440 -49753 -49912
-50074 -49151 -50482
-49120 -50191 -49873
-50619 -50761 -50279
-50941 -49220 -50825
-50497 -49385 -49099
-49328 -50244 -50245
-49319 -49030 -49137
-49560 -49315 -50679
-49088 -50944 -50667
-49312 -50938 -50973
-49735 -49013 -50484
-50689 -49606 -49474
-50583 -50616 -49446
-50905 -49256 -50738
-50923 -49786 -49237
-49614 -50131 -50174
-50986 -50454 -50936
-49588 -50664 -49827
-50896 -49020 -49702
-50242 -50844 -49640
-50432 -50069 -49019
-50116 -50414 -50171
-49683 -50412 -50693
-50161 -50741 -49947
-49686 -50552 -49832
-49471 -49592 -49773
-49743 -50149 -49820
-50693 -49420 -50459
-50681 -49937 -50191
-50339 -50910 -49876
-49978 -49805 -49714
-49440 -49252 -50423
-49689 -50696 -50320
-49908 -49362 -50117
-50230 -49586 -50314
-49824 -49064 -50164
-50614 -50324 -49229
-49399 -50499 -49514
-50187 -50097 -50318
-49702 -50928 -49837
-50794 -49944 -50706
-50029 -49365 -49349
-50798 -49330 -50024
-50314 -49355 -49593
-49174 -50126 -50209
-49585 -49372 -49114
-49199 -49820 -50075
-50560 -49612 -49744
-50382 -50670 -49232
-50731 -49159 -49621
-50371 -49068 -50327
-50669 -50500 -49287
-49504 -50988 -49221
-49729 -49015 -49033
-50376 -49070 -50777
-49681 -49958 -50241
-49744 -50849 -50416
-50628 -49874 -50145
-49700 -50925 -49062
-49656 -49143 -49991
-50577 -49208 -49871
-49873 -49149 -50035
-49420 -49828 -50908
-50150 -49458 -49845
-50233 -50471 -50775
-49307 -50472 -49631
-49167 -49459 -49108
-49754 -49580 -49546
-50413 -50784 -49990
-50512 -49630 -49350
-50436 -50379 -50003
-49163 -49856 -50226
-49675 -49575 -49356
-49189 -49461 -49218
-50131 -49897 -49018
-49204 -50069 -49330
-49183 -49348 -50746
-50578 -50482 -50941
-50962 -50014 -50967
-49194 -50665 -50515
-49127 -50892 -50721
-50557 -49500 -49181
-50786 -50038 -50342
-50833 -49043 -50427
-49973 -49062 -50875
-49878 -49294 -50600
-49797 -49485 -49592
-50136 -49925 -50460
-50762 -50200 -50525
-49304 -50171 -50793
-49314 -49425 -49206
-49877 -50739 -50662
-50238 -49247 -49006
-49484 -50746 -50672
-50466 -49263 -50482
-49606 -49326 -49796
-49082 -50833 -49382
-49446 -49035 -50578
-50483 -49621 -49122
-50719 -49463 -49060
-49890 -50451 -49033
-49499 -50153 -49554
-50346 -50033 -49174
-49602 -49860 -50345
-49563 -50737 -50543
-49292 -50693 -49638
-50585 -49037 -50456
-50084 -50613 -49059
-49938 -49051 -49875
-49915 -50307 -50030
-49017 -50867 -50218
-49063 -49946 -49775
-50421 -50527 -49365
-49333 -50021 -50111
-50072 -49939 -49964
-49665 -49527 -49058
-49312 -50097 -49208
-50318 -49019 -49568
-50909 -50702 -50487
-49665 -50260 -50378
-49251 -49400 -49979
-50090 -49067 -49644
-49593 -49363 -49307
-50879 -50910 -50887
-50482 -50918 -50146
-49098 -50174 -49841
-50204 -49974 -50482
-50683 -49915 -49722
-49433 -49812 -50202
-50224 -50946 -50576
-49286 -49002 -49986
-49018 -50308 -50163
-50780 -49789 -49482
-50633 -49926 -49566
-50651 -50384 -49349
-50160 -50685 -49399
-50499 -50230 -50374
-50895 -49480 -50837
-50585 -49546 -50032
-49495 -50921 -49249
-50930 -50083 -50926
-49529 -49319 -49251
-50485 -50636 -50275
-49087 -49831 -50726
-49776 -50174 -50277
-49505 -50135 -50810
-50138 -49932 -49093
-50356 -50778 -50548
-50212 -49314 -50960
-50304 -49148 -50368
-50194 -49829 -49671
-50396 -50213 -50666
-50580 -49164 -49835
-49246 -50074 -50859
-50747 -49202 -50280
-49636 -49922 -49694
-49793 -49514 -49683
-50028 -49431 -50208
-49469 -49904 -50490
-49636 -50482 -49169
-50915 -49985 -49048
-49427 -49816 -49839
-50660 -50321 -50324
-49652 -50158 -49052
-50329 -50406 -50087
-50311 -49716 -50494
-49751 -49442 -50902
-49038 -50807 -50688
-50449 -50547 -50371
-50920 -49857 -50433
-50629 -49577 -50860
-49848 -49486 -50524
-49003 -49087 -50897
-49670 -50730 -50275
-49608 -50411 -50527
-50695 -50931 -50104
-49254 -50724 -49172
-49342 -49467 -49114
-50297 -50862 -50374
-49517 -50696 -50342
-50545 -50251 -49477
-49806 -49742 -50994
-49109 -49126 -49550
-49019 -50494 -50531
-49965 -50745 -50541
-49527 -50062 -49552
-49423 -49227 -50240
-49015 -49505 -49285
-50007 -50328 -49198
-49285 -50171 -49709
-49199 -49537 -49718
-50154 -49989 -50689
-49800 -50747 -50108
-49773 -50750 -50606
-49795 -50431 -50729
-49970 -50128 -50052
-50126 -50690 -49478
-50229 -50798 -49288
-50468 -49066 -50804
-49341 -49058 -49498
-50420 -49960 -49267
-50612 -50094 -50928
-49482 -50935 -49195
-49985 -49000 -50721
-49271 -50499 -49775
-50679 -50386 -50455
-50034 -50891 -50529
-50011 -49415 -50129
-49698 -49222 -49304
-49796 -50251 -50531
-50281 -49037 -49412
-50096 -50005 -50009
-49201 -50298 -50182
-49729 -49765 -49093
-49659 -50879 -50645
-49881 -49167 -50066
-50576 -49406 -49403
-49008 -49287 -50585
-49865 -50866 -49653
-49697 -50338 -49568
-50275 -49672 -50312
-49036 -50698 -49848
-50610 -49230 -50881
-49959 -50117 -49568
-49857 -49118 -49621
-49295 -49427 -49275
-50056 -49485 -50044
-49188 -50576 -50899
-50505 -49411 -49122
-49742 -49097 -49553
-50157 -50122 -50806
-49448 -49254 -50672
-50773 -49544 -49625
-50543 -50780 -50419
-50999 -50034 -50985
-50170 -49803 -50248
-49930 -49989 -50814
-50567 -50345 -50654
-49062 -49690 -49462
-50148 -50528 -50835
-49594 -49722 -50032
-50237 -50323 -49914
-50569 -49399 -50371
-49282 -50639 -49235
-50639 -50138 -50289
-49684 -49001 -49321
-50332 -50077 -49164
-49907 -49785 -49695
-50331 -50392 -50849
-50727 -50805 -50363
-49247 -50687 -50290
-50352 -50589 -50604
-49297 -50863 -50870
-50395 -49191 -50846
-50999 -49514 -49290
-50276 -49016 -50970
-50873 -50784 -50898
-50884 -49502 -50025
-49874 -49663 -50513
-49256 -50540 -49393
-50335 -50831 -49706
-50917 -49177 -50010
-49913 -49189 -49229
-49264 -50427 -50580
-49037 -50156 -49990
-50960 -50096 -50903
-49113 -49362 -49864
-49472 -50684 -49086
-50885 -49339 -49867
-50454 -49340 -50059
-50994 -49850 -50343
-49290 -49044 -49979
-50006 -50400 -49718
-49242 -50494 -50261
-49276 -50134 -50464
-49063 -50013 -50111
-49135 -50344 -50467
-49283 -49589 -49370
-50349 -50172 -50343
-50648 -50845 -50664
-49932 -50534 -50870
-50258 -50926 -50480
-50856 -49422 -49687
-50057 -49957 -49790
-50955 -50710 -50491
-49031 -49981 -49740
-49267 -49475 -49379
-50124 -50970 -49106
-50940 -49054 -50616
-49488 -50674 -50032
-49281 -49076 -50186
-49035 -50578 -50841
-50385 -50566 -49286
-49166 -49716 -49392
-49495 -49275 -49705
-50550 -50291 -50372
-49391 -49121 -49491
-49424 -49308 -50517
-49595 -50650 -49593
-49816 -50527 -50316
-49960 -49986 -50230
-50828 -49088 -49883
-49612 -50847 -50837
-49484 -49875 -50602
-49512 -49331 -50572
-49758 -50519 -50879
-49645 -49883 -50665
-49724 -50026 -49461
-49144 -49303 -49629
-49313 -50991 -50552
-50512 -49590 -49722
-50709 -50401 -50436
-49257 -49765 -50763
-49819 -49709 -49082
-50520 -50309 -49671
-49057 -50133 -49838
-49483 -50313 -49460
-49098 -49881 -49945
-49978 -49056 -50904
-49297 -49953 -50215
-49840 -49749 -50413
-50189 -49678 -50358
-49548 -50292 -50887
-50699 -49112 -49539
-49077 -50477 -50885
-49655 -50144 -50790
-49449 -49491 -49435
-50896 -49946 -50207
-50090 -50895 -50858
-49859 -50062 -49478
-49419 -50712 -49397
-49649 -49994 -49536
-49781 -49457 -50065
-49694 -50634 -50962
-49606 -49253 -50703
-50837 -50371 -50335
-50050 -50075 -49987
-49096 -50672 -50820
-50461 -49861 -49532
-50055 -50456 -50871
-49297 -49294 -49614
-50850 -50419 -49491
-49639 -49255 -50137
-49407 -49029 -49815
-50838 -49366 -49724
-49615 -49267 -50546
-49369 -50133 -49569
-49602 -49359 -50205
-50182 -49699 -49519
-49788 -50659 -49455
-50706 -50800 -49942
-50207 -50793 -50208
-49707 -49087 -49190
-49574 -50538 -49284
-50504 -49988 -50740
-49877 -49677 -49607
-49258 -49690 -50552
-50281 -49380 -49060
-49120 -50842 -49558
-50419 -50848 -49748
-49026 -49878 -50984
-50291 -50497 -50533
-49816 -50412 -50228
-50663 -49022 -50888
-49204 -49310 -49758
-49042 -50023 -50929
-50646 -49927 -50341
-49632 -49428 -49375
-50203 -50270 -50440
-49520 -49771 -50879
-49612 -49991 -49071
-50633 -49583 -50710
-50569 -49159 -50576
-50882 -49790 -50977
-49189 -50522 -49025
-50525 -49294 -49499
-50533 -49297 -50758
-50579 -49232 -49036
-50853 -49709 -49837
-49791 -49306 -50930
-49988 -50655 -49614
-49904 -49641 -49249
-50231 -49336 -49568
-50503 -50205 -50464
-49026 -49426 -49418
-49190 -49764 -50677
-50638 -49906 -49132
-50628 -50519 -50320
-50484 -49827 -49702
-50285 -49185 -50079
-49324 -49062 -50709
-50203 -50261 -50024
-50814 -49769 -50600
-49626 -49648 -49426
-49020 -49315 -50106
-49213 -49583 -50929
-50601 -49745 -49289
-49137 -49012 -49214
-50421 -49099 -50372
-50956 -49472 -50108
-49371 -49643 -50377
-50951 -50896 -50299
-50854 -50352 -50970
-49705 -49791 -50927
-50404 -49717 -49324
-49885 -49030 -49697
-49241 -49575 -50660
-50295 -49518 -49491
-50505 -50066 -49157
-49726 -50954 -49009
-50452 -49062 -50750
-49772 -50949 -49832
-50699 -49358 -49838
-49673 -50728 -50541
-50051 -50101 -49351
-49806 -49715 -50927
-50752 -49457 -50677
-49962 -50152 -49723
-49451 -49331 -50017
-50761 -50156 -50944
-49838 -49709 -49518
-49144 -49963 -50913
-50801 -49525 -49711
-50946 -50968 -49070
-49405 -50185 -49217
-50088 -49960 -50793
-49825 -49730 -50411
-50861 -50548 -49185
-50716 -49451 -50834
-50142 -49307 -49054
-49753 -50403 -50236
-49572 -49665 -49610
-49319 -49943 -50579
-50849 -49548 -49045
-50061 -50173 -49479
-50853 -50624 -50420
-50836 -49805 -50387
-49116 -50251 -49297
-50474 -50335 -49047
-49093 -50487 -50632
-49567 -49749 -49990
-50986 -50419 -49840
-50476 -49057 -50763
-50233 -50070 -49972
-50189 -49112 -50885
-50501 -49870 -50752
-49604 -50765 -50676
-49112 -50278 -49804
-50628 -50381 -49550
-50188 -49476 -49047
-49996 -49188 -50244
-49343 -49553 -49207
-50205 -49107 -49696
-50737 -49050 -50743
-49367 -50318 -50145
-50603 -50266 -49788
-49378 -49610 -49654
-50413 -50993 -50524
-50283 -49807 -49754
-49899 -50372 -50150
-49087 -50149 -50326
-50678 -49592 -49552
-49594 -50856 -49870
-50054 -50938 -49540
-50906 -49344 -50689
-50728 -50719 -50068
-49672 -49243 -50671
-49840 -49442 -50147
-50087 -49970 -50440
-49183 -49718 -49479
-49722 -50420 -49532
-49919 -50766 -50251
-50931 -50090 -50690
-50632 -49661 -49866
-49244 -49342 -49434
-50157 -49368 -49444
-50868 -49823 -50886
-50135 -49897 -50976
-50948 -49220 -50727
-50375 -50684 -50113
-49995 -50154 -49606
-49981 -49929 -49665
-50346 -50893 -49495
-50061 -49578 -50704
-50065 -50390 -49863
-50520 -50130 -50650
-50335 -49293 -49012
-49767 -49801 -50200
-49403 -49822 -49837
-49431 -49057 -50556
-50525 -49563 -50935
-49294 -50847 -50841
-50602 -49084 -49233
-49291 -50045 -50876
-49783 -50734 -50359
-50520 -49776 -49884
-49892 -49220 -50633
-50032 -49226 -50016
-50316 -50366 -50198
-50696 -50821 -49195
-50264 -49083 -49396
-49887 -49146 -50517
-50430 -50534 -49092
-50821 -49788 -49071
-49767 -50970 -50554
-49056 -50226 -49487
-50962 -50094 -50941
-50764 -50325 -49815
-50449 -49273 -50591
-49490 -50355 -49675
-49103 -49845 -50089
-49452 -50853 -50122
-50707 -50129 -50959
-50034 -49837 -49006
-49005 -49552 -49394
-50091 -49828 -49192
-50409 -49227 -50656
-49761 -50757 -49005
-50363 -49491 -50417
-50282 -50835 -50218
-49141 -49918 -50406
-49308 -49869 -50736
-49332 -50403 -50081
-50240 -50474 -50012
-49189 -50123 -50440
-49686 -49509 -50343
-50873 -50823 -49505
-49163 -50216 -49240
-49015 -49442 -49160
-50029 -50836 -50305
-49587 -50249 -50000
-49202 -50039 -50116
-49933 -50195 -49570
-50579 -49155 -50271
-49415 -49154 -49958
-50407 -49718 -50606
-50448 -50051 -50654
-49987 -50689 -49838
-50617 -49263 -49858
-50917 -50011 -50954
-49787 -49144 -50386
-50317 -49073 -49040
-49437 -50042 -50755
-49584 -49953 -49288
-50852 -50767 -49216
-49239 -50911 -50349
-49759 -50545 -49063
-49272 -50545 -49996
-49495 -49746 -49601
-50860 -50477 -50740
-50202 -50129 -50813
-49861 -50561 -50250
-50757 -50079 -50977
-50846 -50113 -50034
-49912 -50731 -50259
-49708 -49953 -49498
-49007 -50451 -50042
-50500 -49207 -49217
-50594 -50172 -49099
-49026 -50180 -50062
-50897 -49165 -49849
-50515 -50272 -49240
-50511 -50469 -50425
-50910 -50228 -50260
-50048 -50901 -49904
-50751 -50611 -49091
-49031 -50262 -49951
-49123 -50975 -50940
-50009 -49400 -49589
-50296 -49080 -49240
-50143 -49351 -49714
-50539 -50921 -50595
-50221 -49375 -50726
-50709 -49912 -50627
-50885 -49805 -50369
-50659 -49149 -50102
-49166 -49877 -49192
-49077 -49104 -50020
-50770 -50200 -50433
-50915 -49815 -49437
-50024 -50701 -49689
-50912 -50746 -49610
-50018 -49132 -50574
-49011 -49810 -50157
-49622 -50974 -50046
-50151 -50470 -50821
-49359 -49792 -49538
-50538 -49234 -50695
-50881 -50752 -49233
-49659 -49712 -50709
-49962 -50713 -49715
-49819 -49073 -50696
-50726 -50599 -49810
-49825 -49940 -50880
-50936 -49770 -49089
-49182 -50466 -50536
-49294 -49475 -49864
-49480 -49733 -50002
-50017 -50054 -49467
-49299 -50184 -50023
-49993 -50239 -49411
-50949 -49918 -49052
-49122 -50547 -50272
-49331 -49923 -50826
-50126 -50140 -50882
-50398 -50127 -49631
-50217 -50413 -49607
-50085 -49441 -49549
-49482 -49876 -49361
-50693 -50736 -50985
-49884 -50199 -49991
-50428 -49255 -49131
-50055 -49550 -49772
-49784 -49487 -50336
-49198 -50698 -50961
-50298 -50673 -50738
-49980 -50354 -50361
-49214 -49260 -49353
-50306 -49298 -50893
-50977 -50875 -49825
-49174 -49083 -49198
-50244 -50738 -49084
-49619 -50339 -50198
-49839 -49464 -50508
-50113 -49336 -49758
-50339 -50223 -49195
-50160 -50799 -49051
-49313 -50542 -50587
-50984 -49560 -49934
-49127 -50883 -49772
-49031 -50863 -49977
-50792 -49143 -50745
-49340 -49351 -50974
-49684 -50017 -49656
-50279 -49273 -50362
-50315 -50205 -49573
-50039 -49922 -50257
-49026 -50390 -49624
-49542 -49953 -50532
-50593 -50987 -50845
-49244 -50802 -50377
-49443 -49698 -50028
-49560 -50344 -49538
-50413 -50434 -49420
-49614 -50184 -49172
-51000 -49301 -50451
-50661 -49699 -49260
-50975 -50526 -50351
-49883 -49223 -49729
-50085 -50358 -50448
-49483 -50079 -49780
-49931 -50836 -49664
-49957 -49971 -50560
-50881 -49272 -50842
-50492 -50872 -50867
-49801 -50972 -50204
-49802 -50291 -49241
-50905 -49727 -50737
-50850 -49126 -49987
-49770 -50631 -50724
-50344 -50198 -49052
-50803 -49670 -50122
-50402 -49177 -50598
-50816 -49611 -50841
-49163 -50752 -50192
-49429 -50208 -49783
-49661 -50063 -50614
-49593 -49932 -49624
-49285 -49502 -50974
-50165 -50012 -50893
-49563 -49645 -49016
-50239 -50917 -50553
-50724 -49868 -49277
-49691 -49688 -49158
-50943 -50094 -50297
-49671 -49554 -49048
-49256 -50122 -49746
-50076 -49860 -49492
-49379 -49178 -50046
-49785 -50347 -49232
-49048 -49471 -49304
-50762 -50913 -50170
-49380 -50471 -50483
-50061 -49669 -49132
-49861 -50059 -50925
-50273 -49782 -49533
-50807 -50150 -49643
-49548 -50505 -49227
-50500 -50482 -50873
-49283 -50912 -50765
-50675 -50874 -50156
-49911 -49687 -49109
-50460 -50028 -49103
-50721 -50970 -50516
-50754 -50935 -50815
-50971 -50582 -50462
-50389 -50223 -49669
-49705 -50602 -49625
-50879 -50881 -50986
-49091 -50420 -50472
-49313 -49863 -49334
-50373 -49755 -49220
-50749 -49743 -50480
-49539 -50696 -50005
-50258 -50104 -50262
-49984 -50978 -50842
-50480 -50751 -49764
-50288 -49901 -49214
-49938 -49593 -50662
-49319 -49100 -50240
-50228 -50410 -50323
-50648 -50439 -50357
-50060 -49891 -50630
-50798 -50653 -49149
-49314 -49513 -50304
-49121 -49242 -50917
-50580 -50298 -50622
-49313 -50759 -50992
-49991 -50637 -50904
-50008 -49993 -49535
-50221 -50646 -49411
-50726 -49303 -50098
-50865 -49432 -49056
-49182 -50207 -49689
-50715 -50042 -50313
-49474 -50298 -50502
-49744 -50906 -49790
-50635 -50958 -49041
-50820 -49399 -49855
-50078 -49443 -49239
-49514 -50662 -49698
-49046 -49111 -50462
-50486 -50096 -50691
-50770 -50861 -49013
-49715 -50199 -50248
-49722 -50424 -49575
-49050 -50544 -49718
-49886 -50715 -50623
-50524 -49828 -49886
-50276 -49991 -49071
-50164 -50782 -50317
-50055 -50757 -49825
-50979 -50382 -49496
-49268 -50549 -49740
-49490 -49365 -50373
-50197 -50037 -50699
-50914 -50776 -49562
-50945 -49331 -50576
-49375 -49492 -49671
-50267 -50814 -49928
-49935 -50344 -49484
-49721 -50267 -49705
-50796 -50627 -50353
-49547 -49390 -49281
-50733 -49412 -49046
-49152 -50727 -49678
-50023 -50590 -50805
-50252 -50258 -50803
-50915 -50845 -50932
-50715 -50986 -50286
-50799 -49644 -50666
-50112 -50332 -49415
-50855 -50184 -50568
-50605 -50325 -50390
-50843 -50995 -50913
-50504 -50020 -50060
-50968 -49450 -49711
-50488 -49958 -50400
-49827 -49008 -50031
-50137 -50159 -49046
-50576 -49656 -49150
-50728 -49818 -49682
-49564 -50533 -49426
-50164 -49392 -50783
-49018 -49882 -50896
-50813 -50461 -50296
-49857 -49561 -49689
-49052 -50088 -50804
-49475 -49338 -50492
-50026 -50271 -49197
-49523 -49391 -50828
-49603 -50961 -50026
-50511 -49783 -50078
-49986 -50043 -49607
-49840 -50261 -50157
-49012 -49089 -50828
-49266 -50261 -49723
-49168 -50526 -49258
-50545 -50167 -50863
-49166 -50094 -49052
-49584 -49233 -49434
-49240 -50962 -49729
-49380 -50158 -49736
-50377 -49365 -50653
-49406 -49881 -50034
-50555 -49476 -49554
-49962 -50322 -50977
-50809 -49323 -50222
-49400 -49297 -50495
-50331 -49857 -49773
-50337 -49224 -50117
-50115 -49074 -50657
-50094 -49637 -50597
-49326 -49360 -50464
-50130 -49537 -49930
-49192 -50420 -49243
-49131 -49400 -50562
-50181 -50989 -50504
-49047 -50271 -49373
-49561 -49307 -49357
-50550 -49078 -49711
-49639 -50426 -50710
-49238 -50747 -49333
-49273 -50953 -50820
-50756 -49228 -49626
-50461 -50989 -49797
-50387 -50879 -49586
-50659 -49098 -50405
-49671 -49084 -49818
-49857 -50088 -49327
-50281 -50743 -50318
-49387 -49212 -49967
-49437 -49949 -50398
-50465 -50869 -50756
-50552 -50782 -50432
-49418 -50031 -50482
-50817 -50982 -50850
-50757 -50716 -49038
-50464 -49200 -50820
-49694 -49621 -49367
-50433 -50597 -49203
-50022 -50421 -50456
-49644 -50091 -50124
-49616 -50758 -50738
-49851 -49930 -50970
-50630 -49448 -49674
-50272 -50215 -49490
-49409 -49863 -50096
-50687 -50831 -50807
-50895 -49953 -49361
-49068 -50205 -50937
-50191 -50782 -49022
-50142 -50942 -49240
-49494 -50360 -50759
-49974 -50559 -49233
-49650 -50661 -49586
-50922 -49406 -50880
-49784 -49507 -50356
-50493 -50744 -50748
-50455 -50267 -49464
-50043 -49912 -49265
-50122 -50508 -49240
-50935 -50488 -50112
-49220 -50539 -50022
-49894 -50595 -49654
-50847 -49670 -49053
-49258 -49565 -49935
-50354 -50921 -50225
-49514 -50874 -50266
-50602 -49527 -49742
-49196 -50730 -49408
-50101 -50127 -50434
-50317 -49132 -50509
-50465 -50052 -50681
-49877 -49229 -49959
-50859 -50644 -50497
-50998 -49923 -50702
-49066 -50259 -49872
-50177 -50982 -50516
-49749 -49084 -50043
-50229 -49511 -50436
-49724 -50473 -49403
-49058 -49341 -50518
-49043 -49683 -49641
-50286 -49799 -50557
-49619 -49505 -49071
-49274 -49441 -50640
-49544 -50716 -49177
-50794 -49586 -49403
-49592 -49375 -49997
-49161 -50103 -50677
-50068 -49669 -50447
-50642 -49399 -50945
-50130 -49477 -49411
-49772 -50265 -49744
-49415 -49525 -50056
-50340 -50742 -50501
-50796 -49837 -49042
-50125 -49141 -49749
-50276 -50438 -50729
-50165 -49780 -50927
-50027 -49204 -49935
-49902 -50286 -50597
-50254 -49091 -49577
-49424 -50397 -49623
-50318 -50886 -50343
-50981 -49854 -50872
-49162 -50828 -49605
-50504 -50590 -50539
-50502 -50013 -50672
-49760 -50755 -50324
-49335 -49844 -50115
-50023 -49582 -49754
-50899 -49714 -50729
-49647 -50426 -49679
-50231 -50308 -50485
-50594 -49666 -49818
-49769 -50753 -49317
-49786 -49150 -49693
-50587 -50908 -50039
-50542 -49068 -50781
-50742 -50486 -49490
-50208 -50189 -50914
-50430 -50239 -50688
-50967 -49026 -49406
-50790 -50995 -49748
-50272 -49280 -49656
-49608 -49548 -50417
-50899 -49472 -50384
-49941 -50065 -50165
-49525 -49640 -49856
-49894 -49143 -49462
-49605 -49115 -49195
-49053 -49822 -50731
-49853 -50427 -49275
-49920 -49187 -49695
-49944 -50971 -49545
-50677 -50792 -50568
-49067 -50126 -50456
-50789 -49163 -49014
-50861 -49052 -49547
-49516 -49575 -50749
-50119 -50755 -50016
-49485 -50415 -50851
-50817 -49896 -49473
-50159 -50838 -50793
-50006 -50322 -49271
-50014 -49893 -50758
-50969 -50522 -50134
-49209 -49906 -50797
-50606 -50889 -49393
-49683 -50935 -49837
-49135 -49171 -49662
-49076 -49329 -50181
-50866 -49253 -49584
-49040 -50823 -51000
-49796 -49776 -49102
-50362 -49352 -49197
-49608 -49745 -49063
-49310 -50037 -50662
-49064 -49331 -49970
-49298 -50549 -50528
-49791 -49978 -49495
-49727 -50732 -49133
-50702 -49656 -50966
-49371 -50700 -50183
-49377 -49051 -49402
-50480 -50334 -50559
-49347 -49861 -49626
-50933 -50581 -49731
-49523 -49899 -50633
-49617 -49730 -50972
-49523 -50038 -50383
-50022 -49827 -50384
-49741 -50768 -49740
-49923 -49022 -50846
-49497 -50230 -50352
-49375 -50960 -50533
-49899 -50870 -49523
-49364 -50436 -49027
-49169 -49031 -50353
-49493 -49895 -49466
-49294 -49372 -49807
-49168 -50643 -49531
-50390 -50814 -50340
-50951 -50024 -50667
-50199 -49190 -49264
-49939 -49782 -49759
-50260 -49913 -49951
-49485 -50571 -49074
-50210 -49661 -50476
-49940 -50360 -49191
-49572 -50502 -49463
-50014 -50444 -50012
-50145 -50228 -50312
-50402 -49853 -49991
-50800 -50158 -50072
-49434 -49220 -50622
-49908 -50200 -49443
-50059 -50288 -49021
-50483 -49227 -49836
-49912 -49528 -50562
-50642 -50638 -49246
-49964 -50065 -49517
-49692 -50425 -50781
-50573 -50844 -50668
-50661 -49923 -50733
-49512 -50638 -50525
-49263 -49115 -50477
-49115 -49678 -50169
-49789 -49985 -49706
-50507 -49617 -49799
-50870 -50282 -49457
-49009 -50452 -50025
-49619 -49042 -49021
-49777 -49003 -50668
-49467 -50598 -49061
-50562 -50987 -49744
-50317 -49303 -50244
-50308 -50933 -50376
-50848 -49783 -50450
-50734 -49943 -50740
-49543 -49419 -49109
-50573 -49574 -49781
-50111 -50470 -50454
-49955 -49604 -50730
-50441 -50736 -49213
-50221 -49007 -50976
-49772 -49887 -49090
-49863 -50560 -49013
-50738 -49208 -50355
-50941 -49658 -50004
-49655 -50115 -49329
-50665 -49372 -49365
-49788 -49087 -49464
-50005 -49976 -50973
-49025 -49582 -49111
-49703 -50370 -50168
-49887 -49190 -50070
-49806 -49377 -50993
-50282 -49429 -50044
-49446 -50684 -49747
-50306 -49656 -50800
-49584 -50807 -50524
-49608 -49694 -50141
-49143 -50518 -49880
-49114 -50089 -50880
-49046 -50452 -49130
-50480 -49753 -49243
-50476 -49112 -49481
-49176 -49955 -49477
-49350 -49023 -49903
-50953 -49590 -50201
-49115 -50827 -49659
-50165 -49479 -50255
-50789 -50699 -49395
-50115 -50199 -49766
-50609 -49626 -50775
-50769 -49869 -50534
-49323 -49262 -49908
-49931 -49541 -49691
-49735 -49342 -50864
-49903 -50383 -49277
-50065 -50988 -50223
-50339 -49605 -49287
-50701 -49476 -49227
-49237 -49984 -49298
-49707 -50678 -50711
-50466 -49804 -50536
-49270 -49783 -49595
-49060 -49460 -49697
-50030 -49116 -49531
-49098 -50302 -49604
-50993 -49534 -50435
-50571 -49528 -50775
-49867 -49198 -50591
-49440 -50246 -50216
-50945 -50389 -49897
-49672 -49414 -50177
-50054 -50768 -50517
-49156 -49261 -49779
-50006 -50310 -50308
-50246 -49252 -49931
-49460 -49923 -49495
-50981 -49458 -50982
-49479 -49529 -49578
-49177 -49859 -49450
-49060 -49956 -49641
-50430 -50102 -50962
-49932 -49382 -49931
-49548 -50345 -49364
-50462 -50073 -50068
-50943 -50609 -49918
-49589 -49094 -49079
-50973 -49349 -50569
-49442 -50931 -50508
-49120 -50386 -50196
-49321 -49850 -50864
-50474 -50783 -50677
-50948 -49985 -50720
-49665 -49146 -49566
-49229 -49529 -50505
-49539 -49615 -50245
-49025 -50057 -50277
-50938 -49265 -50535
-49515 -49249 -49945
-50420 -49723 -49741
-49162 -49126 -49982
-49367 -49649 -50339
-50353 -49617 -49577
-50076 -49711 -49759
-49824 -49003 -49450
-49929 -49382 -49134
-49913 -49267 -49766
-50483 -50774 -50116
-49530 -50841 -50620
-49488 -50910 -50849
-50028 -49214 -50492
-50825 -49357 -50957
-50131 -50561 -50449
-49996 -50636 -50726
-49375 -49096 -50961
-49803 -50373 -50335
-50071 -49693 -50275
-50935 -50939 -49804
-49693 -50493 -49535
-50779 -50812 -50197
-50889 -50243 -50924
-50771 -49020 -50101
-49971 -50372 -50771
-49525 -49767 -49192
-49398 -50684 -50690
-50556 -50795 -49681
-50320 -50147 -49877
-49415 -49791 -49573
-50272 -49357 -49013
-50596 -49685 -49047
-50267 -49911 -49735
-50251 -50369 -50910
-50306 -49087 -50941
-50207 -50476 -50155
-50253 -50439 -50066
-49223 -49968 -50888
-50033 -49101 -49350
-49787 -49213 -49476
-49680 -49045 -49077
-49765 -50725 -49934
-50192 -49766 -50480
-50407 -49735 -49141
-50368 -49689 -50907
-50201 -50226 -49079
-50802 -49851 -49260
-50445 -49067 -50500
-49529 -50050 -49439
-50917 -49024 -49034
-50929 -49931 -49157
-49490 -49542 -50634
-50533 -49010 -49672
-49014 -50009 -49940
-49234 -49658 -50645
-49097 -49391 -50097
-49377 -49445 -50332
-50904 -49426 -49638
-50317 -50202 -50543
-49857 -49539 -50088
-49145 -50690 -49735
-49871 -50223 -50072
-49029 -50538 -50795
-49988 -49771 -49655
-50470 -50158 -50880
-49470 -50610 -50996
-49823 -50427 -49486
-49988 -50172 -50634
-49203 -50444 -50955
-49356 -50285 -50948
-49050 -49850 -50564
-50733 -50799 -50358
-49190 -50172 -50573
-49633 -49159 -50652
-49607 -50596 -49115
-49157 -49009 -50635
-50758 -50078 -50411
-49909 -49152 -49235
-49925 -49981 -49633
-50382 -49385 -49358
-50438 -49721 -50103
-50839 -49196 -50427
-49524 -50633 -50480
-50275 -50947 -50615
-49007 -50307 -50117
-50713 -50243 -49239
-50933 -50472 -50869
-49720 -49659 -50076
-49459 -50742 -50107
-49376 -49903 -49200
-50225 -50240 -50875
-50682 -50090 -49302
-50546 -50552 -50824
-49110 -50286 -49630
-49090 -50131 -49607
-50018 -50985 -49823
-49671 -49310 -50538
-49564 -50097 -49289
-50614 -49534 -50749
-49235 -50492 -50063
-50266 -49948 -50982
-50006 -49010 -50494
-49581 -49558 -49158
-49534 -50960 -50886
-49981 -50852 -50536
-50490 -49241 -50606
-50173 -49871 -49528
-49086 -49763 -49750
-49946 -50536 -49258
-50939 -50370 -49513
-49901 -50319 -50375
-50694 -50426 -50135
-50668 -49028 -50190
-50361 -50912 -50400
-50379 -49196 -50368
-50393 -50087 -49218
-50078 -49972 -49693
-49877 -49348 -49006
-50022 -49249 -49480
-49208 -50509 -49790
-49303 -50082 -50104
-49025 -49286 -49880
-49695 -50865 -50909
-49235 -49563 -49128
-50361 -50246 -50441
-50842 -49562 -49069
-49036 -49785 -49967
-49590 -49809 -49894
-49912 -50680 -49468
-50202 -50458 -50318
-49865 -49759 -49856
-49045 -50422 -49632
-49232 -49598 -50763
-50308 -50468 -49296
-49175 -50440 -50163
-49135 -50062 -50874
-50732 -49965 -50322
-50595 -49315 -49216
-49438 -50618 -49704
-49519 -49996 -50471
-49012 -50917 -49711
-49943 -50388 -50733
-49586 -49513 -49779
-50172 -50318 -50982
-49212 -50338 -50680
-49017 -49007 -50748
-50741 -50244 -49863
-50540 -50984 -50212
-50036 -49821 -49835
-49170 -50634 -49905
-49681 -50097 -50717
-49532 -50287 -50743
-50506 -49261 -49283
-50050 -49359 -49795
-49785 -50230 -49118
-50266 -50857 -49575
-50797 -50576 -50213
-50983 -49294 -49436
-49481 -50889 -50603
-49323 -49143 -50331
-50448 -50684 -50978
-49898 -50490 -49562
-50625 -50372 -50012
-50439 -50771 -50229
-49884 -50911 -49932
-50734 -49827 -50042
-49006 -49614 -50405
-49571 -49992 -50365
-49812 -50003 -50842
-50260 -49351 -50890
-50986 -50094 -50996
-49788 -49280 -50433
-49363 -50911 -50408
-49993 -50604 -50631
-49068 -49933 -49967
-49941 -49625 -49547
-49204 -49296 -49856
-50875 -49301 -50665
-50677 -49810 -49246
-49902 -49092 -50924
-50751 -50790 -49797
-49011 -49481 -49152
-49954 -50207 -49086
-50053 -49290 -50518
-49265 -49868 -50570
-50793 -49025 -50996
-49703 -49347 -49133
-50809 -50783 -49561
-50084 -49682 -50344
-49055 -50847 -49455
-50123 -49399 -49407
-50947 -49769 -49911
-49503 -50530 -49672
-49546 -49204 -49451
-50276 -49538 -49507
-50528 -50048 -49459
-49405 -49999 -50491
-50600 -50088 -50962
-50925 -49925 -49923
-50919 -49291 -49691
-49976 -49809 -50441
-49587 -49566 -49422
-49312 -50882 -49280
-49856 -49132 -50963
-50698 -49120 -50372
-49718 -49211 -50349
-49097 -50244 -50588
-50364 -49628 -49299
-50769 -50402 -49816
-49091 -49268 -49068
-50557 -50768 -49107
-49737 -50970 -49981
-49527 -50788 -50517
-49115 -50904 -49964
-49009 -49838 -50105
-49399 -50707 -49425
-49639 -49474 -50949
-49715 -50279 -50819
-50636 -49483 -50244
-49948 -49565 -50458
-50670 -49038 -49987
-49252 -50246 -50722
-50529 -50694 -50510
-50972 -50281 -50528
-49660 -50016 -49135
-49154 -49857 -50111
-50072 -49252 -50840
-49473 -49576 -49270
-50733 -49814 -50626
-49138 -50760 -50181
-49411 -49501 -50309
-49361 -50423 -50707
-49531 -50490 -49510
-50381 -49514 -50752
-50276 -50532 -49534
-49291 -49519 -49666
-50724 -50941 -50225
-49772 -50687 -50393
-50893 -49899 -50915
-50505 -50006 -50909
-50261 -49249 -49279
-49331 -50693 -50369
-50835 -49996 -49829
-49481 -50174 -49412
-49933 -49826 -50913
-49061 -49741 -50064
-50178 -49637 -49020
-50649 -49362 -49787
-50653 -50744 -50235
-49473 -50605 -50578
-50090 -49847 -49373
-50173 -49411 -50371
-50202 -49010 -50246
-50690 -50391 -50350
-49668 -49236 -49498
-50237 -50840 -49075
-49975 -49649 -50413
-50149 -50533 -49618
-50397 -49697 -50339
-50970 -50576 -50318
-50286 -50099 -50957
-50855 -50892 -49925
-50105 -50139 -50249
-49863 -50349 -49535
-50644 -49651 -49306
-49334 -49542 -49486
-50703 -50297 -49369
-50836 -50188 -50341
-49383 -49059 -50963
-50307 -49892 -50794
-49768 -49632 -49207
-50214 -49263 -50497
-50429 -50396 -50705
-50922 -50040 -49669
-50757 -49098 -50588
-49178 -49213 -50685
-50488 -50765 -50623
-50354 -50449 -49291
-49175 -50516 -50617
-49137 -49756 -50267
-49341 -50877 -50623
-50196 -49376 -49956
-49552 -50129 -50659
-49414 -50491 -50880
-50691 -50900 -49824
-50392 -50333 -50712
-49589 -50122 -49427
-49922 -49199 -49009
-50800 -50390 -50333
-49800 -49731 -50673
-49900 -50712 -49024
-49631 -50316 -50575
-50857 -49891 -50613
-50410 -49434 -50247
-50412 -50384 -49929
-49760 -49335 -50631
-49662 -49624 -49618
-49641 -49084 -49233
-49410 -50982 -50816
-49212 -50397 -49745
-49911 -49114 -49317
-50073 -49128 -49897
-49807 -49888 -50838
-50466 -49196 -50582
-49391 -49982 -50308
-49991 -49072 -49501
-49485 -49065 -49089
-50345 -49584 -49496
-49840 -50857 -50439
-49607 -49816 -49187
-50493 -50431 -49362
-49239 -49689 -50894
-50699 -49939 -49487
-49598 -49901 -49573
-49194 -49408 -50115
-50373 -50094 -49504
-49644 -49867 -49732
-50794 -50622 -50278
-50957 -50068 -50041
-50185 -50547 -50713
-49322 -50104 -49013
-49869 -50445 -50633
-50489 -49111 -49485
-50870 -50713 -49211
-50238 -49210 -49309
-50040 -49965 -49414
-50326 -49748 -50067
-50096 -50112 -49144
-49408 -50489 -49873
-49111 -50968 -50158
-49365 -50901 -49977
-50452 -49860 -50688
-50190 -50113 -49787
-49966 -49674 -49218
-50440 -50229 -49357
-49087 -49867 -49123
-50266 -49048 -49247
-50564 -49165 -50672
-49396 -49265 -49168
-49738 -50778 -49720
-50028 -50132 -50116
-49662 -50863 -50002
-49042 -50249 -49276
-49657 -49883 -50224
-49826 -50925 -49242
-50951 -50925 -49947
-49884 -49606 -50091
-49043 -50648 -50438
-50427 -49629 -49483
-50397 -49766 -50432
-50195 -50079 -50663
-49972 -49463 -49671
-50423 -49929 -50167
-49818 -49002 -49030
-49631 -50066 -49106
-49262 -49093 -49751
-50060 -49948 -50561
-49911 -50911 -50745
-49588 -50531 -50149
-50133 -49640 -49728
-50191 -50042 -50317
-49142 -50961 -50254
-50169 -50989 -49205
-49314 -50486 -49946
-50206 -50862 -49112
-50677 -49772 -49502
-50119 -50199 -50567
-50089 -50972 -49444
-50016 -50218 -49531
-50973 -50244 -50720
-50338 -50194 -50726
-50587 -50945 -50076
-50443 -50380 -50710
-50700 -49332 -50738
-50053 -50468 -50146
-49939 -49973 -50505
-49928 -50344 -49109
-49848 -49035 -49891
-50484 -49615 -50273
-49648 -50650 -50656
-49727 -49344 -50766
-49460 -49384 -49356
-49501 -50787 -50000
-50166 -49337 -49174
-50953 -50262 -50346
-49334 -50910 -50369
-49790 -50631 -49857
-50890 -49129 -49322
-49458 -50826 -49604
-49289 -50230 -49125
-49143 -50067 -49720
-49690 -49646 -49029
-50213 -50210 -49349
-50845 -49807 -50668
-50947 -49097 -50804
-49480 -50262 -49973
-49509 -50085 -50562
-49004 -49316 -49002
-49345 -49565 -50964
-49780 -49941 -49395
-49319 -50481 -50103
-50171 -49912 -49315
-50912 -49210 -49355
-49014 -50073 -49341
-50367 -49469 -50319
-50750 -50546 -49900
-49016 -50585 -49581
-49816 -50467 -50314
-49120 -50578 -49867
-49961 -49619 -49127
-50228 -50026 -49722
-50031 -50317 -49217
-50223 -50044 -50830
-50688 -50662 -50664
-49033 -49765 -49786
-50661 -49626 -50625
-49160 -50632 -49450
-50671 -50102 -49454
-49641 -50605 -49092
-49879 -49386 -50623
-49252 -49987 -50832
-49702 -50595 -50732
-49401 -49209 -49633
-50427 -50191 -50417
-49775 -50423 -49564
-50680 -49756 -49705
-50138 -49185 -50815
-50610 -50909 -50908
-50205 -49354 -50944
-50069 -49456 -50330
-50561 -49033 -50613
-49475 -49183 -49055
-49290 -50402 -49627
-49305 -49757 -50457
-49395 -50599 -49941
-49867 -49449 -49328
-49153 -50277 -49985
-49841 -50041 -49584
-50530 -49404 -49312
-49992 -50471 -50342
-50140 -50682 -49241
-49956 -50711 -50464
-50702 -50400 -50483
-49611 -49200 -50198
-49585 -49714 -50492
-50244 -50387 -49765
-50912 -50218 -50804
-49075 -49635 -49829
-49854 -50710 -50999
-49223 -49197 -49880
-49088 -49616 -49819
-49967 -49520 -49281
-50331 -50834 -50275
-49093 -50017 -50475
-49834 -49468 -49039
-50114 -50664 -49310
-50699 -49449 -50479
-49866 -49821 -49722
-49119 -49580 -49512
-50445 -50127 -50276
-50765 -49777 -50187
-50856 -49499 -49082
-50418 -49713 -50552
-50742 -50092 -49965
-49453 -49746 -49354
-50830 -49918 -49061
-50207 -50604 -50690
-50007 -50349 -49136
-49319 -49930 -49447
-49964 -49846 -50421
-49824 -50753 -49647
-50467 -49554 -49697
-50755 -49584 -50149
-50415 -49511 -50395
-50836 -49532 -50805
-50584 -49954 -49595
-49130 -49626 -49677
-50585 -50785 -49682
-50108 -49870 -50080
-50984 -50674 -50232
-50933 -49910 -49631
-50424 -50065 -50471
-49621 -49531 -49022
-50592 -49053 -49754
-49342 -50165 -49465
-50274 -50337 -49521
-49385 -49788 -50150
-50651 -49827 -50999
-49517 -49000 -49552
-49436 -49652 -49450
-50483 -49314 -50262
-49337 -50362 -49524
-49949 -50815 -49097
-49049 -49598 -50595
-49207 -50560 -49876
-50864 -50768 -49149
-50505 -49917 -50234
-49584 -49093 -50874
-49493 -50248 -49283
-50063 -49852 -50243
-49958 -50658 -49919
-50332 -50321 -50626
-50680 -49060 -50714
-49892 -50066 -49272
-49700 -50525 -50253
-50318 -49814 -50440
-50604 -50575 -49467
-50806 -50940 -50413
-49313 -50314 -49942
-50278 -50502 -49569
-50689 -49906 -50129
-49157 -50339 -50348
-49577 -50651 -50105
-50328 -49595 -49624
-50854 -49014 -50001
-49757 -49164 -50249
-49992 -49116 -49249
-49700 -49756 -49458
-49790 -50827 -50470
-49867 -50570 -50257
-49810 -50854 -50243
-49698 -49899 -49950
-50783 -50848 -50209
-50321 -50930 -49823
-50633 -50936 -50287
-49174 -50447 -49442
-50209 -50053 -50776
-49898 -50511 -49966
-50596 -49912 -50783
-50142 -49446 -50349
-49704 -50276 -50275
-50218 -49549 -50571
-50579 -49268 -49999
-50353 -50638 -50508
-49540 -50358 -50864
-50632 -50946 -49645
-50043 -49377 -49362
-49166 -49782 -49500
-49903 -49071 -50894
-49848 -50258 -50326
-50266 -49381 -50633
-50877 -49074 -50562
-50648 -50055 -49545
-49970 -50716 -49788
-50762 -49900 -49503
-50696 -50349 -50894
-50202 -50365 -50656
-50081 -50594 -49217
-49080 -50190 -50805
-49190 -50466 -50007
-50010 -50178 -50130
-50595 -49585 -50548
-50840 -50543 -50170
-50444 -50484 -50805
-49209 -50337 -50792
-50858 -49428 -49516
-49894 -49852 -49969
-49693 -49771 -50521
-50320 -50636 -49920
-49850 -49003 -49885
-49255 -49651 -49018
-49612 -49286 -49904
-49937 -49456 -50821
-50351 -49936 -49698
-49039 -50981 -49436
-50923 -50569 -50331
-50395 -49345 -49942
-49841 -50560 -50861
-49509 -50681 -50233
-50347 -50522 -50332
-50644 -49669 -49137
-50243 -49799 -49788
-49316 -49762 -49917
-50444 -50973 -49009
-50005 -50236 -50241
-50554 -50427 -50316
-49327 -50522 -50988
-49875 -49935 -50837
-49044 -50204 -49383
-50604 -50018 -50635
-49357 -49605 -50841
-49178 -50228 -49648
-49777 -49797 -49744
-50981 -49401 -49100
-50516 -49941 -49145
-50835 -50263 -50061
-49707 -50841 -49338
-50798 -49212 -50545
-49882 -49639 -50193
-49344 -50213 -50425
-49018 -50366 -50613
-49999 -49121 -49374
-49867 -49107 -50623
-50292 -50481 -49128
-49668 -50813 -50587
-50190 -49390 -49132
-49017 -50335 -50884
-50353 -50196 -50852
-50055 -49697 -49927
-50857 -50811 -49476
-50249 -50165 -49865
-49922 -50361 -50901
-50970 -49342 -50081
-49017 -50586 -50077
-49158 -49234 -49390
-49328 -50769 -50507
-49921 -49078 -50056
-49530 -50182 -50453
-50588 -49177 -50416
-49272 -50537 -50714
-49401 -50519 -50962
-50425 -49344 -49477
-50013 -49147 -49484
-49713 -50507 -50044
-50824 -50806 -49328
-50289 -50773 -50632
-49718 -50797 -49285
-50724 -49684 -50032
-49239 -49497 -49419
-50211 -49801 -49184
-49812 -49920 -50615
-50221 -50687 -50197
-50551 -49811 -49707
-49231 -50010 -50836
-50995 -50218 -49428
-50513 -49848 -49244
-50735 -49791 -49306
-50679 -50164 -50721
-49860 -49024 -49500
-50270 -49531 -49475
-50648 -50829 -50473
-49844 -50892 -49254
-50169 -50879 -49167
-49525 -50330 -49502
-49090 -49208 -49774
-50633 -49664 -49653
-50633 -50541 -49992
-50991 -50536 -50324
-50723 -49482 -50965
-50758 -50258 -50366
-49660 -49617 -49577
-49804 -50128 -50027
-50827 -49900 -49024
-50757 -49506 -49492
-50821 -50358 -50394
-50540 -49203 -50707
-49040 -49725 -49614
-49712 -50230 -49726
-49074 -49635 -50273
-50160 -49123 -49053
-50147 -49197 -49627
-49258 -50280 -50967
-50301 -49813 -50397
-49110 -50863 -49430
-50567 -49668 -49096
-49029 -50515 -49307
-49226 -49765 -50694
-50824 -50351 -50241
-49133 -50589 -50590
-49364 -50911 -50826
-49991 -49063 -49129
-50824 -49475 -49199
-49479 -50800 -49426
-50123 -49766 -49245
-49181 -49162 -49991
-49450 -50980 -50201
-49825 -49869 -50460
-49067 -49640 -49740
-50208 -49365 -49076
-49061 -49500 -49953
-49605 -49969 -49029
-50408 -49689 -50521
-49522 -49784 -49706
-49408 -49790 -49556
-50962 -50143 -49630
-49383 -49457 -49178
-50875 -49714 -50769
-49476 -50380 -49151
-49865 -49987 -50495
-49052 -49365 -49572
-49516 -49512 -49704
-49407 -50297 -49907
-49105 -50082 -49749
-49806 -50297 -49480
-50391 -49222 -50805
-49879 -49034 -50486
-49347 -49525 -49665
-50755 -50904 -49090
-49440 -49823 -50737
-50551 -49572 -50618
-50503 -50576 -50470
-50169 -49468 -50840
-49278 -49717 -49133
-50088 -50512 -49815
-49137 -49179 -49161
-50039 -50313 -50631
-49847 -49854 -49190
-49245 -50776 -49792
-49169 -50068 -49477
-49216 -49470 -50956
-49298 -50926 -49202
-50110 -50417 -50968
-49775 -50938 -50831
-49286 -50222 -50459
-49287 -50125 -49008
-50766 -49246 -50943
-49106 -50422 -50995
-49260 -49655 -49412
-50616 -49064 -50079
-49346 -50611 -50861
-50796 -49469 -50252
-49357 -49908 -49819
-50199 -49836 -50062
-50759 -49962 -49148
-49450 -50328 -49009
-50607 -49162 -50310
-49951 -49256 -49297
-50574 -49908 -49428
-49995 -49271 -50362
-50996 -49900 -50385
-50007 -49987 -50291
-50088 -50033 -50866
-49184 -50913 -49968
-50347 -49634 -50528
-50830 -49754 -50278
-49185 -50848 -49606
-50272 -50382 -50920
-49323 -49212 -50394
-50778 -50195 -50025
-50877 -49973 -50163
-49906 -50287 -49332
-50605 -49742 -50905
-49863 -49377 -49040
-49297 -50707 -50600
-50562 -49428 -50352
-49690 -49886 -49430
-50870 -50762 -49401
-49411 -50225 -49188
-49624 -50348 -49237
-50789 -50113 -50615
-49026 -50874 -49024
-49247 -50827 -50508
-50818 -49005 -50445
-50076 -50308 -49688
-50919 -49718 -49499
-50415 -50051 -49300
-49966 -50770 -49272
-50612 -49946 -49509
-49671 -50746 -49705
-50929 -50111 -50166
-49342 -49183 -50488
-49752 -50843 -49984
-49583 -50957 -50391
-49168 -49906 -49892
-49091 -50813 -50645
-49850 -50655 -49435
-49828 -49627 -49661
-49563 -50407 -49917
-49772 -49035 -50281
-49661 -49302 -49747
-50910 -49419 -49084
-50353 -49109 -50210
-49819 -50241 -49066
-49860 -50990 -49019
-49355 -49002 -49238
-49750 -50127 -49520
-50911 -49742 -49890
-50872 -49094 -49491
-50896 -49279 -50979
-50056 -50404 -49830
-50716 -49017 -50782
-49248 -49829 -49021
-49554 -49606 -50785
-50707 -50709 -49518
-50559 -50204 -49720
-50667 -50595 -49797
-50347 -49296 -50515
-50241 -50362 -49731
-49127 -50272 -50554
-50174 -50720 -49666
-50753 -49556 -49147
-49173 -49316 -50850
-50257 -50925 -49809
-49461 -50186 -49422
-49733 -49863 -50772
-49484 -49824 -50084
-49846 -50328 -50426
-50387 -49162 -49337
-49315 -49304 -50191
-49080 -50484 -50721
-49810 -49122 -50709
-50994 -49752 -49612
-49529 -50714 -50420
-50508 -50635 -49253
-49302 -50048 -50896
-49621 -49570 -50781
-50537 -50604 -50686
-49938 -50633 -49773
-49419 -49860 -49202
-49106 -49565 -50024
-49020 -50159 -50755
-49570 -49492 -49210
-49763 -50739 -50954
-49199 -50379 -49670
-50929 -50276 -50073
-49775 -49121 -49612
-49124 -49595 -50333
-50940 -50516 -49493
-49289 -50524 -49061
-50635 -50554 -49729
-49902 -49605 -49441
-50124 -50300 -50413
-49334 -49240 -49883
-50986 -50466 -49672
-50456 -49091 -49853
-50944 -50637 -49534
-50538 -50036 -50567
-49893 -50383 -49473
-50092 -50735 -50320
-50334 -50695 -50765
-50200 -49873 -50114
-50978 -49303 -50867
-50707 -49625 -49848
-50972 -49966 -49651
-50798 -50518 -49437
-49445 -49518 -49707
-49595 -50421 -49844
-49608 -50689 -50840
-50809 -50055 -49383
-49623 -49307 -50481
-50217 -49002 -49698
-50955 -49307 -50279
-50344 -50596 -50886
-49205 -50819 -50968
-49168 -49800 -49991
-50664 -50092 -50060
-50549 -50283 -49662
-50554 -49032 -49176
-50489 -49855 -49683
-49452 -50692 -50037
-50874 -50408 -50068
-49114 -49810 -50941
-50272 -50319 -49349
-49611 -50121 -49981
-49682 -50459 -50769
-50365 -50265 -50226
-50469 -50654 -49697
-49355 -50636 -49207
-49809 -49350 -49781
-49370 -50652 -49428
-50974 -50081 -49940
-49282 -49165 -50134
-50141 -50871 -50284
-49919 -49729 -50837
-49307 -50894 -50664
-50183 -50128 -50493
-50868 -50261 -49846
-49019 -50495 -49952
-49733 -49341 -49155
-49645 -50764 -49094
-49176 -49900 -49936
-49088 -49970 -50145
-50216 -50025 -50435
-50981 -50694 -49442
-50625 -49940 -50164
-50096 -50896 -49346
-50549 -49686 -49667
-50266 -50498 -49307
-49947 -50224 -49555
-50537 -50468 -49600
-50328 -49948 -50224
-49728 -49440 -49706
-49739 -50801 -50595
-50354 -50100 -49319
-50428 -49563 -49676
-50782 -49673 -49662
-50445 -50180 -49098
-49073 -50031 -50692
-50537 -50037 -50683
-49035 -50827 -50453
-49847 -49074 -49045
-49670 -49472 -49313
-49583 -50796 -50410
-50805 -50093 -50117
-50904 -50914 -50479
-49794 -49989 -50623
-50043 -50291 -50830
-50074 -49534 -50049
-50429 -50726 -49330
-49379 -49365 -50098
-49957 -49276 -49388
-50335 -49325 -50922
-49021 -50337 -50846
-49479 -50654 -49552
-50072 -49861 -49340
-50658 -49568 -50973
-49359 -50767 -50550
-50040 -50508 -49913
-50477 -49982 -50768
-49122 -49479 -50645
-50535 -49224 -49604
-49242 -50682 -50852
-49530 -50699 -49610
-50828 -50353 -49735
-49079 -49012 -49180
-49731 -50107 -50379
-49316 -50157 -50894
-49589 -49548 -50641
-49432 -49733 -50543
-50629 -50186 -50417
-50617 -49506 -50792
-50155 -50116 -50683
-49027 -49594 -50025
-50495 -49062 -50403
-50533 -49177 -49856
-50749 -50776 -50504
-49953 -49935 -50117
-49175 -50464 -49058
-50253 -50474 -49986
-49467 -49118 -49169
-49973 -50415 -50033
-50118 -49663 -50958
-50571 -49115 -49442
-50176 -49297 -50687
-50410 -49164 -50159
-50616 -49345 -50631
-49529 -50887 -50832
-49524 -49344 -50215
-50334 -50831 -49396
-49209 -49369 -49954
-49109 -49849 -49993
-50698 -50446 -50826
-49439 -50100 -49862
-50603 -50702 -49566
-50448 -50098 -50071
-50802 -50818 -50865
-49978 -50472 -50347
-49009 -49729 -49605
-49355 -49293 -49103
-49963 -49841 -49581
-50322 -50213 -49502
-49468 -50610 -49199
-49627 -49571 -49309
-50775 -49838 -50257
-49866 -50269 -50752
-50834 -50024 -49555
-50998 -50083 -49667
-50456 -50753 -50286
-49716 -49493 -49077
-49051 -49805 -49127
-50485 -50304 -50350
-49356 -50961 -49489
-49258 -50243 -49495
-49174 -49354 -49750
-50963 -49425 -50727
-49627 -49209 -49831
-49429 -49891 -50654
-49807 -49787 -49432
-50018 -50510 -49942
-49099 -50344 -49135
-49906 -50814 -49915
-50002 -49087 -50932
-50312 -50522 -50758
-50535 -49864 -49449
-49481 -50743 -49423
-49956 -50900 -49752
-49641 -50473 -49746
-50547 -50431 -49713
-50580 -50702 -49399
-50056 -50293 -49088
-49262 -49727 -49375
-50426 -50642 -49029
-49238 -50580 -50927
-50774 -49675 -49222
-50073 -49704 -49840
-49499 -49081 -49131
-50152 -50833 -49144
-50676 -50513 -50148
-49292 -49889 -49303
-50134 -49640 -49553
-50899 -50084 -50302
-49652 -50335 -49929
-49546 -49034 -49174
-49328 -49442 -49357
-50425 -49107 -50040
-49794 -50520 -50382
-50611 -49358 -49081
-50318 -50175 -50660
-50631 -49858 -49925
-49716 -49107 -50000
-50085 -50058 -49306
-50052 -50960 -50405
-49646 -49537 -49497
-49856 -49575 -50149
-50177 -50249 -49328
-50686 -50175 -49353
-49783 -50480 -49731
-50206 -50978 -49316
-50673 -50430 -50120
-49266 -49630 -50064
-50565 -50793 -49342
-49794 -49987 -50916
-49088 -49335 -50625
-49649 -49190 -50340
-49781 -50058 -49493
-49253 -50579 -49075
-49702 -49344 -50192
-50048 -50751 -50909
-49822 -50295 -50772
-49213 -49063 -49348
-49338 -50840 -50087
-50971 -50295 -50862
-49240 -50609 -50132
-49123 -49979 -50755
-49198 -49831 -49730
-49030 -49877 -50098
-50700 -50896 -50229
-50553 -49268 -49567
-50033 -49840 -49677
-49487 -50005 -50361
-49537 -50926 -49186
-49555 -50561 -49927
-49110 -50898 -49250
50779 49287 49940
50329 49081 50288
49173 50984 49530
49279 49113 50641
50296 49386 49301
50410 49067 50291
49551 50950 49821
49620 50105 50707
49293 50620 49706
50394 49154 50109
49192 50222 50029
50647 49388 50023
49427 50638 49974
49157 49540 49644
49135 50206 49178
50798 50392 49577
49056 49725 49670
49027 49632 50038
49309 49783 50295
50439 49904 50163
49766 50557 49911
50716 49290 49141
49238 49576 50687
49767 50407 50569
50795 49028 50078
49497 49903 49388
50516 50279 50103
50265 50312 49959
49912 49557 50011
50549 49741 50023
50903 50810 49961
50780 50834 50160
49714 49565 49699
49484 50046 50050
50195 50995 49200
49498 49048 49421
49272 50477 50751
50540 50350 49340
49417 50986 50308
50683 49218 50876
49949 49321 49462
50319 49875 49236
49914 49727 49032
49910 49995 50178
50553 50123 50846
50285 49428 49626
50072 49406 50991
49614 49927 49491
50915 49120 50724
49010 50835 50762
50483 49580 49697
50314 49844 49003
49105 49644 49747
49969 50456 50932
50903 49954 49046
49551 49834 49370
50551 50910 50274
50863 50587 50492
50555 49713 49786
50242 50949 50073
49384 49306 49140
50359 50421 49810
49600 50363 49012
49435 50426 49237
49522 49807 50113
50288 49967 50010
49987 49093 50738
50887 49900 50638
50261 50782 50554
49409 49444 50141
50428 50927 50958
50183 50328 50510
50147 50877 50996
50028 49891 49154
49428 49235 49107
50918 50516 49248
50335 49263 50507
50299 50335 50269
49896 49064 50444
49008 50117 50914
