2001
-493 -177 754
737 -869 -206
246 21 885
843 211 659
-981 -807 63
-672 -465 564
-80 18 707
-986 -781 390
-491 3 -908
-324 -523 556
225 -818 -448
-235 94 522
81 -740 16
-145 -1031 -723
-949 -467 -488
-973 779 -242
-537 -456 -618
-1009 -835 156
-171 198 296
-209 25 -24
-466 -97 716
-846 -675 -362
-787 -792 -40
-1010 -717 -691
353 -289 -916
757 -983 731
714 -499 491
-1074 810 246
526 424 -493
-257 424 853
469 808 45
-810 -760 -842
639 63 -484
-623 -951 -849
165 -230 -374
4 -896 706
-268 762 299
-201 -336 223
-892 846 850
685 -746 457
-663 -87 -15
-903 -1040 -659
-818 -787 -274
424 -74 -744
709 -340 -508
-646 -476 681
205 146 -484
641 687 -262
645 -7 235
-1095 90 455
-768 -905 736
-167 228 -705
-536 -598 -419
-191 -184 785
-284 -208 -992
418 -536 271
313 -337 419
-231 578 116
366 83 185
-531 474 -963
245 783 624
676 -854 563
-428 -909 -979
616 384 736
-1075 -182 714
-221 -330 261
-650 813 524
-1000 -198 701
-239 -856 -501
77 791 -806
-256 671 -461
66 856 271
184 660 741
-494 -725 -367
780 228 194
-157 322 -130
79 -691 -332
-797 -493 -280
171 -1024 -279
-884 -8 -860
-670 826 -361
434 -221 337
-958 -1092 -246
-198 -680 -1098
-324 280 191
55 839 333
883 123 -321
-284 83 -958
374 -723 724
-24 -807 80
-739 -575 -334
-673 885 -542
-265 -1078 -941
-392 -498 601
68 -1094 692
355 500 -647
103 -431 -784
-998 -151 -530
-756 404 201
399 -853 884
554 491 627
803 -668 400
-45 -1069 615
-646 542 764
-741 74 -554
113 531 -199
678 -118 46
-257 188 -632
544 254 467
303 853 -966
-872 -874 505
829 630 168
816 -670 -125
-35 709 -259
-1032 -203 -232
124 785 62
296 -860 9
-695 706 124
-654 -491 -487
189 331 -124
278 -777 53
-1059 555 178
-972 -456 -312
22 -590 -598
-25 420 -1067
-282 291 -358
749 -469 -691
671 849 -273
-743 -993 -758
-317 -439 828
-359 545 -109
-973 -213 -408
-246 670 -1044
82 353 763
14 -997 -517
-756 351 490
-291 -643 -974
-32 496 633
722 757 -561
-615 -560 -149
114 -98 475
266 -54 501
-982 -24 -721
645 -44 -33
261 -405 -870
-924 146 -599
-947 -996 362
870 -943 832
-497 -485 -649
-1069 -919 -990
547 -910 603
-708 464 844
634 547 -372
-724 -844 429
748 331 498
-390 -662 -174
255 -11 713
181 -988 648
550 -741 -818
-431 -130 242
36 19 -705
-275 516 52
-283 555 -200
519 448 578
900 -1096 494
-963 -220 -925
-813 162 -932
551 -201 -793
206 -846 -834
-684 -893 -1007
-457 -134 -538
690 -471 -733
-742 683 -426
-708 446 -365
-302 739 -253
629 -208 284
261 825 329
-187 -612 -698
-149 -262 -483
-650 -66 -744
-911 519 487
586 114 232
-365 642 515
-933 -833 843
77 468 737
388 -849 -81
-1055 -751 -1004
284 365 -786
176 -828 -376
-169 -896 707
-345 -109 6
819 771 371
-75 -559 359
-396 449 -1033
292 90 104
-472 -654 -224
90 -1008 497
42 524 735
895 -184 263
-90 -986 -88
-146 -415 697
256 -473 -720
-145 -312 -818
706 -660 -985
-252 -751 -441
119 -355 249
264 -117 -550
282 702 277
165 640 -745
523 -669 539
-145 -976 758
-11 -1058 -189
-449 556 -12
-124 -818 -124
888 -1099 -1045
289 -339 172
-419 472 -604
802 -240 796
-263 806 -231
-219 559 132
560 -1024 -1069
-646 -469 -446
-238 448 -416
-721 -711 522
-280 613 374
-521 818 -627
-322 -877 842
-130 834 -654
-713 194 426
-1036 -996 -660
798 -552 -466
-1089 22 -597
-634 415 -281
526 -862 -116
-145 422 300
763 493 -947
322 -90 -573
571 -439 -12
-914 -727 -438
414 71 -1072
-209 -920 -905
290 -96 278
526 -1030 797
-378 828 711
456 -32 -585
81 -511 397
-335 -151 820
-913 -31 665
810 -234 253
404 46 223
-435 310 54
-757 660 -668
-625 -874 415
-131 670 -593
715 554 -739
-618 236 29
-57 -408 899
-230 149 790
-762 533 -214
-397 -512 566
429 105 -723
-77 -372 -701
-838 -687 581
44 -190 89
-322 835 -988
568 -948 -851
-644 -40 710
-533 542 327
294 -408 653
814 267 479
-742 69 -379
33 128 695
-24 737 341
451 -990 -704
-1075 -731 -777
860 211 -357
-36 -37 551
-1060 -225 -160
-911 -546 489
205 462 -450
635 840 321
-443 -493 -467
-429 -435 -1082
-675 439 -51
714 59 -1010
488 -677 -1044
-1057 656 424
-164 -351 305
305 793 613
454 -732 228
484 150 -702
-113 434 -1
714 -644 244
898 -774 462
-443 -854 -933
385 -196 489
-139 -374 -588
248 217 -966
115 60 -1001
-279 769 -580
31 -192 202
-524 278 -1070
474 -1100 -296
-264 -231 -236
271 6 30
318 -318 -774
514 848 147
529 -107 106
-776 187 316
269 736 848
823 663 -565
-667 -900 254
-199 -255 661
295 -621 -146
794 208 84
-12 246 660
-240 858 -427
-729 791 -716
-479 -48 -771
573 -288 526
871 812 322
-469 120 -634
499 -645 -51
-129 -13 -1063
-96 510 -406
290 -440 -11
133 70 -900
392 365 149
-991 38 897
0 650 54
-1020 -856 286
-723 136 -779
-919 -156 861
880 312 -322
-986 669 -924
381 328 364
419 531 597
-913 360 693
-1088 287 -380
-588 -266 769
-430 -555 -517
857 371 1
-604 -314 131
127 -47 708
-417 352 362
-6 -197 746
-97 -765 -762
-97 -1065 707
-89 315 172
-1018 -245 -211
-264 -812 -153
25 -299 -809
854 887 -346
58 -807 520
-982 783 -243
-929 -32 -1075
-401 -6 -101
-218 118 -64
300 844 -58
-143 27 -632
164 -712 -265
4 515 -482
411 -981 -340
-348 114 -936
854 -1031 -988
742 390 330
686 -100 -923
710 19 -637
11 -437 340
-1043 -921 706
-962 -284 -181
123 -624 -629
-67 -218 505
465 -790 -447
-861 -707 -371
-742 -852 -384
425 -799 -302
224 724 -864
-417 789 -1084
365 846 -175
517 513 94
-278 496 -220
-1001 5 239
-1098 -250 -829
643 627 12
-318 650 843
-1069 -734 -1048
239 -551 540
-994 583 -349
-754 171 259
466 -369 278
357 759 264
-347 -448 -952
-445 585 247
750 470 -498
-862 717 782
269 648 -415
-928 -820 621
149 317 -576
643 50 764
-559 -107 -357
-237 -120 -796
-25 -1010 888
900 -740 424
-737 532 -623
291 210 -715
476 757 342
601 -540 -478
-215 151 -1100
-485 755 -223
-323 -759 209
-514 -60 674
5 484 79
420 50 857
561 -77 297
-1029 -226 109
-526 243 794
-406 -31 566
740 35 -917
-651 330 -311
116 -366 -187
232 508 -660
-420 129 -324
-929 128 680
892 -953 -645
-444 804 885
-247 -145 -943
-304 -694 199
496 -225 32
-752 -508 -460
-626 61 554
521 -144 -1013
591 412 794
885 763 -33
0 242 313
-572 713 -236
-622 733 866
779 -399 -484
-730 764 705
181 625 93
299 -987 292
319 -663 -813
-1060 -455 -774
595 353 -98
114 -254 -709
-280 -998 -6
-142 -542 111
-343 199 428
152 -650 -589
-179 -751 -698
689 620 -684
-854 -808 156
459 247 -38
861 532 326
-669 423 -364
-324 -123 282
887 426 447
293 401 745
-33 689 760
43 -694 -660
-581 -162 259
-45 -1023 -1009
877 -352 896
-62 -287 558
466 -194 125
-544 -386 -1086
395 -724 546
-956 -883 231
-1084 -720 -764
-623 246 -110
-851 -997 -50
29 553 -1062
-167 -926 823
-381 702 296
315 756 51
853 -163 -460
-757 617 -115
-79 -409 430
629 -304 -310
118 515 -504
675 898 826
-828 649 -1035
785 -62 261
45 -1087 375
-1098 288 -202
-303 2 826
-791 -897 696
-86 794 746
639 275 -691
857 247 -415
825 -2 12
846 -755 -266
-899 -751 401
345 -411 -565
841 32 250
405 644 712
300 -61 59
-41 -209 -665
266 542 -11
-173 205 -1085
-678 783 -716
298 692 -181
286 268 20
-298 664 839
447 -482 191
119 243 -826
-890 -1040 14
-249 -974 454
-35 417 602
-513 -78 -671
531 295 -866
96 336 773
702 136 380
157 -1098 -59
182 -308 542
-1031 -910 208
93 -584 -977
-216 -594 311
-988 111 -980
-887 596 -259
-754 427 264
-878 746 -1003
-397 113 785
-934 322 -1063
-226 53 -55
212 167 -976
-543 -267 -1031
-1094 -981 -282
-1009 457 -96
279 161 -925
-980 454 -50
479 -934 -952
-748 498 -3
-740 282 47
-314 -800 -670
184 -237 -586
533 -990 447
-504 725 -701
-1098 42 524
769 400 73
-1030 -599 702
-1017 653 -976
-1055 -105 -295
403 -541 306
164 -977 -28
-714 -968 -551
161 791 -692
-525 378 403
-160 -830 -668
-58 -906 181
-247 -398 26
-192 -24 -48
-438 -167 885
-140 288 -339
-1068 340 -410
827 -933 185
-696 715 530
-705 -728 -622
-55 -863 -23
307 -841 86
-240 -974 -721
76 -358 340
133 -223 -181
213 623 -997
-938 -307 -451
594 823 56
-690 98 167
483 -863 -157
855 511 -610
188 -914 -958
109 338 -274
-492 -978 -854
-706 -269 584
-6 841 -550
-173 -799 -1053
-645 -125 -213
-625 -281 -1026
122 -573 -306
-68 434 527
-36 -905 -735
102 -882 -700
277 -365 -67
275 -167 -546
-775 162 -365
-200 -570 754
-27 844 -810
349 610 -1084
-461 -1042 26
-243 -1006 -364
-249 33 -475
566 -424 -511
-262 196 -657
-62 678 -615
897 -566 891
159 173 -460
88 326 -158
-974 258 -1080
872 -428 -663
60 -1066 -543
533 -663 427
-156 59 -476
238 -499 -57
69 216 -696
-598 -773 -424
-87 -759 249
130 -481 301
562 394 158
259 -56 -432
-28 239 337
578 -372 -996
-928 399 791
-45 172 -880
791 559 -187
-430 179 -782
123 345 152
-423 -1091 -741
-1012 -882 -476
469 882 -109
238 685 -245
324 863 709
281 515 508
461 245 -706
671 -1031 -419
-771 69 290
100 -784 -825
419 302 816
764 746 -906
-6 -17 476
737 -1051 164
-299 -106 -1092
-338 -441 -853
821 -574 49
-1000 -563 -665
-96 183 -57
-411 92 153
-695 -338 506
28 -795 -292
-115 495 -990
90 602 72
-312 -1 -692
-277 549 464
-501 89 -748
222 801 617
-910 326 -552
-305 836 -113
-676 727 -546
-52 32 -1056
841 774 -505
885 -219 109
589 -166 -589
-735 -936 -1067
633 384 -658
-1039 -526 223
-1005 284 890
-470 -832 797
-403 -1029 -395
-981 868 -834
170 301 -1048
885 -947 -374
-831 166 313
228 416 -458
-412 462 -72
-724 -889 -46
-514 -780 -734
487 -395 667
-604 -684 -110
874 -620 -579
-930 147 803
-722 -154 -804
786 539 -287
-886 -18 -210
352 -640 -807
-714 -739 -371
196 274 -240
-1003 316 -704
-791 -59 497
136 -966 -804
861 -899 -372
560 603 -654
-422 -1083 405
588 594 -548
50 -439 528
147 -469 85
-445 654 -548
831 746 -964
-398 551 445
824 398 191
-788 521 -943
-303 384 -195
-528 -532 -321
-369 -126 784
-905 635 358
-428 411 -489
782 -355 -177
71 218 -631
205 133 -302
701 603 -643
-595 -1071 -983
-98 -565 -185
206 -303 7
413 -610 -186
-743 -1013 -629
-151 -605 -188
-112 397 286
-1077 -104 678
539 -371 -551
-181 302 567
-766 378 -674
656 -24 404
-795 -136 -713
329 891 -584
-849 360 862
433 -321 -64
-105 722 278
520 605 -910
-174 607 807
-181 30 231
61 -473 74
-854 -212 577
-887 798 21
-747 719 -73
63 594 672
25 726 -394
548 6 -365
776 -125 236
790 -877 528
-1060 413 -405
-356 818 -766
-291 248 192
-470 151 562
-771 65 19
-1019 584 279
-240 -75 -635
-304 -1085 224
889 -796 -392
473 -642 26
749 776 -981
595 7 -846
-782 241 -411
16 197 -591
-1013 -1054 -1054
25 -536 -1024
-224 -197 -554
-634 -42 473
-783 -1053 -335
803 -425 -249
-737 -995 763
-569 779 833
851 -617 -873
-33 -762 577
382 826 -688
419 5 91
-627 217 488
-206 -854 -1024
784 50 -647
757 -43 55
674 -1057 6
-726 -800 420
522 -245 -801
627 -205 677
-956 465 317
-859 -366 -63
-930 -713 -961
-671 -243 -457
624 -466 -224
-851 353 -3
105 -1080 -924
702 318 -1028
621 -111 -626
666 827 884
194 -656 569
-377 121 -738
285 -451 -479
235 583 6
-707 -115 687
-822 -345 -1073
-229 32 110
-576 -1028 824
-214 -227 -674
325 -527 -776
-687 -30 654
-225 -641 -603
607 -951 -708
199 -231 35
728 -982 -569
-106 479 -790
-121 325 -52
204 339 -384
106 679 -961
-656 -745 -182
160 684 469
494 -861 -197
155 -337 44
216 570 344
-274 -963 617
-498 -63 51
652 207 871
-978 254 35
15 -369 846
-1010 -914 20
-700 87 644
696 -561 886
-301 852 -98
-111 59 498
-452 559 -537
-825 862 143
-302 844 814
-239 334 -110
376 -343 -113
-15 255 -984
-558 -468 -1090
-874 881 -908
869 7 546
-212 -1044 68
381 94 413
-914 -912 861
-183 393 324
-283 -514 102
151 -890 856
544 -815 -559
231 -234 -769
80 -278 -780
-937 129 517
-292 -68 862
-830 627 452
-41 -484 605
15 173 159
222 76 -89
-114 22 -947
238 145 -430
-217 -822 792
-781 -274 240
867 -234 -375
-85 809 -778
-846 -918 127
-862 105 -299
-1071 95 475
444 -777 -245
-721 68 -507
557 -303 -509
710 -1078 683
430 -1042 514
897 -61 46
-160 -1005 -450
593 641 -841
-396 828 696
309 189 -350
-742 -73 -1062
-899 122 -936
24 -569 349
744 -618 481
-684 -384 574
-274 -604 -687
661 -529 557
-476 364 11
334 592 236
721 -61 -161
-893 -941 625
-349 -320 158
-241 -1028 466
894 -805 -65
514 196 -733
872 440 -358
-234 627 20
-1023 581 338
250 -414 -334
56 -660 241
793 -1028 149
801 63 -634
-815 -1046 -267
-116 -548 -85
805 -182 251
-298 599 666
-282 172 -451
-1066 156 -193
-349 458 -211
-361 -442 453
-709 -823 -205
389 -515 -478
-776 -960 479
558 -576 -378
830 344 30
867 -182 -88
-611 92 827
-521 296 808
-405 888 -615
-649 -72 -356
-129 480 -981
-880 581 -867
-849 -744 -112
-173 -760 -58
218 367 274
166 -955 177
-75 429 -372
-287 -967 -13
842 -541 458
-534 -889 -338
-1040 151 80
-653 -1028 -13
-272 145 -60
698 58 181
-680 829 609
-112 723 -110
-273 252 806
447 -552 540
632 816 -375
849 -166 -676
-709 -1037 744
-517 579 557
-1065 781 720
605 -455 -973
386 -51 180
846 728 766
-14 53 800
-911 -266 557
-157 -834 -441
-409 -431 563
-663 470 489
-807 -573 -1024
608 -209 -437
-725 327 793
308 696 -358
496 437 322
521 455 463
40 710 -844
-179 882 -938
-263 -637 -719
-443 -137 -814
-700 827 453
840 -619 -447
-863 -921 -62
-834 -770 602
-65 -888 -1044
743 609 -876
-294 -795 548
800 460 188
-940 -125 352
726 -340 524
189 481 -1058
718 67 -91
-432 553 -846
-245 -1082 -1015
-641 556 -424
-675 -759 251
578 -740 -429
-711 581 -697
-237 532 227
-620 28 395
394 -300 -817
-158 243 359
-104 6 396
-880 -987 852
-857 -1090 252
-272 -228 219
816 -577 544
-312 -15 330
344 -476 -416
779 -307 217
266 371 -974
116 841 -233
73 -194 892
212 -24 687
97 498 615
404 -728 -80
-1075 -770 -198
411 -1047 730
35 57 501
-795 505 -873
-110 -820 -598
426 -321 268
378 848 -913
-39 -113 431
534 -324 199
648 181 -380
125 758 -1026
600 81 -65
-102 -557 -304
-101 594 -1021
152 -776 66
-935 699 -437
-538 -794 -965
-1028 733 -925
18 10 -614
517 111 -734
-201 -218 149
547 -989 859
235 -251 -834
-767 -75 -595
-298 -293 -579
-7 -434 725
229 -173 -1077
-104 -559 397
641 -554 801
772 734 -357
876 681 -758
-734 870 740
-563 759 654
323 -731 484
-980 395 -888
-710 790 -231
-794 132 31
-238 123 -927
407 -656 -221
124 697 107
895 -1057 533
-1093 -245 720
-593 -774 605
649 -338 -949
-5 -251 -442
155 -568 750
542 -306 670
-129 18 -740
273 -462 -542
-520 411 593
880 -234 58
532 -493 -862
-952 -799 347
-803 -635 -14
121 -575 -316
-347 -884 -108
-86 -641 -293
851 687 -616
-945 492 -553
761 -687 -775
64 -98 311
731 -416 -84
-448 590 173
-213 -713 866
-47 -279 -277
331 253 734
-364 -333 502
631 375 -332
-626 120 -284
443 728 -855
342 499 -750
782 410 -860
840 26 -833
663 99 -292
-616 326 -489
-551 -428 -704
-100 666 -743
-471 403 -612
-546 -338 762
-1082 208 870
-205 -23 699
697 92 -286
-307 265 -359
-396 -337 -195
378 -162 724
772 -408 -246
-685 -9 873
49 -281 409
-819 264 497
-371 226 -1011
-165 -301 -993
-1056 233 -769
-892 -957 176
579 537 -1058
-861 103 -263
611 -2 -728
622 -1005 711
-1001 789 -541
396 871 -33
-1078 441 -740
-1076 232 13
-141 691 363
-550 371 -669
-695 592 634
-461 -293 252
604 -963 -687
-831 132 -764
-608 -293 -425
-892 -625 609
-564 -23 414
-872 -406 -990
85 666 606
-206 -528 584
196 -31 -870
539 -395 892
-284 769 -227
717 72 -903
-1023 -292 -492
-416 366 -86
-64 -590 213
-466 671 -830
-147 -556 642
-443 357 -516
799 191 -211
173 72 398
-890 -390 193
-783 -120 626
643 34 -404
-784 -112 -534
-459 879 -753
-662 -902 590
-680 559 884
632 266 604
-927 -760 -1021
-937 366 -943
-127 -626 -376
-938 144 -88
-553 472 38
283 435 279
-429 -489 -305
752 481 79
417 828 890
-655 -726 370
-807 186 582
-518 -1020 460
480 -1072 252
213 195 -28
-789 -947 628
-775 684 800
-1073 683 -65
-588 -123 401
-584 112 -29
-461 -740 108
-687 -1023 -185
446 168 -967
-853 -492 -551
309 -394 545
-361 605 -642
840 -336 -127
-119 260 157
871 841 -1055
-403 373 6
-1075 396 -464
-738 -610 439
-529 -603 -573
-549 -858 53
-815 145 261
-964 -415 -795
-944 857 -261
212 -300 -716
-137 5 -1054
-17 17 427
616 -530 102
649 216 36
-98 -497 75
-181 26 590
-260 211 448
607 694 -346
-425 595 -1093
-475 756 -300
305 354 -698
-924 764 837
-779 740 458
237 -105 -707
-504 -278 -828
-146 -115 -51
447 -444 -150
13 -908 -629
-779 770 -1093
594 -889 753
-6 608 765
855 -672 -984
-376 778 682
233 -777 574
-1082 437 -285
-80 370 731
515 180 382
661 894 -386
678 -943 684
41 326 -44
644 870 62
-380 204 -63
-52 -907 -867
-404 713 -545
-645 -509 381
-232 297 -1092
-1055 -623 718
-350 805 -346
-129 200 733
-387 271 631
-483 -1032 -1018
755 811 -421
614 -330 682
-810 -944 552
-773 -243 240
-173 424 560
-1066 207 -960
808 745 -909
-527 745 -368
-660 -190 380
675 -99 458
439 654 333
-386 -964 60
-696 552 -582
808 329 359
-383 234 154
507 88 105
421 137 -161
-30 -976 160
37 -242 -834
840 805 324
454 611 -779
67 -1040 815
-459 -885 -251
-1030 -286 -73
103 -205 693
-172 -657 -837
-454 162 -449
-535 -685 -396
-129 -723 556
-1022 -422 500
-575 438 -346
64 670 418
428 712 -307
879 -273 -183
770 668 161
378 17 -660
-1088 -756 -89
-403 199 -759
169 -663 -769
306 657 -341
130 -421 186
-376 -1060 -702
-687 -848 91
66 -317 -461
-422 251 106
801 448 7
-765 -719 900
120 557 -179
663 -1071 15
213 -668 -859
499 -972 -618
-1095 321 393
-1014 -208 -973
-625 -221 281
885 289 -676
-149 488 -929
-883 834 125
199 202 -851
-25 157 -888
288 -589 -1091
-524 458 392
-46 -43 58
156 -553 814
-42 -929 377
-461 -81 -634
563 -688 820
752 -544 -335
830 574 -61
-758 456 -224
-887 332 71
275 700 403
-872 -568 -932
32 -1044 -901
-158 358 -695
765 -36 758
-966 671 879
483 -329 -768
-415 88 717
791 -36 719
444 -409 -249
328 59 -831
739 -777 624
674 526 -507
-908 662 -874
-267 -291 834
-1018 421 -212
-1072 712 -294
674 -470 619
864 -584 514
-677 691 613
-1040 395 380
-575 290 -211
490 813 45
437 -637 -524
-192 -389 -1062
121 -98 -15
-283 182 270
-353 -263 -670
-444 604 -623
373 144 -238
361 106 230
145 478 253
-26 -861 -56
-674 -1052 658
599 -122 312
169 528 -118
-15 -981 -518
372 897 809
271 -360 -104
-1057 -228 -935
450 -499 822
34 -589 -579
-644 -985 893
-323 275 634
42 -1003 162
-463 239 -313
858 737 -292
-719 781 790
879 -774 897
-971 -260 -519
-956 322 127
-274 221 -393
747 -838 16
641 872 235
384 -150 -1047
-580 461 598
171 39 -166
612 -573 287
665 -294 -664
-325 -192 851
-381 141 724
-849 -751 311
443 -667 425
497 -728 206
-262 615 773
-127 -913 -539
185 -550 -150
548 147 590
253 -592 247
-847 664 -749
886 -298 -995
158 -498 -1006
-402 -855 108
315 722 -465
497 732 576
111 237 422
-598 23 -338
-830 -102 -429
-542 337 -87
-97 -366 -1026
-1069 -1071 -251
138 48 -786
-946 -64 74
119 664 330
113 135 -897
417 -304 -751
-439 228 -597
-788 -692 320
622 324 357
882 -279 -499
-711 -622 -344
749 144 162
-78 850 354
-93 221 -878
78 -126 -721
387 454 685
-278 -1057 -1036
-810 -767 -1059
161 356 564
-895 159 -418
15 759 -415
-114 -1053 187
836 -491 -87
-212 -840 -162
-601 196 -839
484 105 -184
-901 -726 -144
-713 827 145
-265 -77 273
-1036 -1087 375
-975 -608 779
-562 846 -928
48 -330 37
-473 -325 -933
290 641 -221
-135 460 -641
774 337 748
707 -556 -949
766 -683 -842
301 -221 -976
184 -779 -250
-661 765 -390
808 -1035 560
271 -139 433
-622 144 396
542 715 -1012
-818 276 -891
-100 496 547
644 -1052 858
58 167 -684
39 -900 -437
-879 -1055 476
-747 -9 521
649 -34 238
518 -548 -195
577 755 -467
-265 137 -57
606 -212 -193
-675 -587 -72
302 -110 -458
-828 809 566
-525 658 679
-242 494 422
56 -1044 367
896 538 -598
-604 -551 252
83 510 -358
549 -603 -599
-10 -1018 618
-1070 580 -867
257 -57 865
-940 211 183
814 568 -773
-1033 -117 62
785 99 -57
-1058 58 873
679 -1002 211
-18 -349 452
-126 166 115
262 -516 -1083
-773 -588 -490
900 -1077 58
-6 -120 900
378 -1056 -443
-127 147 -494
525 843 595
51 -924 -1079
408 864 -389
-938 -205 -208
-503 -412 61
347 732 625
115 481 550
628 850 -5
-758 -929 -1089
-492 -763 3
-432 479 -380
-988 -168 -868
672 -327 -29
-574 -767 -319
-701 -612 716
-186 -877 516
419 -1077 377
66 899 -19
135 666 261
505 -61 -69
-989 790 -869
-368 541 875
702 -787 -864
555 -716 370
-99 -284 -664
-127 -543 -810
201 265 247
-117 546 -319
253 -681 -805
-705 145 869
-842 -538 -203
97 -156 86
-305 -847 701
683 49 414
-170 852 -886
-975 -640 -271
485 480 101
-1081 -1068 448
588 120 707
541 -188 172
-679 37 -646
-1021 -907 -506
-593 -84 -606
-1002 -714 591
-36 -923 371
-940 -296 -1098
-303 564 782
504 431 -1027
-401 495 -936
219 423 -672
-277 -240 353
238 489 186
110 -85 31
-874 328 212
-344 650 -415
827 -266 -943
-274 -504 493
525 424 -385
715 -711 872
119 544 478
-65 266 -1050
645 -588 885
580 -263 -968
620 -106 -6
120 242 -202
-451 544 -1001
857 -781 840
-407 -199 -322
352 635 -109
762 -292 287
-868 -326 693
6 382 -96
-651 -17 277
-1089 493 578
-127 -646 -388
-883 836 860
-572 -508 399
-763 -372 378
-563 -831 -1004
447 -867 -807
-546 729 -190
660 -44 -603
-267 -1021 -756
-129 -71 -500
-986 201 -823
-131 -394 -24
-1 -471 610
780 862 -56
-605 -489 -571
237 321 513
811 418 618
238 -236 179
-165 -250 -292
-1012 240 686
-190 -297 -653
-843 828 -51
799 174 403
-849 -461 594
-725 242 -645
-193 -811 519
659 -243 209
424 262 -951
781 -49 -330
77 -686 -271
624 817 -970
832 -118 -979
-905 -492 318
646 -678 -219
-429 375 -9
797 680 -232
0 -289 -239
140 -245 -495
-955 -125 142
843 794 -66
512 -489 -947
543 -666 518
75 669 -1079
-980 -457 -95
-646 472 541
272 -755 -1044
-612 417 4
353 354 -709
42 330 -1099
-1060 -500 -834
-767 188 713
-584 -390 706
-476 -1037 552
-693 -673 610
122 -47 438
195 822 -929
-190 -834 785
577 163 -74
-972 -239 165
18 -911 513
-14 177 -1084
39 -923 560
246 538 221
-257 -84 -910
828 -574 261
219 -829 884
336 -497 616
267 -625 607
-510 -239 813
353 683 22
700 -229 592
-510 269 161
433 739 -724
-825 -349 -740
-312 459 856
-754 -413 780
-317 -470 178
236 584 125
779 -940 -374
-9 -976 410
-372 -313 302
85 -687 799
677 -406 839
864 368 631
543 491 -832
233 -116 -780
832 105 -297
630 31 -857
233 -306 660
547 246 -756
804 -316 -911
-1070 716 -428
280 501 498
34 -412 4
-533 -343 574
-389 96 433
359 -892 -658
-417 93 347
-663 -480 -769
-165 -395 -591
446 211 38
-633 777 582
-408 -864 -150
-29 -20 538
865 -140 439
441 -443 273
-389 873 -46
-274 289 -779
-829 -708 148
-578 -1067 669
364 -1098 53
563 -753 693
-106 -487 502
443 375 15
586 114 -495
-814 801 -1094
364 613 -677
898 60 102
-419 31 346
-997 -602 606
825 -637 -10
652 -272 248
-815 283 655
298 -297 391
792 -480 -349
-472 174 292
154 -638 -1041
-954 -484 611
-978 826 344
575 766 -217
-111 427 79
-1069 614 -250
-442 -195 696
-799 -646 -449
-463 -377 -70
-513 -497 -335
746 318 -590
97 236 -395
569 -685 704
-3 146 35
-61 465 3
-706 729 -1037
603 66 553
491 555 275
203 -10 724
-755 527 -302
-128 145 -601
-707 -56 -701
92 -838 195
-856 877 -985
176 525 -466
-127 378 -644
-493 -180 -109
-1006 705 820
-60 611 211
90 -1026 -936
249 -119 -318
-309 -745 703
228 640 315
-952 -122 -273
-915 -605 316
-272 -566 -1095
-1009 639 -580
-156 78 -306
455 591 565
-256 115 758
-243 -331 579
-1027 559 -801
196 -181 642
52 -793 -311
633 129 358
-193 -667 -604
-590 510 -252
-300 -305 284
-38 -635 -793
671 598 539
-1059 223 649
-500 256 -679
-889 -102 -426
-6 -720 154
-127 -780 -505
440 138 -428
-239 -634 -768
778 113 861
-458 562 151
-564 -22 -844
346 -86 -431
628 437 -763
-1031 626 550
-186 404 -921
-146 556 -797
105 336 -1066
-474 841 485
836 710 -824
-39 -100 -63
833 -998 -766
818 840 -652
-1021 587 33
620 744 43
-352 -634 741
47 -72 -702
-270 -500 144
-759 -224 -235
-508 -1009 -448
261 -619 -11
-27 -795 -800
-351 -25 544
515 -89 144
308 248 -916
-916 182 -869
-86 196 -964
332 -359 304
800 -307 380
-126 -38 -750
319 740 634
-17 -314 -861
-800 -371 192
311 -498 782
-860 -262 846
534 -99 -101
-775 -51 59
900 685 558
-317 -119 -363
-1084 -494 -879
388 -207 -552
319 -145 -71
-180 -290 -603
-1097 -265 -5
720 -500 -112
-384 621 -211
-1069 -998 706
-550 115 543
527 -279 701
-294 48 555
-1007 -1017 -936
-517 842 693
-372 448 -502
130 -47 -238
760 187 894
-134 -10 -858
583 894 742
378 -459 -889
380 37 -623
886 596 872
-519 803 125
-886 -807 107
282 -772 -1023
-865 -782 781
292 413 73
-1032 588 422
-524 222 -1080
-933 -642 320
269 -954 -254
-528 -269 894
-758 -194 -722
545 -387 -719
-320 -952 -776
538 -643 -10
-359 416 497
25 -1047 91
893 49 -10
494 -298 -62
-438 540 -101
-908 -564 -42
478 483 434
617 854 103
-53 -704 767
-503 239 615
427 -273 -127
533 479 -793
355 585 -921
514 -127 553
-293 808 164
869 6 43
-91 -167 -960
-662 -123 882
370 -187 885
691 -633 -385
-29 -292 574
299 -915 577
356 -267 -210
824 -862 522
-1094 -717 66
629 -424 746
-162 -618 -704
718 -1073 -140
-673 739 362
-196 -339 54
541 890 -115
-607 -474 315
-721 -991 463
-772 -220 -1057
582 387 -161
-781 -152 -7
527 -695 -685
-70 -811 -75
142 -767 -87
-567 530 101
-179 -958 -993
-398 -48 -776
-538 -864 -935
108 298 451
-153 -106 -144
-389 -654 776
16 45 -859
202 285 -211
-887 827 -640
-514 -103 -570
888 842 -550
-218 406 61
32 -252 -42
-1048 -63 284
0 -452 766
-293 -123 -1011
-252 578 -867
65 880 58
-851 457 -922
-273 891 -502
262 765 49
789 -92 94
485 307 -578
756 683 -789
-884 849 440
-735 826 687
-120 872 540
-16 82 139
-143 -339 -308
261 -651 709
-530 601 -521
720 -58 -803
64 -785 -864
500 -120 -689
-769 -1078 -564
461 678 409
-506 755 -915
-16 -69 301
411 -78 260
351 -164 -341
-170 141 567
393 364 -661
464 -710 -807
491 427 224
377 -466 531
-1004 -403 312
10 455 -760
783 -860 586
621 883 81
-525 -276 46
713 -76 193
-671 -509 503
207 696 -104
-803 553 748
438 -71 -898
706 735 -585
-541 -432 628
160 -1007 767
600 -368 411
-826 -118 -44
237 774 793
365 -649 -225
-805 -688 -716
832 798 290
119 -353 -185
89 540 -613
-347 -57 -699
-735 -362 -671
-212 -137 -1080
-241 -356 852
-630 167 -414
-990 -1015 750
355 -902 613
439 409 -899
-693 -455 699
801 -373 -951
-13 779 -525
9 -89 -143
11 358 134
-842 568 390
539 183 452
734 660 -448
-760 590 -69
194 -133 -401
9 -1019 439
-873 -952 -346
894 434 415
-5 699 -929
40 668 -756
104 36 120
171 -624 461
389 168 -981
-696 -894 -60
807 335 -21
-575 -818 790
223 301 -867
311 -142 146
-931 661 -282
208 -240 -729
-4 194 391
-340 300 -616
-510 -862 -665
-235 -243 -222
-639 817 -360
-10 346 737
-259 136 -546
-572 -1065 814
80 -480 252
729 433 836
859 -289 -845
442 -913 187
148 -664 -540
-276 645 -539
877 471 70
-566 400 377
-75 513 755
363 -645 -739
-811 262 86
858 -108 881
212 895 207
710 -683 135
514 -978 -1074
-622 646 -903
-330 -377 17
-301 -352 445
-774 412 797
420 -1060 789
-257 574 667
-753 -278 -311
-872 142 -296
576 -508 -552
-578 -1090 -326
-704 -436 -321
877 30 -415
283 -822 692
622 517 -51
-580 -1025 -193
97 477 -415
481 707 117
655 -141 -915
-547 543 -912
304 -168 -153
733 -817 765
-1014 -548 892
-1082 -243 818
415 233 270
281 -210 506
-705 881 224
-543 -621 -67
474 -626 47
-152 -120 590
-454 296 -666
-665 -234 -483
714 -530 283
-100 -477 -735
-11 691 617
356 -623 -1064
-756 -24 -437
-60 -813 -534
-1091 26 -776
-386 305 -545
-1052 -601 131
765 498 -682
-616 -638 480
245 -611 592
-115 -969 -61
-211 -938 -861
574 -832 325
198 -506 -64
-400 -154 -406
612 -957 -858
-413 162 606
-516 9 -450
-850 -462 207
-609 727 111
766 -79 -385
-579 -155 194
104 -783 29
-1071 -466 428
-642 440 -984
-755 -758 -960
166 101 -1026
-439 -342 147
472 89 -741
-350 764 779
-824 39 -1052
-903 839 -597
-635 500 101
380 540 -45
452 -458 -896
-286 610 -529
118 555 -185
-993 -373 189
-934 267 -1052
-1076 141 -953
-916 387 858
284 -1017 621
330 210 -677
-64 200 -435
368 -944 -156
-370 595 626
497 -297 79
51 -920 -554
-442 610 -994
371 -346 -739
767 -26 211
-153 859 -143
-165 -395 -74
-335 -850 -834
-55 672 341
-234 31 97
-1041 -818 146
-241 -731 -556
132 409 -1041
-1016 -123 644
-651 756 -465
824 550 137
421 861 -876
-1050 277 -739
