5000
-32066 -24662 -33832
-38931 -39013 -36480
-34243 -38339 -25463
-35180 -36738 -20817
-25593 -30998 -37392
-26825 -32066 -34515
-38098 -31135 -33187
-36867 -38434 -34703
-20559 -23155 -34281
-24339 -27757 -25962
-22027 -39475 -35757
-37727 -26766 -30825
-23792 -25073 -21574
-20473 -27372 -37672
-21656 -29299 -30796
-39802 -26403 -33863
-39838 -32513 -30155
-34266 -22157 -27744
-20972 -25106 -25891
-36424 -28894 -39708
-32642 -32431 -20350
-27435 -30875 -23611
-21156 -31299 -22517
-24476 -34632 -37093
-21896 -20412 -39275
-37280 -24583 -25279
-21144 -21585 -26115
-27467 -39707 -37914
-20975 -34975 -29380
-30154 -29518 -28425
-39050 -20236 -22375
-39959 -36193 -24537
-27144 -31574 -34733
-32964 -23573 -24672
-33346 -25200 -32751
-35014 -30501 -31646
-21388 -37426 -21731
-38842 -26718 -26121
-20822 -25440 -29383
-32699 -35700 -20716
-24059 -31219 -36098
-23809 -31576 -36622
-21060 -32779 -27642
-29792 -21495 -27453
-25829 -37987 -30326
-38470 -30980 -20481
-22220 -28114 -31701
-20506 -27544 -31053
-20148 -22619 -24545
-29504 -22934 -31648
-22853 -39997 -25770
-29129 -22893 -39754
-35796 -35830 -26533
-25519 -21264 -21887
-33790 -25853 -29804
-21187 -21989 -20711
-27160 -28171 -35900
-20516 -32022 -24088
-27583 -28529 -20164
-25544 -28840 -22915
-34575 -29864 -25887
-34889 -24808 -35937
-31150 -29232 -33961
-33356 -39967 -30835
-30936 -31872 -35394
-25560 -34356 -34386
-22498 -27958 -20318
-35854 -34266 -28771
-29547 -39395 -20012
-35619 -36883 -24828
-21513 -30724 -20422
-20462 -24775 -20892
-33108 -34718 -33900
-36740 -39454 -36445
-23589 -25272 -27839
-35899 -30299 -23031
-28812 -27723 -37073
-29498 -31662 -24126
-35369 -34483 -36598
-31200 -37305 -27101
-33382 -32391 -23644
-27724 -24316 -27267
-25614 -22540 -30390
-33023 -30066 -20456
-28177 -35028 -29246
-25398 -26261 -34038
-29193 -26721 -30027
-28337 -38337 -30257
-33429 -38570 -34451
-33877 -39037 -33720
-39800 -24567 -32494
-28604 -20565 -24929
-25154 -39858 -33952
-29298 -33591 -22691
-25360 -20802 -39016
-27833 -28924 -36200
-25496 -23376 -32755
-21921 -32313 -20055
-29088 -34533 -31113
-30950 -22862 -28392
-20344 -33517 -39043
-39466 -31205 -28350
-26168 -31959 -26099
-35334 -32671 -20680
-39203 -30150 -32851
-21452 -35112 -28685
-34710 -34613 -36578
-37622 -22634 -36861
-38796 -35512 -36102
-23045 -32508 -25344
-36155 -38729 -20457
-25827 -25498 -37531
-20614 -28728 -36984
-29613 -39781 -31661
-24546 -34621 -39115
-37011 -31140 -20425
-39125 -30275 -39427
-35507 -27220 -24691
-24569 -26980 -38042
-39697 -22568 -20821
-33010 -25107 -30627
-28813 -23495 -28900
-28528 -28025 -30451
-24206 -26402 -20134
-32639 -26167 -25335
-29721 -36112 -21297
-26038 -30388 -23385
-37552 -29850 -33718
-30302 -31537 -29293
-23222 -31403 -27312
-29223 -36548 -20376
-28732 -36870 -31870
-28981 -36934 -35588
-35796 -27120 -21981
-27540 -24134 -29241
-36923 -31421 -32252
-29263 -37246 -23206
-34026 -21567 -31208
-35556 -20969 -35182
-34063 -20022 -30429
-35991 -39742 -30183
-38111 -25873 -25364
-20543 -29077 -31663
-21954 -22910 -38627
-21323 -35252 -38687
-23428 -23336 -25039
-27035 -31141 -23255
-23796 -29644 -33556
-39426 -23183 -29078
-38762 -27327 -28907
-37081 -24625 -38827
-25902 -26077 -25920
-34412 -38401 -34371
-20580 -38269 -25712
-34041 -37507 -32122
-24898 -35670 -39173
-33916 -22098 -28073
-25555 -27154 -26718
-25328 -23658 -37456
-23004 -32697 -33041
-30598 -28476 -27090
-34689 -21548 -22019
-36180 -31032 -20300
-34246 -30327 -32508
-35105 -21315 -20148
-28956 -36980 -22337
-25430 -29983 -37380
-29918 -23912 -38004
-31958 -25815 -21026
-22976 -23070 -22942
-37240 -22366 -31489
-28039 -21703 -26658
-31499 -30474 -32025
-23953 -31197 -30042
-36404 -20283 -30590
-36380 -23278 -36640
-22789 -21793 -37972
-24676 -31427 -23402
-35535 -39317 -25584
-21625 -23260 -34564
-26879 -22723 -33771
-38235 -33515 -33154
-28337 -22838 -27980
-39869 -24738 -21836
-20602 -23040 -38418
-20174 -29484 -36436
-27010 -23087 -32118
-22375 -38566 -31013
-29032 -31534 -30447
-25175 -29836 -38859
-21604 -31914 -20320
-31745 -25717 -28443
-26203 -34666 -35506
-28793 -31255 -31873
-32346 -26282 -31513
-35507 -29029 -29346
-27514 -36268 -30341
-38373 -36248 -26524
-22611 -27562 -39289
-35427 -30844 -35586
-20296 -24431 -33519
-23499 -29740 -38790
-27956 -39673 -34836
-28398 -33848 -37581
-33504 -33429 -37419
-25787 -37942 -29642
-36083 -24757 -33436
-24360 -34320 -36270
-23108 -24776 -35338
-28388 -36219 -39497
-31348 -31397 -38408
-30184 -30404 -32252
-25756 -34946 -30044
-21823 -35656 -30037
-35114 -33622 -22168
-24403 -35853 -33421
-39025 -34502 -32706
-37022 -39083 -36981
-34016 -37578 -36661
-34509 -27891 -26358
-26204 -23654 -25402
-33731 -25276 -34085
-37623 -35649 -31410
-38824 -35542 -33821
-23789 -34293 -34150
-20782 -21114 -21779
-34434 -32597 -21413
-38725 -22929 -21526
-36136 -36008 -28037
-26457 -29703 -32391
-36045 -32649 -36643
-38342 -32310 -20503
-29767 -30325 -24996
-29845 -24863 -26097
-22058 -25323 -36619
-36470 -32006 -31864
-20579 -24159 -20219
-32159 -24685 -24798
-22900 -22567 -27026
-33884 -25681 -30725
-20694 -27424 -22373
-21497 -35819 -37599
-26856 -24383 -33519
-27375 -30959 -20120
-23011 -23111 -22614
-39371 -33965 -34728
-36640 -27868 -33234
-37139 -32869 -23820
-30424 -35404 -20383
-27761 -28737 -24444
-20649 -22103 -37849
-31650 -22834 -33715
-39940 -25905 -35434
-37865 -25594 -38561
-30632 -21376 -28726
-35370 -30680 -37887
-27303 -37125 -24940
-27744 -32124 -30440
-33257 -32326 -35370
-20610 -30807 -36410
-27490 -26169 -32608
-34671 -24346 -38475
-28397 -38773 -28545
-34218 -25332 -34820
-24971 -34825 -32794
-39669 -34452 -22336
-34781 -34331 -36493
-27831 -29674 -26226
-30110 -25240 -39782
-28955 -26108 -28844
-32655 -35006 -32941
-36535 -26919 -29691
-27868 -34852 -29393
-22290 -36006 -28428
-25775 -33637 -23271
-35155 -32106 -33576
-26207 -28419 -27848
-28530 -24919 -33712
-35430 -26737 -35752
-35742 -36518 -33126
-20970 -27126 -30775
-20847 -37180 -39687
-34496 -20191 -28048
-26287 -20737 -22615
-36437 -28283 -29491
-36510 -38730 -33368
-31493 -22015 -32374
-34671 -25502 -33589
-24851 -23474 -23338
-26913 -26288 -36592
-29682 -24816 -20048
-33021 -35006 -38829
-29031 -34453 -34826
-29850 -24255 -24112
-27269 -35294 -23100
-23089 -39123 -22559
-31892 -25175 -22407
-32569 -35729 -24241
-27887 -28242 -38387
-31558 -22877 -38374
-38133 -26427 -37533
-29661 -39646 -27628
-36098 -21466 -31490
-32438 -25082 -33924
-20269 -24174 -33155
-29085 -23127 -35586
-30311 -23484 -37754
-37764 -26331 -24908
-35082 -22985 -36841
-39348 -33295 -33662
-21336 -24757 -28447
-25111 -33815 -39519
-35433 -24169 -23146
-20567 -34348 -39313
-33435 -23792 -28179
-36449 -29619 -28093
-24630 -28802 -24357
-26803 -22657 -29197
-29622 -29591 -37374
-36870 -34508 -25758
-36557 -30638 -23370
-38866 -23031 -31245
-29038 -25707 -36768
-34204 -24440 -39596
-35952 -29493 -39289
-30544 -39221 -35637
-27465 -23723 -30231
-38105 -23708 -38725
-39676 -37307 -31867
-39264 -24009 -28200
-33014 -31056 -34223
-20568 -24442 -22270
-28204 -22918 -25239
-38616 -35125 -35275
-35524 -28056 -21978
-22717 -26697 -21949
-31032 -39292 -33398
-31398 -33672 -31777
-28624 -38356 -22487
-39244 -31386 -28378
-33215 -20365 -31123
-34526 -22112 -34213
-35999 -23446 -31649
-24663 -20447 -39897
-35035 -38992 -29717
-30221 -26680 -34332
-30142 -38428 -30114
-25545 -36945 -38734
-21050 -28552 -27661
-20646 -34714 -23836
-24993 -38947 -22111
-22235 -37196 -27968
-29208 -37728 -28598
-25304 -28814 -23410
-38061 -28385 -32613
-28891 -36310 -29760
-32915 -38486 -20606
-30720 -24553 -38389
-25870 -37240 -24217
-20437 -39425 -20206
-33469 -27543 -24698
-26508 -36910 -20996
-25349 -30968 -22952
-26049 -32023 -27626
-37961 -32528 -38409
-34564 -26929 -34391
-34308 -35374 -32032
-32454 -25414 -25256
-30636 -29149 -26543
-37160 -28044 -21906
-36288 -28767 -24832
-22018 -33718 -38524
-33488 -38438 -21698
-29270 -28210 -32995
-36056 -23071 -26259
-33391 -33245 -38044
-39511 -34644 -33260
-25620 -27919 -24401
-32463 -23095 -30179
-34173 -30956 -33774
-37043 -24641 -32901
-24894 -38054 -30959
-38071 -22922 -34226
-31231 -28894 -35664
-36122 -27551 -26652
-20061 -22741 -32644
-26736 -35434 -32176
-25593 -22048 -29624
-25420 -28872 -38205
-39997 -20954 -33885
-20793 -22689 -24761
-36892 -33437 -37330
-32878 -22226 -24870
-36092 -29224 -25674
-39225 -23511 -35064
-20368 -27055 -23431
-24332 -31208 -25428
-25147 -28686 -30254
-24012 -26466 -39617
-32405 -33776 -24111
-30969 -38037 -24017
-25361 -30107 -38681
-25913 -39802 -29469
-37519 -21414 -24279
-36609 -31940 -34196
-29568 -22449 -27644
-26382 -35012 -23506
-23994 -24851 -29310
-32470 -26058 -24474
-32119 -26641 -20847
-37589 -37104 -30073
-22442 -35201 -27217
-33841 -27423 -39775
-26967 -30171 -29995
-27042 -31748 -32106
-35418 -36280 -29296
-23260 -38726 -36171
-26713 -29075 -23289
-25599 -22242 -24995
-37957 -34983 -34609
-21143 -20647 -34180
-24428 -35870 -35179
-34626 -25046 -24677
-35803 -39684 -24172
-29999 -23263 -33434
-33032 -29390 -34228
-28557 -20571 -24768
-36694 -30859 -36768
-38281 -29158 -36539
-25329 -20784 -30636
-20535 -36921 -39187
-37152 -26223 -33551
-33599 -30210 -28358
-37302 -21179 -31053
-32811 -30218 -39564
-34740 -24598 -33326
-23633 -38151 -30173
-35630 -29834 -32935
-37160 -29361 -27882
-36251 -36174 -33341
-27774 -37032 -26424
-20188 -29762 -37324
-29686 -22392 -34944
-38764 -29644 -31546
-23578 -20025 -25523
-36082 -29312 -30920
-30504 -31209 -25126
-32274 -31107 -33630
-28939 -37619 -23464
-22514 -28815 -26491
-27523 -25944 -29183
-39212 -29424 -35594
-30625 -39954 -28025
-32230 -34280 -22016
-23776 -21280 -27935
-26247 -33768 -25358
-21857 -20469 -38678
-29018 -39510 -21099
-31435 -28831 -30124
-23489 -23963 -36900
-25362 -21252 -34083
-36712 -22116 -31473
-28157 -23480 -21422
-28886 -22703 -32093
-28914 -31439 -26072
-28456 -33406 -20651
-33555 -27421 -23718
-28565 -21401 -33972
-27662 -34432 -23971
-28671 -25910 -26681
-29139 -27574 -27750
-25980 -24582 -34379
-34114 -23909 -39835
-36771 -37651 -20997
-20041 -39797 -39381
-23493 -26753 -30555
-30687 -29573 -31072
-31139 -33357 -20183
-34042 -30445 -38386
-35581 -32014 -34180
-33962 -37807 -31412
-36683 -30394 -29275
-32711 -33167 -21041
-33406 -38400 -39623
-35500 -36438 -31021
-33131 -27058 -27794
-23558 -24326 -39849
-26462 -27203 -21291
-36914 -35269 -36206
-28239 -23034 -23549
-26867 -30366 -23109
-34229 -25337 -23396
-27748 -31747 -37717
-29557 -20984 -33949
-33456 -21344 -23426
-24092 -35910 -27439
-37071 -20271 -26025
-31817 -35916 -28804
-26283 -27181 -32153
-36359 -30146 -22919
-38995 -25653 -31424
-33776 -35557 -27279
-39221 -29528 -31248
-27001 -22425 -26428
-39406 -31140 -24815
-36315 -37292 -23592
-36831 -30355 -21609
-33980 -26372 -34288
-23455 -37400 -28233
-22494 -22680 -36959
-21355 -31796 -38244
-21804 -26838 -25633
-34150 -26943 -33145
-31765 -21646 -21153
-21117 -20897 -36235
-20075 -27169 -24913
-29360 -27376 -23126
-29154 -21287 -33148
-33803 -23098 -33355
-30664 -26520 -32343
-29694 -28171 -34410
-32734 -21708 -31056
-34573 -26072 -28347
-30381 -35534 -29336
-36829 -25186 -31505
-24122 -24063 -22615
-39067 -37048 -31112
-36474 -34283 -28956
-29845 -25342 -26549
-30349 -38863 -39626
-27398 -24139 -33393
-26356 -33882 -26262
-32813 -23716 -38097
-37802 -23404 -21558
-20212 -20665 -22413
-35958 -30807 -23213
-21325 -23936 -24386
-35794 -20005 -21322
-27248 -28914 -36165
-37348 -28691 -32240
-33002 -34615 -22547
-35542 -30907 -20942
-27745 -39433 -27539
-38494 -37925 -28292
-37480 -30274 -32011
-20679 -36413 -29847
-26289 -24098 -37046
-28783 -34729 -29590
-36972 -27102 -26295
-24284 -23720 -26217
-35356 -36890 -20268
-24199 -35173 -26712
-29804 -24809 -39919
-25191 -38460 -34943
-23236 -23112 -35897
-29535 -21071 -26485
-37579 -37135 -37712
-39076 -39930 -31023
-39792 -32071 -23241
-20196 -20543 -34812
-32713 -30032 -33202
-20290 -22179 -29536
-38961 -27888 -33779
-34227 -32768 -33196
-32726 -32149 -34004
-28865 -20110 -31208
-37450 -39557 -22435
-22913 -36072 -39661
-33939 -21045 -39288
-28692 -28524 -25868
-23210 -20988 -32496
-25226 -25584 -34782
-24833 -25869 -24267
-37606 -37188 -22276
-30068 -23864 -37204
-23771 -20084 -21647
-24285 -20877 -35704
-37158 -22737 -32717
-32382 -25208 -23952
-27688 -27866 -20925
-26216 -26166 -39327
-35934 -31675 -24478
-27872 -37326 -30657
-29673 -39514 -39468
-26718 -33069 -38417
-28001 -34114 -32464
-27619 -27800 -24661
-35629 -34618 -24923
-32765 -30749 -35884
-34748 -35830 -22552
-26737 -31773 -29000
-26660 -32504 -38069
-36137 -31180 -27005
-35274 -36108 -28255
-34676 -23364 -31524
-38012 -24440 -28013
-22250 -35700 -37555
-24195 -31221 -23600
-23673 -34171 -27454
-23784 -35351 -38623
-28436 -31269 -29196
-26228 -23721 -23560
-39080 -27867 -21334
-21410 -21577 -22580
-27203 -28052 -35830
-21186 -27007 -26007
-26901 -31737 -21419
-23775 -21095 -31700
-29592 -33629 -28769
-27257 -24174 -27515
-20100 -39645 -24543
-27828 -35915 -35773
-22713 -25227 -25116
-31237 -23862 -21234
-29985 -21730 -28657
-25876 -21998 -35558
-26485 -24252 -30346
-39949 -22799 -20451
-20021 -27615 -32583
-20465 -32277 -36074
-20886 -21009 -24079
-32215 -31545 -24846
-32646 -34692 -28901
-21517 -37085 -26437
-23221 -33219 -22402
-39032 -31443 -23570
-25326 -34859 -38514
-22097 -36724 -36234
-27337 -24915 -30890
-35140 -23896 -22024
-30981 -29337 -35401
-29290 -33312 -32164
-37711 -29236 -24920
-37892 -27453 -28499
-27279 -21475 -31394
-31033 -36394 -30538
-32288 -37138 -24868
-31709 -26055 -28484
-23456 -31316 -25939
-37503 -29055 -24028
-31731 -25457 -31545
-33291 -32953 -28551
-36888 -34869 -26861
-22394 -32141 -31577
-28841 -22180 -27451
-29729 -22490 -21326
-33175 -31093 -31959
-32357 -34119 -20362
-38388 -25641 -32304
-26578 -32653 -34598
-26334 -32751 -22895
-33201 -30231 -34834
-31457 -36381 -35046
-33086 -35608 -28180
-33006 -32581 -29550
-21308 -23976 -30546
-30140 -22319 -25191
-36044 -27465 -22843
-20359 -30490 -26791
-34748 -22037 -39801
-39119 -36906 -31079
-39872 -38700 -25812
-26127 -25816 -21004
-23260 -37891 -31069
-24549 -35457 -35813
-39325 -28038 -34120
-23844 -22744 -36424
-33703 -26694 -20531
-23133 -22146 -23076
-31636 -31795 -27172
-38969 -37632 -28709
-21457 -32985 -29964
-32245 -38243 -24763
-35070 -20435 -34003
-35263 -39834 -28829
-38748 -38344 -31503
-37195 -32883 -30800
-35582 -28512 -34163
-36229 -38616 -24636
-28802 -25949 -35643
-27586 -36128 -29590
-31597 -20431 -24515
-26436 -27906 -24541
-34749 -32063 -34138
-34095 -38253 -25851
-34824 -35931 -38153
-28722 -20215 -24185
-23113 -26411 -38008
-28111 -21060 -21283
-27875 -38976 -22298
-20142 -20839 -33817
-34247 -35834 -30030
-38741 -24579 -38306
-27703 -29561 -33105
-32568 -29397 -30136
-24797 -23315 -28856
-37133 -23003 -39065
-35487 -20796 -39163
-31267 -34149 -21341
-37975 -30025 -27307
-37123 -28603 -35007
-20228 -27006 -20233
-33759 -38100 -26849
-34842 -38572 -39286
-36040 -22747 -20567
-33437 -23044 -27753
-23558 -32306 -29235
-34299 -37875 -38563
-25311 -27046 -32324
-37511 -38217 -27773
-33299 -33385 -31231
-35226 -28038 -20656
-38759 -34878 -28936
-36719 -31367 -33382
-32635 -39288 -35228
-38570 -26797 -39279
-32494 -20096 -25492
-31466 -27798 -38510
-29123 -36650 -29465
-37646 -20910 -27347
-23728 -20250 -38152
-25361 -31285 -33715
-39214 -38998 -35631
-21220 -24138 -34184
-31196 -36696 -32587
-35716 -33920 -20240
-27342 -26519 -28587
-31598 -27235 -24703
-38777 -33334 -20314
-21524 -20217 -27216
-39613 -36504 -25695
-34359 -26477 -24922
-30314 -20173 -37621
-30362 -39540 -27752
-28511 -32356 -29932
-31801 -22027 -20536
-27224 -37448 -24143
-20770 -38211 -27599
-36828 -20950 -25608
-35961 -26444 -23241
-36746 -25953 -35943
-28549 -38395 -39166
-26040 -23940 -30411
-21186 -23646 -36996
-26001 -39959 -26000
-35291 -36519 -33619
-39717 -27012 -37195
-34538 -20259 -36769
-32197 -28274 -26702
-34424 -38830 -39135
-27310 -37267 -26469
-24127 -26835 -32131
-36231 -22597 -34975
-29955 -39079 -27344
-32275 -26890 -34055
-39288 -38909 -25522
-30251 -39583 -26502
-30674 -24120 -25377
-31306 -22614 -34871
-35641 -33975 -22708
-25455 -31331 -35134
-37406 -27653 -37798
-32883 -21357 -33243
-36659 -36568 -39586
-24707 -39602 -30065
-25582 -25006 -38650
-24946 -26774 -27494
-30809 -23191 -29871
-38434 -26589 -25715
-28009 -28668 -24282
-26900 -24437 -36577
-39824 -35258 -21737
-27893 -38272 -23188
-28412 -26998 -36142
-22948 -31435 -27263
-21531 -22825 -31489
-20637 -26848 -21465
-30087 -27406 -37905
-27262 -36591 -25194
-32798 -24649 -33615
-23314 -30810 -34454
-24387 -26754 -24913
-23032 -26048 -28406
-29188 -29626 -39669
-26928 -38246 -24417
-39086 -24863 -20265
-22277 -23953 -38597
-20266 -26851 -25236
-29950 -39538 -37034
-31884 -27890 -29786
-36319 -25835 -28927
-27615 -38967 -29476
-34413 -25717 -38200
-32175 -29519 -29329
-25078 -25832 -37204
-36475 -36243 -37809
-30288 -23991 -22178
-39959 -27730 -33051
-36360 -34550 -25637
-36510 -29708 -34233
-27150 -37511 -31212
-25917 -30673 -33583
-26330 -20970 -29803
-22293 -39859 -28022
-32587 -25834 -23712
-21665 -36740 -35061
-36910 -28097 -32815
-39056 -24559 -26344
-39751 -32763 -39740
-27220 -24407 -30713
-37365 -38091 -22471
-35140 -34438 -39200
-23371 -33732 -20615
-39849 -34874 -22938
-33956 -28575 -25761
-21621 -21201 -20705
-22939 -28249 -35390
-28990 -33483 -29053
-27338 -27547 -25572
-23320 -28053 -20416
-34960 -28305 -24666
-36234 -36317 -32672
-27147 -26040 -21826
-20251 -38015 -39223
-39481 -38687 -32559
-21400 -34751 -29680
-39790 -38656 -31922
-20353 -25571 -30426
-35264 -30982 -39865
-21525 -33063 -28580
-35557 -31707 -22803
-36417 -35020 -28895
-34657 -35200 -22620
-30704 -29446 -38552
-23311 -37702 -35153
-32084 -35195 -32611
-22091 -25525 -25199
-33014 -37975 -25085
-20981 -21252 -30486
-30568 -36503 -22804
-25865 -23610 -29881
-37268 -23656 -33598
-28705 -35474 -20654
-27693 -30968 -26827
-31455 -24546 -25985
-39480 -33672 -39941
-33694 -36802 -32242
-32564 -37356 -24449
-31169 -36840 -21066
-37850 -26590 -26476
-31535 -30835 -21926
-32723 -20911 -35314
-37738 -21057 -33263
-27055 -22805 -31770
-33089 -38758 -30638
-38176 -32148 -29925
-31366 -27761 -26285
-25965 -36066 -33514
-31845 -20718 -37283
-33178 -27355 -32171
-27358 -22978 -36232
-33148 -24453 -35695
-36321 -20181 -24971
-26433 -37994 -27004
-23018 -39970 -25802
-25471 -31421 -30476
-26488 -39388 -25618
-23722 -24412 -26715
-34073 -34297 -31540
-34929 -27203 -32236
-38616 -23661 -26126
-23761 -28847 -34359
-28802 -37160 -25036
-26227 -39523 -30569
-25221 -34668 -33185
-28875 -33812 -21729
-38598 -31674 -39828
-31477 -20421 -22675
-28761 -29621 -38346
-22217 -27538 -34200
-30581 -39851 -20631
-26176 -32384 -27736
-23836 -32361 -36929
-38962 -34665 -34070
-36968 -24966 -27762
-30886 -34350 -28227
-37898 -27946 -38270
-20978 -27677 -26181
-25985 -38005 -26261
-31127 -28253 -25853
-24203 -27975 -26254
-21640 -27872 -27047
-34121 -23802 -32226
-26005 -33182 -21754
-37165 -22444 -27116
-21421 -33355 -39891
-28678 -28881 -38636
-32845 -20459 -31156
-33198 -32408 -36377
-29986 -36796 -25682
-32820 -38102 -24352
-32628 -34348 -38971
-31693 -24242 -32698
-22293 -34104 -36311
-23338 -33933 -21383
-33450 -33704 -30949
-31197 -39785 -24633
-22122 -39914 -28221
-33023 -34789 -33261
-37474 -29583 -34151
-26005 -30481 -39316
-38023 -30750 -31414
-26694 -31939 -38097
-29391 -26204 -32929
-24144 -23612 -30205
-21246 -26915 -34461
-31201 -30999 -28988
-20427 -22022 -29120
-32095 -27023 -31775
-32987 -20682 -27281
-25369 -23616 -35465
-34652 -28695 -31167
-32604 -24852 -24679
-28073 -28988 -36033
-25874 -25296 -20659
-23606 -33252 -30888
-22184 -37125 -24590
-39497 -22515 -24019
-36150 -21739 -36940
-30370 -20484 -21216
-36263 -31208 -23086
-34305 -27103 -33787
-22965 -32975 -29589
-23480 -39790 -37987
-38565 -32155 -25406
-23599 -27724 -35035
-26934 -20099 -31853
-23412 -20135 -24086
-22763 -27643 -35896
-26168 -27821 -20893
-36497 -30366 -23934
-26669 -35700 -25566
-35223 -22786 -39369
-27684 -38861 -21614
-22663 -32555 -31979
-33060 -27564 -22603
-37591 -36679 -33974
-26208 -23407 -30142
-39458 -22504 -31202
-39562 -32034 -36137
-35859 -27244 -28277
-36818 -35761 -27058
-25543 -35648 -28799
-32821 -32721 -39952
-34973 -39898 -20523
-26415 -36094 -37472
-20571 -32975 -26401
-30105 -37905 -35591
-25651 -39619 -29044
-22788 -27117 -27245
-38581 -30305 -33650
-23601 -36322 -37501
-36818 -21749 -32877
-28628 -31625 -34391
-38587 -24575 -36926
-25809 -20957 -23638
-33692 -21731 -39083
-30039 -31337 -33871
-38304 -21602 -27440
-28867 -26257 -23915
-26004 -24655 -25650
-33484 -20264 -21593
-24054 -26976 -36376
-36615 -28434 -37783
-22171 -22312 -38348
-33920 -35838 -20798
-33583 -30136 -39349
-29079 -24416 -22665
-25343 -29390 -20521
-32518 -34794 -32365
-33197 -28212 -37778
-38983 -29145 -23477
-29738 -24199 -24072
-29188 -33870 -22442
-24863 -32003 -24128
-37585 -21747 -30719
-36064 -29673 -37778
-20049 -27442 -30238
-25433 -23450 -33551
-30906 -38375 -26603
-39222 -26882 -37118
-27159 -26682 -24580
-26521 -35158 -25202
-21404 -23007 -38491
-37145 -21522 -38567
-32277 -37146 -35863
-26582 -33488 -37349
-38956 -36600 -35066
-34515 -30796 -34446
-23520 -29669 -25147
-22705 -26206 -39956
-22377 -38190 -27517
-28785 -39656 -35359
-37166 -29900 -37284
-26635 -39117 -36826
-20170 -21365 -40000
-39444 -26932 -38210
-38635 -33057 -29318
-38000 -34091 -25088
-25286 -37476 -38590
-28440 -26355 -38360
-39818 -32409 -22109
-36027 -27771 -35432
-38893 -39441 -27064
-21219 -30873 -36449
-32555 -21024 -22064
-30714 -26639 -23539
-35409 -29970 -26748
-35831 -30179 -26117
-22518 -38778 -27042
-20570 -39205 -29361
-37085 -28270 -38325
-34337 -31281 -20137
-22490 -28582 -26994
-24098 -27103 -20154
-35480 -37784 -36644
-27528 -37565 -28369
-22644 -39503 -28302
-24072 -38363 -27468
-30186 -20091 -21108
-21170 -24258 -36672
-31995 -39460 -25073
-36824 -31886 -31896
-39936 -34441 -26252
-29397 -21309 -20850
-22824 -26648 -23320
-23439 -22665 -37179
-22198 -39887 -23439
-27912 -23544 -36666
-35940 -24658 -25713
-22720 -37958 -35551
-32444 -24167 -22424
-33859 -35510 -24612
-39962 -38389 -31534
-28103 -29542 -21262
-38163 -35583 -35576
-31533 -22799 -39423
-34945 -36758 -31575
-36763 -34400 -35821
-22645 -20043 -25174
-39840 -32831 -30323
-26616 -31739 -29311
-27886 -23294 -23262
-25155 -23959 -28421
-31823 -21158 -35721
-33039 -27238 -23406
-22204 -28225 -37298
-33539 -26579 -29105
-30643 -27817 -30352
-32877 -21763 -32969
-35708 -35174 -36622
-27344 -28909 -20726
-33330 -30354 -26054
-22466 -35323 -30971
-25723 -34365 -36493
-33925 -36823 -38069
-31216 -25363 -39412
-35644 -36636 -33505
-28934 -21422 -24240
-26872 -25372 -34175
-26049 -22601 -28310
-20545 -35935 -28603
-26012 -37765 -34422
-24966 -23949 -36019
-26919 -37695 -28548
-30683 -22066 -25813
-38256 -38178 -30757
-30524 -31481 -39575
-22954 -23126 -31906
-28096 -21902 -21146
-33252 -38549 -28167
-31485 -27182 -22532
-36994 -24474 -26910
-32290 -33990 -36771
-27077 -23143 -27007
-39143 -29547 -39087
-32672 -20066 -21743
-28321 -32138 -27193
-36000 -37129 -33337
-38090 -29004 -24087
-34589 -26826 -26215
-32523 -22335 -26418
-27960 -29598 -34291
-33835 -20139 -26779
-28170 -27123 -36744
-22721 -39248 -22539
-27213 -20406 -34599
-32695 -35270 -27653
-34081 -33319 -25637
-33990 -27249 -30001
-20071 -21725 -25257
-24206 -34338 -36814
-35042 -23996 -33155
-35867 -20034 -27099
-20013 -23743 -25493
-32007 -20107 -21457
-25497 -32507 -22982
-36930 -29688 -26365
-26620 -29906 -29722
-33270 -22399 -21527
-26036 -29532 -39852
-34482 -32624 -31750
-39404 -38657 -28547
-31981 -31841 -31564
-20808 -35788 -28787
-21985 -26692 -29958
-34279 -36756 -21625
-20200 -36909 -36870
-34101 -33515 -27435
-21260 -28657 -20000
-36491 -27441 -27996
-24071 -38171 -32228
-26730 -20760 -23560
-29801 -28954 -37186
-25571 -27650 -27275
-39747 -37378 -22835
-27446 -35056 -24238
-35900 -27617 -32927
-33823 -24422 -23521
-24679 -22921 -30264
-29502 -28507 -23815
-36945 -27861 -26405
-39438 -29394 -31951
-30648 -38686 -38266
-36119 -30960 -38838
-25293 -39009 -37629
-35312 -35728 -33970
-25796 -37461 -36476
-39246 -27481 -23892
-33632 -29052 -24222
-25702 -39363 -29634
-37919 -27123 -28577
-39978 -28069 -26265
-35628 -28157 -22875
-30607 -37756 -24255
-28979 -31932 -27164
-38357 -21610 -34914
-35962 -31876 -26003
-36047 -27945 -39751
-23215 -20871 -25749
-24324 -23282 -23239
-26559 -23887 -21217
-32318 -39488 -33872
-20763 -31596 -35998
-24529 -27899 -26480
-26682 -35602 -28213
-35422 -33887 -39905
-24596 -38699 -28561
-27916 -28398 -39125
-23480 -28488 -33693
-29214 -26943 -24975
-24979 -22792 -25758
-28687 -39497 -34874
-36997 -31380 -25455
-33215 -21316 -37370
-26916 -20706 -35275
-25743 -20997 -36260
-33678 -37001 -37455
-26639 -21552 -27739
-27540 -21798 -38246
-28371 -25842 -39454
-25492 -35685 -34476
-37001 -20972 -25663
-33423 -39283 -27758
-33427 -37225 -34481
-32624 -39014 -24307
-31303 -32847 -37495
-30712 -30124 -27036
-38480 -32561 -27097
-39427 -29113 -26558
-36541 -29799 -27256
-28375 -38976 -36995
-32248 -28181 -29014
-31109 -21764 -33525
-34103 -35015 -23117
-35722 -26426 -27737
-28691 -29676 -31961
-30972 -27170 -33799
-31019 -34121 -37532
-37705 -22125 -27987
-37603 -28161 -33573
-35382 -20363 -29979
-32081 -22294 -35810
-28666 -39542 -32925
-33698 -30477 -24520
-37504 -25213 -39569
-39431 -22620 -23335
-22919 -26569 -31171
-27106 -36241 -35740
-24804 -37561 -32796
-36876 -30192 -37383
-33048 -26985 -23244
-39733 -21574 -28873
-24573 -30782 -21589
-33269 -29231 -34480
-26450 -30013 -25350
-22231 -39271 -39700
-34015 -28897 -37186
-39551 -37813 -21945
-22144 -37171 -32782
-23468 -27205 -33761
-30315 -35859 -35066
-30416 -21203 -21081
-34302 -24407 -30168
-26009 -37046 -37796
-39454 -39058 -34437
-20818 -20916 -30285
-36254 -26920 -39679
-36119 -27665 -32957
-34527 -27877 -25741
-35365 -25751 -27723
-38060 -21112 -35227
-36253 -38731 -25151
-36096 -33058 -29015
-29576 -22789 -26899
-25187 -37575 -21314
-35541 -35466 -36207
-23421 -25696 -39365
-35860 -29177 -29247
-26107 -29743 -29884
-36624 -33916 -37682
-35471 -23723 -25136
-28250 -38738 -39027
-31812 -27855 -32123
-38745 -39978 -23784
-30437 -21455 -37649
-21040 -30957 -33569
-27787 -29451 -32070
-23141 -25041 -32380
-37168 -21424 -37904
-29311 -35487 -25100
-35224 -29260 -24901
-29231 -21232 -22105
-39689 -29001 -20912
-36710 -25512 -26082
-31714 -35254 -37542
-31058 -32872 -30780
-36304 -33882 -29707
-21951 -22360 -23101
-25280 -24884 -25945
-22951 -30043 -23956
-23258 -24224 -23150
-28559 -25476 -23130
-29977 -33847 -20852
-33763 -22207 -21801
-28859 -37848 -38468
-32664 -23676 -25633
-27378 -27062 -33775
-31542 -37688 -24654
-24559 -21310 -26986
-39701 -38920 -28365
-23736 -27406 -23079
-35331 -29152 -22202
-31172 -28459 -34009
-32488 -32534 -36292
-33497 -29914 -39468
-30634 -34660 -25006
-32509 -23940 -26361
-30314 -31301 -35106
-33704 -26288 -32222
-22235 -34794 -33520
-27499 -32707 -29595
-34317 -37863 -30659
-28954 -39313 -30378
-38655 -24979 -30139
-20812 -26392 -29183
-37376 -30667 -21871
-35990 -26113 -24645
-39820 -25652 -29471
-37621 -32728 -31818
-38638 -21409 -33233
-20553 -22998 -36269
-32332 -37761 -36894
-21298 -37576 -28955
-25146 -26288 -36486
-32038 -20815 -33653
-22600 -31261 -27659
-25750 -26816 -28225
-23722 -23487 -25566
-34727 -21722 -21019
-28245 -28669 -28458
-39409 -30140 -34393
-28379 -37759 -31902
-26396 -26004 -28231
-32519 -23718 -36776
-30903 -39465 -27588
-27255 -39923 -28547
-30619 -37854 -36486
-27001 -37529 -22162
-34713 -27048 -22140
-22547 -26208 -20921
-23838 -20448 -33817
-29336 -35699 -23609
-38816 -24122 -26249
-35202 -26713 -36401
-30521 -31632 -22286
-29203 -27947 -37103
-27084 -28977 -25394
-29997 -35696 -34793
-38733 -24481 -34306
-24168 -37669 -32453
-33805 -33217 -23725
-23976 -37589 -27498
-23566 -32039 -23271
-28995 -38430 -22031
-26643 -25155 -36558
-22512 -32172 -38588
-31645 -35856 -25213
-33794 -28768 -32600
-31596 -29994 -33549
-37781 -34695 -36399
-38427 -39104 -39835
-29493 -23223 -25233
-27395 -30266 -32019
-23119 -31134 -32054
-31190 -37212 -26628
-35631 -31317 -26221
-20988 -36010 -25177
-20267 -39783 -24143
-30985 -30990 -30199
-37247 -31261 -24574
-34799 -30293 -29221
-26755 -25054 -23703
-37732 -39125 -28875
-34121 -37836 -31060
-28845 -33856 -28371
-28615 -33868 -23939
-34188 -30491 -31943
-24986 -35392 -28903
-30579 -24251 -33800
-35077 -29423 -35659
-33522 -37025 -20555
-29172 -31636 -25316
-31603 -21929 -27493
-26324 -34460 -35711
-39122 -23393 -30249
-33398 -32369 -32690
-21272 -37736 -34755
-32709 -37507 -26431
-21292 -26484 -28388
-21934 -23879 -28997
-34946 -25509 -23189
-33045 -21360 -33022
-27740 -35051 -37049
-24517 -33968 -26734
-22513 -38935 -28091
-38554 -32184 -39748
-31526 -26668 -37563
-24136 -36761 -28551
-31676 -26376 -35954
-23202 -23828 -37634
-23371 -26646 -38411
-20937 -22828 -30750
-24488 -21528 -25376
-34849 -34335 -38424
-24815 -23581 -23240
-34231 -33642 -23333
-29115 -25477 -24729
-26633 -26083 -27284
-23486 -25956 -24582
-37934 -38036 -36858
-30542 -26474 -23172
-22136 -24506 -38375
-32385 -38411 -30292
-24755 -35622 -38305
-31707 -30364 -38681
-21408 -24537 -28368
-33825 -22141 -29381
-26098 -31679 -30326
-24718 -22821 -31422
-32008 -35392 -26825
-39708 -28582 -20946
-32014 -21784 -30894
-33315 -27391 -21735
-27161 -30532 -20410
-21433 -37582 -38379
-31035 -24700 -25841
-37539 -23850 -27640
-22736 -30766 -24950
-36181 -35931 -28644
-20923 -24102 -26652
-27130 -32168 -23619
-36990 -39128 -24753
-32866 -22995 -38313
-34265 -31324 -37404
-34889 -22549 -22522
-31891 -35149 -28216
-20549 -29553 -24469
-26970 -23038 -23000
-30555 -20874 -29148
-24033 -25792 -22670
-20612 -27722 -39077
-32601 -36754 -33955
-27485 -36682 -21464
-20238 -32484 -33207
-38377 -24569 -37739
-37945 -32239 -31111
-34169 -34881 -38978
-35045 -29877 -29591
-31625 -23051 -39962
-24879 -22473 -32201
-24500 -25698 -25392
-33991 -30947 -32580
-24283 -30890 -32710
-36302 -20816 -38124
-20695 -35904 -30723
-39271 -39619 -22483
-20015 -38813 -20038
-34861 -22969 -27843
-32772 -29454 -33697
-31041 -29210 -30952
-30059 -32560 -25971
-23964 -26220 -33335
-36742 -30569 -34521
-20490 -22476 -38434
-27945 -35107 -37536
-34479 -20628 -23630
-39078 -39366 -38206
-24336 -34964 -25050
-25425 -24276 -25337
-24168 -29616 -33866
-24826 -20606 -24788
-24206 -25206 -36312
-22905 -38237 -20165
-31324 -27531 -39307
-26704 -28040 -25405
-36388 -33124 -39588
-38419 -26778 -30240
-34494 -26743 -28062
-25323 -35961 -33051
-22491 -38782 -31920
-39510 -27703 -20800
-27453 -39486 -27193
-24997 -33116 -33347
-33072 -20992 -22414
-32277 -23899 -22255
-39901 -30656 -23334
-23005 -22877 -38780
-29278 -30934 -29452
-26582 -36312 -33288
-37001 -36821 -31668
-24286 -34255 -25394
-26042 -24689 -36502
-22326 -37573 -26426
-35889 -21819 -24684
-30497 -34149 -38060
-32607 -21088 -23660
-35560 -27786 -23270
-22682 -25261 -31741
-30753 -34522 -36364
-26976 -26997 -30427
-32677 -32534 -33858
-23856 -26222 -31121
-24400 -33125 -24860
-36125 -21718 -26665
-39395 -35660 -35555
-34261 -36601 -24290
-34351 -33492 -30773
-24247 -38769 -28348
-20891 -36615 -38889
-31877 -21970 -37844
-39592 -33184 -29743
-31786 -39929 -37491
-38497 -25218 -26685
-33514 -28964 -36600
-25276 -29575 -23887
-25617 -22473 -36088
-39253 -34538 -37904
-20671 -23435 -38513
-28082 -21007 -21031
-28265 -37642 -24615
-33201 -21969 -38072
-36289 -28761 -22529
-23482 -20083 -23563
-31519 -25148 -24333
-35006 -25180 -29616
-38031 -23396 -22786
-27779 -31289 -34390
-23183 -22888 -32993
-30486 -23044 -26071
-34353 -33470 -36144
-36748 -23733 -31142
-27526 -33033 -32077
-36454 -29278 -27659
-23714 -28608 -26462
-34442 -38478 -35591
-28179 -35686 -21797
-26665 -38646 -25926
-34935 -35116 -36227
-38579 -35624 -22829
-31271 -25925 -27523
-23706 -28607 -20601
-22074 -37948 -30782
-30439 -20176 -36309
-29124 -24097 -25650
-27359 -39599 -33353
-37078 -39508 -31830
-30470 -26613 -27382
-20623 -27894 -39784
-33195 -33960 -20175
-28489 -25707 -37084
-36723 -26587 -23519
-33758 -29934 -27359
-21087 -28998 -21020
-26316 -34860 -34135
-37943 -30518 -34280
-36363 -27319 -32360
-39118 -20299 -35196
-21304 -38905 -20915
-21108 -28477 -28940
-33536 -25013 -27287
-22087 -36373 -39361
-29928 -24960 -39021
-29256 -23292 -21899
-30633 -25347 -37243
-31162 -20106 -31784
-29427 -37676 -36892
-21240 -39733 -20177
-24391 -36700 -31661
-20261 -25921 -20400
-27175 -39423 -26311
-39799 -36081 -23283
-20640 -33086 -26373
-34779 -39944 -35574
-25901 -24173 -20672
-33415 -34529 -37771
-25932 -32578 -36172
-37280 -27445 -22292
-28814 -20763 -30314
-28044 -34699 -20515
-35893 -35109 -34969
-33412 -33302 -26276
-21049 -33650 -25452
-27578 -28976 -38468
-33522 -31419 -33488
-22542 -28074 -20064
-23725 -38980 -39903
-28296 -28746 -37216
-31034 -29874 -34688
-34618 -32985 -36455
-23571 -39124 -21168
-26983 -39772 -29596
-37514 -37168 -21487
-30114 -34687 -20051
-23278 -33361 -31711
-22623 -26424 -36955
-39313 -21170 -36512
-25209 -37492 -31153
-39601 -34057 -36882
-25914 -38416 -35543
-37841 -23159 -27800
-29368 -29094 -21660
-29195 -27535 -25526
-25801 -23050 -24239
-20956 -24531 -32314
-26622 -29912 -38258
-32396 -22204 -25176
-32651 -39731 -35607
-34243 -37381 -20220
-28571 -28984 -38680
-36736 -32432 -23784
-34851 -34466 -22163
-33396 -37573 -29461
-24583 -25563 -36071
-21040 -21091 -34048
-32737 -36283 -20289
-23762 -32344 -36725
-22611 -36460 -23194
-20893 -30030 -26519
-32449 -27359 -22196
-23393 -28029 -20708
-27183 -32431 -31423
-22667 -33807 -22772
-36273 -36390 -37112
-21919 -39861 -25809
-39997 -21066 -36057
-23313 -20780 -31412
-20378 -29562 -26759
-32454 -35142 -34619
-28014 -31878 -33232
-20449 -38377 -24786
-23889 -30828 -33009
-27662 -22043 -33190
-21366 -34799 -22416
-31182 -24980 -24976
-34224 -34093 -27737
-32883 -22490 -22512
-24041 -27574 -38115
-32858 -37332 -25274
-36497 -39810 -20705
-31524 -21811 -36590
-21544 -33975 -33573
-22410 -33180 -36309
-35617 -23913 -38575
-24189 -31908 -23409
-38211 -34927 -21168
-29369 -28079 -20560
-32881 -21930 -34519
-24962 -37264 -27891
-20548 -22207 -22998
-38564 -33540 -28568
-28954 -39855 -39641
-20582 -39133 -39092
-22480 -36460 -34230
-30893 -37755 -28566
-34902 -38678 -23698
-39842 -30240 -22837
-37516 -29548 -36922
-32834 -27588 -32871
-26281 -23905 -31404
-36082 -33783 -27141
-39475 -35502 -38032
-30664 -31879 -35425
-39333 -22623 -24644
-38493 -32628 -36087
-24119 -31856 -39331
-31305 -20552 -39991
-23284 -31705 -26684
-39269 -34941 -32039
-38479 -37723 -31715
-34017 -23216 -22471
-35481 -38740 -32080
-35230 -21028 -21492
-31862 -35680 -28739
-33418 -33202 -38873
-29108 -30937 -25390
-38568 -33743 -33530
-25824 -24003 -39181
-26434 -37403 -36447
-37943 -24829 -33944
-32948 -25062 -24453
-28392 -38267 -34687
-33162 -28775 -27126
-25420 -35268 -20329
-29114 -34075 -39842
-38899 -32391 -35758
-23616 -28983 -32705
-24798 -24366 -34324
-22676 -31386 -34397
-30942 -38796 -39759
-39210 -23069 -24950
-28656 -28733 -28835
-35973 -27680 -37626
-27323 -28325 -38251
-32127 -33221 -33402
-39788 -39443 -28869
-30822 -37682 -23680
-32152 -32707 -26568
-29854 -28551 -25109
-35903 -36262 -38508
-26492 -32874 -38661
-21736 -25209 -32140
-26882 -20605 -27111
-28972 -20216 -20052
-38949 -23736 -36605
-38669 -35105 -35777
-39675 -20062 -37284
-35945 -34640 -25551
-21741 -30371 -24922
-30776 -24541 -20199
-32113 -28706 -28827
-21506 -38983 -36388
-39220 -35318 -27281
-29059 -38663 -35297
-21382 -31433 -27174
-27686 -28560 -38265
-22215 -25827 -30808
-35734 -31152 -35803
-20595 -25829 -21282
-23648 -27555 -37579
-31316 -24108 -28206
-30835 -29525 -26562
-39867 -36117 -23445
-34441 -21265 -26460
-32373 -24344 -34774
-38929 -39958 -24382
-23308 -38364 -25355
-37328 -32702 -26382
-35677 -38757 -33007
-37535 -26479 -28016
-35056 -22785 -32534
-36294 -37224 -20883
-30783 -38348 -33661
-33724 -23648 -25085
-34451 -38144 -25149
-31583 -28339 -31404
-37799 -28016 -35727
-21939 -22736 -34810
-39030 -20128 -26740
-34481 -30096 -29947
-21293 -24255 -33482
-27207 -29430 -33732
-23280 -28560 -33865
-24299 -22991 -37266
-35359 -23816 -34109
-34206 -32796 -31177
-34311 -31646 -30653
-27471 -22675 -35451
-34481 -31756 -33190
-22064 -36578 -31553
-37305 -34030 -33968
-33343 -33120 -20587
-36530 -32896 -27739
-30999 -26797 -31522
-23746 -32378 -24983
-25890 -20255 -35741
-22053 -34644 -30853
-23782 -22831 -29727
-20779 -28919 -21520
-28227 -27618 -22266
-25205 -22123 -39766
-33704 -37754 -35590
-38974 -37567 -33237
-28014 -35692 -23303
-26312 -39594 -22110
-26191 -23764 -27971
-36725 -26064 -38072
-20077 -28396 -33798
-29575 -22372 -22596
-39072 -24005 -32941
-23049 -20210 -29592
-22880 -21568 -27288
-22018 -26347 -38806
-33230 -27825 -27537
-39973 -29445 -31788
-25824 -22095 -27853
-22752 -26494 -35554
-21776 -39914 -31913
-25002 -36150 -31216
-21551 -23227 -26970
-33983 -35444 -37798
-27828 -22290 -21717
-35501 -29434 -24418
-20113 -22884 -31735
-29082 -37339 -20101
-35924 -31043 -26404
-28580 -23548 -21317
-29402 -28578 -37609
-20499 -29363 -30735
-34601 -31038 -36466
-34148 -32962 -24252
-31434 -28564 -22784
-28245 -38599 -24600
-34458 -34382 -39886
-30450 -29033 -21746
-34257 -33881 -27517
-36271 -37843 -21971
-28559 -22158 -32484
-27910 -35154 -24797
-36650 -36023 -34073
-38283 -25719 -38216
-31295 -25275 -22786
-27492 -21303 -30075
-33459 -23529 -38090
-32523 -26387 -26461
-24413 -39122 -35943
-29138 -29968 -37201
-23218 -35719 -32796
-29128 -21421 -23255
-31571 -32845 -31326
-28180 -26312 -20637
-39689 -29173 -34316
-26689 -27892 -33175
-23051 -26893 -33623
-24790 -38534 -33613
-21155 -37331 -26401
-36887 -31728 -34641
-25170 -31722 -21194
-28914 -25773 -27669
-34826 -23030 -20874
-29183 -22356 -29068
-23568 -24531 -35962
-24324 -31613 -22278
-31481 -27468 -24948
-27060 -29274 -28713
-38003 -39874 -27533
-35673 -34851 -38847
-30009 -30286 -36648
-30321 -23593 -35825
-34768 -27877 -30961
-36113 -31685 -23941
-39326 -36301 -37370
-35037 -20505 -34080
-29685 -35883 -21699
-24787 -36311 -35943
-24183 -35883 -36666
-37149 -30059 -28306
-38501 -32609 -23426
-30462 -35981 -34146
-38041 -27275 -24392
-22193 -31997 -34798
-20792 -29136 -33841
-24178 -31993 -36708
-25601 -31910 -37711
-39601 -31075 -32118
-26884 -34571 -24919
-30150 -32629 -22142
-29843 -39302 -20417
-23651 -35350 -38252
-25704 -36520 -30068
-24691 -33293 -32640
-33941 -36439 -27024
-37254 -28203 -27115
-39406 -38637 -24672
-23137 -26632 -24613
-29250 -32037 -37549
-22570 -21276 -34119
-29428 -23300 -28933
-22060 -29378 -25472
-29526 -22298 -26573
-26924 -28665 -35311
-23533 -24000 -20143
-39258 -24675 -34285
-23801 -21275 -25251
-20278 -28000 -34386
-27098 -33816 -23946
-39107 -38446 -25280
-34931 -21140 -25057
-21827 -33537 -30399
-21059 -31416 -29513
-29520 -35517 -35452
-39670 -32607 -36533
-36790 -25744 -21811
-36136 -39398 -39779
-29369 -30323 -32092
-26146 -36531 -33082
-37762 -30181 -27486
-38478 -26289 -28252
-32500 -30541 -33476
-34245 -27631 -20865
-39118 -34406 -28384
-34895 -20648 -31510
-31869 -28072 -39664
-26718 -38508 -20351
-39002 -35247 -31870
-35898 -39064 -38281
-36101 -31370 -24057
-37575 -38462 -22341
-29326 -36361 -22700
-31229 -32106 -25336
-31566 -36896 -32347
-38459 -21916 -25044
-25400 -31163 -34236
-38464 -24540 -26985
-36176 -38627 -28024
-22628 -26719 -29914
-20081 -29777 -26280
-37158 -29873 -37958
-20213 -36336 -28575
-36769 -22118 -30102
-36855 -22700 -20892
-27415 -32161 -28572
-38690 -35675 -20255
-20401 -26157 -31981
-27422 -23345 -34613
-29146 -38412 -35366
-37320 -35018 -27648
-39024 -27245 -31567
-23280 -26957 -30812
-23462 -26532 -38934
-27820 -20119 -23897
-32744 -28590 -20091
-30185 -22197 -28865
-24765 -36108 -29490
-26467 -37265 -39706
-23493 -29721 -27969
-27048 -34861 -38700
-39202 -27031 -34040
-34354 -22123 -35703
-26697 -28458 -32692
-21615 -37465 -21610
-21288 -21289 -33946
-27023 -29089 -36559
-39260 -21504 -33806
-31571 -38536 -35029
-20395 -30168 -36399
-39126 -31541 -23994
-36950 -21254 -20530
-22322 -20820 -32827
-39110 -28070 -27117
-30901 -23611 -30065
-21739 -39280 -39146
-20860 -26944 -26990
-34573 -29165 -20636
-21509 -21955 -33777
-27174 -22351 -38249
-34348 -23210 -26918
-29156 -36007 -21444
-23559 -20579 -27804
-39310 -24633 -30513
-37743 -25423 -29783
-29082 -30756 -24596
-31507 -38302 -26323
-25434 -35688 -28455
-24331 -21829 -25973
-37344 -22561 -37152
-28066 -38610 -27273
-23368 -26555 -35249
-39504 -26612 -29402
-37454 -31629 -32937
-28011 -20961 -28688
-32603 -32318 -35952
-33070 -33435 -24390
-32208 -23828 -27830
-28730 -20514 -27817
-27157 -26403 -21116
-23703 -37768 -22628
-36540 -27312 -31769
-20012 -30486 -32860
-38352 -37434 -20628
-34383 -38701 -38939
-28052 -30222 -28317
-35050 -31517 -34345
-28879 -32679 -38057
-26298 -27864 -20186
-33586 -35984 -30221
-33350 -24625 -26442
-35288 -20457 -37594
-30995 -37181 -22971
-33159 -35608 -36978
-22485 -25221 -38076
-24677 -22899 -22077
-35451 -35881 -32131
-25560 -36420 -23018
-23388 -20394 -36555
-38417 -33202 -31631
-33553 -29292 -29430
-30268 -22950 -20188
-39966 -32518 -22590
-37572 -39869 -29456
-31004 -37843 -25905
-26818 -29948 -30038
-33019 -35590 -35608
-34817 -31502 -34083
-30600 -28419 -30538
-20336 -27009 -30111
-36939 -24947 -33622
-23371 -23494 -25549
-39777 -25073 -26061
-24028 -35576 -22130
-32195 -32470 -35736
-39920 -37840 -37331
-35907 -36594 -27666
-20467 -24466 -26682
-31171 -34562 -38424
-32774 -25020 -36626
-39442 -30673 -20291
-23459 -34903 -39629
-36606 -24430 -31506
-22768 -22148 -23920
-20974 -35328 -35727
-31303 -21384 -23585
-27846 -24991 -21497
-22398 -33547 -36882
-32212 -39750 -27690
-36518 -30135 -25810
-34105 -30813 -20048
-24990 -29873 -39086
-34627 -39908 -20176
-24713 -25642 -30230
-33604 -20300 -36001
-29503 -29137 -33523
-33642 -21202 -29664
-29347 -35110 -30710
-20682 -22384 -29798
-38417 -39902 -21247
-29374 -22550 -26323
-37044 -37724 -26606
-29824 -34166 -24488
-26029 -20007 -34090
-34996 -20373 -37353
-21145 -23185 -24589
-37415 -24836 -27464
-31361 -23847 -36807
-31466 -25037 -32928
-29590 -39051 -35698
-25487 -30475 -32055
-26948 -37161 -36568
-38502 -35230 -35668
-36734 -23924 -22788
-30699 -37266 -27664
-32328 -32556 -38670
-21318 -24680 -38356
-25251 -23176 -31868
-27090 -33879 -27168
-26094 -31666 -36006
-28371 -35163 -26058
-35626 -21140 -24712
-25174 -33926 -35739
-23805 -22471 -26063
-32692 -35996 -26863
-20762 -28706 -35826
-21751 -27983 -37520
-20776 -21885 -28848
-29985 -24938 -24825
-35406 -37844 -39365
-25553 -35719 -36453
-23369 -34222 -34211
-27411 -24502 -34170
-29880 -32207 -25320
-33373 -28491 -22244
-23887 -30687 -23595
-26443 -33233 -28045
-26031 -20703 -36594
-36964 -32730 -36243
-23980 -26335 -36637
-21439 -28109 -33916
-21042 -29788 -32345
-25998 -28687 -21989
-32719 -33988 -37707
-39584 -32590 -21483
-26260 -21154 -20128
-26201 -39739 -30312
-35986 -22207 -34107
-31938 -34052 -25365
-28995 -22197 -31819
-27311 -27078 -24944
-30090 -30883 -36971
-22359 -32890 -29173
-22680 -29181 -36463
-28716 -32013 -28477
-26938 -27901 -28948
-38634 -27172 -20069
-35205 -33795 -26871
-27227 -29197 -23598
-25304 -38279 -30940
-34509 -34371 -25048
-24004 -24099 -25559
-30234 -34046 -39251
-36516 -32448 -25192
-39023 -25871 -24038
-26230 -21438 -26258
-34019 -21971 -32625
-26730 -38394 -26560
-31531 -21116 -26877
-37321 -37887 -21764
-35277 -23379 -32959
-38857 -26431 -33606
-32580 -33551 -37581
-20872 -36560 -25531
-33222 -24852 -27184
-25763 -24243 -20022
-26651 -31144 -29770
-23513 -37870 -27314
-22361 -37951 -34130
-20906 -23606 -24956
-28649 -31634 -32223
-25971 -32749 -20326
-27585 -38129 -37691
-26707 -29581 -23730
-25381 -34633 -28397
-34429 -25876 -38007
-33041 -23324 -33024
-25707 -27144 -33964
-23250 -34644 -29545
-27604 -39658 -21481
-38659 -24902 -34346
-31483 -35050 -36743
-20050 -31968 -31753
-35673 -32888 -24099
-33037 -33024 -38245
-25409 -23461 -30276
-31820 -32305 -33430
-25386 -34145 -22411
-37747 -21117 -36483
-25344 -35003 -25875
-30916 -29339 -34613
-30608 -22915 -38768
-29153 -31545 -26769
-30413 -30492 -32954
-38410 -22079 -30308
-32128 -36857 -28154
-38389 -21196 -31433
-36851 -22554 -33978
-24837 -23175 -32490
-28074 -29964 -35011
-28592 -38768 -28427
-32928 -24300 -22242
-29503 -20238 -23088
-23379 -26517 -37076
-25047 -26150 -32804
-28023 -28785 -37871
-23105 -36019 -27355
-25669 -27674 -35039
-36286 -33488 -39827
-27478 -30574 -24147
-39348 -28288 -27050
-39314 -24534 -23913
-29635 -34001 -26897
-29680 -23599 -27444
-27541 -32424 -30406
-35629 -23899 -36263
-38730 -27444 -38091
-26184 -32565 -28851
-31179 -30961 -36489
-37550 -30088 -32682
-20040 -39080 -22471
-28489 -39534 -34888
-34148 -31157 -39553
-36887 -24960 -29529
-37393 -32282 -28832
-25573 -23329 -30611
-38719 -30814 -20803
-33913 -31417 -35382
-23110 -35450 -23315
-33060 -33442 -28095
-21172 -29179 -39089
-31497 -25742 -21210
-31387 -26728 -36333
-26142 -20456 -21827
-27479 -26151 -23100
-28161 -22325 -25170
-36812 -31330 -23166
-36309 -23918 -27582
-20323 -23285 -36393
-33555 -38578 -24533
-32033 -30335 -24587
-27930 -21585 -25138
-38517 -22734 -39290
-34138 -25761 -23563
-25933 -30818 -25531
-34986 -32355 -34841
-32239 -30537 -26925
-24017 -24366 -32945
-37834 -37214 -30452
-21288 -23921 -32749
-27643 -29177 -36718
-32588 -22849 -38208
-31695 -27226 -27163
-37455 -39234 -25871
-25887 -35326 -34923
-33711 -29554 -34442
-33518 -38464 -20801
-35255 -21088 -26778
-34694 -20063 -21026
-35179 -28441 -31326
-31045 -20684 -23423
-23961 -25187 -25607
-20704 -34943 -23550
-37118 -34952 -32272
-26578 -24347 -37589
-28279 -26776 -34385
-28270 -39821 -31226
-35124 -20009 -36589
-37678 -38724 -38092
-28974 -33970 -39585
-36897 -22996 -34855
-32553 -21280 -29122
-27404 -33329 -30137
-25647 -21867 -33554
-29317 -26204 -39917
-26235 -28351 -35196
-33389 -31939 -23564
-31212 -22154 -36766
-24200 -39403 -34408
-21000 -32789 -21549
-39932 -25400 -31502
-35212 -22832 -36575
-37947 -32486 -35574
-30534 -34066 -31230
-24385 -25200 -27745
-25029 -31859 -38453
-35142 -25799 -32292
-28759 -33994 -25609
-28489 -27366 -20828
-20997 -30087 -37266
-32000 -25743 -29581
-33958 -33340 -29707
-22647 -38551 -22464
-27202 -33019 -22519
-22701 -37338 -37931
-31389 -28718 -35695
-35481 -28176 -24523
-30462 -35801 -31420
-36497 -35052 -27227
-23820 -25756 -21979
-33422 -33999 -20576
-24913 -37635 -21580
-21726 -25139 -32598
-31606 -39730 -20887
-28189 -33942 -22831
-33447 -39395 -28099
-27256 -26561 -26279
-21850 -30301 -29495
-35332 -25069 -29924
-32932 -28855 -26262
-30435 -22823 -22867
-37638 -32866 -31250
-31877 -33278 -26547
-23471 -25734 -37039
-37932 -30615 -25735
-32412 -30104 -37116
-24239 -28619 -21052
-24067 -29884 -38303
-35879 -24775 -38685
-21785 -34895 -39554
-22819 -20118 -30908
-23779 -26851 -26166
-34752 -31763 -37740
-30705 -23757 -22892
-36545 -31243 -21818
-21124 -38146 -31100
-34248 -33573 -24675
-27918 -34150 -36448
-32662 -34796 -37925
-29903 -33130 -23393
-20252 -29251 -21495
-38157 -21817 -39029
-33493 -24539 -30595
-26768 -38071 -31472
-21096 -32092 -21718
-33062 -36969 -23440
-38921 -26795 -30377
-22382 -27666 -21639
-24632 -36895 -26104
-29012 -24462 -25635
-29448 -33851 -23498
-31117 -25706 -23611
-35653 -36142 -22807
-29571 -33503 -25988
-35797 -22195 -31541
-29040 -28992 -35292
-28558 -30452 -31643
-30140 -24816 -27241
-28310 -26462 -29763
-23237 -30878 -25087
-28262 -37491 -20203
-27426 -26643 -20772
-27158 -27034 -33951
-29590 -36294 -36045
-21614 -37637 -35816
-24005 -23784 -21800
-31993 -31412 -34880
-37622 -21778 -20395
-34468 -21571 -34349
-24428 -39536 -25663
-21892 -23493 -23195
-23698 -21482 -38128
-31909 -26651 -22653
-23412 -21349 -22617
-36099 -35443 -35488
-37841 -28550 -38326
-35064 -37250 -29000
-27468 -20678 -38746
-32955 -38508 -26845
-26811 -38160 -25592
-37649 -23374 -35148
-32563 -21088 -34355
-37676 -33021 -26512
-21895 -23934 -35577
-38708 -23994 -32207
-36811 -32193 -30224
-34714 -35627 -30492
-29220 -30412 -26191
-25017 -29005 -27509
-22576 -20209 -34995
-26745 -34009 -38755
-31368 -20403 -39430
-24376 -36438 -25671
-34996 -29670 -32518
-37411 -24951 -33968
-20641 -38665 -38428
-35367 -22586 -27348
-20548 -37905 -32615
-21317 -39368 -37734
-24234 -29415 -31767
-39404 -24509 -29104
-24373 -38005 -33449
-29303 -35210 -37753
-22394 -25619 -24784
-39442 -33595 -21011
-28825 -20613 -38033
-27069 -37158 -31031
-21571 -37268 -26142
-33524 -38039 -23176
-24214 -29072 -25811
-24667 -26540 -29180
-27285 -28424 -21246
-24895 -33080 -23201
-29956 -33181 -20418
-28899 -28686 -21423
-20308 -29711 -21979
-38273 -32237 -24431
-20492 -37930 -23902
-34133 -27247 -23798
-39941 -39493 -23199
-36449 -31481 -28748
-23953 -36533 -24973
-26344 -32838 -33252
-28783 -27479 -35086
-26552 -22278 -38089
-23607 -32822 -25724
-31051 -33530 -28642
-22650 -29903 -35113
-29823 -37733 -37209
-31631 -21864 -33916
-32632 -36310 -23675
-38743 -26868 -36690
-21808 -29309 -35702
-25184 -26817 -26075
-30072 -30528 -32849
-21939 -36761 -31144
-23001 -29369 -32048
-28137 -32988 -28364
-23054 -27868 -22736
-39941 -39442 -25784
-27377 -27925 -38872
-25853 -25816 -21738
-30049 -20014 -34195
-29348 -37968 -28421
-27637 -20383 -30158
-29473 -39760 -28096
-36067 -35632 -34484
-36695 -20868 -32566
-21012 -39521 -36045
-26210 -39137 -37195
-31301 -36898 -26099
-33062 -38212 -37606
-32161 -37802 -23940
-33614 -30510 -28440
-29110 -32300 -28216
-21305 -23686 -30844
-21555 -39770 -36124
-28505 -31719 -30510
-27200 -38415 -25327
-27002 -27263 -21199
-38322 -25422 -32116
-27156 -30159 -21365
-26830 -28528 -27586
-39535 -32489 -22787
-34640 -20566 -22571
-38706 -21031 -26865
-25295 -33075 -39177
-20362 -25599 -24433
-24971 -26635 -26003
-27285 -30587 -21194
-38705 -30778 -36786
-28164 -25885 -37685
-33891 -25211 -38797
-38238 -21609 -29780
-35707 -33391 -28725
-28723 -23142 -32296
-20477 -23074 -35104
-21588 -23367 -39431
-27826 -27045 -33732
-21705 -31364 -30187
-23839 -37950 -26512
-22511 -27129 -24296
-34189 -26836 -34647
-32339 -21142 -31095
-39595 -25481 -25868
-21994 -34237 -27682
-32756 -38018 -39400
-38519 -34831 -21659
-38439 -22296 -21962
-34497 -31900 -27806
-36596 -26451 -38912
-28120 -27128 -25317
-30490 -37215 -31884
-21729 -24748 -38174
-35221 -33463 -33136
-28118 -33237 -31399
-22911 -35185 -20800
-20087 -24572 -31550
-24498 -25223 -22052
-20654 -27371 -24155
-24248 -22016 -22250
-29257 -27240 -36197
-24664 -38792 -23035
-25844 -32407 -20790
-25639 -39929 -23653
-29995 -30187 -37742
-29489 -39874 -21445
-23195 -28422 -36074
-39796 -23926 -36251
-36002 -34766 -35414
-21074 -29245 -32175
-37122 -26346 -35013
-32131 -20523 -22587
-33396 -38770 -32777
-32180 -30891 -36998
-35230 -22618 -21868
-23674 -37871 -39642
-22538 -39877 -36334
-32835 -32557 -37771
-23733 -33831 -37964
-27308 -34024 -32413
-21031 -21513 -35550
-35415 -25290 -35844
-35284 -21787 -39455
-22721 -26947 -36005
-25476 -22250 -26442
-37560 -25283 -21376
-26679 -27457 -34251
-38394 -39493 -33847
-28580 -32572 -37746
-38480 -32778 -20788
-25573 -30676 -23602
-28316 -38765 -34465
-33338 -36721 -39183
-27314 -24595 -27776
-36049 -29696 -33963
-38351 -38490 -34516
-20240 -20249 -25154
-33704 -29677 -37386
-20229 -26404 -33765
-37970 -27223 -21043
-29469 -22096 -37962
-29706 -24304 -35999
-36024 -28370 -37552
-23930 -24984 -33295
-31117 -20242 -32523
-30675 -37618 -29915
-29123 -33533 -34238
-34388 -33142 -27987
-25383 -21095 -30975
-24752 -35628 -28495
-29553 -36519 -26247
-39501 -24330 -26062
-32236 -36004 -23229
-36148 -21723 -34583
-22335 -20366 -23301
-39432 -30768 -31338
-31022 -34825 -37370
-27181 -39186 -26085
-33976 -21931 -27678
-22226 -34174 -21765
-25641 -32733 -25425
-22089 -34151 -25624
-27962 -37420 -30381
-21029 -35969 -35195
-30509 -29378 -32681
-27042 -22884 -38707
-32208 -28997 -24101
-21357 -36792 -21916
-29771 -35404 -23230
-24679 -29365 -34071
-24230 -37154 -29647
-39749 -22099 -27830
-29667 -33131 -38075
-36135 -33314 -36626
-21960 -33834 -23322
-32714 -31659 -28703
-33989 -29766 -24486
-39920 -34858 -30266
-39959 -36857 -32600
-35919 -37092 -27667
-30480 -25866 -34043
-31442 -38672 -23638
-26353 -33567 -28607
-37013 -30631 -25670
-39645 -28525 -32573
-26377 -39420 -30666
-30574 -35898 -38238
-30828 -24655 -21170
-28708 -22771 -31919
-29583 -39516 -35876
-25255 -32095 -33220
-26508 -20463 -39239
-33115 -21627 -36988
-21412 -28442 -25132
-33519 -38078 -20553
-27886 -26710 -24944
-32472 -28125 -31800
-27298 -35288 -33603
-24572 -27909 -34057
-23397 -27914 -23791
-33238 -28106 -30436
-24222 -38571 -39002
-39032 -36874 -37939
-20939 -24101 -30414
-37243 -38315 -23568
-39063 -39489 -37533
-35169 -20863 -31053
-33106 -24884 -36213
-26436 -22574 -35259
-29559 -26109 -30711
-39166 -31272 -36481
-26341 -23654 -26311
-24141 -23958 -28301
-30323 -30265 -20399
-39166 -24318 -37193
-27109 -27765 -27650
-20713 -30777 -29647
-31109 -25487 -23742
-26779 -22100 -29316
-33314 -36298 -24885
-21212 -33983 -32947
-34951 -37138 -21310
-25467 -23610 -36650
-38466 -23423 -32093
-28181 -39326 -29826
-34316 -33775 -25673
-22184 -31307 -35580
-31888 -39750 -29011
-23847 -37703 -34053
-22692 -21104 -28933
-23203 -30042 -34936
-22369 -31876 -21259
-22086 -20059 -31229
-37370 -24004 -39143
-25467 -23738 -26247
-26243 -20376 -20064
-20647 -24337 -35127
-25531 -22472 -24047
-20761 -38539 -30571
-32858 -39939 -33456
-28430 -20295 -23679
-24788 -33293 -34580
-30230 -20821 -35843
-39313 -25683 -22398
-34626 -20651 -26005
-33771 -22923 -32702
-39300 -38307 -28891
-38029 -22960 -31008
-20793 -27366 -38719
-36543 -25010 -20263
-39321 -38966 -21068
-34162 -37857 -22757
-30583 -34268 -32120
-34553 -36726 -30535
-20878 -21934 -38782
-26088 -25055 -34010
-28169 -28174 -29949
-27399 -21147 -27359
-23157 -25031 -22344
-38784 -35198 -23449
-36699 -39990 -27466
-35742 -39223 -29255
-26778 -33772 -25466
-27941 -21329 -35025
-23397 -38386 -34824
-39586 -32305 -34219
-28768 -22081 -39727
-39004 -38893 -29707
-35792 -26824 -26655
-25828 -33204 -28586
-39327 -33271 -37848
-35610 -32195 -32201
-27236 -32515 -33131
-21176 -29325 -30916
-20614 -28984 -21541
-35026 -30418 -37394
-38733 -24817 -27743
-33763 -37570 -34722
-25628 -31384 -38366
-36909 -32755 -38484
-38003 -24146 -35307
-35391 -22989 -23270
-27525 -22864 -29155
-31566 -39188 -30984
-26499 -29805 -23053
-37912 -29020 -34643
-36499 -21508 -39719
-35656 -24939 -26184
-26011 -22060 -38143
-21755 -37588 -30081
-26384 -38910 -33977
-36386 -38499 -25390
-36147 -23076 -21057
-39631 -35441 -25175
-33531 -32958 -24372
-37041 -39513 -22467
-30771 -20422 -26450
-32086 -29219 -34692
-24736 -21107 -25713
-22525 -30123 -30263
-26143 -29132 -27717
-21615 -25414 -21827
-25545 -37999 -35975
-36188 -24178 -22875
-37557 -38862 -28937
-31576 -32284 -38053
-33318 -25248 -38130
-36881 -25517 -23744
-30756 -27525 -39404
-29885 -28005 -33418
-33601 -29761 -29424
-32532 -22610 -30646
-28269 -37285 -31413
-38190 -38313 -27412
-29809 -38939 -32486
-32929 -21437 -36278
-28803 -26451 -34930
-24580 -39433 -30062
-35725 -22588 -23247
-28342 -33005 -24858
-21224 -21188 -36705
-29166 -36886 -34642
-39169 -26665 -20542
-35265 -37581 -35824
-20138 -34838 -34741
-32182 -25718 -33530
-39840 -35779 -32511
-36461 -33526 -22554
-27157 -24509 -23613
-22628 -28276 -34349
-30410 -28482 -33891
-21243 -21074 -23555
-20648 -28502 -21165
-20081 -21982 -37988
-39707 -31246 -28680
-24518 -27719 -31414
-33692 -22107 -22475
-33970 -22064 -28713
-37319 -33087 -29727
-36699 -21173 -29384
-37060 -39680 -36899
-25991 -30830 -37031
-26228 -25950 -24079
-24628 -23828 -39238
-36284 -32387 -22530
-29686 -35025 -32538
-36930 -34925 -38157
-28663 -23287 -21793
-29113 -32156 -20436
-37405 -38930 -32218
-34206 -35493 -23435
-33097 -32827 -30157
-28819 -30158 -36693
-29574 -24438 -26265
-39526 -34035 -37140
-29541 -34706 -31238
-27289 -37405 -20522
-39943 -37326 -37250
-34770 -38027 -28200
-27243 -35481 -34161
-22521 -32844 -39971
-37790 -29880 -26760
-22273 -35451 -24017
-36433 -20198 -37853
-25593 -33790 -30004
-24106 -29795 -20181
-35650 -25496 -20320
-27370 -21572 -31063
-26285 -36865 -25187
-25985 -23395 -26610
-38956 -32495 -21566
-33388 -26882 -24100
-34676 -20650 -33334
-33201 -29835 -21267
-39696 -30947 -35949
-39529 -29964 -39996
-32060 -37572 -27522
-39908 -31859 -28394
-34334 -24403 -23242
-38721 -31000 -21934
-28499 -36799 -25818
-34942 -37203 -37760
-22981 -30024 -26043
-39078 -31074 -36091
-29227 -34662 -27243
-28259 -28304 -21392
-23171 -36798 -33600
-37463 -26793 -32615
-39751 -26522 -24881
-29353 -21273 -30931
-25315 -37522 -33537
-22145 -21761 -25713
-25750 -23835 -31234
-31395 -25662 -36213
-38009 -23654 -32846
-23627 -37876 -22210
-24174 -22592 -28745
-26595 -38159 -31634
-31572 -26664 -35918
-24558 -33405 -31772
-27025 -35534 -34043
-29214 -32202 -22704
-37805 -26639 -36786
-23474 -20132 -21792
-21519 -29863 -23796
-21265 -36137 -31439
-29219 -26874 -27775
-28405 -23374 -35407
-24821 -31656 -25119
-25751 -31407 -29281
-20582 -25005 -35062
-27533 -32490 -30385
-22085 -34276 -27611
-20484 -23387 -38299
-23445 -37067 -28268
-22682 -20498 -20120
-39909 -36064 -26119
-32405 -36933 -27127
-20920 -25405 -38637
-23836 -29825 -28079
-34724 -28759 -24686
-26216 -33806 -25019
-24684 -31701 -38378
-26695 -20372 -26132
-27269 -21455 -28900
-34849 -29588 -34302
-30169 -26747 -29994
-33825 -34535 -27022
-35393 -37283 -21348
-23023 -33485 -30273
-22778 -39216 -26244
-26199 -32397 -39356
-36779 -27432 -22723
-26538 -23963 -34321
-39566 -27967 -20829
-38729 -29503 -23081
-37192 -31706 -33905
-39089 -34096 -35977
-36240 -21005 -33962
-31804 -32195 -28096
-24477 -23061 -33497
-28021 -23056 -30265
-36077 -39946 -37682
-28717 -35383 -27148
-27493 -20997 -33626
-26305 -37173 -26645
-24072 -24833 -29731
-36919 -35881 -36236
-22257 -26376 -34850
-29157 -22294 -33630
-37941 -37876 -37393
-29625 -23817 -24979
-27991 -38132 -21623
-38219 -23285 -22223
-32978 -31153 -21610
-35432 -36555 -20573
-38113 -23915 -38799
-22778 -33611 -30806
-26511 -31103 -33163
-21270 -39140 -36562
-28668 -24193 -32085
-33114 -34396 -28728
-25185 -29324 -30373
-28688 -32297 -24771
-37369 -38857 -31829
-27940 -34111 -28407
-20983 -27173 -23422
-38065 -36428 -28819
-21418 -21686 -30900
-21719 -33651 -23660
-25394 -31932 -31745
-22939 -20340 -34612
-28762 -20499 -22908
-33658 -28001 -38008
-28476 -20838 -34091
-33181 -36196 -34628
-20127 -30421 -38183
-24273 -29772 -30054
-30616 -39305 -20903
-39102 -27553 -36551
-34667 -26184 -20511
-35537 -25683 -24855
-27265 -36402 -21941
-24014 -28320 -24406
-31797 -30693 -30167
-38457 -36880 -33584
-27195 -35609 -24697
-37809 -36541 -22712
-26034 -32005 -26794
-28683 -38380 -33090
-35460 -39862 -38157
-21871 -34962 -29396
-35892 -38578 -27031
-21751 -30628 -32993
-21798 -26309 -31011
-22329 -36808 -28183
-33820 -21980 -20158
-27121 -26934 -30248
-28533 -28043 -20947
-23908 -34343 -28502
-32733 -38815 -39414
-23429 -39806 -33436
-27519 -30552 -28814
-34935 -26294 -21650
-25737 -34607 -25413
-31454 -28971 -35766
-30799 -35082 -35851
-24875 -24732 -37520
-25412 -22687 -21463
-20624 -34216 -21657
-30259 -27951 -23634
-25805 -28874 -37176
-21069 -21195 -30705
-33627 -32191 -25241
-39393 -22567 -29515
-34294 -24506 -29137
-25870 -31287 -26538
-21133 -24778 -33199
-34480 -28315 -29718
-24249 -37346 -35943
-24989 -30032 -26042
-26900 -25234 -38993
-27276 -32332 -36254
-39938 -22652 -25296
-36903 -37966 -35418
-36033 -35556 -36451
-27921 -20221 -25631
-32196 -26092 -22581
-20092 -33588 -23488
-29572 -36448 -35806
-36684 -24624 -20466
-23340 -22240 -39116
-27998 -26020 -20365
-35860 -38957 -34576
-28783 -20888 -27340
-21318 -25335 -22368
-29334 -23334 -38959
-33746 -24002 -23815
-35632 -36502 -37431
-24595 -38996 -28476
-28135 -37211 -36276
-30691 -35716 -21406
-35457 -26131 -36860
-27997 -31684 -38686
-37744 -38817 -35974
-32847 -33856 -26710
-34969 -24981 -34085
-36994 -20030 -39817
-25245 -38530 -34052
-25102 -20439 -35539
-20539 -27514 -26426
-38349 -27392 -28534
-21303 -29698 -38720
-21631 -28449 -33650
-23429 -37708 -23898
-28130 -31432 -34846
-26026 -29218 -26640
-33438 -28174 -35752
-27588 -37912 -29902
-35146 -23007 -38200
-21474 -23526 -35927
-24367 -29846 -23616
-28751 -24536 -38610
-27911 -37789 -34422
-26204 -29837 -30084
-39442 -20391 -21355
-23971 -32043 -38550
-34698 -25786 -22238
-38940 -29393 -25977
-24625 -32352 -22806
-39594 -35184 -25471
-24925 -34020 -35668
-26152 -38625 -20037
-23189 -31869 -32062
-37534 -20353 -24801
-38137 -21751 -39280
-27603 -24515 -38248
-29183 -29638 -37777
-34898 -30392 -22573
-24181 -20034 -35549
-35608 -33097 -20440
-34962 -34452 -33539
-29436 -24386 -36959
-29281 -33691 -31505
-31709 -37970 -36308
-26859 -36524 -22777
-31613 -34793 -36818
-37486 -21599 -25543
-32742 -38201 -25206
-38812 -26728 -25927
-29808 -21763 -24620
-32668 -25182 -27503
-37495 -34566 -24653
-34355 -20870 -35994
-20180 -33112 -26685
-29049 -24714 -21749
-37455 -21012 -39185
-22127 -21707 -26311
-23555 -24618 -26849
-31030 -26186 -26296
-28318 -39676 -27783
-26948 -24484 -21427
-39748 -37259 -21587
-31756 -20992 -23821
-31908 -22086 -33351
-29991 -21139 -34733
-32269 -36628 -21716
-23428 -24971 -21024
-39432 -23838 -39433
-37743 -28451 -39422
-36689 -31970 -37738
-39177 -30705 -20313
-37956 -26456 -24977
-25315 -28380 -39346
-34144 -23889 -22237
-28436 -22521 -31065
-37703 -38418 -32520
-39873 -22020 -25211
-20117 -37774 -20994
-29345 -23755 -22704
-29786 -38850 -28268
-33132 -37731 -37928
-31169 -39224 -25776
-24458 -35182 -34404
-23784 -34192 -23343
-36674 -27157 -34903
-37631 -30647 -22367
-20971 -29151 -33299
-37930 -37069 -21698
-32678 -29007 -27325
-23091 -24811 -37934
-28903 -26823 -34570
-33773 -27998 -28200
-36172 -20791 -27398
-31836 -34821 -21402
-23214 -23479 -27591
-24804 -28444 -37822
-27755 -23343 -28169
-31328 -30311 -27655
-36284 -28868 -29629
-20478 -34389 -29189
-20743 -36404 -35688
-38682 -20498 -29691
-21875 -35794 -39088
-20890 -35895 -27185
-34055 -26767 -27444
-31260 -27100 -24554
-24915 -26451 -39380
-25648 -37826 -20624
-26021 -21725 -39556
-37833 -38247 -25818
-24994 -34271 -38510
-39935 -32343 -27360
-30759 -29912 -38143
-23647 -37397 -39560
-26562 -32865 -27539
-31238 -30745 -36026
-38550 -37120 -23616
-36303 -27219 -26925
-22689 -34596 -33135
-21881 -27858 -24234
-31144 -24474 -28069
-35563 -28054 -33824
-39063 -27192 -34772
-28411 -24765 -32361
-35167 -25383 -35575
-25491 -24136 -22151
-21182 -25402 -38981
-30076 -32792 -26961
-20971 -26113 -33277
-28333 -27516 -29861
-32757 -30634 -33385
-24421 -37288 -29669
-23115 -24160 -27452
-26985 -29498 -29702
-36662 -25782 -37930
-31612 -31708 -21539
-37446 -28885 -32425
-39719 -39004 -29682
-32396 -21830 -37889
-27778 -21172 -38311
-28639 -20846 -33705
-31973 -36695 -21472
-34242 -27138 -22563
-29897 -27969 -20345
-35684 -32872 -38794
-26447 -28602 -20668
-34020 -23434 -39974
-20788 -32643 -31885
-36811 -29305 -37880
-24767 -33683 -22337
-35084 -30105 -22682
-21255 -32739 -21325
-22454 -34347 -21879
-32124 -33012 -28151
-27976 -35733 -39239
-25348 -20636 -23765
-36351 -30750 -21173
-30298 -23906 -38652
-30557 -31974 -35466
-28884 -31466 -37057
-35618 -25971 -33816
-29367 -32074 -38523
-22286 -36875 -23678
-29009 -24296 -30448
-35785 -36731 -24231
-23483 -22935 -39277
-28163 -23819 -32694
-34676 -31232 -27862
-30168 -28339 -24958
-28791 -35807 -23232
-30233 -37493 -38996
-34679 -35133 -39020
-29610 -25049 -32462
-24296 -27486 -26440
-29226 -36122 -21862
-27064 -32593 -31725
-29697 -38898 -25563
-22761 -36446 -23508
-34876 -21378 -38359
-38569 -21717 -23549
-31893 -36964 -38640
-26293 -28793 -23079
22345 38551 39708
31115 28589 31479
22101 20864 36829
24162 36259 34977
22567 35736 27399
25009 24862 27438
21126 33268 24608
30289 35208 22844
26792 32999 34790
36274 25133 27932
28771 34979 39120
33447 28910 33629
26054 38307 21876
32650 29104 22227
34114 33301 34497
39228 27139 36018
21625 31949 20440
38088 31855 38650
20586 32492 29072
34415 30823 35162
21625 27031 23218
22838 35725 34934
29549 36773 23176
31617 31030 36050
28916 37862 21847
34622 28525 25664
29481 29720 38983
20799 35770 38578
30877 27629 20405
20834 25445 39143
23231 39452 24433
21015 34842 32555
31130 24683 20374
33727 37304 33706
24494 38572 25246
30107 21607 31039
33525 21019 38176
39981 34363 34648
23241 33134 35551
23149 21717 27324
26725 30922 36443
31873 25155 30893
39421 32389 32682
27181 29290 26331
25382 34534 35116
36881 27294 22205
31449 25149 21969
25399 23642 25319
37158 22914 37595
35390 24656 29104
34349 32924 24864
37288 34632 38930
35472 37865 36626
24875 37689 27351
35938 34610 34922
20233 31868 28303
39085 38122 31197
25352 20267 33633
28039 20548 30805
25744 36808 38041
25584 27830 33164
38578 32441 36793
30942 35274 39936
36810 31917 30179
37478 23484 29504
23597 35699 28155
30815 29023 32648
30307 33739 34410
36193 39841 35377
30488 29313 33160
26277 24365 32194
23034 36886 35674
31187 38245 36413
38460 25219 28450
29395 30700 26409
23106 29091 30414
30089 39215 22629
33346 25748 23895
21129 33052 26151
22532 33858 32365
29672 31926 21733
21837 37174 28113
30195 37044 34052
31881 24509 30398
21739 27731 36402
38553 30750 31895
29054 21119 20484
23165 38719 29927
31759 36478 21285
30647 28086 39316
30869 20480 34008
22466 33804 25534
34786 32431 24834
20578 30157 33083
37682 28310 26982
39312 36551 31395
21199 37562 23496
26827 20314 24978
20106 35358 36989
28852 37207 31989
38676 29589 26122
26455 32781 25576
29091 30314 25535
26214 31001 28099
37060 20574 28013
38254 30731 23943
29276 26029 20582
23272 32603 39650
30295 30388 28009
39694 32700 35675
36421 32176 26730
25136 34025 33987
26003 30407 21001
20168 31308 32910
35628 25470 25763
21104 36596 28167
27817 26136 21368
36628 37106 39063
23808 31249 21856
30496 23393 38575
25033 33770 22212
32105 31675 39743
31322 20092 22705
39768 38019 25586
35882 28190 26674
25752 20035 34171
30396 27098 32333
24756 26261 29365
22897 38252 27280
35412 35934 24583
34064 24293 23690
39289 20188 33154
33700 29921 37474
35264 27997 35489
29373 35310 39683
38125 31514 20269
25641 37948 30196
30651 37957 26973
26657 28329 28753
28574 29400 33212
33334 34151 21582
25987 31204 30124
23953 34513 24900
36522 21763 21227
39120 25485 34316
23495 36479 30798
36190 21646 39503
38773 35670 22753
28156 34981 37624
21474 30274 28344
35981 22546 22783
30170 22116 23038
31948 33657 23689
28291 25124 39785
28832 34078 29089
31018 29955 22342
38219 21015 35357
30824 30584 32007
29290 25845 39826
28369 36797 39071
32417 20417 29191
31796 27811 37273
38672 26401 23843
28411 23445 24010
39701 28152 24263
36559 22438 34763
33537 25386 36711
29022 34538 36822
28199 35514 31084
35579 36199 38767
30330 39210 33234
25521 37078 39384
33017 22042 27561
22412 35301 22594
23982 36093 37841
32872 33612 20049
21270 20108 28729
37384 27581 32460
36026 30428 31815
34611 25237 38391
25898 38898 37816
34363 24791 35599
28596 35179 27369
22817 30184 33142
32018 36599 30268
27349 22648 22808
33652 31187 29462
28729 20793 26929
36299 32727 31197
20474 23508 29717
26431 33190 31766
39626 35224 25181
21705 20185 33655
29137 29882 22068
37984 32593 24956
29732 33541 22182
30366 28963 38907
23253 33305 22804
39564 30099 21903
22744 31710 35382
26442 35926 29238
28509 26426 38455
29589 35713 32850
26245 25921 36820
38815 22776 37258
27297 36023 37649
34885 22731 39360
20289 34521 36166
37826 32139 35988
32432 36677 21283
25685 36008 20781
22510 35648 31041
39176 39022 26696
25957 29202 31019
30497 34102 23076
39613 25030 35849
22685 39075 27225
20363 23268 32004
39571 22275 29443
29344 21012 34679
22258 26122 26224
38651 36258 23478
32398 32735 26738
24817 36140 37999
29630 39372 34465
24096 33737 21206
27265 23096 36469
39264 25564 30829
37220 22943 36840
34226 30807 26960
23821 35234 33755
30382 26375 37861
28392 26340 21753
37640 23171 21919
29489 37702 27760
32501 24123 29144
24954 20137 38858
20134 36418 39472
27127 20685 28593
38514 34023 23735
29444 24144 34144
24484 35610 39915
31541 25883 32173
25846 36509 21876
31325 26037 27174
26985 30178 29359
24901 37855 31314
39771 33986 21493
21232 28733 39971
26058 35358 32202
24473 24824 31280
39434 36529 38698
37510 22626 33148
37605 29534 33058
36728 23884 39142
33153 33572 26045
32386 24261 33404
22115 27140 34299
25610 35264 28707
20811 31951 24745
27285 27388 21424
26931 34872 33343
28572 36994 29819
21508 34893 32368
29885 38540 30280
39387 21471 36736
34939 27367 31245
34354 21904 31778
29201 39071 34008
26232 30039 34803
33623 32616 34414
36963 25492 31375
26681 29526 26317
22041 35651 34568
34569 39595 32409
32908 35485 29655
27564 36750 32801
23815 30451 27178
39540 27500 38446
27793 22797 30754
29007 33396 28809
32010 30616 31035
20280 31616 29176
23929 38485 20184
23128 27541 37483
20710 33758 29726
22016 21263 31438
27504 39734 33614
28053 23418 23141
37567 34290 38982
31908 23418 38379
21905 39814 36163
26483 31886 31728
27094 26496 36128
35036 30388 27739
37860 28880 33298
33537 24826 35155
39403 30413 38405
20852 22004 27603
25845 21006 27516
38881 38944 29539
33683 35832 21542
39314 31832 27210
22767 21951 36703
38973 34552 24160
28325 39497 28195
30872 39264 26718
29542 37836 34151
26855 30669 28148
30984 34151 29445
26575 37071 25389
32530 24188 31735
22352 25007 32877
39433 27701 25813
22111 25887 34675
31900 28105 22958
29942 24799 34960
28940 33985 39970
34784 27870 38531
25403 30754 36046
38910 36866 23148
29859 29661 29300
32107 35847 25453
33986 35147 38116
36622 38164 31067
25077 38880 33507
28144 29023 28716
23371 28726 31921
20217 32936 24792
33424 21541 24255
31717 20022 36019
26659 32735 23190
37070 23180 24230
35718 27125 31697
38529 32564 22754
38494 39436 33919
23465 22695 33169
26614 36711 27172
33381 35656 22794
25796 35008 32604
26839 35420 34721
23445 27349 26724
25987 24442 36621
32457 39779 20093
32646 28187 20647
22771 28687 38140
23789 35620 30603
30042 39604 21965
30012 21829 29605
29416 38136 20774
24736 34992 21285
27395 28945 39850
35560 22098 37741
23534 36938 28717
20280 21502 27831
25541 32191 35920
28157 34878 34369
33776 37630 37193
25513 24911 23289
35820 35299 21322
21500 39214 30708
20562 38908 21710
30415 20176 36876
30709 30646 36605
23653 25936 37413
33422 20222 29398
30717 39243 20013
37814 25505 29277
36408 33305 31966
39540 28660 25284
23394 32150 20226
31269 39754 37064
21244 29644 33220
23970 37344 34167
24486 25944 30464
28206 27624 38939
36117 34988 21283
35890 35991 36379
22532 36940 20771
21472 33127 29248
28512 21341 34716
36805 36325 28903
30400 33581 31874
22910 33444 23007
25132 37271 32572
31937 24779 34245
20799 31265 23748
38310 21531 27111
23067 22924 30686
22007 21745 26160
31513 31677 30087
27484 26672 30585
36825 37132 33527
20972 28445 33948
23342 34192 39648
24610 34449 31838
30589 25008 37125
36926 26806 35124
35645 24282 25062
23778 31687 21194
38192 20694 31730
28863 30033 21651
23267 32984 30782
30453 38664 27323
38093 36520 37047
33106 27623 21129
29800 22561 24699
25855 21435 26155
39925 31917 34425
28451 35189 25200
38282 34799 29166
21024 23624 29944
24854 22350 24981
23312 32974 33395
20812 34366 34006
30685 33224 24055
34892 23015 39753
34582 35501 25293
25911 28445 27126
23072 22248 24923
26780 22879 39781
21761 34201 31730
21626 27317 21710
39625 27670 24596
33151 20883 25256
38430 27122 20559
31542 24624 37467
20057 36935 23824
32403 34783 33538
38361 36244 28055
23549 21947 37002
24738 25332 21556
38464 27732 32381
33334 21203 28534
33986 30215 39300
35506 35504 20069
22330 39855 38403
27812 30015 25196
38450 30935 26866
24603 31341 38967
21198 29586 22633
20242 34527 39889
24234 37142 39618
25101 24277 39007
31927 24515 25731
27020 36273 31516
21153 21433 25536
31571 24814 39520
38933 27585 35876
33734 25537 27232
36019 30059 38007
30678 31284 23243
36416 34035 36556
36577 32242 38018
20735 22810 21012
33405 38741 35302
29979 25225 26937
39494 36189 34926
26342 37025 29554
21807 38628 34349
22555 35972 23445
24187 34191 38945
20047 21555 30492
37384 34840 22852
34595 36884 39550
34278 32009 23044
24796 36810 22552
33851 25696 34598
38658 34407 29619
36779 32116 28041
25708 32166 24453
25512 25281 23598
34406 29752 37261
27385 35784 27046
32747 38108 37476
26757 28791 30793
22456 33428 37599
36114 30334 39562
35675 30171 25010
29898 39754 30303
36754 34756 26432
24919 32936 29194
31980 35910 38529
24353 39202 26086
34412 26849 26784
31682 30240 34392
37449 26551 28627
20916 20641 31254
31580 22081 23657
24014 27431 31620
27312 28693 29073
24805 24259 34419
23180 36026 33871
26439 37280 30426
32297 22772 27037
34756 31129 32575
25981 36470 39794
33201 34915 38710
21631 37116 37070
29610 37894 38325
30607 37991 32595
33343 27594 33664
37529 31177 26999
22811 23609 21140
34363 31062 24819
32345 28682 33798
36595 34359 39658
22227 29566 34417
20705 35727 31516
39418 20530 38933
35791 24750 33208
21543 26676 28313
38473 23536 32352
34468 25710 20681
21917 38254 36315
22008 33719 28963
28557 30841 29141
25298 28446 32281
30391 28521 26164
21439 38908 31984
29841 28272 25935
33527 22443 31696
24297 34442 25116
25020 36314 38465
30704 29881 38966
22878 39043 35682
30505 23225 27903
33990 37508 36811
37177 28185 23164
20351 32610 22778
25939 25066 36601
30309 20735 37747
30343 39418 34717
38209 24910 34939
31807 31603 38895
21188 30913 32814
22059 34352 32403
35781 23455 37603
24639 31079 29045
25970 30617 39127
23856 25303 31204
33743 27305 36521
24453 22861 32542
28691 25673 27066
22150 30363 31013
20476 35042 26479
34546 31498 27544
28517 34788 35424
38308 39760 39385
30931 33753 29306
25143 22341 31599
34975 39502 38678
29327 24140 27094
35405 21778 23033
32609 25552 27863
28866 27459 38132
29440 21891 38208
28718 25837 36444
39327 29093 36803
28123 30721 25824
32668 35432 33220
36817 36996 31442
20441 33645 28913
34058 29636 23322
28309 37170 32958
31521 20410 21006
35746 29088 30319
20902 34478 35758
23042 24170 24969
31264 32487 36256
28085 22373 38782
37376 31568 32043
29941 27343 34853
29301 24781 23300
22565 36017 38746
25308 20343 36745
24571 36305 24703
38719 22192 31943
35340 39401 21817
20750 22788 36115
24743 28955 26314
20111 26218 27518
28057 24949 25338
37541 29237 30302
39527 33403 35252
38431 36515 25926
30504 25444 33963
22860 26667 20466
28791 38355 30505
34296 27490 29422
29681 24183 27433
31991 32156 29154
20770 36844 28025
30186 32250 22142
30522 29207 28016
33178 29760 25859
33983 31473 32798
27205 20012 39836
32760 32256 26017
23724 34386 36137
25650 38335 32192
32476 25118 38100
35847 29468 29760
24836 30841 34219
34411 29940 29594
24738 37674 36141
22216 26577 24726
34514 37562 26791
21840 33229 23225
27122 31277 22988
28839 27781 20059
31692 36344 32516
36955 33077 34564
25788 36913 37359
32117 26310 34576
39812 20462 32359
25349 27082 28108
20913 23289 39753
25418 33829 25486
26319 22259 35354
30687 23698 33386
25279 24345 33828
33631 33697 22263
29098 30982 35279
34612 34505 35647
39530 33859 36044
22525 28475 28250
29739 34365 32634
30383 32607 30419
24396 33924 34300
37682 23588 25927
20965 36272 39309
28705 22495 36741
35250 29237 33006
27252 21103 33366
38240 37543 34960
24904 27452 32819
24293 34861 26111
24639 34303 27236
31607 20375 36798
37890 22377 22347
24757 23857 29173
38668 23870 30954
24087 37383 36682
35218 20852 32239
39256 21504 20942
29021 32236 20924
27069 36733 33146
31821 25565 21680
26911 31705 22595
27642 22342 20260
23658 25269 33067
26216 25773 38177
33340 33014 28398
28873 38600 28568
38442 20639 27238
34682 28436 33371
39103 21890 21035
32503 23981 31567
29228 30146 37415
27486 32269 22410
36399 38497 26860
36873 23795 25294
27307 25080 37458
38265 21896 22399
30518 28611 22735
31735 33177 22467
35610 36548 20254
34101 31536 28845
38560 26943 20534
21060 39585 37887
38064 36691 28020
21153 35123 28015
22410 25750 25649
27311 26565 29377
29709 22426 32913
23446 25125 23750
20716 24557 30273
25675 34923 39034
26003 28578 22578
23756 31733 26217
37707 29578 20327
39671 27320 25584
29489 37889 20954
27360 34560 25374
28391 29026 25076
26894 37037 35844
33131 21003 28871
31036 34599 37699
26004 27470 30787
21546 38328 28437
38270 35982 21448
37553 28483 31993
23371 33164 28376
24389 37493 34226
24811 31181 22396
35845 38509 30111
28994 24651 34056
31523 38762 31575
26534 20928 26543
20907 24032 35593
25461 25714 33192
31231 37570 21037
39789 33054 23890
27885 23023 25573
29597 34841 28406
38083 30646 29415
26252 27339 31377
36559 38604 37835
20686 25255 34852
32236 20229 39847
22962 22925 36176
39450 35432 20792
23511 39086 24551
39665 35935 27533
36920 29995 26514
37186 27952 31927
28575 30268 26079
39837 26187 34431
32579 28395 20873
34137 30398 33056
33286 24235 22085
39318 20228 28738
23473 32716 26270
33892 32856 28951
26516 28696 23555
27167 28662 39710
33537 25753 31531
32802 34875 34397
29171 32417 31884
25658 38791 21027
23183 22986 28397
39194 34532 31610
23415 27642 34445
34967 27293 35223
35379 29235 22714
30286 21830 35901
30940 27404 34563
38247 33651 21686
26660 20468 31177
24204 21795 25860
23778 26903 36842
39113 37316 32045
27531 27262 27764
34840 30968 31907
38493 35176 34906
28865 23894 26099
22451 36243 35481
34744 35246 20245
32526 30827 32354
28269 26272 36379
23937 22858 24762
38763 32643 38192
24047 31285 26624
34310 37433 33451
28366 37944 28066
24064 37059 28026
31681 22194 39470
37733 22838 38824
33792 25980 30626
36688 27718 33408
26346 31269 32415
29959 20991 39744
33354 38185 20816
28810 36027 29526
23297 29937 38253
27727 26586 28854
38925 36373 30517
28731 21258 29733
30615 20584 39272
21033 26732 29285
38621 26654 28712
27839 36290 36644
22730 23077 35361
33373 31135 21761
28414 38130 37449
33854 36860 39043
23708 25898 31253
24359 23101 36029
37395 25883 34158
20327 34067 24671
32714 32655 27186
33040 23373 31082
39334 28944 38044
24103 35947 23818
23559 23607 34421
28446 21310 36195
35589 33481 30876
27284 22116 25631
38095 25934 39761
21280 20952 37462
39295 30794 26310
25863 29128 36368
38652 23312 39113
32155 20055 35689
36927 39767 35145
32600 20801 33629
22156 25397 26198
21226 36176 23421
20787 26577 24691
24730 30381 34693
22029 32142 38456
22370 26354 30437
36150 24127 33584
34129 35471 24399
28688 24768 34921
20220 20388 31537
25843 39712 27323
29654 30294 23664
27199 28354 29746
31531 22476 20682
22443 34509 23447
39508 26980 20045
30002 27051 20218
35424 38711 31635
26612 38988 26669
20392 28712 20577
36032 39824 27437
33220 39773 33624
22709 39529 23141
21718 37915 27163
20932 26872 36538
25108 23422 21881
20720 33211 29690
23348 36631 21575
32796 32170 21877
31217 38419 26189
38576 22750 26825
25116 29124 20722
21632 33353 23738
24405 34839 37158
31164 25195 33974
26967 32674 35317
32956 23892 28301
29523 24525 39294
21276 37689 35695
37633 30860 24923
35416 21386 23161
39326 21016 24257
37280 39470 28385
36380 21937 30749
28482 26253 34079
21090 26180 29724
22743 34106 27890
34580 30702 30042
32936 27098 34485
37095 37685 26869
25087 21840 21399
28384 29203 27607
27327 26187 36031
28208 30277 25638
39706 36713 35004
37961 30980 20210
26721 22447 37593
21191 22359 32652
21870 37503 37399
23745 38907 35156
39868 23397 22993
31553 36606 37288
29494 28844 24973
24449 32012 27469
29035 24890 32990
39418 28504 36719
28396 32725 26233
26304 22041 20817
22091 38298 35579
33594 25731 25756
31491 27963 32720
35428 32445 36024
27561 31383 33758
29803 22433 34243
33779 29892 22034
34428 21734 20201
37507 39540 22794
21403 33739 39827
32798 22910 31015
23918 23954 37246
35820 36790 37855
22394 21214 21398
30033 37105 29836
26653 26444 35613
26754 33643 25789
30314 34108 37073
26756 22606 28772
27148 30206 30136
31436 38889 27618
22737 30259 20144
20751 34140 32526
35439 35952 27596
36765 23249 24807
35134 20072 23085
21979 27742 23288
23097 31551 39073
22378 28099 33459
38992 26028 22061
33494 21819 26054
21822 31186 27791
31723 29642 21887
24955 26526 21199
27157 31066 35914
35014 23896 25702
29132 39405 25856
32319 32362 32132
33096 21119 35397
20715 28403 28155
27755 33088 26359
36759 34158 24116
25151 20552 24577
27993 32477 25002
21652 22525 23377
21617 37958 35166
35030 33944 21728
30513 30070 37458
39908 31358 38494
35433 27612 39222
34564 27378 30633
30916 31001 30391
34259 31374 38899
24341 32651 36893
34254 38572 37790
36472 32605 29065
21224 37608 33827
30413 36319 32416
24270 37605 38300
34366 23396 34499
26811 20268 33514
22555 26780 25850
26365 20730 29565
25840 33226 31316
38525 30265 22310
31697 26521 26536
25787 29898 30869
38415 34332 36211
31499 35937 35431
31919 24642 31612
27021 21039 27516
21388 24414 39314
23994 30823 35358
21658 22882 25126
30991 39385 34139
38254 26948 21334
37860 20548 33419
30208 20257 28077
32747 36865 38909
28808 33940 37979
21394 20225 24779
23304 39600 34729
29605 39102 24547
30525 32734 36931
27403 26004 28488
27242 23793 30927
39190 26885 39429
35453 27696 31713
32793 27338 31155
20884 29774 20693
35406 26779 38670
38756 36203 28005
23210 34482 30070
36402 20799 33370
37688 21563 35176
34226 39139 26364
26342 22904 20166
22966 34045 32131
39029 20637 22474
28268 33710 20372
38364 36477 20828
32931 31824 24485
26292 38315 36730
27670 33070 36162
22433 23606 33671
31950 25986 22066
29747 39461 21544
27687 29298 24041
22185 22364 34717
35936 32538 26310
39965 23596 32692
39466 22754 34266
24473 22437 23348
23951 33171 35148
39310 33349 36261
27146 23191 21897
36682 31689 30593
21235 26411 33605
24149 20845 28357
23137 38595 35252
38139 29053 25113
22370 20585 36022
28224 32746 37481
34370 26991 21765
33867 24115 28245
32971 23498 22078
39194 29913 30231
20475 26483 23910
21424 21968 35389
35187 21451 25581
24727 35038 27624
21903 30565 20579
25404 24133 24501
38077 27285 26983
34125 28136 20997
34305 39696 34459
36758 32978 27777
29082 28731 35551
32774 22336 38839
22525 39405 27990
25241 35935 28247
31345 36875 22037
30595 38707 39370
23803 20360 38794
34971 34559 33137
30762 39540 36998
35764 35754 29428
27151 26300 37167
34718 30499 27157
38071 30056 25640
33479 22534 37129
38317 24071 33405
29874 29816 22508
25137 28119 23163
29441 29830 20470
23798 27093 25356
22093 20501 25093
32621 31030 26231
36578 23703 27592
28291 31755 31251
36285 21555 27152
28322 26689 27205
31503 35247 27591
32306 35373 28000
39734 33084 35910
36107 23604 36586
20536 33698 37900
24918 34856 37519
22712 28589 33782
31995 22208 27830
21768 20767 23391
31400 32931 38037
36471 21512 25829
34818 31929 28584
24322 27785 33183
23359 36990 28225
31898 23416 32773
25985 21636 28910
25156 24191 29113
35127 31804 27897
36712 33949 35689
32247 22979 31348
23234 29756 20328
36278 22098 32884
22360 20831 32621
32704 32495 20451
21087 28509 32653
30737 38025 22160
30759 33077 21453
21841 30983 30040
30203 23041 36678
36602 36861 26600
39700 25582 27539
37220 30682 21887
37100 35189 27572
34861 38092 38113
32759 30060 35380
24698 33337 35417
29963 31366 31338
34240 27690 23260
24237 23549 31311
24259 22421 24540
27473 38822 33722
37384 38129 26635
32743 30030 25861
37666 23802 28599
21926 25411 25284
24325 28220 30091
20204 34806 26763
34375 29286 24776
26245 31072 30219
34125 36741 39862
20825 29838 39304
22889 38167 30596
34887 36991 37396
39973 28593 36657
36464 30989 35373
22846 29074 24409
20835 26611 32936
38965 24069 25296
37351 25529 34478
39571 35225 35127
31152 31952 25728
34194 38869 28480
25969 37368 22026
36168 31450 37784
34882 28067 29586
37461 33361 38295
20524 20128 35341
32023 24014 38699
27771 29666 36478
36546 26101 27535
20416 35944 20449
29544 37328 21473
38230 24405 31319
38467 21931 33188
38732 27000 31533
36210 20832 26510
21438 28141 24399
37384 20636 28370
25408 20031 21175
27050 30791 20236
23354 24356 21270
34325 36425 22810
37908 38081 21644
26172 34169 31407
29233 24591 38996
34170 27613 32702
28981 22808 38112
21068 26007 30544
25544 36892 21688
29804 39602 26358
27309 25927 26419
34991 23033 29321
23156 24887 22377
23416 28976 27610
37596 37133 32413
28188 23856 20278
31328 32056 22228
33801 27047 39738
25996 34027 34651
26163 22411 38169
37356 32128 35249
28458 28590 28285
31915 34360 32953
34351 30820 38923
23436 33832 24660
36725 38540 22771
29215 24731 29643
31071 35557 29444
33781 35896 28014
25120 34073 29992
39700 27760 38480
37966 25376 34748
31879 34225 21296
34499 22546 23282
28211 25139 27204
23673 27635 20456
28409 28106 25029
31966 39035 22321
23837 24882 27533
30494 21932 21730
28774 28450 22991
23949 25762 26084
22307 37279 22420
38789 34123 32532
35482 29097 31274
30966 35709 24650
29875 28480 34794
35856 27195 23724
29586 37755 31591
34260 30540 28465
36414 31566 37675
20896 26282 23482
31608 29276 34137
32580 25964 38395
31216 34552 25045
24132 25665 27182
28203 38079 25294
31546 35972 26254
39367 39662 23154
34859 22834 29638
21287 35806 36587
20064 32370 20932
39387 34799 33428
35585 26094 22704
34750 33337 38519
32357 37280 28077
29272 25850 31539
38523 26289 33263
26419 36112 29221
35705 27364 35750
32821 24310 33468
39839 31426 22801
20809 37139 39038
22113 27014 28698
26544 23920 25961
23369 39657 31283
39051 36803 35909
34529 29904 20491
29825 32004 39907
34290 23023 30206
21981 26777 33089
36746 36635 26951
28335 33659 35667
36184 35661 33206
20539 37057 20492
34951 24695 37960
31945 28412 33862
27411 24923 20391
23827 24570 26475
22871 39199 29101
24742 24096 31396
34452 27767 28137
24868 32314 39596
26915 27026 24638
24533 32541 24609
29145 37743 31237
33508 39040 21571
32605 37974 30718
31904 24689 26527
21313 23443 21389
36956 27969 31733
39788 25568 24016
33932 30419 20778
32159 37798 30281
38022 25762 28565
34501 34919 35522
38331 25184 22796
20239 37248 27505
27348 20349 25159
36480 24639 33537
36763 33820 34639
36358 24120 25464
28184 38378 35349
31559 33117 34215
33319 26973 24576
35963 38664 28074
23423 26653 35442
37675 30687 34366
31149 26372 37231
21835 37579 20545
30564 27406 26294
22203 37739 21655
34631 25756 23086
34695 38579 37823
38981 25603 27858
30506 27474 34066
20991 20742 32465
29170 31077 34668
26030 26434 33750
25128 38406 25750
32552 28894 35192
20252 26064 33458
38082 33052 30781
24717 26040 21886
21245 27530 38815
32794 32054 34043
22392 21309 22389
31259 25312 24992
30022 31989 36213
37204 21453 24033
36948 30238 25891
21568 34761 37770
38134 35730 21061
26220 38680 25285
34637 21096 29441
31811 25068 22873
30116 31744 28873
36603 24567 29936
24839 26521 21697
35357 34414 35523
36293 34370 23309
30977 29993 30595
32472 21901 33188
29815 28038 23279
38264 37670 21798
37119 35895 31183
27126 28629 30996
36044 36345 24651
35698 28299 24797
38458 26567 31831
30628 30497 34817
31771 39127 34018
22093 20349 26908
22624 22491 36389
34179 30776 37792
35062 31109 24103
23600 20223 21792
28898 39933 36146
30779 35726 23619
26957 30709 36337
30372 21053 28429
34347 36526 36985
30642 27111 30934
36895 22985 29378
24703 33927 24644
34072 22467 26617
23368 32133 31572
26164 26357 31549
21280 23352 30699
28927 39160 23886
20761 25959 26418
23703 35443 30098
33278 24189 35211
30635 22746 36661
38186 30240 26545
22691 34537 29881
31452 26066 29274
28893 29375 29024
23767 24514 22875
22627 33179 21735
33277 20794 25455
26189 34347 26418
28311 20362 27131
36708 33460 20913
29159 22008 24209
39579 24468 28335
33673 21857 39742
38716 22003 24477
35194 32203 21700
23572 22591 37577
37236 30330 22639
22703 26924 38275
30511 38390 36869
29307 29765 35756
24081 31931 34752
38508 38729 32048
31196 35387 28944
27713 37525 36780
33336 37468 34476
33088 27158 23591
36268 34880 37252
24498 20590 30028
31486 23940 32315
26466 24558 31547
32412 36423 25606
33967 20763 27174
29706 25532 35647
25867 34830 24366
27511 39863 25795
22704 21943 37123
27119 21202 28410
36626 34978 29881
20906 24315 36706
24812 25309 22647
30099 34640 24955
37069 39679 25618
20643 28659 29186
32421 31101 30294
20131 32582 39892
30575 34150 28564
20186 39576 23471
27923 30563 29540
38733 22500 27770
36346 39861 25617
26031 21761 35848
38817 35669 29697
39400 20867 39365
28061 34744 22121
33542 39909 31738
29850 21115 38854
38502 39307 20031
23083 23328 33667
34945 35307 26899
34904 36369 34170
25626 26307 25228
38006 22629 39491
38140 28839 28032
37028 24906 37076
24358 28543 36018
35761 29465 22415
22886 37134 24949
39888 24655 30706
34237 26456 39632
24848 20978 31174
32210 34074 35194
31302 30622 26381
39171 25589 21343
22511 39975 25614
35841 28338 38190
29030 36812 32876
24834 27683 31329
37683 31781 21228
24694 33031 32441
38826 36642 33003
37884 31662 24889
27067 33686 31671
36254 24083 35234
36417 27003 34558
25916 39212 37622
30259 38738 27913
39828 33210 20317
30967 38307 23311
38746 28742 30425
39206 23531 38122
38571 36955 26232
30043 29838 24449
24839 24497 38860
33088 22437 30063
34648 35127 33158
35671 29389 34083
25864 22044 39304
39727 21894 35165
32017 23499 30606
39942 27090 38793
25290 30598 27889
23426 32189 22087
35723 32172 34988
29984 30330 26114
33629 34786 25100
37945 37710 31177
30636 24124 32662
36204 21040 32430
32501 23076 32771
37232 26462 34157
36930 28280 24772
38484 24443 37993
28831 34525 30822
39298 28396 39213
20876 31689 29079
33974 34732 32717
34041 24858 32470
24387 24703 39381
28290 22346 27168
22974 23140 29300
32039 39952 31999
36606 36650 30350
32437 33086 38879
37673 32277 23797
33232 39601 28554
23608 23806 36038
33641 30247 24652
24917 38260 20181
24863 33667 32144
30162 27988 34129
27202 29247 30096
35888 36539 21787
23286 20190 38711
34583 29868 22126
20933 28042 26280
22506 21187 28595
27063 35400 28484
29757 31897 36427
21685 34003 29471
28129 25623 38230
29229 23040 36883
37863 35143 23145
36521 23351 23101
39105 29468 34006
35468 31621 31622
30298 27047 39333
22787 22123 21176
31413 30677 26032
25194 23918 24726
32785 37698 38122
34101 33588 30634
24784 24945 39504
26519 25271 37418
26657 22894 39441
39554 32179 35916
21220 34553 26418
27279 26214 38434
32068 29545 28364
27579 37011 22156
20704 33159 33916
24588 27152 24687
28206 23886 27449
33610 24446 21207
25939 36401 38115
22704 23778 26626
25583 27227 28807
26974 21808 23551
30684 39566 37480
35097 34721 25318
35001 25148 21933
34590 23780 37160
27730 27086 37151
35521 38724 29644
39566 33608 30133
34656 28984 35039
30885 26468 34276
20661 21849 32432
34703 28777 31078
26021 24403 25738
30479 27514 20688
20746 32543 37708
35681 30034 35727
38243 23927 38635
29419 30884 20729
24762 39073 39777
23883 34208 33540
39150 24288 23568
22740 37405 33655
32357 26861 25585
31108 29660 30888
25869 34835 29040
26647 29922 26739
33039 25953 37176
20509 21873 22602
25259 34991 26824
26307 20509 26820
22075 34402 39404
36238 37078 30270
26231 38605 25542
37463 21666 27930
25055 37759 33492
30911 35550 26176
32268 22825 23685
22540 21740 30652
37356 28185 33488
30133 27038 23000
38507 32741 36981
26013 38997 30270
20426 39812 23052
27990 35488 30346
23658 29987 31168
36261 39305 20644
35818 34941 25361
23335 34583 27340
28802 33133 24120
29787 38618 29224
33193 26418 34297
36643 37595 21042
24842 36562 21714
39066 36476 31137
21580 39267 29945
31003 27526 31970
38016 32997 21909
31478 27363 28796
27239 31231 39476
38630 26360 24357
32174 34139 30587
33786 39719 32647
39760 22299 26528
26814 34172 34597
28551 32877 25256
24605 23844 39906
35856 28351 35921
30891 24098 34388
33262 29902 32827
39133 35892 25038
21630 30668 29922
34372 34133 39157
27187 23429 35790
28627 25215 34455
26049 24431 22475
29992 24076 36764
36308 21695 30238
32188 37520 25834
23570 30047 25426
24863 29582 33334
29389 36581 30654
21991 33110 38990
32848 34470 29528
37701 20510 21301
26138 38664 28571
27661 23844 39085
26648 23874 25268
23656 37901 23919
20594 26005 34884
39596 22703 23059
24682 31792 24342
23685 39804 39118
28908 38788 24637
34079 34457 22352
29348 38488 32371
27378 29553 37529
37515 28797 39080
31337 29151 21397
29854 34701 21374
32100 37643 28360
26127 22284 27520
21228 35837 26120
31605 32162 36598
20197 36873 31246
25343 29554 38669
28677 22754 36723
25950 24101 38944
38806 32595 20977
29511 24441 33822
26179 26450 20826
22905 23336 24652
34716 20785 27044
33632 39607 30680
32560 31346 29461
34938 25071 31766
23877 38754 20094
34587 35451 28816
38315 28455 39851
35871 31949 38331
27481 20325 36472
31398 36704 31722
34681 37962 28940
36576 21813 22130
30571 28309 34008
26337 29213 20489
37830 26742 26388
30050 39172 38559
26269 26642 31073
39647 32718 33935
34273 38718 31048
37897 27309 26595
33366 29146 30544
38489 20169 33382
22171 38599 27332
24750 23803 38002
38409 25617 27872
21724 31510 34934
20283 22454 35419
30279 24263 35616
31813 22267 39820
21283 37528 30927
25088 38388 21887
29145 30048 20217
24279 37199 27588
32239 25964 31129
39085 20531 31403
28569 29107 25783
26603 29818 26139
31477 23015 27942
39146 37061 27779
33243 37086 38467
27372 26552 28558
22613 32350 24352
37648 24901 35384
24185 24313 28766
23233 39681 27172
26755 29383 22453
33356 39196 36285
20614 24324 29925
28928 29325 21374
20082 24096 25814
39615 35796 31589
25490 20971 30411
22743 29909 31934
36014 31026 38306
25579 21757 38595
38737 25960 33034
29498 39912 28763
39710 31369 21143
26690 26513 29780
20512 28989 35151
20263 30791 32300
33131 36975 30852
28183 36267 29504
26037 22656 26674
33536 34961 29290
36732 23409 35998
27488 39465 25573
36178 36859 24598
27015 31811 29895
23889 22304 30400
21726 36539 29112
37765 28315 29560
32629 33166 24464
24939 24081 33660
24121 33827 28299
26226 37945 24613
22034 20883 37745
22921 22986 38644
21354 27961 37801
34359 34699 20632
33422 38312 28235
39233 22662 22165
28821 28624 33958
25718 24813 36418
20956 32635 30629
22486 39547 30783
35120 21579 23471
25622 37922 24746
39479 25326 21628
22510 37611 39767
32177 38764 28238
36800 27881 28052
28273 26949 21987
35183 35993 24674
39462 35812 31680
35174 24112 23278
33481 33938 37901
31029 37028 21437
36305 30908 39535
28495 26197 21467
26285 37726 21363
38380 39398 23413
23857 35315 22847
37530 20988 36165
27429 37178 33230
26533 23809 34814
33828 35481 26355
22728 28812 39939
32544 38707 37406
28600 29300 29313
27558 27354 31459
34808 37731 20323
34258 29330 28965
24896 23220 23358
32958 23226 37392
28668 23714 27485
23919 23075 33715
27943 29647 39821
34268 26986 27966
35425 29224 36405
23012 39841 22683
28793 22957 36444
20435 34612 39282
28743 31710 21388
34338 28229 28527
22783 36042 27896
35313 21765 35115
20237 20824 39944
25889 23608 23530
23717 27974 38411
36517 26216 29611
34186 21854 25559
24496 22490 23414
28630 29990 32448
20523 35977 20603
20934 30046 30723
39264 29271 36343
38122 34605 31668
37196 22389 20262
38429 20384 33839
22136 20136 24917
21214 25162 22869
20675 28526 39183
24074 28844 33907
31142 24837 39427
38879 26121 24027
22669 32523 30098
33390 20330 25384
22945 27026 24288
21511 39111 25714
39604 22848 27774
36498 28686 21275
33417 36499 30011
21187 29856 25662
23676 39870 28051
30420 26737 28831
38062 22581 21029
34963 39763 22614
22728 25874 31625
21913 27106 36844
24551 30422 27030
30428 36920 26480
21261 33575 33389
25690 33788 37000
29623 26628 37317
30500 31142 33771
37050 31110 25019
23321 20358 31666
22175 35366 26043
30765 29006 27911
38034 35973 35311
37166 31103 21818
26440 31158 29090
33853 21969 30773
32952 24189 26556
22072 27081 23092
32231 37161 22382
38303 33981 36205
21388 29514 23377
38786 21414 35742
24075 23039 39646
38440 37951 35022
27939 30839 30050
32996 39950 22340
27734 33796 21841
31382 34179 22824
22542 35108 28342
22000 25168 25473
37283 20380 23025
27658 24729 33206
23750 29901 34587
28874 21240 31593
26784 31247 29669
30321 22593 35023
20980 24726 33535
31647 21246 39469
37158 37884 32824
34533 36900 24068
28939 38876 21786
28911 34963 29018
34880 38073 28594
33163 29751 32129
32926 27159 20569
37715 37054 20093
27052 37267 28895
24687 38788 39231
36773 22651 25195
32923 38422 31073
39831 25735 26077
21392 22353 23863
35386 34377 38406
38780 29208 23807
33994 31507 23669
35875 26157 23568
24249 25510 37242
24987 34135 32839
29171 27760 38910
24355 25448 37318
33494 25736 26867
31490 38370 37840
29917 33231 36556
25458 26854 25268
24022 33572 21980
26755 37322 32499
39006 28615 20209
36180 28329 31703
29292 32890 25699
28363 23299 38481
32955 35903 26735
21113 29583 27792
38526 32664 39948
22868 24673 21851
27693 38165 21706
21444 30491 37710
29215 30856 36969
37871 22277 27587
24943 38346 30563
33905 32153 29504
23735 24128 35609
38583 33490 35867
33496 25393 26032
31625 27053 28003
34648 31304 29343
30899 26159 30922
27405 27713 31863
24416 21387 31591
26027 33398 27231
27209 39082 35364
32292 37734 27280
27988 23337 31697
25641 36241 25232
26120 30460 25583
25924 37016 20025
26549 31210 34375
37030 36862 39871
39477 39653 29661
37364 25424 39337
23446 30850 30998
24357 30411 36354
22959 36892 21631
36561 33360 39138
22962 25888 37113
23933 37389 34368
32681 27821 30458
22648 24832 31604
22525 33230 28200
38261 20085 31300
35347 35710 22834
21979 34094 36137
38319 20781 27366
23101 37546 31241
25431 28824 39935
34296 27312 21254
38715 20002 30097
22789 39787 21931
29602 36175 31430
21059 21591 29737
23749 32052 28214
22244 35328 38258
34611 32669 39288
21167 31802 39676
27757 39031 20909
28561 25166 28983
26771 32575 27068
26128 24873 30810
30552 36919 37661
32123 37224 36674
27138 25937 22278
33706 34083 31891
26232 28643 27123
23958 21424 34960
24784 33593 29382
25408 21742 23875
36956 28906 30975
31333 26691 26767
39427 29094 39784
27823 20833 24618
26721 25547 20605
39815 34527 36009
25879 31856 33619
25693 28690 37390
35961 34701 22985
24100 33175 39814
38124 38152 31856
27886 24329 33169
26806 36669 36880
34383 30568 21349
27502 38346 20082
32358 24556 33322
37663 29079 31122
27657 29279 29388
26152 30720 31609
22988 29987 29961
26326 21063 28693
20208 23414 27518
35904 30857 23002
32300 28060 38322
31131 34520 38401
30308 35458 30102
36605 37352 31261
24076 32470 26936
21434 35336 20896
26494 34397 34718
30562 36568 29796
36939 39635 22984
36263 33227 34535
35261 39991 21854
29660 28333 38584
23987 29396 30020
33456 23087 24319
27155 30420 35309
29065 35578 33783
31066 37084 26862
25973 25103 39122
26514 36268 36006
27968 24757 38945
24009 26665 26711
39499 24654 38058
27979 21533 39455
29787 34586 20662
36075 26921 36238
26140 32792 31829
21226 22269 28068
25269 28934 26399
26003 28890 23090
26661 23755 28177
33378 36728 34962
32558 33683 27085
29685 35101 26837
28794 34560 25343
21381 22446 26633
30858 34306 37837
24007 35467 23484
37838 21583 24950
24275 36146 36243
32147 25638 37381
33955 22801 35603
24637 38897 30811
27645 20559 28232
38419 23316 29570
37199 22814 30019
33655 31117 35244
33383 37373 25037
21672 27997 32301
34019 32807 37730
30625 23196 22406
31774 23685 34131
39513 30197 37266
21307 37825 25176
30832 38806 29638
28594 30261 22007
37908 39386 32538
39994 28592 28772
24868 32716 33443
22342 24614 39570
20614 38114 38473
38066 35453 28223
23037 26738 34363
24590 20889 21393
36777 25689 29761
26629 21947 39485
30543 35780 37904
31859 32039 28900
33335 20512 32648
20420 27700 24163
26958 20873 31423
28340 26331 25820
38211 28097 26351
28684 21294 34163
32076 21354 26455
20434 37440 31303
30413 36949 33993
30156 20429 20854
20668 20724 24686
35470 37451 26999
34321 26517 24369
38203 22284 23273
31123 35780 30515
23500 24182 39882
30711 36381 24705
38514 22608 23252
29608 28977 26543
20220 34787 31095
38412 29412 24025
33525 36374 20404
34940 28976 20977
27542 30184 25224
38324 37515 30295
24627 25404 28837
36272 32473 34982
29564 37312 21511
25329 27767 25271
36256 36658 29312
25081 30340 26709
30973 35081 28901
35721 31997 35808
37137 25818 36268
31408 25279 24467
36578 27163 38239
23281 30241 29140
23714 26355 21569
34193 23097 36524
39617 21487 39438
35440 25834 31847
24668 32317 26080
24555 39339 36495
21936 25996 26705
36273 21745 30846
27148 35879 36281
29624 30921 28237
28018 29353 37248
23846 21772 21769
