5000
70198 69957 69802
70085 70016 70118
69898 70060 69968
69967 70182 70168
69825 70094 70135
69891 69915 69937
70190 70015 70198
70160 69849 69805
70151 70075 70191
69920 70023 69887
69910 70077 69976
69838 70021 70063
70003 70041 69908
69904 69847 69917
69859 69956 69941
69845 70100 69876
69956 70152 70032
70076 70134 70183
69961 69933 70022
69881 70049 69854
70093 70102 69816
69808 70062 69808
70196 70174 70042
70062 70101 69897
69906 69905 70193
69906 69876 70001
70167 69843 69906
69845 70132 70046
69907 70070 70043
70022 69886 69969
70027 70190 69973
69804 70023 69897
70181 69907 70152
70120 69980 69859
69810 70146 70023
69807 70181 70076
69988 70180 70096
70043 70001 70195
70059 70015 69885
69949 69989 70033
70122 69967 70156
70118 69874 69931
69964 70067 70168
69852 69913 70008
70076 70017 70040
69803 70031 70099
70088 69807 69925
69996 69939 70182
70012 69844 70009
69932 69891 70149
70134 69834 70056
70025 69893 69875
70032 70097 70010
69913 70027 70187
69934 70035 69846
70025 69981 69930
70028 70006 70045
70047 70166 69865
69859 69923 69825
69994 69812 69910
70176 70135 70063
70185 70174 70034
70097 69865 70024
70183 70117 70117
70003 70064 70021
70146 69820 70098
70146 70085 70182
69903 70036 69933
70066 69863 70009
70000 70146 69947
70009 70088 70013
70059 70097 69912
69975 69902 69984
69878 69900 70038
70174 70136 69802
70076 70170 70003
69842 70037 69945
69868 70016 70198
69915 69843 69843
70085 69993 70084
70050 69934 70041
69852 70011 69922
70062 70011 69913
70033 70080 70148
69987 70113 70130
70083 70155 69973
69923 69801 70032
70140 69910 69930
70000 69863 69958
69889 70028 70179
70132 70024 70090
70158 69930 69949
70151 69805 69918
70121 69921 70110
69846 70080 70190
70106 69953 70080
70138 70103 69939
70086 70131 69919
69840 69945 69903
69872 69944 70097
69899 70004 70007
69931 69827 70111
70012 70128 69913
69939 69819 69846
70078 69959 69997
70162 70007 70002
69873 69947 69913
69984 69946 70137
70081 69851 70073
69810 70134 70189
70104 69879 70041
70051 69980 70087
70082 69804 69977
70011 69813 69866
69894 70030 70118
70044 70163 70182
70165 69994 70128
69906 70001 69918
70023 69811 69994
69941 69969 69895
69989 70125 69896
70080 69800 70103
70175 69848 70124
70122 70062 69910
69860 70049 69968
69821 69928 70168
70080 69927 69931
69935 69819 69917
70174 70144 70181
69952 69846 69879
70141 69891 70005
69842 69928 69825
70036 70096 69822
70128 70153 69989
69939 70159 69903
69865 69817 70182
69947 70192 69950
69867 69867 69833
70134 70117 70027
69902 69992 70130
69863 70098 70015
70019 70105 69978
69852 70119 70034
70121 70038 69967
70051 70035 69920
69869 69913 69972
70073 69914 70054
70164 69812 70053
69889 69832 69912
70028 70095 69988
69954 70145 69864
69813 70101 69873
70021 70080 70002
70035 70127 69837
70029 70086 69965
69980 70191 70050
69868 70108 69842
69994 70090 69806
69820 70153 69828
69876 69944 69950
69928 70148 70185
70021 70096 69834
69842 70137 70025
70133 70040 69932
69983 69974 70109
70141 69911 69805
70015 69869 70054
70145 69821 70008
69818 69944 69911
69842 70071 69895
70130 69909 69939
70132 70041 69832
69957 69935 69955
69870 69965 70062
70117 70067 70181
70091 70056 70121
70187 69947 70162
70183 69809 70195
70008 70009 69979
69871 70049 69923
70192 69811 69955
70039 69997 69831
70029 69811 69977
70195 69851 69967
70151 70199 69817
70080 70192 70158
70087 69935 70056
69899 69952 69815
69808 69842 70092
69961 70034 70084
70141 69844 69995
70028 69957 69930
69878 69904 70013
70114 70032 70103
69846 69931 69902
69923 70161 69905
70001 70194 69823
70197 69962 69990
70024 70128 70123
69954 70171 70173
69879 70099 69891
70008 69985 70105
69899 70002 70168
69931 70024 70105
69979 70090 70194
70077 70121 70159
70150 69914 70175
69897 70104 70019
69891 69809 70187
70029 70057 69998
69951 70060 70110
70085 70073 70143
70009 69960 70045
69841 69919 69845
69959 69804 70119
70010 69890 70036
70095 69987 69934
69924 70062 70106
69900 70045 69849
69912 69886 69924
70098 70091 70091
69904 70123 69907
70020 69981 70063
70001 69801 70187
69915 70106 69951
70092 69940 70147
70122 69943 69873
70090 70189 70018
69939 69997 69925
69879 70138 70173
70099 70005 69929
69971 69981 69994
70061 69805 70176
70150 69924 69882
69808 69957 70095
69811 69855 69824
69977 69875 70070
70158 70151 70084
70124 69895 70027
70111 70082 70091
69954 70002 69806
70092 70090 70104
69924 70188 70016
69935 70196 70001
69964 69823 69967
70101 69831 70067
70126 69844 69939
70103 69935 70026
69950 69898 69887
70007 70170 69954
70045 69804 69916
69855 69977 70088
69999 69971 69876
70015 69922 69898
70067 69998 70127
70142 70107 70175
70070 70155 70037
69824 69874 69912
69907 69960 69994
69912 70057 70089
69862 69973 70076
70096 70005 70101
69893 70177 69883
69847 70169 69892
70167 70115 69993
70122 70199 69992
69868 70129 69935
70102 70046 69824
70022 69820 70054
69873 70083 69874
69987 70150 70078
70164 69964 69823
69836 69969 70096
69865 70151 69956
69819 69902 70115
69987 70176 69878
70153 69922 70153
69892 70153 70026
70078 70074 69938
70096 70179 70164
70050 70027 69965
70017 70185 70071
69962 70064 70002
69831 70185 70009
69940 69829 70170
69849 69811 69948
69994 70100 70035
70113 70049 70049
70190 69813 70117
69820 69881 69944
69831 69900 69891
70065 69943 70103
70158 69925 70142
69834 70103 70110
69820 70034 69822
69809 69925 69846
69847 69993 70171
69890 70131 70196
70059 70075 70164
70121 69825 69815
69889 69968 70045
69916 69933 69954
70035 69897 69845
70198 69803 70011
69985 69862 69941
69885 70193 69955
70183 69985 69907
69884 70030 69912
69929 69821 69973
70073 69800 69995
69967 69873 70089
70042 69810 69819
70193 69884 69889
69944 70032 70092
70135 70092 69912
69800 70087 69915
70131 70024 69922
70043 69926 69815
70184 69832 70192
70110 70175 70101
70102 70159 69822
70161 70102 70149
70029 70182 69959
70027 69978 70112
69998 69800 69832
70027 70011 70117
70184 69909 69895
70066 69834 70157
69975 70163 69883
69827 70051 69803
70130 69931 69873
69959 70139 69958
69892 69868 70004
69951 70049 69903
69830 70004 69818
70026 69966 69980
70133 70016 70159
70187 69888 70023
70074 69985 69809
69953 69884 70105
70124 69838 69826
69885 70089 69866
70093 69881 69899
69853 69812 69917
69889 69937 69974
69930 69878 69884
70047 69941 69939
70043 70022 69852
69917 69870 69881
70056 69998 69939
69875 69814 69878
69891 69862 69838
69807 70137 70008
69981 69906 69930
69944 69867 70090
69861 70137 70024
70177 70006 69966
69982 69990 70054
69930 69943 70152
70019 70168 70172
70110 69888 69999
70117 69978 70191
70140 69916 70055
70054 69862 69986
69919 70089 70190
69830 69866 69931
69823 70113 70198
70178 69927 69929
69926 70067 70109
70038 70053 69997
70085 69869 69927
70080 70144 69995
69892 70110 69974
70189 70150 69915
70041 69911 69894
70198 70188 70056
69827 70154 69821
69805 70180 70054
70177 69848 69950
70164 70053 70013
70037 69919 69848
70001 69993 69875
69932 69980 70024
69964 69836 69993
70074 70019 69921
69894 70022 70071
69870 70172 69953
70106 70164 69930
70067 69903 70144
70109 70025 69986
70113 69963 70135
69866 70015 70095
69912 69884 70114
69849 69840 69817
69961 69975 69897
69956 70095 69952
70141 70019 69933
70162 70027 69990
69944 69951 69821
70022 69852 70027
69853 70043 69802
70122 70066 70145
70085 69941 70016
70121 70188 69908
69922 70149 69901
69926 69882 70098
69838 69883 69943
70016 69895 70135
69858 70101 70016
69898 69933 70130
69919 70156 69865
69967 69946 69882
70175 69829 69810
69966 70024 70116
69820 69981 69824
69838 69812 70149
70076 70030 70017
69911 70072 70009
70130 69837 69828
70052 69813 70057
69931 69834 69894
69902 69904 69814
70129 70178 69974
69910 69958 69814
69845 70083 69895
69848 70199 70170
70065 70029 70029
69971 69900 70197
69903 69826 70122
69881 70024 69902
70057 70120 70104
70163 70118 70176
69845 70136 70157
70061 69888 69892
70022 69813 69997
69846 70123 69968
69927 69901 69846
69835 70182 69934
70164 70021 69958
70113 69940 70082
69954 70189 69889
70177 70124 69869
69874 70138 70092
70022 69815 70127
70140 69840 70088
70183 69817 70018
69993 70056 69927
70007 70096 70123
69852 69861 70113
69999 70166 70144
70137 69852 69897
70072 70024 70040
70073 69951 69983
70187 69883 69928
70186 70076 70049
70060 70149 70054
70181 70128 70153
69920 70198 69823
69805 69843 70157
70029 69987 70056
69996 69803 70014
70103 69892 70017
70134 69889 70034
70074 69887 69869
69944 70002 69815
70172 70163 69939
70188 69974 70029
69828 70197 69820
70120 70159 70013
70013 70049 69991
69844 70108 69826
69897 70053 69809
69998 70029 69803
70167 69966 69837
69818 69828 69901
69844 70045 69895
69915 69932 70095
70135 69910 70072
69855 70049 69931
70050 69835 70182
70062 69976 70042
69863 70059 70148
69860 70118 69940
70150 70170 69926
70058 69807 69936
69903 70053 70051
69844 69809 70013
70149 70154 69960
69929 70076 70190
70064 69889 70161
69847 69865 70199
70052 70174 70020
70071 70020 69821
70169 69831 69818
70170 69804 70059
70104 70118 69918
69887 70163 69863
69873 69989 69955
69904 69815 70147
69852 70192 69951
69922 70116 70091
69914 70134 69948
70170 70028 70102
70006 69944 69997
70060 70153 70123
69800 70105 69841
70022 69891 69824
70037 69820 70135
69959 69921 70105
70170 69980 70189
70034 70178 69861
70041 69862 69957
69865 69871 70065
70145 69861 70170
69979 70083 69904
70011 69984 70159
69855 70110 70165
69808 69967 69893
70200 70130 70141
70056 69933 69905
70135 69889 70011
69878 69959 69960
69864 70073 69840
69842 70038 69990
70098 70153 70157
69859 70063 69942
69815 70093 70092
70078 70157 69816
69805 70178 69847
70185 70038 70043
69979 69841 69989
69891 70120 69807
69818 70164 69820
69883 70184 70058
69805 69822 70109
69845 70016 69872
69959 69822 69975
69870 69859 70158
69824 69996 70196
70008 69974 69920
70021 69828 70038
70098 70085 70061
69889 69884 69900
70106 69813 69800
70180 69855 69888
70055 69965 70178
70046 70120 70168
69854 70059 69959
70132 69975 70060
69895 69851 69945
69924 69840 70086
70046 70062 70187
70004 69873 69905
69957 69996 69930
69886 69930 70183
69910 70026 69832
70022 69986 69903
69803 69900 70001
70194 70026 70145
69887 70180 70056
69898 70123 70029
69913 69884 69835
70031 70124 69959
69852 70171 70182
69900 70036 69936
69944 70137 70160
70013 69834 70167
69950 70014 69865
70094 69918 69929
70041 69961 70082
69939 69877 70138
69884 69893 70192
69860 69926 69846
69910 70122 69967
69862 70112 69839
69990 69840 69935
70059 70149 69942
69844 70181 69875
70047 69848 70073
70125 69860 69894
69844 70006 70044
70124 69819 70098
69993 69921 69855
70044 69859 69976
69939 70196 69829
70122 70055 69817
70111 69905 69849
69978 69815 70077
69978 69980 69949
70077 70107 70157
70037 70049 69831
70107 69930 70175
70137 69873 70095
69852 69945 70093
69833 70140 69817
69965 69822 69956
70200 69901 70127
69934 70096 70134
70101 70159 70079
69876 70089 69980
69908 70092 70166
69964 69935 69962
69949 69975 69952
69821 70125 69852
69926 70189 69870
70074 69862 69878
69830 70033 70143
70024 69905 69987
70157 70200 69950
70055 69921 70016
70039 69845 69891
69926 69805 69944
70042 69972 70168
70130 69963 70036
70190 70170 70079
70158 69805 69847
70144 69939 70054
69826 69995 70012
69954 70157 70043
70013 69874 70129
69863 69981 70113
70003 69892 69837
69976 70013 69908
70109 70018 69821
69969 69884 70033
69936 70110 70064
69924 69804 70039
70087 69990 70055
69820 69856 70115
69814 70198 70187
70153 69927 69904
70079 69811 70040
69975 69851 70155
70138 70026 70114
69885 70022 70158
69844 69858 70159
70192 70076 69830
69875 70060 69943
70107 69903 70080
70181 70040 69975
69896 69820 69930
69888 69961 70018
69830 69950 69816
70119 69899 70018
70104 70123 69977
69801 69807 70069
69897 69801 70073
69866 69881 70185
69847 70017 69863
69910 69900 69841
70142 69884 70079
69835 70011 69989
69837 69855 70169
70019 69994 70000
70199 70027 70194
70051 69933 69967
70015 70151 69945
69834 69852 70026
70157 70189 70059
70123 69922 70029
70167 70034 69865
69800 70064 69813
69964 69911 70047
70059 70079 70041
69826 70110 69814
69911 69960 70017
69894 69956 70102
69813 69899 70154
70023 70121 69887
69964 69933 69930
70193 69985 70083
70033 70138 70187
70014 69877 69932
69913 69891 69929
70191 69921 69991
69919 70070 70076
69949 69978 69992
69980 69801 69811
69937 70063 69876
69876 69946 69822
70009 70007 69837
69926 70097 70132
69957 70086 69963
69855 70078 70092
70127 69840 69851
70071 70025 69949
69874 70085 70173
70000 69873 69913
70046 70106 69821
70112 69872 70109
69832 70105 69933
70111 69819 69817
69996 70143 70038
69832 69830 70052
69815 69820 69979
69983 70170 69915
70126 69945 69899
69950 70032 69876
70154 70146 70019
70100 69977 69969
70021 70131 70108
69951 70169 70081
69893 69974 70018
70124 70043 69915
70009 69989 69801
69925 69893 69971
69803 70138 69906
69877 70041 69820
70041 69976 70015
70039 69811 70092
69961 70054 69957
69870 69816 69858
69984 69933 70142
70082 69929 69951
69870 69879 69880
70137 69806 70197
69946 70157 69856
70064 70146 69987
69994 69802 70136
69877 70053 69957
70128 69995 69850
69836 69829 70048
70078 69982 70148
69928 70171 69997
69943 70132 70023
69817 69985 69957
69944 70158 70017
70176 70187 70005
70115 69906 69843
70004 69824 69810
70153 69874 69907
69974 69983 70002
70102 70100 70161
70171 69888 70119
70067 70126 70115
70145 70156 70085
70092 69871 70003
69805 69852 69915
70193 69807 69843
69941 69956 69838
70148 70191 69880
70177 70157 70114
70123 70172 69979
69889 70160 69957
70115 69999 69937
69870 69954 70109
70124 69956 70128
69877 70042 70039
69828 69990 69969
70042 69888 70058
70160 70150 69847
70074 70006 70155
69915 69985 70193
69859 69886 70030
69866 70124 70099
69951 70016 70189
70169 69849 69878
70191 69952 69902
70158 70196 70096
69870 70199 69955
70004 69877 70066
70172 70135 70113
69890 70067 69811
69857 69886 69800
70053 70113 69973
70098 69812 70189
69874 70063 70023
70081 69887 70148
70180 70119 70067
70006 69961 69818
70126 69881 69881
69972 69862 69911
70069 70147 69822
69812 70110 69844
70085 70070 70036
69822 70177 70065
69992 69894 70148
70037 69892 69956
69823 70132 69988
69968 69847 70200
69919 69911 70151
69833 70015 70113
70131 70198 70164
70153 69965 69852
70133 69892 69970
70136 69940 69991
70030 70041 70070
70170 70150 70179
70032 69943 69862
70070 70088 70117
69860 69934 70190
70095 69995 70187
70165 70155 70130
70131 69959 70152
70031 69940 69806
69926 70170 69880
70087 69986 69817
69999 69847 70026
69952 69974 70061
70125 69844 69813
69996 70030 70079
70147 69923 69969
70053 70152 69983
69917 69961 70042
69977 69906 70125
70108 70012 70182
70028 69879 69826
69967 70122 70107
69808 70187 69997
69963 70063 69964
69892 69969 69860
69918 70140 69973
69982 70167 69992
70186 70011 70077
70123 69962 69853
70152 70175 70124
70168 70078 70111
70176 70001 69846
69975 70026 69917
69842 70003 69839
70101 70191 70157
70135 69874 69860
70074 70089 70012
69887 69939 70186
69989 70098 70122
70068 69918 70120
69874 70144 70199
70112 69880 69978
69862 69925 70200
70136 70053 70138
70030 69859 69889
70183 69915 70018
70131 69850 70085
70117 70046 69922
70121 69844 69988
70123 69867 69982
69968 69959 69844
69993 69808 69925
69845 70053 70015
70137 70107 69926
70200 69837 70058
69842 70129 70021
69974 69958 69878
69933 69957 69881
69997 70159 69893
70082 70108 69863
69888 70063 69895
70058 70032 70178
69977 69854 69948
70061 70031 69983
69918 69906 70071
70148 69833 69899
69812 69953 70001
69977 69821 69889
69883 70023 70134
70140 69865 70089
70087 69893 69850
69917 70033 69869
69853 70005 69806
70075 70161 69890
70167 69907 70007
69907 70139 69947
69988 70078 69926
69844 70138 70141
70028 70107 70115
70005 69821 70158
69897 70191 69992
70055 69957 70189
69810 69874 70147
69827 69894 69896
69801 70076 70095
69839 70064 69931
70090 70052 70109
70198 69976 70156
70128 69802 69908
70044 70112 70008
69861 69843 70141
69856 69844 70089
69890 70004 70082
70119 70084 70196
69895 70073 69881
69988 70074 70053
70099 69919 70017
69874 70154 70167
70015 70187 70094
70000 70173 70085
70149 69820 69867
70166 70007 69866
69895 69984 70095
69846 70135 70118
70114 70199 69903
70109 70150 69955
70008 70038 69866
70102 69802 69909
70133 69873 70014
70033 69988 69990
69935 70064 70135
69990 69894 69885
70180 70035 69849
70029 70028 69980
70046 70053 69830
70198 70139 69860
70057 69944 70062
69892 69830 70111
69891 70091 69987
70172 69992 69941
69800 69993 69989
70155 70068 69822
70141 69811 69954
70080 70006 70168
69863 69813 69864
69884 69814 70035
70144 70092 70152
70176 70082 70077
70060 69811 69970
69813 70119 70081
69902 70151 69952
70137 69842 69821
70028 70177 70125
70140 69822 70051
70158 69992 70136
69979 70142 69968
69936 70114 70164
69934 69896 69859
70049 69973 70033
69900 69923 70031
69894 69845 69807
70170 70063 70186
69825 70113 70194
69832 69862 69805
69949 69879 70153
69950 70127 69849
69907 69878 69822
69905 69962 69926
69804 69931 69872
69966 70145 69845
70193 69990 69875
69904 70072 69826
70129 70104 70128
69971 70130 69831
70053 70135 70198
69892 69954 70164
70180 69895 69906
70081 69885 70115
69994 70127 69951
70183 69834 70124
70055 69924 69904
69817 69836 70123
70189 69956 70074
69804 70068 70141
69925 69870 69834
70066 69910 69959
69818 70161 69888
70041 69881 69882
70112 69861 69811
69900 70010 69960
70021 69941 69968
69917 70041 70118
69874 70040 69974
70041 69988 69892
70148 69857 69912
69894 69956 69990
70138 69842 70142
70074 70199 70107
70187 69855 69816
70057 69909 69971
70034 70122 70069
70098 70102 69984
70012 70020 70086
70158 70019 69875
69978 70177 70156
69864 69990 70107
69817 69936 70026
69831 69999 70003
69972 70088 69953
70188 70147 70164
69929 69900 69980
70193 70076 70020
70109 70121 69856
69846 69937 70123
69817 69880 70010
70026 69990 70185
70090 70098 69813
69915 70053 70158
70072 70046 70182
70057 69996 69965
70024 70176 70030
70074 69978 69845
70068 69856 70015
69877 70067 70022
70032 70049 70099
70194 69981 69873
70026 70069 70132
70129 69835 69811
70013 70145 69932
69988 70088 70096
69947 70025 69896
69876 70149 69931
69914 69943 69982
69982 69829 69829
69846 70124 69988
70019 69808 69874
69995 69994 69800
70162 70103 69887
69979 69819 69936
70149 70017 69943
70145 69856 69969
69958 69873 70019
70157 69911 69834
70060 69935 69850
69852 69892 70035
70068 70126 69822
70087 69939 70182
70129 70094 69968
70100 69827 70182
69845 70026 70018
69829 69834 70176
70132 70139 69944
70085 69977 69957
70095 70172 69927
70118 70117 69843
69841 70119 69807
70025 70047 69865
69884 70034 70172
70079 69923 69959
69810 70142 70080
70160 70133 69855
69888 70021 69916
70025 69800 70173
70050 70081 69856
70141 70172 69921
70107 69841 69958
70156 69910 70025
69891 69910 69810
70028 70174 69805
69884 70036 69872
69945 69881 69981
69850 70187 70157
69935 69969 69884
69972 69942 70059
69821 69988 70102
69887 70162 70084
70028 69829 70130
69897 69935 69964
69915 69912 69933
70125 70156 69831
69811 69806 69864
70165 69873 69969
70103 70191 70007
70141 69838 70050
70006 70071 70033
70033 70029 69867
70063 70062 70097
69992 70105 69838
70086 69986 70046
69985 70040 69899
70028 69869 69906
69861 69967 69847
69913 69813 69961
70159 70196 69815
69841 69905 69878
69903 70132 70185
69830 69943 69855
69844 70193 69869
70167 70065 70057
69970 69962 70117
70057 69823 69866
69994 70060 70154
69987 70159 69905
70000 70185 70130
69891 70050 69888
69805 69946 70106
69917 69854 69877
70156 70003 70083
70113 70188 70125
69956 69988 69976
69825 70176 69848
69857 70014 69986
69872 69923 70107
69975 69843 70115
70186 70173 70120
69949 69861 69800
70051 70129 70128
70192 69967 69886
70185 70010 69857
70125 70179 69815
70046 70165 70089
70163 70152 70177
69907 70067 70016
70009 70143 69856
70057 70100 70057
69883 70022 70033
70089 70174 70160
69825 70023 69800
69978 70131 69839
69940 70062 69881
70157 70123 70090
70174 69925 70117
69906 70019 69916
69875 69958 69867
70020 69935 69913
70194 69840 69888
69986 69943 69825
69907 69804 70197
70006 70118 70070
69882 70062 69939
69932 70165 70032
70052 70049 69919
70006 70012 69832
69826 70075 70019
69975 70111 69975
70190 70112 70099
70195 69827 70085
69800 69828 70041
70015 70172 69899
70030 70044 70046
70070 70095 69912
70003 69843 70047
70039 70111 70186
70153 70045 69992
70192 70068 70163
70081 69910 70062
70062 70137 70012
69958 69855 70146
69873 69893 70132
70164 69880 69835
69816 69929 69972
70153 69999 69981
70167 69876 70190
69870 69907 70071
70017 69857 70129
70168 70137 69932
70052 69879 70141
70183 70063 70021
70172 70092 69865
70200 70139 70196
70107 70184 69949
69910 69881 70198
70025 69906 70078
70157 69931 70041
70087 69884 70122
69951 69913 69913
69810 70141 70031
70074 70043 69917
70122 69890 70122
69852 69921 69826
70075 70146 70118
70053 70067 70035
70107 69938 69865
69880 69930 70145
70037 70084 69800
69910 69952 70089
70111 69916 69905
70108 69828 70014
69893 69899 69907
70130 69836 70061
69932 69865 70152
69910 70090 69940
69804 70179 69948
70093 69813 70020
69960 70176 69900
69920 70057 69901
69870 70014 69918
69887 69977 69938
69808 70078 69872
70141 70184 70173
69929 69832 69835
70134 70096 70125
70014 70169 70112
69976 69937 69864
69829 69948 69949
69884 69930 70180
70164 69917 70094
69877 70180 69999
70024 70036 69818
70076 70057 69926
69971 69803 69831
70049 70103 70066
70121 70186 69821
69868 70014 70179
69996 69824 70109
70033 70176 70068
70168 69812 70011
69933 70068 69809
70116 70136 69841
70132 69900 70104
70188 69845 69960
70012 69956 69931
70038 70162 70114
69984 70148 69828
69994 69928 70109
70034 69831 69898
70025 70024 69900
69953 70007 70187
70000 69987 69956
69867 69878 69874
70020 70007 70188
70064 70015 70039
70149 69980 69974
69873 69990 69947
69895 70005 70017
69970 70047 70031
69818 69833 69821
69883 70189 70143
70046 69947 69843
69956 69953 69804
70055 70164 69864
69969 70030 70068
70180 70139 69826
69922 70089 69912
70146 69897 70063
69827 69966 70100
69993 70117 69965
70109 69848 69809
70146 70183 69919
69896 69868 69963
70098 70028 70029
69873 70154 69800
69916 70091 69805
69819 69923 69855
70089 69831 70146
69927 70106 70015
69838 69941 69984
70087 70087 69925
70160 69920 70025
69914 70022 70066
70099 69913 69889
70092 70074 70010
70103 69962 70134
69864 69853 70037
70027 70198 70043
70057 69868 70181
69974 69864 69846
70168 69936 70000
69893 69803 70128
70197 69931 70150
70179 69928 70162
69837 69816 69844
69852 70155 69950
70124 70108 69950
70083 70115 69958
69847 70073 69877
69978 69807 69876
69850 69902 70049
69818 69821 70035
69848 69808 69993
69921 70056 70058
70082 69907 69930
70137 70164 70088
70004 69900 70110
69994 70124 70092
70031 70064 70181
70187 70085 70026
69916 70098 70139
70108 69802 69873
69956 69849 69874
70023 70108 69870
69936 69998 70140
70178 69985 69888
70111 69802 70192
70114 69947 70145
69922 70196 70020
69916 70078 69979
70197 70063 69998
69985 69953 69811
70135 69999 70148
69820 70155 69858
69969 70082 70060
70104 69952 69899
69957 69801 70066
70183 70099 70181
69877 69820 69962
69886 69985 69856
69819 69995 70029
70071 70148 70189
69969 70197 69851
70164 70152 70199
70030 69809 70010
70027 69898 70119
69851 70094 69821
70081 69982 70007
69941 70061 69845
69912 70139 70137
70199 70140 69803
69882 69957 69872
70200 69992 69927
69941 70113 70023
69975 69981 69993
69979 69954 69825
69846 70042 70179
70129 69997 69965
69873 69895 69984
70100 69972 70110
69930 69811 69988
69898 70061 69970
70014 69845 70168
70180 69896 70076
70024 70122 69843
69899 69958 69877
70027 69843 70082
69959 70046 70042
69823 70028 69946
70107 69825 70186
70006 70133 69919
69917 70027 69807
70163 70022 69983
70035 69924 69934
70016 70062 69812
69957 69995 69926
69869 70087 69924
70178 70172 70144
70146 70181 69889
69985 69807 69838
70125 70150 69953
69878 69956 69814
69987 69989 69821
69928 69802 70124
69905 69805 69821
70133 69864 69849
70068 70171 70146
69850 69800 70192
70112 70127 70171
69987 70030 69970
70022 70073 70184
69914 69808 69805
70029 70095 69964
69963 69890 69861
69888 70168 69836
70013 69848 69929
69811 69867 70114
69959 69972 69803
69882 70085 70034
70094 69922 69823
70170 70179 69887
70073 69996 70147
70042 69952 69938
69863 70055 69885
70182 69931 70058
70106 70097 70123
70018 70010 69980
69946 69934 69809
69873 70019 70109
69894 70102 69939
70177 70173 70099
70096 69914 69843
70158 69889 70186
70090 69807 69982
70043 70078 70090
69973 70090 69857
70098 69990 69932
70138 69814 69869
69968 69897 70088
69829 70083 70121
70043 69902 70073
69802 69823 69864
70060 70110 70060
69825 69972 69889
70106 70149 69800
70026 69948 69942
69955 69863 70081
70088 69990 69901
70195 69830 70131
69947 70002 70085
69867 69959 70172
70176 69962 69873
70013 69843 69995
69924 69855 69998
69934 70179 69913
70034 69939 69820
70200 69896 69850
70062 69885 70190
70108 69853 69916
70010 70095 69843
70041 69838 70104
69900 69816 70157
70073 69956 69841
70153 70029 69832
69833 70160 69976
69944 69809 70038
70186 70075 69943
69871 70189 69893
70058 70142 70148
70072 69941 69928
70058 70115 70192
69998 70110 69825
70174 69949 69929
69901 69808 70005
69869 69827 70101
69909 70097 70061
70033 70109 69832
70057 69995 69997
69968 70181 70103
69808 69929 69992
70052 69911 70156
70021 70080 69997
69952 69947 69854
70047 69934 70060
70165 69833 70145
69905 69911 70007
70100 70178 69887
70095 70058 69877
69964 70175 70070
70180 69993 70081
70116 69859 70153
69904 70171 70092
69978 69805 70146
70026 70094 69881
69865 69965 69965
70004 70105 70002
69999 69929 69848
69833 70185 69930
69964 69864 69964
70080 69804 70163
69841 69947 70073
70037 69942 69859
69902 69907 70088
70176 70019 70049
70161 69959 70193
70066 69818 70164
70031 69929 70110
70180 70185 70145
70103 69871 70075
69876 69818 70180
70103 69994 69835
70033 70135 69846
69862 69999 69956
70116 70077 69898
69923 70060 70188
69931 69875 70117
69959 70195 69909
70048 69868 69930
69859 69962 70150
69856 70051 69867
70199 69927 69983
69833 69973 69867
69838 70185 70127
70127 69988 69831
69950 70019 70200
69873 70025 69931
69830 69889 69947
70109 70164 70114
69856 70125 69960
69933 70149 70177
69915 69991 70161
70106 69821 70058
70153 69861 69888
70051 70094 70117
70158 69811 70145
69945 70111 70157
70023 70175 70121
69982 69893 69839
70193 70123 69864
70119 70017 70001
69940 69920 70129
69981 69837 70117
70042 69875 70136
69805 70011 69813
69900 70144 69897
69803 70109 70187
69938 70010 70060
69908 69922 70045
70039 70150 70178
69830 69878 69964
69910 69925 70024
70050 70192 70167
69979 69944 69813
70083 69856 69817
70157 69988 69906
69982 69839 70059
69931 70157 70056
70075 70070 70138
70102 70065 69813
70104 70095 70163
69871 69857 70057
69974 69804 69984
69905 70186 70038
69839 70177 70033
69987 69904 69986
69950 70079 69908
69973 70091 70140
70106 69801 69877
70049 70125 70148
69950 70113 70130
69927 70146 69999
69865 69888 69810
70110 69921 70096
70173 69899 69812
69803 70143 70025
70149 69968 69800
69954 69954 70024
69849 69803 69860
70029 69966 69997
69807 69999 70088
70191 69953 70131
70031 69933 70106
69864 69854 69932
69977 70116 69826
69856 70135 70003
69977 69956 70062
69907 70118 70085
69858 70183 70056
70073 70141 70023
70014 70148 70165
69855 69818 70148
69894 69911 69948
69945 69954 69800
69981 69835 69884
70091 69853 69986
70182 70187 69958
69927 70033 70080
70053 69968 70074
70023 69978 69929
69944 70047 70187
70105 70167 69926
69979 69984 69870
70090 69934 70075
70169 69804 70197
70068 69892 69964
70164 69823 69957
69842 69900 70125
69917 69819 69856
69983 69803 70120
69847 70040 70121
69974 69821 70166
70000 70069 69912
70016 70093 69906
70144 70087 69996
70158 70031 69844
70020 70050 70034
69990 69877 70024
70000 69988 69906
69803 69960 69801
69877 70042 69823
69915 70046 69958
69922 70200 69978
70080 70139 70117
69953 69880 70162
69961 69907 70127
69888 70062 70039
69998 69843 69959
69806 69978 69831
70128 70170 69823
70025 69984 70059
70023 70149 69941
69967 70046 70099
70062 70032 70007
70107 69865 69846
70018 69967 70138
69826 69818 69841
69869 69800 70009
69997 70034 69807
70015 70037 70070
70195 70149 70034
69943 70080 69979
70001 70099 69935
69820 69871 70040
69828 70111 70067
70173 70151 69962
69810 69847 70084
70179 70089 70109
70128 69821 69879
70116 69908 70180
69812 69883 70171
70167 69896 70127
69905 69974 70020
70072 69967 70001
69852 70118 69820
69963 70029 70197
69892 69908 69995
69943 70057 70034
70126 69914 69847
69853 70076 69813
70084 70136 69875
69865 69808 69954
69806 69824 69899
69920 69947 69814
70137 70024 70120
69829 69873 69802
70190 69820 70145
69893 70009 70175
70093 69920 69927
70128 70010 69881
70147 69977 69970
70115 69843 70083
69823 70153 69922
70027 70170 70054
70094 69934 70106
70150 70001 69856
69861 70088 70085
69950 69815 69959
69971 69981 69995
70182 70143 70130
69964 70161 69838
70106 70099 70045
70093 69858 70045
70064 70149 69925
69882 70059 70033
70109 70141 69926
69945 69866 70169
70073 70190 69872
69823 69898 70027
70128 70119 69998
69814 69896 69898
69902 70149 69888
70068 69825 69888
70013 70050 70179
69858 69977 69856
69864 69858 70139
69928 70068 70181
70115 70181 69951
70087 69906 70188
70192 69818 69992
69871 69916 70103
69924 69934 69834
70126 69974 69916
69835 69978 69868
70091 69885 69973
69889 70174 70098
70037 70017 70174
69899 69947 70071
70039 69971 69958
70003 70070 70121
69852 69822 69988
69972 70135 69852
70073 70134 69800
70066 69802 69836
70070 69800 70096
70057 69802 69853
69898 70015 70048
70065 69944 70123
69839 70110 69835
70120 70004 69991
70132 70159 70124
70014 70123 70180
69972 69849 70125
69840 69959 70015
70082 70013 69866
69922 69995 70075
69908 70184 69955
70074 69973 69972
70187 69996 69844
69959 69975 70032
70140 70049 69941
69820 70001 70021
69911 70002 69880
69861 70196 69857
69955 70077 70189
70066 70006 70104
70096 69920 70134
69985 69847 70108
70157 70161 69973
69843 70039 70112
70137 69872 69903
69943 70016 69977
69899 69888 69878
69875 69881 69941
69886 70046 70141
69831 70166 70058
70065 69910 70134
69871 70185 69978
70152 70024 69936
70018 70069 70002
69997 69934 70177
70108 69937 70141
70164 70075 69845
70007 69928 70141
70011 70095 69833
69981 70148 70081
69826 70076 70151
70142 70138 70080
70109 69915 69995
69929 70158 69996
70097 69800 70016
70138 69871 69980
70088 70109 69829
69909 69881 69947
70051 69853 70037
69948 69865 70115
69978 69934 69984
70167 69969 69892
70192 70029 70135
69915 69900 70005
70181 69839 70149
70174 70122 69865
70142 70037 70021
69933 69891 70045
70109 69803 70004
70029 69808 70040
70146 69853 69833
70116 69801 70194
70166 70150 69971
70018 70139 70100
70012 70075 69905
70167 70039 70081
69826 69924 69970
70105 70077 69875
70004 70020 69877
69902 70196 69805
69813 69880 69805
69845 69944 69808
70197 69914 70010
69869 69986 70124
69994 69971 69937
70110 70191 69852
70172 69829 70083
69939 69803 69917
69843 69872 70199
70151 69993 69807
70048 70072 69927
70030 70046 69950
69949 70139 69927
70165 69927 70086
70101 70196 70071
70027 69847 70064
69928 70137 69930
70015 70176 70005
70007 70034 69825
70091 70197 69851
69926 70127 69834
69948 69871 69895
69900 70049 69953
69922 70007 70134
69929 70060 70117
69817 69825 70059
69971 70102 69925
70054 69859 70004
70110 69868 70024
70086 70167 70042
69967 69997 69923
70153 70192 70173
69933 70090 69952
69936 70131 70091
70077 70007 70073
69838 69948 69982
70049 70079 70034
70090 69913 69894
69964 70180 70117
69882 69858 70031
69898 70018 69880
69873 70018 69921
69896 69887 70177
70121 70163 69913
69967 70197 70182
69909 70015 70002
70017 70063 69983
69849 70153 70187
69827 70131 70073
70136 69855 70064
69932 69948 69813
70133 69836 69939
69960 69914 70062
70141 69862 70024
70195 70131 70102
70094 69831 70052
70083 70101 69873
69989 69966 69928
70079 69820 70072
69962 70044 70018
69983 69992 69931
69947 70094 69905
69904 69846 70066
69859 69947 69971
69850 69962 69917
69831 69850 70162
69907 69834 70022
70046 69810 69891
69941 69983 70115
70150 70056 69888
69807 69980 70127
70114 69827 70103
69938 70054 70106
70186 70197 69883
69893 69845 70049
69814 70024 70158
70158 69830 70181
69994 70136 69938
69889 69879 70186
69802 69846 69969
69885 69870 70063
70018 69871 70171
70020 69922 70106
69875 70056 69932
69945 69810 69840
69807 69890 69987
69938 70032 69920
69988 70001 70097
70192 69826 70115
70116 70075 70049
69850 69987 69845
70039 69831 69881
69889 69854 69906
70167 69860 69855
69800 69926 70041
69996 70031 69996
70044 69957 70125
70176 70150 69953
69994 70106 70124
70027 69800 69958
70046 69823 70149
69981 69953 70157
70013 70076 70024
69953 69819 69870
69965 70080 69960
70096 69921 70079
69850 70062 70133
70057 70148 69873
70093 70081 70135
70116 70068 69978
70077 70050 69898
70081 69815 69846
69958 70173 69990
70032 70092 69984
69935 69979 70059
70077 70183 69813
69882 70024 70001
70056 70126 69904
69814 69949 69892
69847 70188 69851
69830 70115 69840
69952 69841 69813
69847 70075 69816
70129 70110 69819
70159 70156 70022
70075 70170 70191
69925 69967 69861
69979 70096 69956
70104 69913 70039
69828 69950 70006
70139 69986 70080
70162 70165 69944
69944 70146 70195
69831 69991 70171
69865 69843 70058
69825 69883 70045
69835 70159 70019
70016 69974 70070
70170 69980 70012
69817 70148 69899
70187 70172 69894
70107 70019 69995
69854 69966 70032
69909 69941 69970
70122 70099 69858
69827 69907 70048
69848 69925 69981
70152 69979 70062
70190 69960 69838
69892 69974 69855
69946 69865 69904
70066 69971 70005
70099 70013 69846
70113 70065 70025
70097 70142 70091
69992 70089 69851
70000 70143 70056
70048 70062 69924
70149 70018 69909
70169 69804 69837
70096 69847 69901
70151 70060 69918
69992 69835 69888
69934 69896 70115
69949 69872 69954
70117 69857 69915
70088 70025 70149
69871 70193 70094
69914 69847 70067
69893 69889 69957
70059 69814 70056
69931 69889 69957
69881 70135 70172
69945 69817 69802
70193 70178 69937
70190 70000 69966
70105 70111 70074
70032 70011 69832
69866 69952 69826
70147 70095 70091
69888 70110 70123
69908 69981 70165
70065 69813 70171
70105 69944 69921
69861 69866 70065
69945 70054 70080
70101 69810 69899
69836 69877 69954
70095 70194 69891
70083 69999 70192
69953 70095 70123
69940 70010 70157
69867 70196 69937
69923 70128 69822
69822 69848 70179
70049 70075 70129
70026 70199 70029
69881 69960 70041
69902 70131 70027
70104 69899 70014
70182 69855 70007
70004 69939 69917
70149 69893 69929
69951 70132 70119
69878 69901 70042
69851 70156 70168
69953 70199 69852
70115 69885 69843
70154 69800 69970
70123 70094 70092
69913 70003 69931
70101 70158 69844
69915 69974 70096
70082 69988 70200
69925 70106 70015
70096 69842 70064
69843 70112 69980
69815 70011 69882
70069 70135 70039
69800 69998 70198
69895 70008 70158
70129 70032 70019
69960 70200 69992
69857 69929 70084
69828 69956 69844
69861 69900 70100
70008 70098 70057
69995 70029 70022
70142 69851 70099
70037 70014 70135
70023 70078 69939
70018 70138 69827
69896 70200 70059
69902 70068 69861
70069 70089 69952
69884 70038 70071
70154 69899 70060
70157 69928 69991
69868 70034 69938
69967 69960 70063
70197 69858 69816
70118 69992 69897
69883 69813 70049
70159 69941 70163
70109 69813 70023
69897 70105 70168
70091 69870 70000
70053 69876 69991
69850 70131 70038
69868 69902 70198
70186 69941 69907
69910 70037 70105
69866 70008 69981
70093 70132 69887
69821 69931 70057
70014 70016 69830
70069 69985 70100
70038 70046 70127
69858 69867 70040
69990 69872 69815
69893 70042 70027
70091 70040 70070
69865 69840 70179
70007 69872 70079
69865 70024 69864
70155 69833 70004
70148 69854 69823
69810 69854 69884
69963 69996 69992
69874 69932 69881
69934 70183 70038
69901 69950 69955
69962 69971 69942
70162 69808 70147
69853 69864 70009
69903 69994 69825
69815 70190 69993
70160 69844 69921
69877 70065 69971
69968 69937 69980
70177 69840 69861
70154 69909 69846
70165 69889 70064
70169 69822 69847
69839 70085 70154
69982 70001 69925
70081 69936 69937
70033 70134 69953
70082 69863 70002
69819 70162 70142
70017 70133 70042
69828 69966 69819
70166 69840 69926
70049 69899 69992
69846 70134 69961
70047 70186 69822
69932 70012 70188
70021 70017 70096
70187 69814 69918
69820 69990 69888
70101 69944 70100
69902 70030 70049
70047 70071 69814
69915 70042 69823
70053 70045 70125
70126 70056 70062
69901 70096 70039
70169 70135 70174
70026 69968 69901
70080 70125 70042
69866 70013 70125
69808 70083 69996
70194 69859 70053
69970 70153 69966
70111 69927 69842
70042 70173 70176
70085 69941 69917
70165 69833 69907
69800 70020 69913
69997 69983 69838
69913 69980 70041
70079 69867 70070
69868 70107 70169
69955 70129 69817
70024 69845 69986
69918 70016 69807
70151 70167 69976
70190 70140 69975
70095 69826 70034
69969 70007 70175
70161 70149 70083
69957 69814 69819
69963 69956 70103
70080 69883 70055
70022 69876 69933
70140 69937 70006
70023 70032 70014
69947 69986 69801
70055 70022 69887
70185 69929 70155
70142 70111 69969
69972 69938 70183
70090 69927 69850
69824 70044 69963
70136 70131 70143
69876 70032 69907
70015 70048 69893
70120 70022 70182
69866 70030 69949
70061 70120 69864
70130 70139 70025
69950 69835 70119
70157 70066 70070
69825 70191 70050
69981 69975 70092
70191 70026 70039
69829 69905 70128
69969 70076 70098
69811 70005 69988
70171 70042 70200
70185 70111 70162
70200 69899 69874
70003 70108 70136
69946 69890 69990
70071 70054 69843
70080 70154 69830
70105 70133 70102
69807 69900 70024
69815 70027 70099
70074 69813 69960
69963 69965 69910
70117 69960 70032
69875 69916 69833
69830 70029 70182
70110 69880 69892
70188 69915 69970
70049 70014 70166
69950 69817 69906
70138 69889 70143
70074 69851 70155
70113 69858 70108
69869 69868 69877
69820 70179 69846
69871 69804 70019
69896 70106 70193
70200 70194 70158
69944 70175 70114
69926 69901 70143
69824 70183 70122
70112 69863 69869
69847 70185 69809
69848 69866 69873
70073 70008 69824
70145 69864 69902
70197 70140 70053
70030 69871 69841
70069 70090 70011
70169 70051 70077
69898 70126 69800
69862 70127 69875
70128 69881 69986
70078 69841 69971
69871 70046 70109
70192 70088 69849
69880 69977 70039
69918 69829 69809
69938 70110 70191
69926 69853 69879
69869 69993 69916
70039 69889 70158
70075 70005 69829
70028 70029 70036
70180 69818 70200
69812 69880 69985
70152 69896 70095
70103 70168 70127
70054 70048 69909
70013 69817 69989
70019 70124 70087
70081 69829 69995
69839 70009 70052
70118 70192 70191
70114 70167 70067
70087 70168 69967
69976 70144 70184
69953 70107 70174
70158 70070 70007
69920 70013 69884
70021 69872 70083
70072 69913 70023
70125 70106 69940
70195 69907 69902
69814 70067 69917
70136 70033 70073
70108 70000 69907
70007 70004 70049
70185 70058 70050
70148 69926 69822
69909 69902 69812
70055 69946 69800
70181 70140 70102
70005 70052 69828
70032 70076 69915
70184 70055 69947
70005 70133 69939
69960 69973 70164
70100 70109 69934
69923 69838 70079
70139 69989 70016
70162 70028 70020
70093 69802 70194
69840 69927 69826
69850 70059 69976
69948 70101 69959
69900 69833 70156
69865 69872 69987
69887 70067 70154
69983 70185 70100
69918 70015 70183
70100 70158 69831
70120 69871 69936
70080 70189 70192
70200 70176 70124
69936 69992 69983
70165 70106 70020
69897 69821 69934
69986 69943 70074
69833 70013 69806
69886 69900 70151
70028 70050 69814
70016 69913 69886
69914 70028 69967
70040 69835 69813
70013 69825 70185
70162 69950 69830
70001 69906 70087
69930 69928 69800
70043 70038 69835
69876 70070 69976
69992 70049 70128
70030 70039 70116
70144 70051 69809
69972 70173 70039
69809 70059 70007
70007 70096 69874
69905 70133 69809
69895 69984 69907
69996 69816 69914
70164 70013 70182
70129 69946 69967
69936 70027 69910
70082 69886 70018
69991 70196 69924
69814 70199 70153
69993 70079 69884
69817 69952 70013
69957 70126 70022
69869 70009 69944
69884 70018 69826
69945 69862 70197
70171 70013 70113
70038 70054 69960
69833 69812 70190
70179 69865 70092
70086 69887 69901
69978 70152 69872
70179 69822 70170
69825 70142 70197
69981 70134 70172
70013 69811 69916
69861 69987 70085
70095 70124 69856
70074 70129 70133
70136 70107 69943
69972 70034 69928
70148 69936 70072
69963 69801 70155
70119 69870 70031
69900 69886 70118
69817 69896 69822
70083 70132 69842
70118 70186 69955
70014 69806 69825
69900 69883 69846
69840 69953 69897
70133 69818 70001
69871 70122 69802
70105 69933 69890
70027 69865 69957
69924 69943 69965
69921 70130 70129
69811 69868 70061
69866 69947 70120
70122 69914 70085
69810 70200 69870
70009 69951 70200
69970 69872 69972
69940 70087 69867
70070 69840 70129
69802 69959 69916
70157 69984 69889
70108 70006 69830
70192 69936 70078
69965 69835 70077
69906 69975 69911
70156 69959 70037
69932 69816 69887
69932 70005 70081
69844 69909 69958
69984 69876 69982
69918 69875 70197
70030 70001 69930
69947 69962 70181
70121 69852 69878
70084 69848 70155
70108 69988 69883
69963 70073 70116
70067 70176 69947
70017 69964 69846
69856 69877 70106
70042 70128 69942
69868 69886 69905
69879 70118 69909
69911 70042 69869
69844 69844 70141
70146 69991 69854
70034 69911 70121
69854 70006 69911
69806 70059 70157
69934 69851 69823
70168 69906 69969
70165 70085 69970
70092 70138 69808
69980 69861 70130
70157 70078 70199
69870 69825 70045
69974 69857 70008
69885 70023 69812
69960 69936 69848
70179 70096 69853
69906 70126 69846
69841 70142 69948
70159 70173 69882
69820 70193 69900
70110 70032 69837
69815 69926 69922
70032 69972 69966
70168 69952 70149
69860 69801 70060
70179 70098 69844
69802 69930 70017
70096 69967 69870
69921 70023 70134
69996 70013 69851
69937 70003 70071
69973 69949 70168
70182 69868 69950
70104 70122 70054
70090 70162 70091
70012 69967 69892
70120 70135 69841
70135 70073 69902
69818 70178 70161
69948 69845 69880
69952 69840 70045
69939 70006 69862
69969 69941 70104
69807 69878 70077
69843 70175 69875
70099 69924 70117
70046 70058 70156
69948 69988 69911
69937 70200 69876
69824 69893 69874
70008 69994 70048
69832 70103 69874
69923 70172 69979
69832 70156 70019
70042 70131 70041
69809 69959 69883
69876 70038 69942
69942 69981 70034
69826 69928 69855
69890 70133 69931
70112 70151 69985
70079 70052 70075
69837 70079 69908
70037 70098 70035
69987 69857 69870
69861 69902 69854
70028 70026 70160
70178 69959 70150
69903 69888 70066
69812 70038 70089
70010 69853 69996
70072 70198 69946
70113 69827 69862
69953 70110 70018
70108 69977 69825
69997 70038 70054
69909 70139 70171
70014 70013 70154
69867 69974 69946
70179 69840 70065
69920 69938 69800
69946 70164 70062
69938 70005 70019
69857 69994 69831
70073 69849 69959
69802 69963 69972
70117 69887 70003
70196 70063 70063
70069 70042 69806
69990 69837 70017
70148 69987 70040
70139 69904 70182
69950 69846 70080
70134 70176 70087
69965 70033 69887
70076 69831 70002
69877 70029 70102
70085 70170 70117
69953 69872 70139
69851 69995 69808
69871 69804 69999
69947 69966 70083
69908 70042 70073
70093 70147 69902
69982 69973 70152
70172 69844 69946
69855 70072 70028
70170 70125 69821
70168 70059 69962
69921 70113 70054
69886 70191 70172
69934 70169 70076
69838 69957 69889
70015 70178 70004
69944 69929 70130
69972 70130 70107
69971 69810 70096
69954 69805 70084
70170 69921 69965
70056 70056 69962
70052 70030 69847
69979 70194 70070
69965 70113 69998
69971 70111 70188
70117 69880 70076
70186 70093 69967
70056 69854 69811
69971 70109 69821
69850 70073 69981
69983 70136 70082
70037 69918 69906
69835 69943 70189
70077 70061 70094
69805 70104 70068
69820 69814 69906
69963 70132 69843
70064 69945 70196
70005 69971 70052
70147 70083 70030
70052 69858 70076
69946 70041 69910
69931 69947 69954
70087 70192 70055
69892 70121 70174
70174 70003 70086
69815 70027 70011
70175 69970 70052
69945 70058 70152
69864 69803 70096
70076 70096 69838
70022 69828 70069
69978 69924 70184
70095 70131 70026
70175 69858 70182
69911 69901 69991
70069 70192 70132
69868 69976 69889
69887 70006 69890
70018 69900 69832
69835 69905 70006
70173 70190 69981
70043 69992 70127
70069 70197 70185
70193 69983 69965
69976 70103 70110
70020 70052 70068
69965 70004 69998
69805 70072 70106
70166 70110 70189
69854 70024 70083
70138 69938 69991
70154 70042 69832
70000 69869 69860
70155 69900 69822
70041 70073 70169
69815 70180 69866
69914 69852 69990
70197 70098 70063
69844 70148 70108
70075 69841 69952
69803 70153 69835
70038 70103 69802
69954 70161 70139
70199 69974 70135
70132 70030 69919
69836 70051 69835
69851 70076 69979
69939 69927 70100
70151 69813 69875
70154 70097 69872
70077 70020 70002
69994 70072 69940
69872 69883 70079
69879 70102 70121
70093 70012 69918
69888 69996 70064
69870 69965 69921
70066 69874 69997
70065 69958 70059
69969 69805 70191
70038 69836 69948
69800 69800 70155
69903 70124 70102
70054 69867 70155
70053 69905 69865
70128 70168 70099
70150 69866 69853
69991 70061 70177
70105 70075 69953
70169 70088 70174
70109 69988 70026
70016 70012 69861
69904 69960 70047
69856 69862 70091
70148 70116 69903
69854 70087 70093
70139 70073 69869
70119 70066 70106
69961 69956 69856
69970 70195 70103
70092 69998 70155
70006 70063 70199
69966 70121 69847
69970 70119 70122
69846 69928 69818
70152 69907 69988
70148 70133 70062
69887 70118 69995
70052 70015 70089
70107 70041 69948
69868 70066 70140
70117 70126 70200
69866 70054 70105
70118 69899 69902
70006 70198 70178
70125 70118 70012
70026 69986 70042
69895 69853 70147
-70171 -70040 -69990
-69931 -70001 -70000
-70165 -70057 -69813
-70031 -69856 -69972
-69989 -70160 -70041
-69807 -69825 -69957
-69815 -70196 -69961
-70105 -69883 -69935
-69809 -70179 -70138
-69939 -70071 -70023
-69918 -70049 -70001
-70094 -70170 -70013
-69911 -70099 -69879
-70191 -70123 -69816
-69956 -69807 -69855
-69922 -69893 -69916
-69813 -70094 -69890
-69977 -69824 -70092
-69804 -69985 -70050
-70091 -70123 -70115
-70044 -69933 -70017
-70169 -69834 -70117
-69838 -70030 -70197
-70122 -70123 -69817
-69928 -70184 -70195
-69930 -69931 -70021
-69909 -70131 -70117
-70023 -70099 -69967
-70181 -70192 -70005
-70000 -70104 -69984
-70105 -69856 -70158
-69926 -69867 -69970
-70187 -69931 -69877
-70067 -70018 -70128
-70175 -70103 -69924
-69813 -70012 -70178
-69951 -70196 -70186
-70005 -69914 -69895
-69908 -70060 -69818
-70195 -70051 -70091
-70043 -69842 -69884
-69964 -69827 -69977
-69955 -69911 -69984
-70140 -69895 -69811
-70102 -69863 -70118
-69934 -70090 -70116
-70158 -69806 -69963
-70055 -70114 -69881
-70175 -69837 -70192
-70026 -69820 -70143
-69885 -70144 -69836
-70168 -69888 -70108
-69862 -69871 -70109
-69827 -69952 -70031
-70033 -69859 -69816
-69866 -69864 -69884
-69820 -70019 -69859
-69905 -69959 -69958
-69869 -69979 -69949
-70161 -70111 -70130
-69987 -70030 -70074
-70017 -69931 -69849
-70117 -70021 -69845
-69846 -70156 -70192
-69979 -69886 -69915
-70117 -69808 -69935
-69900 -70117 -70085
-70143 -70071 -69826
-69931 -69969 -70017
-69862 -70157 -70010
-70030 -70062 -69873
-70182 -69967 -70116
-70168 -69972 -70003
-69942 -70100 -69901
-69931 -70096 -70112
-69875 -70122 -70025
-70072 -70005 -70118
-69895 -70070 -69810
-69912 -69873 -70185
-69865 -69964 -70140
-69969 -70033 -69836
-69922 -70040 -69934
-69832 -69957 -69997
-70079 -69903 -70009
-69849 -69939 -69873
-70098 -70172 -69919
-70023 -70160 -70063
-69955 -70000 -69837
-69959 -69813 -69904
-69906 -69837 -70138
-70059 -70108 -70108
-69908 -70168 -69864
-70171 -69902 -70127
-70058 -70038 -69867
-70047 -69820 -69802
-70194 -69873 -69945
-70070 -70194 -69984
-70128 -69888 -69889
-70023 -70172 -69823
-69965 -69854 -69891
-70169 -69968 -69966
-69958 -70122 -70198
-70062 -70021 -70056
-69914 -70090 -70057
-69891 -69811 -70110
-70089 -69819 -69850
-69811 -69997 -70182
-70149 -70185 -70128
-69941 -70170 -69967
-69942 -70002 -70047
-70103 -69843 -69825
-70140 -69832 -70065
-69944 -69846 -70103
-70078 -69876 -69879
-69961 -70164 -70133
-70027 -70087 -69986
-69896 -70029 -69809
-70002 -69956 -70055
-69840 -69970 -69914
-69893 -69985 -70093
-69959 -69886 -70117
-70117 -69807 -69842
-69917 -69953 -69882
-70168 -70170 -69921
-70052 -70109 -69844
-70031 -70060 -70158
-69802 -70147 -70022
-70069 -70186 -70192
-69879 -69993 -70095
-70068 -70157 -70031
-69834 -70014 -69995
-70119 -70153 -69993
-69925 -70016 -70058
-69870 -69851 -69975
-69894 -69995 -69894
-70121 -69898 -70016
-70172 -70050 -70075
-70074 -70189 -70032
-69926 -69982 -70063
-69881 -69918 -69900
-69850 -69915 -69860
-70066 -70088 -69862
-70187 -69982 -70069
-69840 -70041 -69865
-70176 -70028 -69834
-70149 -70028 -70139
-69871 -69930 -69853
-70055 -69935 -70011
-69875 -70198 -69821
-69904 -70013 -70037
-69904 -70059 -69890
-70090 -70104 -70158
-69819 -69934 -69850
-69828 -70137 -69965
-70197 -70186 -69913
-70017 -69819 -70118
-69858 -69821 -69930
-69988 -70145 -69834
-69861 -70004 -69975
-69858 -69859 -70133
-70099 -69901 -69934
-69979 -69940 -69890
-69962 -69854 -69850
-70138 -70038 -69896
-69952 -69937 -69923
-69831 -70128 -70159
-70069 -70038 -69900
-69966 -70158 -69962
-69826 -69843 -69874
-70170 -69905 -69823
-70187 -69812 -69848
-70091 -69960 -69867
-69847 -70052 -70118
-69887 -70179 -69861
-70022 -69870 -70116
-69990 -70033 -69829
-69831 -69983 -70001
-70048 -69943 -69927
-69885 -70056 -70011
-69809 -70199 -70135
-70026 -70171 -69874
-69801 -69976 -69927
-70187 -69870 -70190
-69884 -70105 -70147
-70131 -69908 -69819
-70153 -70112 -70200
-69885 -69893 -70012
-70057 -69813 -70098
-69953 -70020 -69909
-69829 -70132 -70143
-70083 -70173 -70163
-70070 -69952 -69824
-69905 -70173 -69939
-70067 -69919 -69982
-70002 -70126 -70097
-69988 -69911 -69879
-69856 -70061 -70112
-70092 -69845 -70126
-70002 -69903 -69822
-70035 -69961 -69880
-70104 -69955 -70191
-69918 -70189 -69969
-70105 -70070 -70157
-69988 -70140 -70175
-70036 -69821 -70019
-69973 -69818 -69920
-70075 -69890 -69981
-70103 -69963 -69889
-70033 -69951 -70047
-69821 -70014 -69968
-70131 -69994 -70053
-69885 -69852 -70019
-69807 -70171 -69873
-70035 -70159 -70011
-69896 -69998 -70190
-69908 -69927 -69830
-70174 -69969 -70024
-69832 -70083 -69909
-70200 -70017 -70007
-69953 -69869 -70104
-69954 -70095 -69861
-70021 -69943 -70143
-69988 -69897 -70176
-69849 -70072 -69946
-70169 -69824 -70096
-69882 -69937 -70052
-70044 -70040 -70081
-70058 -70098 -69961
-69938 -69849 -69965
-69856 -69922 -69929
-70019 -69975 -69885
-69967 -70100 -69865
-70049 -70116 -69827
-70013 -69969 -70195
-69964 -70178 -69813
-70103 -70083 -70082
-69819 -69806 -70009
-70159 -69862 -69917
-69908 -70135 -70192
-70021 -70060 -69816
-69892 -70120 -69848
-70104 -70077 -69876
-70192 -69893 -69965
-69902 -69967 -69806
-70170 -70107 -70123
-69841 -70041 -69806
-70071 -69841 -70152
-69874 -69946 -69964
-69884 -70055 -69870
-69912 -69828 -69887
-69988 -70141 -70022
-69934 -69837 -70029
-69964 -69980 -69875
-69981 -69954 -69816
-70138 -69892 -69926
-70166 -69856 -70115
-69843 -70039 -70022
-70149 -69859 -69864
-69992 -70188 -70132
-70127 -70055 -70084
-69932 -69912 -69914
-70087 -69835 -70112
-69802 -70173 -70124
-70050 -69858 -69900
-69977 -69987 -70113
-70172 -70058 -70032
-70112 -70150 -69832
-70198 -70079 -69829
-70134 -70105 -70063
-70071 -69904 -70039
-70025 -70108 -69836
-69852 -70200 -70010
-69837 -70034 -70127
-69867 -69924 -69903
-69973 -69876 -69867
-69870 -69986 -69894
-70118 -70005 -69994
-70007 -69942 -69934
-70079 -69806 -70071
-70040 -70159 -70052
-70055 -70023 -70107
-69820 -69860 -70065
-70154 -69944 -69907
-69842 -69872 -70074
-69823 -70180 -69865
-70070 -70098 -70108
-69867 -69881 -70172
-69874 -70060 -69812
-69865 -69850 -70000
-70165 -69979 -69815
-70152 -69914 -70042
-69877 -69955 -69968
-70003 -69944 -70003
-69970 -69911 -70184
-69825 -70021 -69818
-70137 -70004 -70198
-70183 -69900 -69885
-70107 -70102 -69824
-69805 -70125 -69985
-69857 -70150 -70096
-69805 -70155 -70177
-69867 -70017 -69896
-70087 -69837 -70066
-70116 -70074 -70178
-70103 -70047 -70063
-70102 -69838 -70071
-70068 -69825 -69931
-69836 -70119 -69856
-69806 -69914 -69934
-69997 -70092 -69847
-69872 -70017 -69894
-69971 -69817 -69873
-69805 -70173 -70020
-69930 -69989 -70024
-70172 -70063 -69963
-69902 -69944 -70080
-70156 -69937 -69926
-70137 -70115 -70061
-70181 -70112 -70022
-69997 -70027 -69890
-70177 -70002 -70136
-70114 -70013 -70063
-70040 -69992 -69915
-70167 -69932 -70096
-69950 -70019 -70109
-69918 -69885 -70092
-69968 -69999 -70131
-70052 -69841 -70061
-69972 -70107 -69913
-70017 -70000 -69883
-69966 -70166 -70055
-69826 -69951 -69925
-70133 -70096 -69917
-70075 -70047 -70183
-69821 -70121 -69897
-70132 -69993 -70015
-70192 -69928 -69889
-69919 -69929 -70063
-70011 -70087 -69901
-70043 -69801 -69927
-69894 -70062 -70086
-70123 -70116 -69967
-69893 -69857 -69897
-69972 -70198 -69895
-69897 -70128 -70189
-69856 -70098 -70048
-70173 -70162 -69991
-69829 -70126 -69801
-70134 -70036 -70069
-70073 -69940 -70199
-69909 -69970 -70142
-70011 -70016 -70175
-69836 -69880 -70039
-70035 -70048 -70000
-70149 -69836 -69872
-69812 -69901 -70096
-70104 -70047 -70055
-69802 -70173 -69920
-70035 -70139 -70077
-69874 -69892 -70187
-69849 -70157 -69960
-69875 -70052 -70019
-70056 -70194 -69989
-69949 -69979 -70115
-70123 -70039 -70142
-69882 -69936 -69824
-70107 -69996 -70098
-70160 -70088 -69980
-70025 -70133 -69955
-69944 -69884 -70122
-70099 -70159 -69800
-70082 -70069 -69839
-70105 -69809 -69992
-70172 -69826 -70178
-70191 -69805 -70044
-69899 -69977 -70091
-69890 -69806 -70027
-70068 -69892 -70092
-70001 -69880 -69899
-69984 -69888 -70003
-69833 -69890 -70053
-70017 -70008 -69885
-69843 -69841 -69905
-70127 -69897 -69935
-69978 -70155 -69887
-70067 -70143 -69937
-70136 -69854 -70167
-70076 -70116 -69960
-70163 -70176 -69972
-70123 -69926 -69975
-70028 -70032 -70119
-69814 -70196 -69881
-69805 -70001 -69966
-70062 -70150 -70090
-70165 -69882 -70109
-69805 -70071 -69804
-69929 -69924 -69900
-69861 -70142 -69898
-69933 -70080 -70087
-69877 -69892 -70002
-70077 -69879 -70179
-69971 -70086 -70110
-70186 -69840 -69969
-69846 -69851 -69839
-70025 -69972 -69811
-69894 -70062 -69993
-70061 -70003 -70093
-70002 -70168 -69850
-70090 -70067 -69936
-70027 -69845 -70079
-69804 -69838 -69885
-70126 -69854 -70163
-69994 -70065 -69991
-70029 -69828 -70191
-69807 -70167 -69845
-69905 -69984 -69943
-70127 -70124 -69807
-69958 -70119 -70029
-69828 -70123 -69922
-70178 -69971 -69966
-70028 -69847 -70105
-69930 -70149 -70019
-69993 -69924 -70189
-69959 -69914 -70070
-69899 -69874 -70030
-70067 -70001 -69967
-69833 -70000 -69802
-70121 -69966 -70047
-70103 -69827 -70036
-69811 -69828 -70119
-70085 -70169 -69962
-69880 -70128 -69829
-69971 -70179 -70012
-69904 -69843 -70046
-69948 -70184 -69953
-70084 -70134 -70074
-70024 -70026 -69969
-70197 -70012 -70087
-70084 -69894 -69847
-70192 -69824 -70136
-69977 -70009 -69923
-69856 -70119 -70186
-69849 -70142 -69980
-70101 -70037 -69974
-70147 -69852 -69914
-69922 -70142 -69873
-70026 -70162 -69929
-70050 -70045 -70073
-70180 -69997 -70143
-69913 -70111 -70033
-70191 -70074 -70051
-70162 -69977 -70072
-70020 -70141 -69966
-69836 -70003 -69920
-70050 -69801 -69819
-69875 -69989 -70048
-70115 -69860 -70157
-70106 -69981 -70162
-70117 -69964 -69982
-70024 -69989 -70014
-69966 -70002 -69897
-69913 -70174 -70185
-70190 -70093 -70122
-69806 -69843 -70175
-69933 -70103 -69978
-70115 -70148 -69967
-69959 -69903 -69910
-70132 -69946 -69838
-70154 -70141 -69865
-69942 -69883 -70179
-69823 -70030 -69867
-69945 -69948 -69942
-70094 -70038 -70002
-70062 -69932 -69881
-69986 -70007 -70120
-69847 -70107 -70183
-69904 -70041 -69840
-70194 -69914 -70178
-69876 -69952 -70070
-70172 -69907 -70061
-69944 -70050 -70011
-70176 -69829 -70009
-69896 -69995 -70039
-70013 -70005 -69940
-69834 -70045 -70081
-69803 -69841 -70177
-69830 -69848 -69809
-69891 -70060 -69869
-69955 -70037 -70120
-70177 -69912 -70097
-69803 -70152 -69870
-70094 -70111 -70174
-69910 -70129 -69948
-69863 -69994 -70110
-70015 -70106 -70020
-69927 -70195 -69980
-70052 -69915 -70042
-70125 -70016 -70062
-70065 -69913 -70163
-70118 -69980 -69859
-70160 -69976 -70066
-70109 -69936 -70108
-69915 -70080 -69863
-69956 -69818 -70168
-69851 -70073 -70147
-70021 -70126 -69902
-69934 -69888 -70002
-70117 -70155 -70173
-70119 -69953 -70011
-69873 -69916 -70175
-69809 -70041 -69893
-70077 -70179 -70181
-70130 -70085 -70167
-69909 -70104 -70135
-69816 -69912 -70020
-70148 -69936 -70041
-70091 -70162 -70023
-70064 -70138 -70169
-70094 -69811 -69863
-70086 -69886 -69955
-69919 -69840 -70190
-70115 -70155 -69935
-70017 -69876 -69901
-69831 -69809 -69947
-70154 -69833 -69986
-70016 -70197 -69928
-70077 -70197 -70050
-70003 -70086 -69843
-69955 -69819 -69902
-69918 -70129 -69978
-70195 -70053 -70049
-69807 -69949 -70018
-69872 -69823 -70026
-69850 -69889 -70093
-70142 -69838 -69808
-70186 -70146 -69891
-69905 -69822 -69831
-69922 -69949 -70195
-70159 -69819 -70100
-69988 -70003 -69990
-69968 -70181 -69804
-69847 -70200 -70124
-69890 -69943 -70032
-70095 -70059 -69871
-69893 -70067 -69904
-70055 -70101 -70010
-70033 -69827 -70149
-69834 -70177 -69934
-69922 -69816 -69909
-69988 -70054 -70114
-69814 -69881 -70024
-70122 -69876 -70032
-70133 -69821 -70056
-69953 -69996 -69829
-69949 -69916 -70160
-70007 -70170 -70020
-69809 -69844 -69962
-70034 -69810 -69951
-70021 -69802 -69852
-69891 -69990 -69858
-70033 -69857 -70200
-69915 -69983 -69858
-70196 -70116 -70117
-69930 -69910 -69825
-69837 -70076 -69917
-69996 -69823 -69839
-69814 -69943 -69963
-70118 -69810 -70041
-69881 -69952 -69971
-69803 -69911 -69977
-69858 -70092 -69997
-69918 -70098 -69896
-70119 -70023 -69985
-70079 -70067 -70200
-70017 -70019 -70038
-70108 -69911 -70087
-70088 -69850 -69959
-69806 -70117 -70086
-69975 -69991 -70188
-69800 -70113 -70138
-69896 -69830 -70015
-69808 -69809 -69895
-69817 -70062 -70095
-70078 -70135 -70190
-70129 -69871 -69905
-69957 -70118 -70006
-69860 -69976 -69954
-70142 -69990 -70033
-69882 -70108 -70090
-70132 -70024 -70146
-69942 -70068 -70048
-69873 -69954 -69886
-69945 -69912 -69850
-70008 -70061 -70001
-69809 -69963 -70101
-69985 -69908 -69925
-70081 -69984 -69934
-70001 -69967 -70167
-70005 -70069 -70172
-70089 -70078 -70181
-70075 -70196 -69891
-70050 -69972 -69811
-69898 -69903 -70198
-70079 -69986 -70072
-69853 -69907 -69816
-70181 -69957 -69978
-70124 -69910 -69867
-70055 -69838 -70046
-69801 -69982 -70091
-70022 -70019 -69857
-69968 -69806 -70071
-70181 -70190 -70024
-69967 -69923 -70039
-69922 -70107 -70054
-69813 -70185 -70003
-70057 -69829 -70102
-69974 -70094 -70092
-70132 -70153 -69852
-70138 -70176 -70111
-70122 -69861 -70050
-69907 -70123 -70175
-69809 -69916 -69910
-70151 -69812 -69975
-70140 -69992 -70196
-70033 -69891 -70093
-70183 -70141 -70023
-69808 -70183 -70006
-70189 -70110 -69944
-69894 -69891 -69939
-70161 -70194 -69851
-69816 -70060 -69902
-70013 -69976 -69870
-69978 -69970 -69960
-70009 -69884 -69928
-69802 -70053 -69923
-69906 -69994 -70123
-69826 -69921 -70008
-69867 -70151 -69997
-70075 -70006 -70031
-69986 -69864 -70028
-69946 -69984 -70131
-69807 -69975 -70138
-70037 -69980 -70139
-70112 -70116 -69942
-69839 -69951 -69882
-69985 -70139 -70028
-70045 -69985 -70145
-69864 -70081 -69831
-70024 -70111 -69819
-70104 -70081 -69800
-70009 -70120 -70195
-70004 -70163 -69917
-69907 -69810 -69981
-70033 -69839 -69858
-70173 -69826 -70105
-70174 -69868 -69866
-69901 -69941 -70023
-69865 -69876 -69993
-70071 -70189 -69863
-69982 -70176 -69946
-69978 -70142 -69892
-70177 -69918 -69921
-69918 -70088 -70168
-70088 -69811 -70166
-69914 -70081 -70151
-70043 -69898 -70114
-70184 -70079 -69842
-69961 -69911 -69943
-69934 -69906 -69873
-70149 -69860 -70054
-70061 -70012 -69969
-69942 -70094 -69831
-69840 -70124 -70021
-69806 -70085 -70007
-70050 -70102 -69826
-69802 -69979 -70140
-69846 -69908 -70000
-70148 -69998 -69878
-70160 -70039 -69916
-69820 -69859 -69861
-69858 -70145 -69847
-70030 -69961 -69834
-69933 -70030 -70009
-70041 -69879 -70024
-70001 -70128 -69805
-70012 -70128 -69865
-70133 -69855 -69835
-70160 -69893 -70029
-69868 -70111 -70187
-69911 -69832 -69865
-70092 -69937 -69854
-70076 -70165 -70070
-70063 -69967 -69856
-69960 -70198 -69895
-69836 -69812 -69860
-70169 -69803 -69990
-70129 -69940 -69861
-70042 -69847 -70172
-70020 -69981 -70031
-70009 -69903 -69997
-70178 -69832 -70038
-69806 -70035 -69914
-69969 -69924 -70094
-70110 -69976 -70025
-70038 -70047 -69925
-70030 -70110 -69981
-69987 -69950 -70126
-70007 -70168 -70125
-69930 -69852 -69951
-70186 -70109 -70017
-70112 -69805 -69888
-70071 -69870 -69995
-70176 -69959 -70194
-70097 -69968 -70077
-70152 -70070 -70069
-70149 -69916 -70159
-69993 -70122 -69895
-70069 -69887 -70087
-70126 -69862 -69895
-70107 -69968 -70125
-70190 -70027 -70028
-70169 -70004 -70008
-70045 -69915 -70099
-70001 -69836 -70113
-70001 -70103 -70073
-69843 -69888 -70117
-70069 -70181 -70090
-70054 -70141 -70182
-70140 -70081 -70152
-70134 -70090 -69958
-69927 -69924 -69873
-69908 -70075 -69905
-70082 -70153 -70113
-70028 -70177 -70111
-70077 -69875 -70086
-70083 -69815 -69822
-69835 -70089 -70052
-69828 -70175 -69858
-69830 -70123 -70120
-69961 -69929 -69994
-70048 -70121 -70053
-70133 -70167 -70046
-69810 -69995 -70007
-69900 -69997 -69897
-69922 -69841 -69906
-70133 -70130 -70040
-70037 -69811 -69883
-69804 -70043 -69893
-69896 -69858 -69851
-69940 -70078 -69913
-70015 -69813 -69948
-69847 -69830 -70117
-70152 -69937 -69887
-70071 -69947 -70019
-69802 -69860 -69862
-69852 -70188 -70079
-70095 -70133 -69957
-70065 -70143 -70058
-69876 -70009 -70108
-69807 -69955 -69975
-69889 -69813 -69842
-70157 -70033 -69856
-70074 -70199 -69918
-70109 -70158 -69912
-70172 -70013 -69827
-69974 -70108 -70014
-70158 -69946 -70143
-69899 -69955 -70043
-70009 -70065 -70047
-70108 -69812 -70016
-70129 -69950 -69923
-70052 -70094 -69887
-70170 -69968 -70176
-69971 -70085 -69906
-70097 -69899 -70097
-70056 -70194 -70089
-69846 -70096 -70087
-70130 -69957 -69993
-69924 -70002 -69905
-70196 -69979 -69922
-69977 -70053 -70100
-70059 -70131 -69938
-69994 -69957 -70097
-69988 -69845 -70120
-69968 -69915 -70073
-69865 -70103 -70042
-70072 -69924 -69968
-69957 -69971 -69898
-70074 -70109 -69935
-70115 -70115 -70131
-70063 -69819 -69942
-70016 -69816 -70144
-70194 -70090 -69803
-69961 -69926 -69814
-69852 -70129 -69966
-69990 -70131 -70175
-70068 -70030 -69840
-70048 -70094 -69910
-70072 -69897 -69869
-69866 -69938 -69926
-70132 -69994 -69896
-69800 -70061 -70100
-70177 -69981 -70089
-70097 -69997 -69885
-69882 -69945 -70106
-69862 -69861 -70183
-69851 -70038 -69903
-69848 -70052 -70115
-69885 -69958 -69965
-70168 -70031 -69857
-70168 -70163 -69928
-70151 -69993 -70193
-69952 -70122 -69829
-70030 -70049 -69901
-70079 -69805 -69883
-70063 -69982 -69862
-70112 -70006 -69869
-70155 -70156 -69926
-69898 -70102 -69859
-70137 -70187 -70066
-70073 -69826 -69895
-69969 -69902 -70076
-70191 -70109 -69883
-69863 -69811 -70087
-70187 -70069 -69876
-69963 -70129 -69992
-69962 -69892 -69976
-69887 -69936 -69853
-69984 -69992 -69992
-70148 -70138 -70090
-69915 -70131 -70013
-69867 -70178 -69860
-70025 -69981 -69914
-70136 -70084 -69889
-70192 -70119 -69990
-70186 -70011 -70185
-70113 -69949 -69874
-70005 -70163 -69874
-70175 -70194 -70147
-70037 -70186 -69880
-69964 -70060 -70021
-70085 -69811 -69889
-69845 -69964 -69858
-69905 -70173 -70103
-70106 -70111 -69961
-69839 -69854 -69934
-69839 -70021 -70186
-70068 -70028 -70074
-70036 -69972 -70168
-69849 -70185 -70028
-69967 -70064 -69807
-70023 -70091 -69842
-70084 -70120 -69869
-70033 -69893 -69808
-70198 -70101 -70180
-69994 -70004 -69933
-70087 -70003 -70169
-70002 -69911 -70139
-70175 -69821 -69971
-69953 -69812 -70095
-69876 -69900 -70179
-69842 -69844 -70144
-69959 -69984 -70155
-69972 -69906 -69976
-69868 -70162 -69968
-70052 -69978 -70127
-69995 -70058 -70170
-69812 -70014 -69891
-70168 -69917 -70145
-69884 -69808 -70189
-69804 -70070 -69951
-69894 -69930 -70139
-69819 -69907 -70019
-69859 -69921 -70041
-69952 -70160 -70051
-70169 -70092 -69938
-70088 -70086 -70108
-70041 -70049 -69908
-69905 -70013 -69983
-69931 -70144 -69961
-69838 -70126 -69975
-69896 -69840 -70075
-70171 -70070 -70169
-69834 -69985 -69964
-70060 -70121 -69861
-69925 -70068 -70065
-70161 -70191 -70093
-70065 -69912 -69958
-69888 -70049 -69862
-70004 -70084 -70019
-70076 -70141 -69893
-70058 -69898 -70161
-70019 -70162 -69858
-70085 -70025 -69978
-70114 -70123 -69951
-69933 -69801 -69854
-70053 -69935 -70109
-70044 -69912 -69841
-69992 -69908 -69977
-70165 -70200 -69819
-70078 -69815 -69853
-69895 -70138 -70069
-70147 -70058 -69844
-69897 -70122 -69984
-69913 -70185 -69870
-70102 -69807 -69941
-69868 -69886 -70024
-69908 -69903 -69974
-70005 -69880 -69929
-70193 -70048 -70076
-69882 -70019 -70161
-69880 -69907 -70002
-70174 -69918 -70197
-69989 -70151 -69828
-69885 -70132 -70039
-70084 -69991 -69849
-69953 -69927 -70100
-69870 -69880 -69897
-69986 -70050 -69921
-69889 -70042 -69933
-69816 -70152 -70142
-70001 -69848 -70104
-69944 -70077 -69948
-70196 -69939 -70003
-70000 -69941 -70035
-70042 -70109 -70126
-69986 -69865 -70175
-70124 -69934 -69981
-69865 -69912 -69844
-69900 -70160 -70100
-70092 -69822 -69812
-70084 -69888 -70118
-70104 -70093 -69901
-69893 -70116 -70194
-69883 -70000 -69865
-70069 -70061 -69988
-70085 -69971 -69811
-69895 -70134 -70017
-70136 -70166 -69983
-70131 -69906 -69815
-70013 -69810 -70139
-70184 -70143 -69924
-70071 -70072 -70004
-69967 -70146 -69823
-70021 -70056 -70004
-70192 -70095 -69892
-70067 -69872 -70163
-70003 -70113 -69997
-70059 -70144 -69987
-69958 -70125 -70124
-70067 -69955 -70141
-69928 -69803 -69995
-70147 -69994 -69847
-70099 -70176 -69993
-70031 -69871 -69800
-69910 -70122 -69986
-70018 -70010 -70024
-69902 -70046 -70022
-70073 -69979 -70153
-69869 -69850 -69976
-69930 -69950 -69919
-69984 -70185 -69988
-70112 -70013 -70200
-69960 -70045 -70086
-69840 -69875 -69825
-69959 -69925 -70076
-69907 -69837 -69809
-70174 -69980 -70191
-69822 -70029 -69977
-70002 -69869 -69879
-70138 -69907 -69825
-70082 -70135 -69842
-70030 -69963 -69869
-69828 -69978 -69854
-70042 -69978 -70029
-69921 -69969 -70068
-69813 -70071 -69948
-69874 -69971 -69828
-70080 -69953 -70089
-69879 -69973 -69918
-69933 -69983 -69951
-69955 -69919 -69891
-70088 -70082 -69878
-70197 -70136 -70153
-69819 -69800 -70196
-70188 -69870 -69935
-70011 -70014 -69991
-70021 -70023 -70067
-69803 -70081 -70009
-70168 -70112 -70040
-70084 -70079 -70157
-70028 -70134 -70008
-69985 -70054 -70064
-69820 -70068 -70168
-70193 -70110 -70129
-70020 -70063 -69941
-69956 -69871 -69886
-70197 -69929 -69944
-69825 -70139 -70106
-70124 -69965 -69860
-69871 -69937 -70007
-69862 -70085 -69907
-69868 -69955 -70035
-70155 -69991 -69819
-70079 -70069 -69826
-69868 -69882 -70118
-69949 -70142 -69805
-69920 -70036 -70119
-69976 -69925 -69943
-70043 -70127 -70003
-69858 -70180 -69913
-70029 -70076 -70111
-69945 -70185 -69991
-70025 -69940 -69848
-69928 -70189 -70023
-69896 -70127 -70146
-69872 -70137 -70007
-69832 -70080 -69927
-70086 -69869 -70148
-69965 -69850 -69853
-70140 -69827 -70036
-70165 -69836 -69937
-69912 -70083 -69939
-70063 -70035 -69833
-69823 -69822 -69817
-70125 -69801 -69943
-69898 -69987 -69947
-69862 -69983 -69825
-70063 -70076 -69862
-70067 -70013 -69930
-70047 -69994 -69963
-70088 -70055 -69834
-70021 -70092 -69921
-69967 -70008 -70111
-69987 -70137 -69903
-70030 -69882 -69881
-69852 -70182 -70141
-70022 -70130 -70086
-69979 -69997 -69907
-69931 -70007 -70178
-70193 -69948 -69882
-70068 -69927 -70078
-69925 -70056 -69874
-70162 -70156 -69868
-69831 -69804 -69813
-69848 -70119 -70016
-69864 -69826 -69878
-69887 -70116 -69800
-69826 -69945 -69978
-70124 -70147 -69974
-70045 -70060 -70093
-69851 -70111 -70018
-69818 -69955 -70189
-69951 -70170 -70159
-69966 -70150 -70005
-70040 -69813 -70129
-69997 -69926 -69882
-70141 -69976 -70095
-69992 -70140 -69942
-69926 -69885 -69874
-69924 -70107 -70138
-69805 -69884 -70104
-69934 -69996 -69896
-70199 -69904 -70170
-70099 -69864 -69862
-70118 -69991 -69821
-69930 -70152 -70143
-70155 -70182 -70199
-70021 -70196 -70042
-69864 -69803 -69810
-70096 -70054 -70001
-70064 -69805 -69843
-69991 -70180 -69958
-70076 -70085 -70056
-70064 -70055 -70043
-70080 -69977 -69802
-70024 -70149 -70192
-69848 -69858 -70122
-70194 -70079 -69820
-70186 -69974 -69970
-69917 -69864 -69819
-70050 -69904 -69911
-70096 -69896 -69917
-69885 -70153 -70144
-69845 -70001 -69877
-70144 -69875 -69801
-69833 -69885 -69817
-70114 -70144 -69854
-70054 -70048 -69904
-69879 -69954 -69957
-69818 -69924 -69923
-70187 -70119 -70034
-69889 -69957 -70147
-70013 -69993 -70191
-70190 -69934 -70062
-70169 -69960 -70082
-70049 -69952 -69956
-69893 -70113 -70093
-69898 -70055 -70015
-70118 -70095 -70117
-69851 -69935 -70036
-69980 -69933 -70050
-70162 -70123 -70024
-69940 -70106 -70122
-69965 -70094 -69867
-70031 -70161 -69889
-69960 -69845 -70114
-70151 -69884 -70024
-69872 -69873 -70084
-69949 -69875 -70107
-70173 -69969 -70025
-69984 -69924 -69874
-69871 -70182 -69957
-69826 -69828 -69831
-69851 -69944 -69961
-70117 -69823 -69940
-69920 -69938 -70035
-69828 -69875 -69821
-70034 -69992 -70073
-69975 -69945 -69883
-69950 -69802 -70193
-69891 -69956 -70119
-70116 -69854 -69904
-69902 -70025 -69877
-69824 -70000 -69834
-69973 -69917 -69840
-70111 -69930 -69885
-70007 -70199 -69856
-69809 -69800 -69952
-70052 -69809 -70046
-70122 -69817 -69820
-69881 -70044 -70031
-69897 -70053 -70094
-69978 -69830 -70142
-69929 -69864 -70065
-69848 -70181 -70029
-69871 -69906 -70097
-70171 -69842 -70135
-70125 -69947 -69898
-70018 -70103 -69878
-69840 -70020 -69987
-70108 -69986 -70066
-70043 -70155 -69985
-69898 -70158 -69949
-69970 -69945 -69829
-70028 -70021 -70128
-70011 -70046 -70143
-69897 -70034 -69921
-69970 -69869 -70026
-69919 -70150 -69981
-69880 -70035 -69909
-70031 -70066 -70059
-69971 -70138 -70098
-69937 -69848 -70043
-70032 -69977 -69843
-69949 -69995 -69849
-69826 -70064 -70022
-70039 -70047 -70083
-69807 -70168 -69913
-70046 -69931 -70053
-70092 -69927 -70055
-69858 -70064 -70005
-70097 -70029 -70128
-70101 -70062 -70112
-69964 -70060 -70052
-69991 -69826 -69879
-70011 -70003 -69846
-69904 -70121 -69949
-69857 -69807 -70010
-69936 -70095 -69840
-70197 -70183 -70138
-70022 -70198 -70174
-69916 -69922 -69916
-69820 -69865 -70158
-70021 -69891 -70109
-70117 -70187 -69961
-70083 -69877 -69855
-70129 -70074 -69934
-69810 -69862 -69843
-69861 -70033 -70036
-69943 -70180 -70153
-69974 -69829 -70060
-69999 -70045 -70165
-69895 -70102 -69808
-70080 -70106 -70197
-69977 -70175 -70167
-70030 -70144 -70058
-70016 -70112 -69970
-70083 -70125 -70173
-69892 -69976 -69919
-70113 -69952 -70123
-69992 -70032 -69808
-69890 -69929 -69958
-69891 -70095 -70041
-70083 -70082 -70165
-69917 -70097 -70119
-70163 -69974 -69804
-69883 -69862 -69928
-70161 -69962 -69821
-69825 -69957 -70180
-69846 -69802 -69816
-70077 -70085 -70117
-70001 -70175 -69891
-70167 -69954 -69991
-70062 -70051 -69988
-70003 -69896 -69866
-69977 -70143 -69860
-70182 -70110 -69815
-70184 -70025 -70083
-69826 -70160 -70000
-69946 -70143 -69972
-70100 -69804 -69940
-69804 -70075 -70162
-69937 -70097 -70172
-70186 -70121 -69855
-69811 -70069 -69861
-69955 -69871 -70046
-69985 -70086 -70158
-70172 -69906 -69941
-70047 -70151 -70165
-69955 -70066 -70068
-70025 -70105 -69961
-69813 -70176 -70098
-69979 -70135 -70027
-70068 -70053 -70186
-70105 -70172 -69936
-70186 -70050 -69801
-69910 -70029 -69956
-70171 -69982 -70133
-69989 -70153 -69818
-69947 -69874 -69805
-70163 -69907 -70026
-70074 -70185 -70180
-70113 -69824 -69882
-70084 -70024 -70134
-70052 -70115 -70079
-69804 -69947 -69930
-69972 -70032 -69945
-69894 -70176 -70067
-69806 -69830 -69804
-69944 -70193 -70130
-69914 -70087 -69929
-69898 -70006 -69803
-70153 -70007 -70191
-69955 -69970 -70047
-69999 -70036 -69840
-69810 -69944 -70149
-69883 -69815 -70165
-69952 -70137 -69819
-69912 -70120 -69929
-69864 -70135 -69919
-70119 -69971 -70168
-70184 -69921 -69879
-70008 -69823 -69873
-70140 -69920 -70200
-69920 -70106 -70131
-70073 -70195 -69940
-70144 -70091 -69805
-70136 -70044 -69965
-69934 -70089 -70177
-70183 -69946 -70146
-69929 -69882 -69937
-70043 -70125 -69852
-70100 -69999 -70182
-69947 -70046 -69938
-70081 -70186 -70179
-69910 -70005 -70192
-69930 -70014 -69882
-69907 -70026 -69852
-70098 -70113 -70080
-69854 -69909 -70027
-70103 -70148 -69953
-70156 -70058 -69827
-70065 -70134 -70132
-70192 -69894 -70193
-70001 -69911 -69900
-70173 -69899 -69935
-69950 -70016 -69863
-69997 -70169 -69932
-69914 -69960 -69973
-69885 -69938 -69888
-70132 -70197 -70105
-69834 -69958 -70166
-69863 -69968 -69940
-70123 -69859 -70029
-69945 -69830 -69856
-70030 -69812 -69937
-69829 -70002 -69948
-70158 -69945 -70132
-69904 -70056 -69893
-70072 -69866 -70016
-70089 -69887 -69935
-69898 -69860 -69921
-69968 -69984 -69993
-70194 -69938 -70165
-69888 -70182 -69897
-69805 -69845 -69879
-70172 -69805 -69937
-69904 -69999 -70191
-70141 -70038 -69958
-69996 -70127 -69917
-69978 -69952 -70180
-69989 -70088 -69914
-70164 -70044 -69990
-69987 -69901 -69916
-70144 -70130 -70125
-70157 -70006 -69880
-69843 -70200 -69954
-70061 -70128 -70091
-69913 -70131 -69994
-70085 -69943 -70151
-70024 -69918 -70014
-70072 -69926 -69819
-69996 -69845 -70198
-69960 -70052 -69916
-69874 -69833 -70135
-70101 -70139 -69962
-70056 -70182 -69891
-69927 -70196 -70055
-70195 -69944 -69888
-70014 -70148 -70162
-69849 -70103 -70089
-70184 -69867 -70075
-69812 -70197 -70098
-69858 -70079 -69971
-69915 -69832 -69824
-69814 -69858 -69965
-70108 -69980 -70070
-69981 -69947 -69951
-69911 -69866 -69961
-69808 -70099 -69966
-69893 -70125 -70127
-70054 -69943 -69921
-69836 -69805 -70161
-70185 -70190 -70174
-70051 -69828 -70095
-69994 -70196 -70174
-70039 -69807 -69911
-70009 -70106 -70020
-70198 -69830 -70061
-69972 -70111 -70034
-69856 -70129 -70101
-69978 -70093 -70104
-69852 -70014 -69989
-70171 -69866 -70154
-70103 -70042 -70104
-70052 -69841 -69910
-69904 -70060 -70160
-69901 -69819 -69825
-70010 -70011 -70130
-69856 -69917 -69872
-69998 -70146 -69873
-70072 -69974 -70110
-69813 -69954 -70019
-69936 -70029 -69891
-69920 -70190 -70074
-70199 -70074 -70136
-70045 -70051 -70147
-69889 -70023 -70137
-69821 -70157 -69932
-69929 -70031 -70017
-69838 -70055 -69818
-70107 -70155 -69821
-70065 -69941 -69856
-70035 -70062 -70176
-70013 -70164 -70043
-69999 -70027 -69955
-69926 -69919 -70122
-70070 -70037 -69814
-70146 -70064 -69947
-70044 -69947 -69859
-70125 -70063 -69889
-70114 -70127 -69803
-69899 -69928 -70160
-69940 -69860 -70200
-69916 -69909 -70028
-70010 -69930 -70188
-69912 -69874 -69888
-69934 -70082 -70086
-70031 -70099 -69944
-70045 -70173 -69873
-69922 -69875 -69977
-70087 -69976 -70144
-69900 -69924 -70191
-70011 -69904 -70094
-70064 -69977 -70076
-69834 -70172 -70034
-70197 -70030 -69808
-69853 -69975 -69992
-70167 -69844 -69951
-70084 -70012 -70197
-69812 -69923 -70048
-69955 -69876 -70047
-70139 -70180 -70094
-70082 -70140 -69899
-69955 -70018 -70087
-69964 -70158 -69959
-70166 -69819 -69953
-69923 -69920 -70160
-69925 -70023 -69965
-69917 -69884 -69959
-69925 -69832 -69957
-69941 -70083 -69876
-70045 -69920 -70064
-69835 -70144 -69849
-69942 -69828 -70067
-70198 -69973 -69978
-70173 -70057 -69809
-70023 -70064 -70048
-70128 -70000 -70136
-69913 -70057 -70162
-69887 -70053 -70087
-70180 -70034 -69885
-70054 -69845 -70082
-70127 -69866 -70079
-69827 -70069 -70074
-70019 -70024 -70196
-69892 -69842 -70199
-69964 -70061 -70096
-70065 -70150 -69992
-70083 -69920 -70010
-70187 -70161 -70015
-70028 -69934 -70039
-70162 -69988 -69924
-70059 -69883 -69872
-70004 -69824 -69938
-70089 -70024 -70020
-69980 -69808 -69840
-69982 -70042 -69940
-70036 -70060 -69813
-69945 -69907 -69872
-70110 -70093 -69974
-70023 -70052 -69897
-69893 -69961 -69980
-70121 -69917 -69906
-69813 -69872 -70065
-70018 -69843 -70143
-69892 -70190 -69850
-69880 -70123 -69834
-70139 -70007 -69809
-69824 -70126 -70024
-69861 -70086 -69942
-70076 -69859 -70060
-69992 -69869 -70196
-70160 -70172 -70043
-69908 -69872 -69954
-70101 -69939 -69801
-70037 -69868 -69802
-69881 -69855 -69953
-70118 -69923 -69956
-69817 -70130 -70007
-69878 -69933 -70114
-69911 -70105 -69855
-70188 -69954 -70178
-69832 -69853 -70051
-70040 -70061 -69951
-69852 -70152 -70134
-70080 -69924 -69868
-70003 -70190 -69850
-70024 -70192 -70041
-70123 -70117 -69945
-69965 -70137 -70115
-69941 -69911 -70113
-69976 -70057 -70055
-70200 -70100 -70198
-69810 -69928 -70122
-70150 -69811 -70060
-69928 -70002 -70158
-70112 -69913 -70193
-69981 -69855 -69942
-69945 -70172 -70006
-70073 -69872 -70127
-70150 -70137 -69835
-70058 -69973 -70033
-70088 -70172 -69891
-70139 -69916 -69819
-69872 -70074 -69834
-70182 -70001 -70027
-70078 -70166 -69832
-69949 -69977 -69925
-69878 -69920 -69893
-69913 -70070 -69805
-69831 -69881 -69939
-70128 -70133 -69969
-70156 -69843 -69846
-70167 -70079 -70117
-69816 -70072 -70003
-70187 -69982 -69888
-69853 -69907 -69988
-69810 -70050 -70096
-70047 -70064 -69964
-70156 -70180 -69983
-69869 -69995 -69884
-69881 -69984 -70078
-69848 -69897 -70040
-69882 -70152 -69835
-70014 -70122 -69993
-70156 -69800 -69949
-70005 -69908 -69869
-70071 -70018 -70168
-69932 -70185 -69937
-70143 -69943 -69933
-69891 -69930 -70103
-69904 -69828 -69860
-70170 -70143 -69830
-70172 -70046 -70143
-70118 -69931 -70070
-70147 -70180 -70132
-70102 -70091 -70016
-70089 -69870 -69993
-69903 -69854 -69924
-70200 -69847 -70164
-69950 -69976 -70194
-70107 -70144 -69998
-70146 -69933 -70183
-70137 -69803 -69827
-70200 -70189 -69938
-70165 -70173 -70061
-69986 -70160 -70082
-69902 -69905 -70150
-70172 -69969 -69927
-70168 -70197 -70048
-69842 -70121 -69955
-70109 -70178 -70189
-69941 -69824 -70017
-70129 -70051 -69820
-69841 -70014 -69933
-69870 -70108 -69999
-69935 -70117 -70004
-69922 -69850 -70176
-69941 -69811 -70185
-69987 -70142 -69965
-70167 -70087 -70026
-69802 -69849 -69972
-69940 -69882 -69942
-69803 -70110 -70156
-70133 -69950 -70152
-69967 -69853 -70191
-69966 -69881 -70168
-69949 -70004 -69801
-69822 -69823 -69885
-70134 -70040 -70190
-69901 -70137 -70038
-70038 -70199 -70089
-69925 -69988 -69826
-69817 -69856 -69933
-69866 -69868 -69853
-70144 -69844 -70198
-69868 -69958 -69871
-70134 -70119 -69893
-69914 -69854 -70160
-70111 -70049 -69883
-69848 -70077 -70110
-69892 -70200 -70168
-70031 -69962 -69991
-69825 -70164 -70112
-70112 -70031 -69856
-70189 -70099 -70135
-70032 -70136 -70088
-70117 -69853 -69800
-69903 -70197 -70057
-70006 -69932 -70035
-69986 -69958 -69866
-69865 -69903 -69879
-69968 -70037 -69823
-70115 -70061 -69945
-69868 -69844 -69964
-70146 -70071 -69931
-69982 -70013 -69956
-70007 -70058 -69835
-70060 -70114 -70104
-70133 -69947 -69978
-69814 -70067 -70007
-69921 -69849 -70107
-70019 -69914 -70088
-70130 -70079 -70137
-70162 -70024 -69907
-70189 -70113 -70133
-70070 -69979 -69828
-69885 -69937 -69907
-70084 -69921 -69852
-69966 -69810 -70119
-69972 -69920 -70156
-70089 -69899 -69879
-70121 -69938 -70154
-69971 -70014 -69841
-69916 -70166 -70164
-70015 -70011 -70030
-70192 -69859 -69862
-70038 -69962 -69838
-69822 -70065 -70171
-69963 -70030 -69944
-69850 -70140 -69889
-69938 -70046 -70080
-70136 -69941 -69863
-69940 -70183 -69991
-70182 -70054 -69801
-69834 -69966 -70043
-69944 -70120 -70143
-70067 -70162 -69980
-69881 -70092 -69936
-69924 -70051 -69846
-69928 -69959 -69992
-70086 -70077 -69802
-69935 -69963 -69942
-70135 -69854 -70185
-69850 -69944 -69808
-70092 -70054 -70106
-69953 -70082 -70067
-69913 -70080 -69945
-70000 -69801 -69834
-69905 -69884 -70087
-70137 -70101 -69880
-70063 -70118 -69800
-69942 -69800 -69875
-69910 -70040 -69802
-69829 -69910 -70050
-69859 -70139 -69994
-69927 -69932 -69998
-69994 -70066 -69848
-69830 -69921 -69991
-70198 -70090 -70053
-70035 -70189 -70174
-69971 -70040 -70037
-70031 -69816 -70116
-69976 -69839 -69934
-69999 -70086 -70135
-69832 -69804 -70139
-70138 -70082 -70070
-69949 -69825 -69973
-69800 -70130 -69949
-69960 -69881 -70164
-70045 -69934 -69815
-69871 -69996 -69979
-70144 -69911 -69953
-69945 -70195 -70148
-69856 -69949 -70101
-69884 -70118 -69952
-70059 -70077 -69888
-69870 -69893 -69858
-70005 -69990 -69970
-69876 -70139 -69957
-69928 -70189 -69988
-70039 -70013 -70174
-70166 -70123 -70019
-70177 -69906 -70181
-70153 -70107 -70115
-70080 -69916 -70150
-70130 -70185 -69949
-69878 -70073 -69981
-69884 -69914 -70188
-69993 -70159 -69942
-69971 -70200 -69961
-69925 -70113 -69963
-69857 -70012 -70156
-69885 -69980 -70039
-69943 -70168 -69832
-70099 -70120 -70038
-69920 -70121 -69959
-70196 -69864 -69817
-69915 -69886 -69865
-69864 -69931 -69877
-69824 -70046 -70190
-70078 -69815 -70032
-70120 -69890 -69958
-69929 -69933 -70112
-69964 -70109 -70078
-70199 -69892 -70174
-69971 -69958 -69968
-70183 -69869 -69970
-70074 -69984 -69939
-69899 -69899 -69855
-69915 -69974 -70190
-70098 -70140 -70028
-69909 -70064 -69826
-70148 -69938 -69814
-70106 -69915 -69819
-70125 -70074 -70140
-70149 -69933 -69831
-69955 -69951 -69836
-70165 -69967 -69917
-70190 -69910 -70114
-70090 -70140 -69819
-69913 -70069 -70186
-69955 -70069 -70145
-70090 -70053 -70181
-69886 -70026 -70057
-70150 -70014 -70002
-69941 -70170 -70051
-69942 -70189 -69982
-69931 -70131 -69996
-69945 -69967 -70180
-70140 -70045 -69964
-69980 -70022 -69835
-70071 -70082 -70101
-69862 -70115 -69928
-69955 -69974 -69994
-70039 -70019 -69943
-70076 -70020 -70083
-70151 -70154 -69842
-69960 -70152 -69963
-70072 -70108 -69807
-70000 -70042 -69846
-70116 -69973 -70191
-70059 -70074 -70010
-69890 -70150 -69904
-70192 -70189 -69852
-69866 -69858 -69931
-70023 -69942 -70125
-70115 -69896 -70152
-70056 -70138 -70004
-70148 -70061 -69940
-69865 -70195 -69831
-69977 -69891 -70016
-69831 -70066 -69985
-70090 -69929 -70000
-69907 -69844 -70186
-70194 -70080 -69978
-70144 -70191 -70157
-69838 -69842 -70144
-70056 -69869 -69944
-70075 -70006 -70117
-70102 -70008 -69824
-69821 -70086 -69888
-70003 -69920 -70141
-70156 -70190 -70182
-70089 -69816 -69818
-70006 -70125 -69938
-70194 -70123 -69953
-70059 -70091 -69957
-69915 -70108 -69915
-69954 -70162 -69822
-70105 -70125 -70175
-69903 -70122 -70061
-69980 -69992 -69855
-69938 -69904 -70152
-69826 -70111 -70110
-70124 -69868 -69914
-70188 -70117 -69984
-69985 -69922 -69995
-69998 -70133 -70079
-70154 -70110 -69874
-69902 -69965 -70175
-70181 -70036 -69957
-70043 -70175 -70200
-69875 -70009 -69829
-70153 -69820 -70019
-70072 -69956 -69989
-70041 -69862 -69901
-70048 -70144 -69828
-70158 -69986 -70110
-69902 -70105 -69985
-69898 -69985 -69824
-69842 -70194 -69980
-69818 -70135 -69910
-69921 -70034 -70105
-70151 -70021 -70058
-70016 -70126 -70078
-69994 -69839 -69847
-69862 -69905 -69897
-69919 -69859 -70001
-69879 -69865 -69884
-69863 -69971 -69909
-69862 -70000 -70077
-69817 -70075 -69844
-69836 -69977 -70157
-70170 -70053 -69873
-69912 -69947 -69941
-70076 -70031 -70154
-69893 -69891 -69826
-69940 -70195 -70179
-69967 -69874 -69948
-69861 -70107 -69983
-69844 -70023 -69969
-70080 -70050 -70051
-70126 -70070 -69998
-70190 -70013 -70093
-69900 -70050 -69879
-69927 -70006 -70026
-70102 -70074 -69926
-70045 -69844 -70096
-70071 -69950 -70054
-69992 -70087 -70158
-70013 -69979 -70187
-70008 -70174 -69899
-70003 -69816 -69928
-69984 -70148 -70013
-69837 -70120 -69922
-69893 -70197 -69913
-69989 -70153 -70055
-70036 -70173 -69828
-70065 -69811 -69860
-70126 -70047 -70156
-70138 -69826 -70152
-69979 -69903 -69926
-70130 -70041 -69816
-70073 -69852 -70025
-69953 -69915 -69936
-69964 -69874 -69869
-69911 -70095 -69834
-69820 -69965 -69973
-69969 -70189 -70003
-70088 -69967 -70156
-70038 -69928 -69920
-69965 -70051 -69874
-70136 -70018 -70190
-69952 -69945 -70199
-69971 -70012 -70157
-70130 -69940 -70151
-69843 -70094 -69941
-69842 -69851 -69924
-69818 -69876 -69808
-70077 -69987 -70114
-69872 -70177 -69882
-69925 -70104 -69934
-70128 -70010 -70033
-69845 -69984 -69959
-70142 -69942 -69979
-69908 -70000 -70114
-70096 -70175 -69889
-70086 -69883 -70154
-70049 -70076 -70064
-69874 -69879 -70152
-69950 -69871 -70041
-69865 -69980 -70169
-69840 -69933 -69903
-70131 -69850 -70044
-70172 -70033 -70117
-69904 -70076 -69975
-70052 -70032 -70000
-70071 -70156 -70094
-70128 -70169 -70183
-70197 -69990 -69864
-69904 -69948 -70005
-70040 -69862 -70023
-70041 -70024 -70145
-69932 -70113 -70026
-69924 -69819 -70120
-69903 -69805 -70196
-69883 -70020 -70020
-70004 -70145 -70025
-69891 -70096 -70006
-69984 -69935 -69901
-69874 -70155 -70183
-69977 -70083 -70157
-70021 -69977 -70077
-69967 -69972 -70078
-69878 -70084 -70010
-70039 -69899 -70108
-69978 -70012 -69885
-70076 -70102 -69988
-70113 -70071 -70141
-69811 -69983 -70033
-69906 -70032 -69838
-69950 -69926 -70089
-70114 -70183 -69868
-70005 -70068 -70047
-70054 -69825 -70155
-70095 -70054 -70151
-69928 -69825 -69930
-69968 -69838 -69877
-69980 -70099 -69910
-69863 -70061 -69827
-70061 -69955 -70101
-70141 -69890 -70080
-69935 -69850 -70179
-69962 -70172 -70044
-70195 -70031 -69933
-70152 -69882 -70136
-69971 -70034 -69927
-70119 -69864 -69876
-70153 -69867 -69933
-70169 -69818 -69856
-70015 -69889 -69830
-69907 -70097 -70087
-70169 -69896 -69871
-69864 -70085 -70073
-69866 -69982 -69909
-69894 -69932 -69921
-69946 -69869 -69919
-69891 -70159 -70161
-70137 -70011 -69929
-69863 -69842 -69890
-70168 -70048 -70169
-70006 -69895 -70113
-70166 -70034 -70007
-70174 -69828 -69890
-69967 -70077 -69842
-69988 -69922 -70034
-70007 -69894 -69856
-70029 -70040 -70108
-69936 -70195 -69972
-69818 -70040 -69835
-70018 -70066 -69948
-69834 -69943 -70011
-69808 -69828 -70152
-70168 -70021 -69894
-69917 -70151 -69877
-69953 -69854 -70015
-69899 -70124 -70119
-69973 -69818 -69882
-69933 -69942 -70043
-69872 -70140 -70183
-69895 -70057 -69860
-70167 -70086 -70027
-70148 -70098 -69851
-69850 -70038 -70103
-69964 -69811 -69991
-69889 -69939 -69860
-69860 -70011 -69817
-69983 -69880 -69916
-69853 -69812 -69954
-70182 -70052 -70135
-70079 -69950 -70134
-69829 -69804 -70050
-70064 -70168 -69891
-70155 -70159 -70045
-70022 -70084 -70098
-70180 -70101 -69998
-69992 -70033 -69861
-70200 -69897 -69849
-70044 -69890 -69914
-69908 -70080 -70019
-70052 -69885 -70018
-70054 -70126 -69816
-70163 -69813 -70118
-70015 -70186 -70193
-69849 -69800 -70177
-69800 -70097 -69859
-69957 -70056 -69989
-70074 -70021 -69984
-70019 -70001 -70051
-69919 -69879 -69924
-70067 -70135 -70011
-70091 -69809 -69849
-70169 -69959 -70102
-70151 -70090 -69812
-69872 -70182 -70188
-70165 -69886 -70100
-69901 -69908 -69885
-69907 -69883 -69992
-70078 -69896 -69812
-69895 -69884 -69904
-70127 -69858 -70165
-69803 -70027 -69950
-70187 -69934 -69961
-69908 -70128 -70063
-70192 -70169 -69935
-70005 -70090 -69935
-69961 -69906 -70120
-70061 -69849 -70176
-70038 -70191 -69954
-69816 -69949 -70190
-69944 -69900 -70062
-70067 -70062 -69819
-69848 -70046 -69878
-69845 -70199 -70013
-69866 -69860 -69857
-70176 -69986 -70019
-69989 -69931 -70127
-70066 -70140 -70137
-70033 -69885 -70085
-69908 -69921 -69894
-70130 -69846 -70152
-69928 -70118 -69836
-69893 -70010 -70083
-70162 -70052 -69821
-69873 -70111 -69956
-69865 -69853 -69905
-70035 -70015 -70091
-70128 -69939 -69940
-70009 -70054 -70051
-70077 -69877 -69924
-70022 -69888 -70063
-69897 -70123 -69834
-69933 -70188 -70113
-70111 -70085 -70132
-69886 -70087 -70070
-70015 -69885 -70176
-69967 -69817 -70133
-70178 -70038 -69839
-70157 -70192 -70064
-69995 -70036 -70199
-70150 -70170 -69904
-69934 -70070 -69979
-70132 -69905 -69991
-69877 -69912 -69849
-70122 -70186 -70091
-70158 -69813 -69868
-70171 -69962 -69820
-69820 -69965 -70153
-69892 -70064 -69839
-70162 -70126 -69975
-69850 -69869 -69801
-69871 -70030 -69903
-69886 -70100 -69903
-69992 -70161 -69868
-69855 -69955 -70026
-70088 -69863 -69857
-70060 -70010 -69861
-69921 -70087 -70070
-70123 -70135 -69874
-70023 -69950 -70061
-70042 -70129 -69986
-69953 -69874 -69972
-69929 -70089 -70170
-70112 -69963 -70114
-69836 -69933 -70173
-69918 -70099 -70103
-70125 -70172 -70113
-69856 -70025 -69918
-69950 -69874 -69972
-69812 -69841 -70159
-70016 -70009 -69803
-70126 -69982 -69882
-69913 -69947 -70192
-70067 -70142 -70191
-70037 -70009 -69932
-69948 -69812 -69958
-70196 -70064 -70079
-69803 -69970 -69914
-70142 -70135 -69932
-69870 -70075 -69999
-69947 -69821 -69980
-69820 -69926 -70097
-70083 -70159 -70010
-70086 -70128 -69946
-70047 -70183 -69806
-70104 -69826 -70179
-69818 -69822 -69969
-69979 -70071 -69900
-69946 -69841 -70128
-70188 -69999 -69899
-70181 -69985 -69866
-69838 -70013 -69907
-70145 -70023 -69802
-70036 -69989 -70154
-70138 -69824 -70195
-69803 -69888 -70134
-70033 -69805 -69918
-69808 -69943 -70189
-69926 -70196 -70122
-69865 -69812 -70062
-69927 -70096 -70199
-70112 -69918 -69883
-69813 -70068 -70091
-70156 -69918 -70052
-70124 -70146 -69949
-69845 -69976 -69815
-70006 -69961 -70094
-69810 -70118 -70102
-70100 -70068 -70066
-69925 -69821 -70073
-69909 -69951 -69979
-70170 -70071 -70028
-70070 -69850 -69961
-69801 -69874 -70180
-70199 -69966 -69975
-70145 -70021 -69997
-70094 -70093 -70060
-70129 -69871 -70183
-69823 -69940 -70196
-69992 -70151 -70144
-69829 -70002 -70094
-69801 -69865 -70067
-70034 -69852 -69928
-70139 -70187 -69823
-70131 -69904 -70150
-70023 -70192 -70081
-70138 -69918 -70169
-70111 -70157 -69863
-69956 -69987 -69982
-69833 -69984 -69951
-69910 -69916 -69861
-69885 -69819 -69890
-70046 -69932 -69998
-70166 -70048 -69844
-69903 -70053 -70195
-70112 -70085 -70148
-69804 -69971 -69980
-70174 -70135 -70049
-69875 -70097 -70090
-69843 -70068 -70152
-69989 -69891 -69911
-70122 -69820 -69821
-70081 -70055 -70126
-69805 -69875 -70047
-70135 -69852 -70130
-69864 -69817 -70001
-69930 -70049 -69947
-69844 -69868 -69960
-69814 -69944 -70049
-70029 -69853 -70076
-69855 -70126 -70128
-70143 -69838 -70198
-69916 -70200 -69821
-70121 -69866 -69815
-70028 -69807 -69991
-69935 -70049 -70103
-70093 -69960 -70038
-70065 -69809 -70168
-69895 -69877 -70017
-70060 -69953 -69840
-70064 -69827 -70096
-69848 -70024 -69899
-69899 -70085 -70082
-69955 -70058 -69849
-69850 -69881 -69951
-70163 -70057 -70147
-69905 -70130 -70197
-69814 -70031 -69836
-70132 -69830 -70080
-70072 -69848 -70064
-70126 -70113 -69878
-70172 -69883 -70038
-69868 -70165 -70099
-69823 -69987 -69961
-69811 -70058 -69838
-70091 -69899 -70146
-69958 -69811 -69844
-69860 -70172 -70071
-69971 -69979 -70198
-70193 -69811 -70183
-70182 -69849 -70130
-70085 -70018 -70155
-69971 -70098 -70174
-69874 -70197 -70005
-69856 -70151 -69991
-70139 -70057 -69952
-70058 -69925 -69878
-70028 -70122 -70076
-69943 -70190 -70110
-70161 -70013 -70038
-70109 -70187 -69852
-69893 -70170 -70053
-70122 -69882 -70037
-70187 -70026 -69811
-70200 -69865 -70034
-69934 -70186 -70099
-70041 -70170 -70155
-70034 -70081 -69864
-69849 -70110 -70175
-70042 -70105 -69820
-69829 -70037 -70114
-69975 -70069 -70064
-70178 -69982 -70019
-69908 -70172 -70075
-70071 -69916 -69880
-70184 -69929 -70148
-70129 -70159 -69896
-70079 -70059 -69901
-69889 -69968 -70166
-70094 -70063 -69975
-69942 -69908 -70106
-69806 -69982 -70082
-70197 -70178 -70048
-70115 -69872 -69980
-70054 -69896 -69887
-70087 -69853 -70028
-70088 -70019 -70176
-70196 -70185 -69861
-69899 -69973 -69975
-69977 -70120 -69953
-70153 -69946 -69966
-70165 -70043 -70065
-70068 -70196 -70189
-69977 -70016 -70154
-69873 -70043 -70054
-69931 -69997 -69971
-69902 -70118 -70126
-70171 -69930 -70058
-70174 -69834 -69904
-70043 -69937 -69812
-69942 -69979 -69804
-69801 -70179 -69874
-70132 -70174 -70102
-70116 -70194 -69801
-70146 -70119 -70093
-69911 -69834 -70007
-69898 -70016 -69891
-69804 -70042 -69974
-69976 -69830 -70180
-70128 -70185 -70107
-69945 -69981 -70174
-70106 -69827 -70029
-69943 -69954 -69971
-70166 -69844 -69916
-70016 -70115 -70023
-70116 -69811 -69916
-69825 -69873 -69951
-70152 -70026 -69882
-69964 -70017 -69990
-69931 -70198 -70123
-69869 -70089 -69825
-69929 -70048 -69887
-70096 -70179 -70200
-69887 -69866 -70168
-69907 -70147 -70054
-69927 -70114 -70176
-70060 -70151 -69929
-69960 -70101 -69855
-70051 -70126 -70145
-69817 -70016 -70167
-70073 -70075 -69873
-69901 -70089 -70163
-69903 -70032 -69967
-70028 -70156 -69960
-70115 -69838 -69854
-70096 -70181 -69802
-69935 -70090 -70002
-69999 -69825 -69885
-70070 -69944 -69989
-70075 -69865 -69971
-70077 -69886 -69859
-70146 -70107 -69876
-70082 -70084 -70056
-70024 -70086 -70033
-70013 -69949 -69853
-70109 -70090 -70035
-70064 -69841 -70132
-70031 -70146 -70081
-70080 -70067 -70063
-69811 -70131 -70058
-69955 -70020 -69936
-70031 -69875 -70048
-69899 -69918 -69805
-70115 -69841 -70093
-70017 -69875 -69856
-69995 -69815 -69978
-69830 -69964 -69952
-69845 -69904 -69842
-70196 -70074 -70155
-70112 -70180 -70152
-70065 -69960 -70114
-69866 -69926 -70192
-69842 -69924 -69875
-69959 -70135 -69921
-70162 -69801 -69968
-70076 -69991 -69847
-69852 -70182 -69880
-70059 -69861 -69804
-69992 -69857 -69831
-69946 -69840 -69927
-70177 -70065 -69956
-69951 -70200 -69989
-70036 -69916 -69842
-69957 -69855 -69930
-70111 -69835 -70199
-70038 -69900 -70123
-70024 -69831 -69864
-69939 -70080 -70109
-70156 -69956 -69845
-69834 -70110 -69989
-69888 -69802 -69857
-70035 -69982 -70147
-69802 -70119 -70021
-69928 -69972 -69871
-69826 -69988 -69971
-70153 -69810 -69987
-70015 -70092 -70021
-70130 -70083 -70059
-69885 -70029 -69971
-69855 -69965 -70172
-69892 -70089 -70088
-70198 -70009 -69981
-69835 -70085 -70078
-69950 -70126 -70157
-69839 -69971 -69843
-70050 -69958 -70103
-69896 -70133 -70121
-70082 -70166 -69914
-70165 -70026 -69905
-69855 -69950 -69826
-70002 -70069 -69870
-70162 -70051 -69928
-69929 -69888 -70183
-70119 -69983 -69999
-70144 -69864 -70115
-70056 -69983 -69828
-69865 -70031 -70057
-70027 -69964 -69926
-69812 -70194 -69983
-70087 -69934 -69958
-70064 -69861 -69938
-70073 -69896 -70171
-70072 -69823 -70147
-69928 -70138 -70035
-70093 -69903 -70035
-69823 -69978 -69915
-69953 -70097 -69860
-69817 -69984 -69847
-69981 -69871 -69890
-70120 -69886 -70032
-69845 -70030 -69949
-69899 -69941 -69985
-69974 -70160 -70198
-69951 -70114 -70097
-70177 -70000 -70006
-70133 -70006 -69872
-70117 -70096 -69957
-70019 -70123 -70034
-69879 -70187 -70126
-70148 -70101 -69810
-70082 -69994 -70118
-69834 -69895 -70127
-70119 -69883 -70118
-70134 -70143 -70001
-69966 -70170 -70052
-69868 -70009 -70120
-70083 -70161 -69945
-69888 -69843 -70040
-70096 -69815 -69983
-70077 -69883 -70040
-70134 -69912 -70038
-70155 -70192 -70022
-70042 -69938 -70092
-69898 -70003 -70053
-69842 -69997 -70186
-69808 -69873 -70107
-70165 -69914 -70131
-70001 -69894 -70066
-70053 -70079 -70129
-69940 -70145 -69964
-69942 -70189 -70173
-69893 -69862 -69932
-69892 -69985 -70041
-70151 -69851 -69825
-70083 -69989 -69866
-69979 -69841 -69988
-69909 -69991 -69846
-69931 -69938 -69973
-70106 -69870 -69880
-69802 -70186 -69893
-70086 -69876 -69825
-69905 -69805 -69960
-70088 -69942 -70077
-69879 -70183 -70169
-69905 -70099 -69822
-69901 -69836 -70071
-70008 -69821 -70028
-69990 -69990 -70111
-70109 -70194 -70052
-70131 -70136 -69915
-69836 -70123 -70188
-70196 -69987 -70006
-70042 -69923 -70131
-70062 -70156 -70004
-69950 -70170 -69926
-69965 -70050 -70011
-70070 -70085 -69953
-69817 -70183 -70088
-69968 -70098 -69812
-70030 -70037 -69961
-70194 -69934 -70171
-69807 -70180 -70105
-70037 -70118 -70182
-70166 -70122 -70027
-69881 -70152 -70170
-69846 -69986 -70128
-69854 -70025 -70042
-69906 -70031 -70138
-70047 -70170 -69838
-69901 -69908 -70023
-70085 -70170 -69891
-69940 -70124 -70173
-69960 -69852 -69934
-69998 -69801 -69996
-69925 -70144 -69997
-70160 -69804 -70127
-69971 -70136 -69842
-70002 -70137 -69854
-69817 -69948 -70043
-69971 -70174 -70114
-69805 -69808 -69923
-70040 -69948 -69867
-70092 -69983 -70169
-70108 -70147 -70101
-69953 -70181 -69945
-70031 -69865 -69939
-70016 -69869 -69930
-70179 -69956 -69802
-69878 -70055 -69972
-69801 -70004 -69844
-69977 -69895 -70122
-69990 -69929 -70146
-70195 -69870 -69994
-69959 -69941 -70097
-70174 -70184 -69940
-70081 -70087 -69842
-70114 -69934 -69969
-70054 -69832 -70150
-69832 -69825 -69825
-70079 -69940 -69982
-70132 -70186 -69830
-70076 -70031 -70171
-70101 -69807 -70003
-70128 -70183 -70031
-69880 -70139 -69825
-69810 -69846 -69816
-70057 -70183 -69961
-69942 -70018 -69872
-70001 -69834 -70186
-70183 -69817 -69939
-69940 -70092 -69983
-69812 -69830 -69839
-70076 -69943 -69847
-70165 -70087 -69864
-69938 -69983 -70120
-69828 -69871 -69811
-69956 -70187 -69892
-70010 -70155 -69908
-69996 -69982 -70015
-69892 -70030 -70166
-69926 -69908 -70114
-69969 -69886 -69836
-69919 -70147 -69851
-70143 -69961 -70173
-69945 -69867 -69931
-70105 -70191 -69932
-69988 -70149 -70033
-70059 -69960 -69819
-69974 -70052 -70046
-70119 -70062 -70069
-69888 -70044 -69876
-69956 -69975 -69810
-69956 -69943 -69928
-69822 -69874 -70156
-69852 -70131 -69946
-70035 -69800 -70010
-70057 -70167 -70149
-69812 -70088 -70174
-70179 -69961 -70004
-69966 -70101 -70030
-70087 -69978 -70054
-70162 -69926 -69957
-69803 -70072 -70120
-70004 -70067 -69892
-69929 -70106 -69809
-70152 -70020 -70144
-69859 -70063 -70112
-70140 -69849 -69904
-70162 -69893 -69858
-69841 -70109 -70118
-70043 -69911 -70129
-69860 -69867 -69807
-70131 -70169 -70064
-70033 -70071 -69986
-69989 -70005 -69859
-69803 -70200 -70050
-69851 -70152 -70198
-69989 -70020 -70157
-69918 -69936 -69999
-70001 -70061 -70112
-70112 -70097 -70030
-70082 -70012 -69968
-70011 -69806 -69940
-70002 -70139 -69899
-70073 -69867 -69870
-69911 -70196 -69901
-69921 -69880 -70112
-69842 -70044 -70050
-70115 -70199 -70157
-70147 -70118 -70132
-69953 -69809 -69889
-69933 -70023 -70091
-70169 -70056 -69900
-70133 -70189 -70013
-69805 -69869 -70098
-70193 -70132 -69888
-70030 -69855 -69843
-69878 -69819 -70107
-70115 -70026 -69827
-69871 -69957 -69900
-69830 -69848 -70071
-70138 -70044 -70195
-69954 -70131 -70003
-69916 -70082 -70016
-69800 -69900 -69997
-70182 -70093 -70199
-69803 -69894 -69913
-70005 -70072 -69806
-70120 -69990 -69983
-70071 -70073 -69824
-69993 -69987 -70102
-70014 -69813 -69847
-69996 -70169 -70199
-69825 -69987 -69851
-69926 -70141 -70155
-69932 -69996 -70084
-69889 -69920 -69800
-70082 -70100 -69807
-70147 -69822 -69863
-69892 -70149 -69896
-69949 -70027 -69877
-70136 -70029 -69900
-70059 -69992 -70181
-70114 -69910 -70010
-70041 -69939 -70144
-70132 -70170 -70105
-70114 -70135 -69878
