5000
90047 -90047 -90051
89826 -89826 -89893
89832 -89905 -89863
89963 -89942 -90078
90057 -89922 -90033
89880 -89967 -90104
90079 -90113 -89822
90106 -89903 -90079
89885 -89876 -89849
90079 -90054 -90120
90063 -89815 -89974
89883 -89835 -89960
89849 -89815 -89837
90023 -90000 -89899
90104 -90108 -90157
89812 -89911 -90115
89871 -89867 -90085
89916 -89948 -89890
89916 -89998 -90044
90094 -90068 -89970
90155 -89877 -90014
90128 -89929 -90065
90039 -89920 -89814
89868 -90140 -90055
89875 -89879 -89927
89867 -89828 -89962
89921 -89820 -89996
89953 -89920 -89974
90161 -90055 -90080
89845 -90192 -90052
90171 -89925 -89823
90198 -89924 -90195
89994 -90120 -89844
89918 -90039 -90081
90093 -89980 -89844
89964 -89946 -89941
90101 -90002 -90018
89860 -89847 -90058
90017 -89853 -89984
89870 -89974 -90040
90031 -89939 -89958
90021 -90173 -89943
90199 -90104 -90076
90063 -89944 -89984
90128 -89906 -90166
89981 -90090 -90088
90099 -89880 -89882
90089 -90005 -90081
89815 -90131 -90049
90096 -90181 -89917
90120 -89924 -89828
90075 -90081 -89839
89947 -89934 -90168
90069 -90031 -89822
90063 -90147 -90158
90165 -90106 -89867
89941 -90178 -89928
89928 -90052 -90071
89848 -89817 -90132
90090 -90065 -89897
90056 -89915 -89885
90200 -89933 -90023
90005 -89870 -90158
90054 -89847 -90159
89917 -89818 -89872
90101 -89973 -90033
89955 -89919 -90055
90194 -89952 -90163
89846 -89934 -89992
90126 -89907 -90093
90032 -90089 -89917
89839 -90061 -89866
89939 -89914 -89943
89921 -89865 -90093
90009 -89952 -90194
90171 -90174 -89898
89913 -90030 -90101
89865 -89801 -90039
89965 -90114 -90058
90118 -90061 -90061
89835 -89908 -89869
89994 -90036 -90046
89931 -89908 -90083
90152 -90155 -89822
89870 -89907 -90100
90083 -90018 -89987
89908 -90012 -89858
89824 -89983 -90031
90065 -90008 -90010
89941 -90169 -89841
89994 -90043 -90137
90037 -90168 -89823
89971 -90137 -89851
89920 -89896 -89863
89950 -89961 -89999
89900 -89972 -90176
90032 -90059 -89886
90156 -89990 -89804
90139 -89867 -89930
89858 -89901 -89923
89944 -89960 -89976
89842 -89862 -90121
90053 -89913 -89953
89899 -90126 -90070
89803 -89949 -90012
90117 -90187 -89966
90059 -90187 -89890
90122 -89993 -90080
90062 -89994 -89872
90051 -89951 -90049
89992 -90113 -89878
89874 -90175 -89949
89838 -89923 -90051
90023 -90024 -90019
89870 -90151 -90002
89946 -89800 -90182
90151 -89970 -90191
89902 -90083 -90023
89808 -90138 -89899
90009 -90148 -90046
90023 -89911 -89866
89988 -90175 -90016
90184 -90078 -90028
89892 -89862 -90109
90134 -90061 -90069
90038 -89823 -89984
89818 -90030 -89915
90176 -90028 -89934
89873 -89923 -89809
90164 -89949 -89923
90138 -89963 -89846
90097 -90137 -90027
90137 -90126 -89878
90048 -89806 -89865
89872 -90071 -90172
90110 -90041 -90007
90109 -89958 -89831
90097 -90171 -89854
89814 -90083 -89915
90129 -89918 -90016
90090 -90100 -90047
89903 -90045 -90011
90062 -89880 -89887
89941 -90157 -90145
89991 -89825 -89878
89945 -89953 -89983
89865 -90052 -89857
89835 -90034 -89944
90057 -90149 -90185
90083 -89918 -90107
89901 -90074 -89991
89911 -90071 -90170
90184 -90105 -89821
90065 -90094 -89801
90180 -90104 -89969
89973 -90021 -89813
90132 -89879 -89904
90088 -89814 -90099
90129 -90143 -90099
89954 -89931 -89887
89848 -89965 -89935
89912 -89965 -90197
89975 -90103 -89800
89868 -90154 -90175
89838 -89979 -90080
89808 -90138 -89860
89903 -90051 -89825
90018 -89948 -90067
89997 -89913 -89837
89929 -89986 -89924
89801 -89925 -89967
89896 -90068 -90039
90129 -90024 -89843
89864 -89884 -90189
89912 -89820 -90056
90169 -90199 -89908
89970 -90104 -89856
89868 -90159 -90050
89888 -90011 -90082
89975 -89887 -89904
90045 -89900 -90037
89831 -90103 -89916
89954 -89975 -90080
90088 -89970 -89947
90184 -89820 -90002
89854 -90040 -89915
90008 -90079 -90067
90006 -89853 -90171
90151 -89944 -90061
90150 -89854 -90147
89841 -90028 -89974
89886 -90110 -89963
90110 -90009 -90116
89972 -90130 -90101
90056 -89876 -89915
90161 -90069 -90080
90189 -89898 -90153
90169 -89834 -89903
89948 -90032 -90195
90183 -89964 -90079
90144 -90069 -90188
90038 -89945 -89931
90075 -89837 -90006
90010 -90107 -89901
90002 -90059 -89977
90075 -90009 -89856
90143 -90153 -90057
89975 -90038 -90066
90069 -89869 -89914
89859 -90159 -90012
90086 -90048 -90002
89857 -89885 -89972
90179 -89881 -89998
89834 -90118 -89895
89826 -89835 -90098
89808 -89856 -89802
89982 -89875 -89937
90077 -90095 -90035
89845 -90014 -89875
90143 -90131 -90025
90164 -89822 -90163
89978 -90085 -90072
90107 -89958 -90083
89871 -90053 -90096
89841 -89998 -90063
90132 -89805 -89985
90171 -90164 -89836
89819 -90070 -89891
89988 -89935 -90162
89970 -89821 -90042
90166 -90061 -90140
90132 -90179 -89936
89992 -89847 -89953
90168 -89892 -90138
90078 -89980 -89889
90088 -89989 -90077
90130 -90022 -89914
90128 -90113 -90123
90144 -89991 -90070
90080 -90116 -89844
89969 -89981 -89980
89894 -89971 -90009
89967 -90003 -89896
90055 -89966 -89929
90005 -89864 -90018
90099 -89965 -90150
90196 -89948 -89933
90185 -89943 -89941
89921 -89992 -90126
89879 -89832 -90153
89883 -89880 -89875
90164 -90040 -90028
89902 -90153 -89835
90193 -90090 -89831
89913 -89888 -90191
90087 -89837 -89870
90136 -89874 -89829
89837 -90038 -89933
90147 -89868 -89827
90148 -90122 -90109
89890 -90157 -89971
89833 -90102 -90145
90020 -89949 -89813
89825 -90059 -90171
90063 -89936 -90164
90088 -90153 -89867
89897 -90051 -89821
89913 -90154 -90061
90070 -89838 -89878
89888 -90175 -89880
89956 -90137 -90044
89996 -90095 -90113
89990 -89984 -90008
90076 -89900 -89980
90050 -89851 -89804
89900 -89935 -90080
89824 -90027 -89808
89811 -89887 -90129
90087 -90100 -89993
89950 -90149 -89899
89920 -89812 -90174
89831 -90108 -89851
90053 -89810 -90158
89948 -89826 -90188
89845 -89884 -89988
89965 -90189 -89890
90018 -89887 -90161
89931 -89986 -90104
89845 -89848 -89912
90105 -90189 -90072
90180 -89976 -89812
89839 -89941 -90144
89979 -89831 -90146
90077 -90071 -90161
90137 -89884 -89981
90084 -89893 -89931
90016 -89946 -89968
90176 -89898 -90062
90136 -89999 -90064
90192 -89978 -89974
90172 -89806 -89994
90161 -90166 -90045
90112 -89809 -90159
90122 -90083 -89945
90124 -90199 -90190
90136 -90129 -90030
90025 -89879 -90131
90101 -89927 -90057
89935 -89976 -89949
89898 -89931 -89845
89838 -89872 -90057
90086 -90021 -90071
90027 -89853 -89998
89897 -89996 -90155
89855 -90033 -89837
89921 -90053 -90127
90127 -90175 -89937
89866 -89836 -89986
89886 -89903 -89936
90079 -90001 -90011
89943 -89838 -90136
89977 -89860 -89987
89959 -89963 -90060
90033 -89861 -89957
90146 -90199 -90189
90085 -89947 -89958
89822 -89917 -89916
90166 -90001 -89800
89916 -89987 -90160
90032 -89953 -89807
89997 -89989 -90196
90038 -90122 -90113
89910 -90134 -89817
89949 -89820 -90191
89879 -89924 -90183
89856 -90026 -90138
90078 -90061 -90165
89848 -90043 -90156
90121 -90072 -90010
90031 -89982 -90046
90036 -89826 -89873
89983 -89831 -90196
89877 -89970 -90034
89990 -89944 -90169
90094 -89940 -89945
90176 -90167 -89908
89958 -89943 -90003
90173 -89936 -89970
90048 -90191 -90050
90145 -90093 -89811
90149 -90175 -89820
90063 -89906 -90062
89816 -89807 -89912
90112 -89899 -89933
90080 -89946 -90012
90177 -90175 -90016
89864 -89963 -89918
89846 -90078 -89904
89824 -90165 -89832
90004 -90114 -90068
90026 -89974 -89863
89954 -89809 -89861
89898 -89831 -89867
89811 -89956 -89941
89925 -89834 -90027
89996 -89876 -90159
90070 -89850 -89942
90114 -90084 -89937
89907 -90047 -89822
89978 -90192 -89909
90083 -89839 -90085
90046 -90055 -90161
89812 -90171 -90097
90167 -90169 -89846
90161 -90090 -90038
90044 -90132 -89929
89821 -89962 -89942
90094 -90010 -90145
89962 -89834 -89895
89836 -90105 -90069
89937 -89962 -90065
89972 -89858 -90104
90184 -89801 -89891
89969 -89890 -89904
90159 -89813 -89947
90117 -89885 -89840
90155 -89985 -89945
89876 -89893 -90176
90140 -89917 -90048
90185 -89913 -90199
90127 -90000 -90004
89845 -89990 -90198
90172 -89864 -89968
89878 -90196 -89878
89875 -90120 -90096
89891 -89821 -89985
89956 -90143 -89927
89899 -90043 -89810
90149 -90068 -90176
89944 -90044 -90018
89860 -90105 -89852
90163 -89873 -90158
89807 -89850 -90198
89873 -90057 -90051
89844 -89874 -90077
89840 -89946 -90081
89952 -89820 -89830
89889 -90109 -89906
89883 -90106 -89835
89810 -89854 -89939
89880 -89909 -89845
90071 -90152 -89905
90173 -89933 -89949
89915 -90168 -90190
89923 -89972 -90052
89845 -90170 -90056
90185 -89911 -90014
90128 -89966 -90176
89910 -90067 -90135
89816 -89946 -89892
90045 -90121 -89994
89921 -90167 -90170
89909 -89804 -89805
90097 -90074 -89994
89852 -89804 -89928
89925 -90160 -89944
90180 -89989 -89842
89840 -89994 -89886
89880 -90121 -89967
89849 -89878 -89899
89934 -90022 -89804
89949 -90014 -90153
90002 -89982 -90071
89915 -90088 -90063
90040 -89907 -89821
89980 -89895 -90113
90030 -89991 -90131
90075 -90190 -89886
90079 -90045 -90120
90136 -90123 -89834
89908 -89846 -89807
90134 -90189 -90015
89973 -90020 -90097
89852 -89943 -90184
90078 -90080 -89838
90047 -89844 -90084
90165 -89913 -90055
90092 -89841 -90083
90088 -89959 -90149
89992 -89820 -90120
89896 -90010 -89988
89946 -89941 -89857
89825 -90044 -89980
90118 -89827 -90136
90162 -89995 -90108
90136 -89893 -89987
89918 -89884 -90143
90007 -90195 -89842
90044 -89993 -90063
89838 -90123 -90066
89867 -89839 -90077
90134 -90054 -90033
90026 -90080 -89995
90111 -90199 -90097
89995 -90200 -90137
89948 -90119 -90142
90047 -90010 -89917
89919 -90029 -90174
90128 -89927 -90072
90028 -90141 -90013
90087 -90193 -89970
89948 -89927 -90189
89987 -90012 -90118
89835 -90017 -89893
90177 -89974 -89855
89962 -89992 -90191
89882 -89905 -90042
89935 -89930 -89809
89815 -90062 -89832
89860 -89828 -89969
90098 -90071 -90162
90189 -89958 -89934
90101 -90050 -89962
89964 -89946 -90106
89928 -89891 -89958
89919 -89868 -89958
90124 -90065 -89962
89991 -89884 -90172
89820 -90181 -90138
89841 -89818 -89882
89992 -90145 -90167
90129 -90182 -90190
89849 -90104 -89817
89979 -90062 -89897
89875 -89929 -89851
89895 -89991 -89922
89986 -90184 -90025
89870 -89927 -89873
90074 -89883 -89879
90034 -90006 -90005
90192 -90184 -89886
89856 -89942 -89955
90047 -89814 -90016
90007 -90022 -89910
90125 -89935 -89842
90014 -90066 -90126
90103 -89824 -90080
89941 -90099 -90143
90174 -89909 -89872
89867 -90170 -89868
89958 -89964 -90187
90003 -90087 -90076
90087 -89843 -90026
89888 -90038 -90195
90020 -89877 -90154
89919 -89853 -89822
90021 -89864 -90001
89901 -89847 -90038
90175 -89841 -89801
89975 -90148 -89880
89817 -89909 -89874
90075 -89925 -89807
90199 -89812 -89886
89897 -89910 -89849
90119 -89815 -90171
89989 -90057 -90199
89931 -89969 -89805
90127 -89896 -90066
89908 -90005 -89816
89883 -90187 -89913
90152 -90093 -89813
90080 -90076 -89858
89946 -90186 -90167
90022 -90161 -89859
89980 -89815 -89947
89825 -90131 -89900
90195 -90187 -90180
90179 -90083 -90158
90145 -90012 -90086
89957 -90091 -90135
89989 -89817 -89838
89824 -89922 -89901
89920 -89963 -89963
90001 -89948 -89823
90053 -89863 -89900
90153 -90176 -90104
90131 -90134 -90200
90051 -90115 -90185
90015 -89935 -90076
90091 -89959 -89826
89899 -89868 -90168
89903 -90192 -90046
89915 -89975 -89841
89805 -90181 -90178
90006 -90116 -89936
90067 -89916 -90064
90028 -90187 -90066
89843 -90112 -90044
89956 -89945 -90050
89937 -89823 -89986
89982 -89812 -89980
90170 -90101 -90008
89852 -90175 -89896
90045 -90075 -90152
89905 -89912 -90028
89832 -90139 -90055
89830 -90160 -89883
89894 -90108 -89859
90135 -89950 -89857
90017 -90031 -90184
89980 -89930 -89996
90139 -90159 -89980
89907 -90130 -89830
89805 -90113 -89899
90077 -89920 -89841
89837 -89835 -90152
89998 -89928 -90179
89920 -90128 -90170
90092 -90123 -89861
90179 -90193 -90109
90097 -90071 -90059
90113 -90141 -90191
90151 -90015 -89808
90071 -90042 -89984
89906 -89894 -89822
90086 -89850 -90002
89995 -89923 -89983
90046 -89832 -89908
90164 -89911 -90160
89880 -90124 -89883
90143 -90152 -90178
90021 -90032 -90046
89839 -90067 -89905
89837 -90138 -89910
90125 -90015 -89950
89811 -89998 -89960
89931 -90072 -89995
90012 -90051 -89852
89987 -89965 -90146
89972 -90164 -90167
90052 -89996 -90179
89950 -90059 -89828
89874 -89976 -89929
89901 -89891 -90189
89999 -90115 -89851
90135 -89967 -90060
90103 -89824 -89823
89866 -89983 -90138
89907 -90184 -89933
90190 -90106 -90152
89883 -89802 -90097
89905 -90044 -89914
89929 -90197 -90116
89950 -90130 -90071
90149 -89943 -89890
90128 -89852 -89965
89913 -90008 -89970
89922 -89824 -89821
90129 -89813 -89970
90177 -89801 -89839
89840 -90195 -90025
90026 -89890 -89954
89972 -90074 -89842
90151 -90080 -89841
90026 -90147 -90062
90005 -90134 -89823
90012 -90142 -90194
89862 -89920 -90017
89859 -89924 -89919
90119 -89892 -89876
89815 -90126 -90048
90150 -89994 -90101
89949 -90139 -90099
89836 -89973 -89865
90165 -89982 -90043
90192 -90148 -90179
89956 -90084 -90110
90132 -90062 -90057
89997 -89976 -90003
89866 -89991 -89888
90075 -90191 -90081
89857 -89991 -90094
89975 -89946 -90148
90190 -90199 -90147
89855 -90096 -90161
90036 -89945 -90110
89917 -89850 -90057
89800 -90156 -89998
90065 -89845 -90109
90120 -90129 -89803
89843 -89912 -90076
90000 -89882 -89996
90197 -90113 -89910
90194 -89947 -89831
89979 -89926 -90138
90097 -89919 -89868
90068 -90180 -90050
90169 -90068 -89937
90118 -90094 -89813
89933 -90064 -89997
90175 -90194 -90019
89881 -90191 -89999
89800 -90041 -90152
90050 -90199 -90037
90032 -90087 -89888
90135 -90175 -90020
90162 -89970 -90136
90084 -90099 -90144
89844 -89859 -90000
90079 -90182 -90022
89878 -89985 -90093
90055 -89965 -89966
90173 -89863 -90136
89928 -90150 -89936
89948 -90196 -89930
90103 -89987 -89825
89981 -89906 -90151
89929 -89843 -89835
90086 -89915 -89876
89975 -90028 -89913
89875 -90161 -89873
89943 -89872 -90158
90156 -89883 -89851
90025 -89932 -90164
89967 -90032 -89933
89881 -89891 -90068
89964 -89940 -90111
89919 -89984 -90044
90146 -90156 -89933
89864 -89869 -89802
90165 -89830 -89997
90124 -89825 -90123
89971 -89984 -89937
90045 -89968 -89867
89892 -89896 -90033
90098 -89915 -90028
90014 -89811 -89900
89899 -89951 -90050
89992 -89841 -90086
90048 -89809 -89867
89834 -89869 -90142
90035 -89853 -89809
90198 -90199 -90122
90078 -90048 -90139
90058 -89818 -89908
89827 -89876 -89997
90039 -90095 -89975
90107 -89924 -90076
90100 -89893 -90034
89832 -89934 -89807
90078 -89945 -89829
90022 -90097 -89992
89914 -90003 -89935
90000 -90077 -90091
90060 -90108 -90146
90173 -89860 -90070
89995 -89855 -90185
90075 -89924 -90048
89812 -90136 -89949
90146 -89931 -89879
89913 -90192 -89959
90184 -90175 -89990
90139 -90144 -90034
89922 -90182 -90082
89880 -90125 -89820
89921 -90036 -90044
90038 -89889 -89861
89930 -89960 -89861
89995 -90122 -90199
89846 -89974 -90108
90057 -89950 -89820
89927 -89926 -90144
90067 -89881 -89896
90005 -90139 -90118
89875 -89845 -89927
89903 -89983 -89845
89927 -90159 -90158
89852 -89992 -89876
90101 -89960 -90163
90168 -90165 -89865
90156 -90060 -90023
90168 -90109 -90131
90189 -90163 -89878
89824 -89855 -90072
89984 -89930 -90022
89937 -89825 -90183
89868 -89973 -89884
89958 -90062 -90088
90026 -89903 -89986
89993 -89974 -90046
90105 -90148 -90178
89963 -89959 -90082
90032 -89819 -89943
90132 -90162 -90129
90024 -89828 -89833
89982 -89834 -90073
90127 -89908 -90039
89965 -89858 -89806
89908 -89975 -89810
90142 -90073 -89960
89839 -89969 -89816
89918 -90064 -90124
89907 -89802 -90008
89836 -89885 -89995
89999 -90012 -90187
90182 -90182 -89951
89869 -90094 -89923
90190 -90111 -89913
90103 -89945 -90128
90162 -89880 -89966
90112 -90036 -90014
89997 -90170 -90138
89928 -89944 -90112
90106 -90157 -90131
90146 -89920 -90040
90064 -89974 -90168
89938 -90109 -90198
89836 -89837 -90099
90012 -90118 -90172
90060 -89835 -90013
89940 -89836 -89926
89980 -89846 -90137
90036 -90077 -89839
90197 -89942 -89939
89995 -89971 -89961
90182 -89878 -90087
90030 -90055 -90177
89811 -89868 -90197
89931 -89950 -90011
90024 -90099 -89926
90167 -89915 -90092
90092 -90029 -89979
89884 -90016 -90102
89883 -89897 -89894
89849 -89908 -89853
90171 -89812 -90085
90167 -90005 -89959
90128 -89916 -89977
89856 -89821 -89823
89986 -90073 -90044
90095 -90188 -89851
90010 -90086 -89890
90017 -89917 -90026
90069 -89822 -89895
89936 -90090 -89966
90006 -89885 -90147
89881 -89900 -90001
90079 -89938 -89904
89820 -89945 -90047
89875 -90199 -89853
90094 -90138 -90160
89891 -90121 -90111
89871 -89958 -89804
90088 -90044 -89922
90149 -89801 -90072
90131 -89991 -90129
89884 -90134 -89892
90191 -89866 -89844
89817 -89960 -89920
90193 -90117 -90180
89908 -89976 -89817
90053 -89826 -89906
90153 -89987 -89866
89820 -90075 -89880
90124 -90113 -90130
89851 -89892 -90180
90031 -89963 -90145
89874 -90014 -90115
90172 -90109 -89922
89862 -89960 -90034
89826 -90155 -90177
89880 -90057 -90077
90066 -90100 -89899
89918 -90140 -89800
89803 -89905 -90171
89919 -89902 -89808
89889 -89810 -89950
90072 -90167 -89948
90029 -89826 -89994
89825 -89832 -89969
89927 -89868 -90155
90122 -89963 -90029
89903 -89920 -89984
90067 -90069 -89963
89885 -89952 -90159
90002 -90103 -89860
89836 -89829 -89870
89881 -89887 -89997
90128 -89975 -89890
89827 -89958 -90156
89911 -89924 -89997
89998 -90189 -89807
90173 -89879 -90041
89829 -90094 -89916
90156 -90179 -89988
90081 -89892 -90047
90144 -90192 -90104
90091 -89898 -90081
89886 -89923 -90173
90200 -89863 -90037
89959 -90151 -89807
90104 -90163 -89835
89814 -89952 -89890
89835 -89984 -89993
89844 -90098 -90008
90149 -89883 -89800
89889 -90112 -90062
90192 -90099 -90089
89929 -89989 -89887
89860 -89986 -90074
89970 -90034 -90160
89874 -89937 -90131
90145 -90032 -90096
89863 -90150 -89832
90089 -90055 -90164
90096 -90177 -89934
90082 -89996 -89835
90108 -90053 -89903
90050 -90150 -90092
90107 -90087 -89817
89880 -89803 -90062
90066 -89981 -89894
90165 -90149 -89820
89816 -89842 -89834
90074 -89871 -89892
90063 -90021 -89924
90074 -89966 -90194
90044 -89939 -89889
90172 -90195 -90146
90169 -90035 -89819
90124 -90038 -89841
89933 -90000 -89822
89905 -90046 -90133
90166 -89868 -89899
90180 -90189 -89876
89811 -90155 -89969
89811 -90134 -90040
89845 -90184 -90014
90194 -90160 -89929
90101 -89906 -89968
89813 -90083 -89877
90156 -89969 -89850
89979 -90154 -90169
89949 -90198 -89840
90096 -89802 -90156
90181 -89987 -89875
90146 -89996 -90177
90035 -90063 -90155
89841 -90023 -90185
90085 -89889 -90104
89912 -89875 -90084
90133 -90134 -89943
89902 -90153 -90013
90153 -89819 -89983
89934 -90159 -90142
90166 -90054 -89980
90054 -89861 -89896
89841 -89978 -89936
89908 -90076 -89960
90036 -90124 -89815
90052 -90037 -90097
90172 -89864 -89869
90048 -89896 -89969
89843 -89955 -89867
90037 -90027 -90006
90047 -90126 -89977
90007 -89809 -90088
90016 -89814 -90128
89886 -90174 -89809
90006 -89837 -90116
89818 -89817 -90118
90056 -90081 -89935
90051 -90025 -89942
90109 -89898 -89929
89812 -89913 -90157
90188 -89920 -89834
89808 -90157 -90165
90084 -89900 -90086
89829 -90199 -90047
90053 -90015 -89998
89837 -89873 -90148
89808 -89931 -90057
90049 -90025 -90015
89879 -90171 -90143
90128 -90126 -89944
90062 -89853 -90092
89937 -89837 -89957
90116 -90023 -89889
90039 -90112 -89961
89923 -90182 -89944
89904 -89968 -89895
89953 -90104 -89907
89888 -89910 -89882
90157 -89823 -89908
89820 -90002 -90056
90061 -89819 -89922
89934 -89967 -89950
90003 -90055 -90013
89932 -89888 -90146
90007 -89862 -89883
90051 -89940 -89990
90006 -90134 -89915
89841 -90032 -90034
90170 -90149 -89978
89951 -90195 -90181
90006 -90048 -89836
89842 -89955 -89823
89833 -89973 -89816
89926 -90040 -90134
90171 -90085 -89943
90149 -89998 -89959
90194 -90114 -90058
89824 -89929 -89972
90187 -90081 -89868
89800 -89815 -90053
89962 -90137 -89986
89842 -89895 -90074
90154 -90102 -90002
90147 -89825 -90055
90174 -89849 -90087
90163 -90043 -90060
90037 -89959 -90115
89815 -89907 -89812
90125 -90127 -90015
90177 -90006 -89878
89827 -90011 -90040
89890 -89978 -90029
89859 -90113 -89919
89924 -89987 -90042
89829 -89845 -90138
90127 -89980 -89886
89991 -90116 -90135
90116 -89869 -89858
89814 -89963 -89876
89946 -90094 -90025
90043 -90003 -89967
90101 -89976 -90116
90136 -90005 -90150
89820 -90094 -90103
89819 -89992 -89901
89951 -89886 -89950
90071 -89984 -90123
90163 -89941 -90052
89965 -89994 -90178
90089 -89855 -90129
90130 -90098 -89827
89832 -90172 -89834
90129 -90038 -90140
89827 -89926 -89976
90139 -90153 -89829
90195 -89978 -90028
90030 -90158 -90183
90137 -90117 -89875
90100 -90149 -89885
89948 -90100 -90103
89949 -90178 -89934
89892 -89994 -89896
89857 -90064 -89940
90096 -89874 -90098
89959 -90025 -89900
90183 -89931 -90022
90073 -90079 -89833
89837 -89947 -90018
89844 -89918 -89934
90090 -89815 -90057
90121 -90168 -89961
89808 -89838 -89963
90173 -90189 -89950
89981 -89911 -89984
90103 -90168 -90060
89864 -90144 -89885
90099 -90009 -89864
89863 -89968 -89979
90121 -90022 -89842
89837 -89907 -90030
89913 -90010 -90006
90180 -90184 -89884
90172 -89982 -90048
89808 -90184 -90091
90183 -90136 -89810
89888 -90180 -89903
90051 -89977 -90107
89807 -89925 -89854
90074 -90110 -89828
89905 -89998 -90168
90021 -89929 -90180
90164 -89800 -89913
90093 -90136 -89937
90111 -90137 -90166
89946 -90066 -89982
90129 -89962 -90097
90018 -89811 -89952
90054 -90057 -90014
89926 -90093 -89909
90103 -89862 -90054
89844 -89971 -90097
89839 -90092 -90127
89906 -89856 -90142
90152 -89892 -90107
89982 -89913 -89941
89897 -89854 -89907
90179 -89890 -89842
90133 -90103 -89846
89947 -89881 -89908
90099 -90196 -89963
89966 -89818 -89837
90024 -90093 -90195
90073 -90039 -90189
90016 -90085 -89864
90161 -90089 -90043
90063 -89828 -89951
90136 -89981 -89894
90199 -89863 -89962
90004 -89850 -90131
89990 -90128 -89886
89963 -89984 -90020
90053 -89994 -89925
90088 -89876 -89803
90108 -89990 -90014
90063 -90075 -90113
90044 -90140 -89862
90114 -89976 -89835
90129 -89830 -90096
89969 -90012 -89986
89928 -90138 -90018
90008 -89998 -89815
89852 -89933 -90085
89878 -90178 -89939
89923 -90150 -89923
90047 -90007 -89961
89834 -90164 -89856
89962 -89996 -89859
90081 -89962 -90110
90008 -90166 -90045
90128 -89829 -89985
90038 -90019 -90178
89809 -90137 -89825
89999 -89965 -89870
89825 -89987 -90038
90187 -89983 -90191
90080 -90151 -89924
89910 -89904 -89951
89896 -90189 -89997
90062 -89846 -90034
89939 -89813 -89869
90028 -90176 -89848
89870 -90064 -90194
89899 -90198 -89893
90140 -90023 -89856
90040 -89826 -90008
89922 -90071 -89944
89911 -90018 -89994
89910 -90076 -89980
89962 -89858 -90189
89960 -89835 -89985
89879 -90015 -90080
89811 -90135 -89948
90193 -89994 -89992
89960 -89806 -89946
90114 -89871 -89956
89934 -90098 -89919
90080 -90080 -89992
89820 -90197 -89974
90058 -89887 -90091
89915 -90178 -89868
89963 -90044 -90077
89827 -89867 -89858
90182 -90124 -89975
89837 -89990 -90132
90172 -90100 -89924
89844 -89958 -89966
90195 -89974 -90199
89854 -89804 -89839
89912 -89882 -90036
89933 -90085 -90200
90084 -89992 -90058
90047 -90105 -90075
89987 -90142 -89835
89945 -89891 -89881
89891 -89919 -90114
89874 -89814 -90197
90063 -89926 -90002
90150 -89894 -90040
90110 -90013 -89894
90194 -89837 -89970
89805 -90087 -89841
90004 -89987 -89840
89939 -90067 -90033
89975 -90029 -90012
90064 -89933 -89917
89831 -90080 -89976
90002 -90121 -89910
89898 -89869 -90165
89824 -89817 -90091
90087 -90130 -89870
90016 -89876 -90167
90191 -89824 -89886
89855 -90037 -89900
90153 -90171 -89995
89967 -89880 -90149
89855 -89997 -90158
89860 -89961 -89927
89873 -90034 -90098
90196 -90023 -89918
89982 -89980 -90001
89846 -89835 -90180
90107 -89983 -89988
90040 -90014 -90083
90197 -90033 -89864
90182 -89952 -90192
89984 -89964 -90044
90146 -89826 -90072
89877 -90032 -90131
89880 -89806 -90037
89885 -89869 -90152
90095 -89929 -90092
90135 -90020 -89909
90137 -90036 -89889
90022 -89888 -89876
90176 -89993 -89815
90065 -90090 -89858
90188 -89940 -90160
89951 -90152 -89894
89852 -90121 -89878
90157 -89942 -89928
89800 -90175 -90198
89975 -89852 -90048
90049 -89879 -89991
90036 -89908 -90095
90168 -90082 -89822
90157 -89913 -90104
90112 -90028 -89896
89947 -90144 -89996
90063 -89960 -89868
90005 -90053 -90147
89856 -89927 -89976
89989 -90025 -90185
89938 -89874 -89945
90024 -90191 -90130
89994 -90072 -89936
90035 -89807 -89895
89903 -90166 -90197
90073 -90017 -90002
89841 -89840 -89948
89899 -90005 -89929
89843 -89993 -90021
90179 -90135 -89934
89856 -89808 -89998
89838 -90145 -89966
90108 -90071 -89881
89985 -90030 -90072
90170 -90008 -89885
90057 -90075 -90082
90137 -89823 -90145
90146 -90054 -89879
90153 -89902 -90146
90188 -90195 -89909
90124 -89843 -89957
90120 -89951 -89866
89825 -90087 -89880
89815 -90150 -89887
90021 -89816 -89819
89934 -90081 -90016
90020 -89990 -89918
89861 -89807 -90100
90117 -90147 -89818
89944 -90193 -90135
90040 -89808 -90155
89989 -90013 -90180
90094 -90155 -90078
89924 -89827 -89875
89869 -89952 -89945
89935 -90104 -89877
90160 -90007 -89812
90090 -90118 -89925
89824 -90055 -90138
90130 -89814 -90089
90017 -89855 -90141
90137 -89915 -89984
89939 -90124 -89895
90075 -89992 -90073
90158 -90032 -90073
89835 -89847 -90137
89838 -90010 -89846
89955 -89950 -90118
89983 -90101 -90198
90178 -90198 -89871
90190 -90058 -90187
89972 -89829 -89919
89874 -90011 -90117
90083 -90111 -89888
90199 -89969 -90083
90044 -90083 -89869
89837 -89973 -90079
89943 -90060 -89996
89987 -90102 -89843
90026 -89804 -89920
89829 -90176 -90025
90200 -90079 -89893
90044 -90111 -90104
90026 -89811 -89869
90174 -89849 -90148
90063 -89848 -90009
90061 -89865 -90123
90183 -89937 -89928
89921 -89952 -90115
90068 -90158 -90057
90086 -90088 -89894
89974 -90184 -89961
89895 -90054 -90052
89828 -90062 -89902
90067 -90029 -89860
89996 -90170 -89902
90047 -90002 -89829
90006 -89812 -90171
90135 -89901 -90053
90025 -89913 -90162
90036 -90016 -89818
90080 -90076 -89999
90096 -89927 -89948
90089 -89860 -90090
90028 -90067 -90009
89926 -90160 -89887
90092 -89908 -89808
90048 -89942 -89890
89993 -90049 -89865
90056 -90124 -89991
89943 -89809 -90050
90169 -90044 -90144
90015 -90020 -89932
89976 -89960 -89988
90021 -90195 -89968
89983 -90122 -89830
89803 -90138 -90049
90150 -90186 -89925
89995 -90160 -90175
90029 -90050 -89805
90072 -90039 -90132
89862 -89848 -89914
90180 -89962 -90132
90168 -90162 -89803
90124 -90071 -89962
90035 -90058 -90070
90123 -89899 -89992
89955 -89842 -90022
90066 -89929 -90104
90103 -89811 -89992
90169 -90183 -90160
89952 -90083 -90180
89950 -89822 -89821
89991 -89926 -89883
89830 -89813 -89963
89944 -90145 -90161
90134 -89820 -89909
89883 -90034 -89810
89964 -89983 -89814
89934 -90009 -89843
90083 -90063 -89987
89963 -89980 -89917
89989 -90069 -89858
89908 -89949 -90117
90035 -90153 -90100
90058 -89811 -90046
89916 -90158 -90082
90094 -89962 -90038
89859 -90001 -90104
90099 -90021 -89920
90200 -89904 -90043
90171 -90092 -89985
90121 -89821 -89862
89863 -90003 -90007
89986 -89958 -89883
89909 -89920 -89897
90163 -89867 -89836
90021 -90099 -89822
90070 -90037 -90020
89974 -90133 -90026
90039 -90196 -89941
89896 -89931 -90170
89885 -89966 -90200
90121 -90067 -89945
89863 -89858 -90137
89884 -89885 -90058
90034 -89829 -89949
89855 -89830 -89811
90079 -90131 -90146
90064 -90068 -89865
89943 -89932 -89887
89856 -90084 -89900
90052 -90063 -89891
90095 -90131 -90053
89934 -90080 -90111
90133 -89951 -89804
89801 -89947 -90036
89812 -90145 -90026
90163 -90125 -89887
90012 -89999 -89807
89839 -90000 -90164
89992 -90012 -89837
89815 -90106 -89900
89825 -90052 -90021
90197 -89889 -90158
90155 -90130 -89861
89974 -90195 -90170
89957 -90089 -89956
90119 -90037 -89902
90088 -89924 -89847
90144 -90090 -90102
89865 -89883 -89894
89826 -90170 -89815
90014 -90189 -89821
89834 -89992 -90197
90138 -89986 -89987
90132 -90127 -90081
90149 -89931 -90196
89988 -89986 -89815
89800 -89843 -90090
89986 -89872 -89934
90039 -89809 -90027
89905 -90132 -89957
89804 -89975 -89804
90142 -90176 -90007
90065 -90121 -89853
90084 -90111 -90081
90009 -90036 -90048
90179 -89877 -89900
89825 -89882 -89880
90128 -90150 -89861
89815 -90171 -89937
89985 -90030 -90174
90095 -89864 -89873
89978 -89992 -89928
90038 -90142 -89931
89860 -90098 -89854
90052 -89961 -90105
90085 -90184 -89975
89875 -89833 -90170
89942 -90139 -90142
90014 -90160 -90166
89923 -89970 -89966
90002 -90050 -90067
90012 -89863 -89857
90071 -90181 -90031
90079 -90133 -89916
90193 -90108 -89911
90037 -89988 -90100
90143 -89861 -90064
90103 -89887 -90115
89901 -90125 -89966
89823 -89836 -90187
90035 -90023 -89999
89833 -90135 -89940
90016 -89991 -89826
89946 -89838 -89869
90141 -89938 -90048
89822 -90004 -90149
89894 -90083 -90172
89923 -89801 -89962
90089 -90031 -89896
89904 -89834 -89904
89983 -90180 -90128
89999 -90103 -90153
89899 -90134 -89940
90068 -90184 -89912
90080 -89986 -89935
89881 -89902 -90140
90196 -89908 -89890
89906 -90082 -90031
89942 -90139 -90155
89898 -90065 -90143
90196 -90165 -89916
90035 -90168 -90054
89834 -89807 -90047
89892 -89937 -90183
89905 -89831 -90058
89811 -89969 -90108
90150 -90199 -89861
89876 -89952 -89904
90071 -89832 -89875
89961 -90129 -90161
90140 -90106 -90094
89831 -89830 -90045
90048 -89933 -90176
89971 -89920 -89996
90186 -89890 -89890
89801 -90154 -89802
90168 -90044 -90000
89904 -89831 -89981
89937 -90108 -89973
90180 -90176 -90008
89852 -90196 -89909
90198 -90116 -89857
90193 -90098 -90115
90181 -89961 -90110
89914 -90060 -89874
90030 -90177 -90172
89911 -89969 -90104
90191 -89821 -90048
90118 -89925 -90089
89944 -89879 -89999
90161 -89986 -89974
89865 -89871 -89919
90131 -89868 -89955
90161 -90186 -90144
89820 -89932 -89825
90106 -90000 -90096
89939 -89810 -89876
90099 -90073 -89859
89991 -90164 -89827
90087 -90149 -89880
89869 -90117 -89916
90179 -90200 -90169
90010 -89852 -89903
89857 -89908 -89862
90191 -89914 -89960
89861 -90104 -89863
89851 -89923 -90086
90092 -89826 -89912
89992 -89864 -89958
89961 -90086 -89957
89889 -90090 -90095
89872 -89912 -90005
90146 -90052 -89884
89941 -89945 -89837
90150 -90065 -90024
90016 -90151 -89931
90152 -89877 -89993
90192 -89886 -89997
89900 -90002 -89804
90006 -89865 -89905
89928 -90102 -89941
89984 -89960 -89882
90171 -90113 -89816
89922 -89912 -90063
89936 -89966 -89995
90088 -89851 -90069
89972 -90182 -90188
90025 -89968 -90159
89873 -90120 -90052
90032 -90054 -90026
89981 -90104 -90115
90089 -90137 -89879
90078 -90071 -89854
90009 -89954 -90145
89941 -89905 -89977
90052 -90081 -89870
90196 -89936 -89901
90175 -90168 -89857
90142 -90008 -89842
90167 -89988 -89840
90052 -89933 -90048
90073 -89849 -89976
89940 -90144 -90128
89822 -89913 -89979
89896 -89953 -90026
90076 -89868 -89913
90194 -90156 -90009
90089 -90186 -89885
90030 -89811 -90190
90179 -89884 -90105
90064 -90170 -90067
89966 -89830 -90130
90047 -89910 -90086
89813 -90162 -89835
90127 -90160 -89925
89979 -90029 -89983
89983 -90094 -90031
90046 -89992 -90030
89923 -90172 -89821
90040 -90003 -90035
89918 -89929 -90152
90034 -90114 -89911
89902 -90100 -89873
90170 -89986 -90002
90180 -90143 -89819
90114 -89990 -90136
89958 -89920 -89849
90137 -89856 -90036
89863 -90193 -89948
89855 -90081 -90099
90132 -89994 -90186
90155 -89993 -89811
90095 -89835 -90102
90099 -89964 -89968
90178 -90177 -89982
90056 -90159 -89913
90048 -89884 -90131
90152 -90107 -89978
89981 -90081 -89988
90183 -90123 -90094
90024 -89925 -90054
90131 -90111 -90143
90051 -90026 -90087
89941 -90157 -89993
90020 -90191 -89899
89929 -89909 -89970
89951 -90030 -89904
90109 -89833 -89804
90188 -89981 -89925
89986 -90097 -90154
90032 -89900 -89809
90174 -90013 -90117
89942 -89892 -90165
89860 -89948 -90089
89957 -90023 -90051
90163 -90011 -90163
90165 -90026 -90083
90129 -89813 -90018
90136 -90038 -89986
89916 -89947 -89891
90065 -89863 -89860
90029 -90192 -89927
89978 -89919 -90007
89866 -90034 -89856
90059 -89970 -90192
89820 -89885 -90018
90006 -90182 -89910
90115 -90140 -90117
89899 -89975 -89950
90125 -90038 -90153
90176 -89852 -89969
90041 -90001 -90053
90097 -90014 -90105
89866 -90149 -89879
90175 -90094 -90194
90135 -90109 -89874
89894 -89825 -90157
90039 -89893 -89812
89836 -90185 -90145
90123 -90105 -90021
89926 -90198 -90076
89950 -90039 -90101
89907 -89849 -90015
90006 -89809 -89932
90105 -89831 -89869
89918 -89990 -90091
90079 -90143 -90067
89809 -90024 -89832
90010 -89914 -90050
89988 -90006 -90117
89949 -89960 -89957
89983 -90185 -89863
89960 -89996 -89955
89842 -89990 -90016
89960 -89936 -90005
89917 -89920 -89970
90056 -90056 -90200
90197 -89945 -89955
89920 -90126 -89912
90123 -90087 -89833
90044 -89950 -90098
90162 -89883 -90011
89995 -90104 -89983
90085 -89912 -90001
89992 -90105 -89846
90123 -90156 -90069
89894 -89910 -89848
89936 -90164 -89935
89864 -90058 -89974
89859 -90023 -90044
89801 -89966 -89873
90050 -89861 -89938
90092 -90084 -89861
90148 -89958 -90074
90092 -89803 -90191
90047 -90093 -90059
89962 -90182 -90135
90196 -90092 -89923
89909 -90074 -90155
90107 -89986 -90126
90068 -90095 -90113
90077 -89927 -89926
89845 -90018 -89980
90106 -89908 -89910
90113 -89809 -89923
90121 -90150 -90031
89965 -90005 -89912
90053 -89992 -89948
90008 -90112 -89921
90086 -89846 -90129
89918 -90181 -89874
90187 -90026 -90150
90135 -89895 -90015
90060 -90055 -90178
90067 -89835 -89849
90099 -90102 -90051
90057 -90114 -89903
89922 -90107 -89914
89945 -89968 -90193
90136 -89842 -90153
89847 -90105 -90123
89983 -89826 -90123
90019 -90119 -89852
90134 -89895 -90183
90045 -89814 -90170
89818 -90020 -89955
89818 -90059 -89865
90063 -89963 -90089
89833 -90062 -89966
89852 -90047 -90154
89805 -90127 -90095
90061 -90076 -90085
90164 -89933 -89940
89968 -90023 -89828
89971 -89831 -90188
89945 -89906 -90031
90068 -89817 -90163
89820 -89950 -90121
90031 -90015 -89997
90149 -90050 -89955
89848 -89872 -89830
89937 -89862 -90124
89906 -90054 -90099
90150 -89834 -90162
89848 -89990 -90028
89854 -89965 -89936
89849 -89888 -89869
89805 -89918 -89969
89977 -89828 -90061
89810 -90179 -89808
90158 -89838 -89866
89960 -90177 -89897
89960 -90152 -90085
89913 -90054 -90069
89988 -90006 -90152
90058 -90131 -90098
89875 -90186 -90109
90005 -90087 -89901
90181 -90080 -90029
89851 -90125 -89965
89924 -89845 -90008
89806 -89806 -90054
89911 -90010 -89842
89819 -90053 -89909
89907 -90032 -90020
89901 -90062 -89859
90117 -89937 -90180
89977 -89979 -89908
90154 -90080 -90051
90016 -90170 -89833
89969 -89834 -89880
89829 -89849 -90030
90040 -90133 -89937
89967 -90112 -89850
90085 -90104 -89976
89848 -89883 -89829
90002 -90020 -90107
90081 -89969 -89824
90032 -90069 -90182
89931 -90182 -90120
90112 -90091 -90086
90064 -89975 -89848
89820 -89804 -89939
89877 -90042 -90140
89911 -90008 -89903
89968 -89838 -89987
89988 -90075 -90053
90028 -89869 -89828
90157 -90187 -90095
90097 -89955 -90196
90197 -90141 -90142
90124 -89811 -89891
89815 -90130 -89818
89891 -89806 -89881
89951 -89861 -90000
89930 -89856 -90041
90039 -90029 -89995
89921 -89803 -90076
90089 -89948 -90032
89817 -89917 -89992
90061 -89934 -90116
89841 -89813 -90196
89975 -90131 -89946
89925 -89922 -89943
89979 -90070 -90026
89871 -90057 -90027
90195 -89929 -90085
90031 -89944 -89902
90088 -90017 -89952
90038 -90087 -89824
89820 -90137 -90141
89968 -89816 -89909
90032 -90132 -90047
90089 -89900 -90054
90105 -89892 -90015
89854 -89994 -90164
90118 -89981 -90052
90091 -89835 -89927
89833 -90067 -90191
90024 -90116 -90165
89917 -90125 -90062
90137 -89817 -89853
90041 -90049 -90055
89955 -89903 -89981
90038 -89830 -89896
90098 -90023 -90122
89922 -90151 -89875
90110 -89905 -89895
89804 -89949 -89983
90047 -90035 -90075
90128 -90122 -90143
89895 -89824 -89947
90164 -90119 -89974
89932 -89914 -89851
90069 -90033 -89841
89961 -90119 -89858
89960 -89966 -90157
90190 -89845 -90144
90177 -89924 -90081
90013 -89866 -90046
90068 -90073 -89975
90048 -90001 -90181
90195 -89933 -89836
89816 -90024 -89879
89990 -90134 -90001
90165 -90046 -90068
89977 -89821 -89872
90010 -90025 -90175
89995 -89988 -90189
90186 -90180 -90066
89986 -89827 -90067
89974 -90043 -89874
90133 -90146 -90139
90107 -89932 -89977
89835 -90032 -89837
90149 -89923 -89862
90181 -90126 -90082
90025 -90113 -90138
90121 -89852 -90083
90083 -90194 -89918
89893 -89946 -89947
89944 -89939 -90133
90022 -89813 -90021
90161 -90118 -89881
89876 -90129 -90128
90089 -90031 -90174
90124 -89888 -89930
90018 -90054 -90158
89912 -89838 -90082
90196 -90175 -90181
90150 -89814 -89984
89926 -90083 -90017
90128 -89827 -90134
90183 -89957 -90199
90114 -89861 -89804
90103 -89948 -90184
90073 -90157 -90092
89924 -90176 -89876
89868 -90185 -90069
89894 -90106 -89992
90094 -90160 -89957
90170 -90153 -90073
90009 -89877 -90118
90072 -89917 -89890
89888 -90026 -90105
90099 -90196 -90193
90031 -90083 -89805
89946 -90007 -89994
89873 -90056 -90033
89995 -89969 -90151
89813 -90152 -89910
89869 -89809 -90061
89800 -90000 -90059
89804 -89891 -89825
90033 -90068 -89820
89933 -90193 -90026
89811 -89879 -89803
89949 -89935 -89804
90073 -90146 -89809
89862 -90166 -89841
89943 -90182 -90063
90131 -90098 -90132
89837 -90186 -89936
89994 -90133 -89867
89831 -89944 -89957
89837 -89976 -89831
89924 -89828 -90145
89936 -90098 -90018
89814 -90168 -89933
89874 -90112 -89903
90144 -89977 -90096
90080 -90061 -89946
90107 -89941 -90122
89966 -90010 -90110
90186 -90175 -89846
90114 -89847 -89983
89898 -89891 -90173
89863 -89813 -90180
89885 -89854 -89810
89968 -89872 -90162
90015 -90030 -90075
90082 -90179 -90077
89994 -90145 -89918
89958 -89908 -89986
90001 -89941 -90058
90090 -89858 -89846
89937 -90099 -90164
89828 -90032 -90016
89952 -90054 -90076
90121 -90036 -89994
89913 -89805 -89865
90100 -89840 -89980
89804 -90066 -90151
90152 -90177 -90153
90053 -90163 -89850
90148 -90125 -89821
90103 -89802 -90132
89860 -89969 -89868
90146 -90010 -90023
89899 -90111 -89960
89949 -90019 -90102
90060 -89811 -90030
90135 -90032 -89945
89924 -90074 -90160
89816 -90159 -89834
90112 -89928 -90086
89915 -89970 -90041
90055 -89891 -89951
90121 -90049 -89972
90075 -90004 -90152
90085 -89924 -90002
89840 -89911 -90166
89804 -89849 -89809
89856 -90172 -89925
90197 -89944 -90142
90020 -90122 -90121
90145 -89883 -89864
90157 -90152 -90176
89828 -89999 -89858
89997 -90067 -90071
90113 -90065 -89927
89916 -89994 -89918
90142 -90065 -90148
89975 -90057 -89996
90003 -89971 -89822
89952 -90146 -89995
89802 -90185 -89917
90051 -89891 -89881
89952 -89864 -90135
89896 -89897 -90199
89861 -90161 -90045
89865 -90138 -89969
90182 -90153 -90038
90069 -89820 -90080
89841 -89930 -90164
89921 -90164 -89976
89956 -89965 -90007
89837 -90101 -90070
89824 -90057 -89979
90119 -89899 -90122
89914 -90017 -89811
89917 -89954 -89953
90043 -89938 -90178
90108 -90186 -90032
89963 -90045 -89938
89927 -89864 -89917
89882 -90097 -90189
89891 -90040 -89950
89900 -90167 -90150
89867 -90168 -89840
90104 -89899 -89921
89834 -89990 -89999
90150 -89801 -89973
90170 -89891 -90048
90185 -89908 -90053
90013 -89982 -89980
90008 -89915 -89972
90178 -90113 -89947
90138 -89915 -89828
90156 -89870 -89948
89981 -90176 -89847
90077 -89992 -89873
90048 -90115 -89848
90166 -89912 -90132
90090 -90064 -90195
90070 -90149 -90065
89917 -90073 -90186
89991 -90083 -89935
90026 -89829 -89995
89846 -89966 -90070
89931 -90084 -90002
90017 -89831 -89913
90125 -89970 -89881
90109 -89962 -90107
90032 -90060 -90180
89950 -90173 -90112
90187 -90120 -89984
90107 -90167 -90143
89902 -89980 -89812
90083 -89835 -90061
89826 -89842 -90190
90069 -89996 -90195
89961 -89945 -89862
90179 -90024 -89921
90160 -90173 -90196
89895 -90134 -89808
90095 -90008 -89818
89891 -89989 -89945
90139 -90052 -90080
89970 -90055 -90124
90019 -89816 -90062
90189 -89891 -90046
90034 -89944 -90053
90023 -90183 -90005
89813 -89892 -90065
90174 -89824 -89876
89960 -90136 -89910
90001 -89872 -90184
90068 -89846 -90169
90104 -89915 -89817
89927 -90073 -90142
89803 -90141 -89919
90043 -89819 -90188
89849 -90035 -89926
89807 -89832 -89870
89816 -89941 -89963
89889 -90074 -89833
90135 -90047 -89938
90124 -90152 -90128
90074 -89961 -90080
89841 -90005 -89810
89830 -90046 -90014
89881 -90157 -90153
90095 -89881 -89949
89926 -89800 -90128
90054 -89810 -90145
90086 -90111 -90152
89867 -90121 -89936
90103 -89813 -89933
90126 -90057 -90137
89838 -89866 -89966
90012 -90176 -90072
90072 -90117 -90184
89967 -90138 -89828
90105 -89837 -90019
89902 -90153 -90189
90121 -90036 -89945
90150 -89912 -90060
89835 -89922 -90118
89965 -89940 -90130
89841 -89816 -90002
90005 -90191 -90071
89878 -90172 -90161
90108 -89896 -90171
89911 -90106 -89899
89952 -90162 -89989
89811 -90092 -90118
89890 -89838 -90054
89940 -89917 -90037
89819 -89914 -89806
90089 -89865 -89940
89955 -90018 -90025
90111 -89944 -90154
90177 -90150 -89811
89960 -90095 -89881
89965 -89973 -89862
89840 -89988 -89825
90188 -90124 -90193
90176 -89900 -89909
90063 -89985 -89809
90140 -89884 -89885
89989 -90057 -90074
90144 -89905 -89990
89943 -89838 -89999
89913 -89930 -90150
90143 -89833 -90119
90068 -90003 -90004
89850 -90097 -90038
89863 -90011 -90003
89809 -90124 -90058
89907 -90159 -90190
89902 -89947 -89979
89924 -89868 -90126
89952 -90034 -89965
90025 -89874 -90169
89943 -90034 -90066
89944 -89970 -89895
89952 -89954 -89892
89960 -89805 -89938
90118 -89878 -90128
90132 -90190 -89926
90158 -90102 -89903
90151 -90146 -90028
90076 -89960 -90156
89956 -90165 -90185
89867 -89972 -89941
90161 -89870 -90170
89916 -89903 -89961
89972 -90114 -90044
90064 -90133 -89860
89964 -89962 -90132
90056 -90081 -90168
89978 -90097 -90116
89982 -89897 -89964
89958 -89865 -89921
90114 -89955 -90141
90027 -90136 -90005
89806 -89874 -90158
90058 -90153 -90184
90053 -89946 -89950
89809 -90179 -90030
90053 -89985 -89839
89843 -89985 -89938
89829 -90164 -89980
90001 -89996 -90140
90134 -89868 -89862
89932 -89806 -90089
89951 -89855 -89986
89837 -89858 -89896
89951 -89903 -89838
90163 -89945 -89999
90108 -90106 -89933
90109 -90001 -89973
90027 -89915 -90046
89865 -90116 -90129
90026 -90115 -90152
89891 -90051 -89823
90075 -89852 -89837
89933 -89945 -89999
89917 -89846 -90124
89972 -90162 -90092
89905 -90114 -90036
90002 -90196 -89904
89935 -89912 -90014
89895 -90075 -89979
90004 -89917 -89865
90198 -90184 -90003
90187 -90143 -89836
90012 -89902 -89860
90148 -89800 -90028
90133 -89870 -89980
90108 -90143 -90019
89888 -90184 -90068
90059 -89820 -90119
89906 -89853 -90090
90090 -89808 -89895
90103 -89977 -89961
89914 -89916 -89822
89970 -90081 -89852
89840 -89876 -89971
90156 -89902 -90039
89992 -89850 -89933
90166 -90190 -90198
90107 -89959 -90120
90174 -90045 -90007
90130 -89869 -90078
89951 -90192 -89881
89809 -90009 -89853
89829 -89835 -90112
90026 -89830 -90162
90064 -89825 -90060
90031 -89875 -90184
89930 -90172 -90037
89888 -89852 -90188
89967 -90092 -90200
89823 -90059 -89984
89804 -90133 -90113
89825 -89913 -89871
89856 -89841 -89838
89832 -90077 -89916
90028 -90015 -90108
90180 -89916 -90048
90054 -90020 -90144
90163 -90179 -90080
90011 -90089 -89862
89833 -90004 -89807
89927 -90054 -90082
89928 -89900 -90140
89986 -90137 -90103
89847 -90132 -90021
89952 -89848 -89857
90048 -90036 -90123
89805 -89973 -89959
89844 -89924 -90059
90195 -90080 -89919
90093 -90077 -90152
90164 -89853 -89957
90105 -90031 -90028
89966 -89962 -89913
90059 -89913 -89984
90179 -90132 -89923
89893 -89865 -89829
89855 -90016 -90106
89993 -89979 -89889
89989 -89924 -89882
89960 -90098 -89918
90000 -89806 -90045
90170 -89840 -90093
90095 -89962 -89915
89825 -89910 -90149
89865 -90036 -90097
89944 -90127 -90047
89809 -90032 -90038
89900 -89961 -89819
89846 -90124 -90103
89951 -89990 -90162
89834 -90025 -90031
89859 -90121 -90085
89921 -90154 -89854
89848 -89824 -89917
90051 -89890 -90018
90026 -89981 -89886
89893 -90003 -90030
90096 -89883 -90056
89874 -90008 -89845
90032 -89915 -89989
89969 -89871 -89969
90154 -90183 -90075
89869 -89968 -90015
90083 -89948 -90081
90168 -89976 -89909
89901 -90118 -90087
89944 -90036 -89838
89906 -89969 -89880
89925 -89812 -89806
89863 -89903 -90144
89993 -90175 -89884
90132 -90199 -89952
89818 -89812 -89904
90069 -89888 -90078
89854 -89905 -89933
90171 -89953 -89854
89961 -90015 -90083
90031 -89829 -90074
90065 -90072 -89877
89984 -89886 -90053
90115 -89943 -90114
90070 -89803 -89971
89856 -90184 -89857
90181 -90158 -90060
89974 -90069 -90122
89919 -90133 -89806
90026 -89819 -89864
90118 -89909 -90002
89809 -90004 -89960
90199 -89914 -90140
90004 -90161 -90065
90062 -89865 -89867
89939 -90033 -89927
90114 -89876 -89887
90064 -90190 -89859
89809 -89901 -90106
90160 -89961 -90032
90077 -90052 -90102
89807 -90124 -90109
89929 -90143 -89816
89982 -90105 -90118
90028 -89911 -90045
89963 -90103 -89954
90192 -90062 -90060
89892 -90110 -89949
89892 -90017 -89845
90025 -89930 -89819
89831 -89948 -89840
90014 -89962 -90106
89930 -90174 -90131
89827 -89861 -90041
90035 -89804 -90089
89880 -89921 -89992
89815 -89957 -89844
90006 -89839 -90085
89971 -89910 -89901
90111 -89833 -90097
89856 -90196 -89855
89950 -90053 -90194
89903 -89870 -90107
90071 -89864 -89923
90093 -89873 -90118
89909 -90036 -89832
90107 -89969 -89938
90085 -89933 -90061
89891 -89880 -89826
89961 -90132 -90067
90109 -89846 -89986
90088 -89977 -90073
90145 -90164 -89848
89810 -89989 -90052
89926 -90156 -89845
89833 -89907 -90085
89861 -89906 -89828
90157 -89820 -90088
89957 -89990 -90051
90082 -90181 -90186
90049 -90017 -89978
90094 -90080 -90071
90075 -90098 -89831
89915 -89949 -90022
90104 -90195 -90079
90069 -89838 -89939
90016 -90106 -90079
89837 -90176 -90050
90177 -89944 -89959
90081 -90153 -90174
89847 -89975 -90094
89900 -90000 -89960
90125 -89856 -90171
89880 -89861 -89995
89918 -90169 -89905
90156 -89837 -89885
89821 -90076 -89826
89905 -89907 -90179
89989 -89964 -90099
89857 -89998 -89965
89977 -89868 -90109
89999 -90103 -90070
89834 -89893 -89912
90111 -89874 -89912
89866 -89980 -90000
90012 -89950 -90162
90064 -90004 -90039
89865 -89834 -89846
89836 -89857 -89882
90024 -90058 -90027
90020 -89879 -89873
89893 -89886 -90034
89896 -89830 -90069
90037 -89987 -89990
90097 -89964 -89817
90081 -90159 -90193
89938 -90148 -90151
90128 -89916 -89984
90156 -89899 -89978
89882 -90128 -90196
89835 -90022 -89801
90123 -89984 -89885
89872 -90061 -89986
90127 -89993 -90179
89969 -89913 -89869
90140 -89987 -90058
90019 -89862 -90141
89988 -90106 -89921
89893 -89918 -90151
89932 -90133 -89957
90032 -90077 -90073
90031 -90175 -90133
90014 -90022 -89816
89877 -90185 -90081
89928 -90126 -89891
90002 -89934 -90117
90104 -89987 -90145
90134 -89836 -89995
89931 -90147 -89909
89998 -89971 -90079
89985 -90022 -90013
89980 -90125 -90110
89857 -90148 -89936
89834 -89934 -90185
89909 -90076 -89913
89928 -90034 -90193
89942 -89866 -89931
89818 -90017 -90160
89884 -89808 -90111
89967 -89926 -90163
90195 -89825 -90160
89889 -89896 -89956
89834 -90129 -90149
90152 -89855 -89993
89852 -90146 -90062
90166 -89990 -89832
90138 -90014 -90005
90115 -90119 -89961
90095 -89829 -89825
90041 -89976 -89892
89979 -90046 -89849
90136 -89933 -89850
90090 -89938 -90057
89871 -89874 -89902
90145 -90110 -90189
90001 -89970 -90121
90046 -90071 -90109
90031 -89952 -89871
89912 -89920 -90185
89943 -90006 -90090
90113 -90083 -89903
89887 -90050 -89802
89916 -90146 -90162
90143 -90058 -90176
89968 -89867 -89900
89998 -90182 -90114
90134 -90104 -90094
89853 -89998 -89907
89899 -89858 -89806
89912 -90188 -90027
89984 -89951 -89978
90006 -90198 -89948
90198 -89988 -89917
89971 -90197 -89808
89869 -90042 -89989
89991 -89825 -90150
89955 -89873 -89802
89912 -90080 -90165
90117 -89823 -89886
89994 -89812 -90183
90188 -90039 -89905
89842 -89929 -89801
90035 -90003 -90178
90178 -89830 -89813
89800 -90139 -90134
90074 -89901 -89894
89938 -89902 -89872
90084 -90088 -90074
89904 -89839 -90148
90190 -89837 -90023
89961 -89859 -90102
90142 -90113 -90029
90121 -89885 -90011
89848 -90143 -89857
89899 -89802 -90107
90014 -89915 -90071
90193 -90103 -90181
90024 -89956 -89918
90104 -89974 -89988
89927 -89816 -90088
89826 -90150 -89800
89912 -89883 -90033
90164 -90019 -89863
90058 -90104 -90046
90027 -89846 -89964
89824 -90106 -89939
90049 -89823 -89867
90060 -89842 -89967
89898 -90059 -89926
90033 -89875 -90119
90105 -89871 -90060
90091 -90082 -89815
90153 -89995 -89825
89958 -89803 -89936
89806 -89981 -89833
89866 -89825 -90025
90009 -89815 -90130
90163 -89828 -89861
89924 -89999 -90003
89889 -90103 -90110
90178 -89938 -90152
90001 -89907 -89897
90063 -89886 -90012
90082 -90083 -90160
90187 -89805 -90163
90104 -89960 -90130
90012 -89801 -90058
90176 -90094 -89988
89958 -90132 -89956
89841 -89885 -89956
90100 -90000 -89993
89922 -89927 -89904
89902 -89841 -89845
90024 -89987 -90118
90053 -89876 -90180
90049 -89950 -90139
90056 -89855 -90071
90083 -89861 -90034
89895 -89830 -90111
90160 -90023 -89909
90016 -89814 -90032
90185 -90183 -89966
89982 -89920 -89905
90054 -89919 -90103
90050 -90113 -90106
90188 -90034 -90153
89943 -90141 -90138
89986 -89959 -89800
90040 -89868 -89867
90007 -89951 -89938
90178 -89846 -89954
89876 -89935 -89808
89971 -90128 -90124
90121 -89927 -89995
89893 -90102 -89834
89803 -90103 -89926
90043 -89997 -90040
90083 -90056 -90015
90002 -89882 -89869
89835 -90135 -90197
90175 -89908 -90003
89842 -90182 -90039
89925 -90150 -90177
89972 -90059 -89892
89970 -90005 -89962
90129 -90167 -89920
89989 -90038 -90088
90165 -90015 -90140
90138 -89842 -89897
89863 -89869 -90133
89862 -89817 -90011
90080 -89890 -89967
90033 -89994 -90059
90187 -90145 -90158
89823 -89972 -89986
89920 -90096 -90122
89894 -89944 -89846
90163 -89918 -89928
90013 -90105 -90101
90191 -90070 -90095
90149 -90067 -90142
90189 -89808 -89956
90119 -90176 -89909
89928 -90055 -90076
90169 -89959 -90009
89967 -90049 -89859
89843 -90186 -89937
90079 -90109 -90057
89893 -90036 -90123
89949 -89928 -90111
89824 -90081 -89872
90163 -90146 -90125
89932 -90089 -90056
89976 -90061 -90164
89871 -89986 -89808
90150 -89898 -89905
89906 -89900 -90097
89838 -89908 -90125
90144 -90046 -90058
90143 -89889 -89825
89993 -89808 -89928
90003 -89907 -90020
90101 -89982 -90071
90086 -90187 -90163
90049 -89906 -90025
90022 -90080 -90112
89915 -89990 -90050
89813 -90186 -89949
90155 -89886 -89999
90115 -89835 -90122
90173 -90012 -89982
89814 -90105 -89818
90196 -90123 -89916
90071 -89817 -90115
89871 -90146 -89852
90073 -89953 -90063
89911 -89978 -90007
90018 -90083 -89903
89981 -90067 -90002
89935 -89939 -90081
90144 -90190 -90163
89852 -90095 -89900
89936 -90074 -90190
89936 -90159 -89912
90189 -89875 -89858
90005 -90076 -89827
89911 -89850 -90167
-90042 89901 90156
-89930 90018 90111
-90077 90045 89856
-90127 89850 89834
-89987 90147 89964
-89930 90003 89941
-90140 90171 90055
-89860 89920 90180
-89995 89808 90197
-90139 89960 90110
-89993 89873 90000
-89977 90126 90187
-90188 90117 90099
-90093 89866 90092
-90053 89976 90063
-90118 89996 90173
-90016 90064 89928
-89914 90133 90152
-90180 89897 90132
-90166 90182 90130
-89977 89831 90186
-90001 90020 89950
-89961 90161 90060
-90162 90030 89947
-90024 89945 90025
-89810 90173 89927
-90113 90044 90083
-89988 90076 90195
-89947 90196 89846
-90070 89936 90084
-89908 89971 90058
-90095 89892 89877
-89801 90117 89967
-89881 90018 89882
-89912 90065 89998
-89943 90183 90118
-90099 89832 90013
-90002 90088 90083
-89816 89944 89868
-89884 89972 89904
-89911 89921 89888
-90151 90000 89881
-89864 90126 89833
-89995 90044 90151
-90084 89871 90001
-90092 89897 89992
-89933 89988 90132
-89987 89839 90062
-89820 90057 90090
-90009 90154 89810
-90174 89923 90174
-90029 89953 89877
-89818 89933 89877
-90095 89873 90158
-90122 89811 89920
-89902 90192 89854
-90139 89893 90036
-90113 89873 90197
-89817 89978 90176
-90108 90082 90089
-90153 89987 90170
-89952 89947 89991
-89849 90151 89976
-89818 90027 89983
-90172 89997 90094
-90173 90042 90153
-90033 89922 89845
-90050 89824 90117
-90078 90032 90043
-89868 89803 90138
-89975 89907 89991
-89826 89973 89855
-89865 89919 89882
-89821 90177 90052
-90181 89990 89889
-89923 89923 89929
-90184 89858 89866
-90107 90095 89815
-90059 90073 90193
-89986 90051 90027
-90011 90099 89901
-89965 89877 90175
-90199 90092 90109
-90024 90167 89969
-89802 90118 90039
-89833 89950 89806
-89870 90028 90134
-89965 90094 90160
-90021 90132 89836
-90158 90011 89966
-89920 89927 89984
-90191 90157 89935
-90072 90001 90184
-89828 89925 89933
-89978 90193 90054
-89921 90086 90175
-89979 90158 89946
-90068 90067 89983
-89989 90170 89803
-89932 89843 90172
-90053 89895 89876
-89840 90169 89912
-90043 89834 90030
-89901 89805 89849
-89891 90006 89885
-89887 90036 89845
-89803 89825 90151
-89981 89902 90168
-90163 89983 90001
-90196 89885 90144
-90048 90045 89919
-89977 90182 89810
-89972 89971 89982
-90085 89932 89996
-90077 90030 89860
-90041 90183 90142
-90045 90065 90142
-89830 89947 89931
-90029 89852 90047
-90113 90153 89898
-89892 89883 89886
-90025 89864 90194
-90057 89935 89988
-90151 90067 90184
-89874 89812 89886
-90002 89978 89986
-90173 89801 89882
-90084 90193 90116
-89968 89910 89819
-89992 89855 89998
-89961 90121 90021
-89833 89911 89835
-89828 90175 89919
-89939 89990 90199
-90025 90195 90027
-90178 89934 89930
-90004 89810 89980
-89897 89805 90016
-89954 90063 90140
-89983 89964 90126
-90010 89921 89853
-90067 90071 90099
-90014 90135 89868
-89880 89950 90190
-90089 90124 90138
-90108 89940 90036
-90002 89877 89846
-89992 89834 90131
-90018 90156 89966
-90009 90053 90063
-90111 89899 89881
-89927 89882 90077
-90034 89924 90159
-90108 89840 89817
-89845 89858 89859
-89827 89827 89959
-89844 90087 90094
-90188 90069 90167
-90035 90185 89853
-90157 89976 89972
-89921 89914 89896
-89871 89819 90053
-89987 89849 90191
-89984 90103 89831
-90131 89912 90159
-90105 90190 89906
-90168 89850 90153
-89804 90044 90176
-90035 90136 89958
-90039 89965 89939
-90161 90104 90120
-90107 90190 90117
-89966 90104 89882
-90135 90070 90079
-89842 90021 90141
-90172 90126 90018
-89809 89970 89924
-90171 89926 90155
-90173 90168 90188
-90132 89877 90107
-90143 90151 89819
-89876 89948 90144
-89935 89930 89876
-89903 90077 90110
-90073 89854 89976
-89801 90051 90175
-89852 89972 89986
-90014 89951 89947
-89971 90096 90155
-90194 90085 89987
-90021 89898 89864
-90133 90059 89864
-89852 89973 89874
-90050 89878 89861
-89926 89959 89993
-89803 90086 89940
-90041 90109 89984
-89872 89860 90197
-90147 89976 89859
-89871 89808 90092
-89814 89975 90034
-90173 90087 89964
-90030 89855 90121
-90042 90107 89835
-89897 89804 89816
-89801 89918 89872
-90130 89874 89959
-89831 90131 89924
-90008 90084 89837
-90089 89890 89849
-90132 89973 90000
-89951 89810 90120
-90188 89818 90001
-89986 90186 89985
-89873 90163 90092
-89967 90144 89847
-90195 90169 89807
-89923 89842 89802
-90102 89824 89903
-90143 89813 89970
-89816 89881 89977
-89922 90023 89896
-89811 90178 89922
-90120 89853 90051
-89998 90068 89806
-90093 89859 89940
-90115 89830 90183
-90086 90193 89857
-90045 90130 89974
-90175 90069 90130
-90000 89823 89997
-90087 89873 90198
-90039 90008 89935
-90023 90162 89851
-90180 90100 90196
-90148 89854 89917
-89967 89838 89942
-89863 89891 90008
-90060 90009 90139
-90071 89825 90072
-89932 89914 90076
-89860 89992 89932
-89853 90010 90023
-89924 90141 90022
-90100 89866 89807
-89967 89843 90108
-90079 90015 89980
-90042 90161 90120
-89894 90144 90022
-90164 89929 90023
-90018 90077 89839
-89985 90059 89883
-90069 89841 89941
-90139 90045 90144
-90153 90166 90080
-89876 89827 89990
-90133 90176 89828
-89885 89881 89860
-89807 90169 90159
-89899 89959 90017
-89999 90060 90199
-90154 89955 90076
-90164 90028 90084
-90144 89850 90102
-90033 89840 89903
-90091 90146 89807
-90140 89953 89894
-89936 89875 89998
-89908 89977 89824
-89968 89936 90025
-90007 90006 89852
-89899 89819 89894
-89929 90033 89824
-89810 90144 90158
-89943 90091 90138
-90119 89979 90178
-90165 89978 90100
-90020 90098 90162
-90028 90063 89995
-89957 90059 89943
-90189 90155 90141
-90199 89941 90146
-90022 89893 90176
-89815 90136 89853
-90096 90059 90169
-89978 90197 89914
-90079 89827 89847
-90123 90108 90088
-89831 90176 89984
-90124 90080 90030
-90127 90118 89923
-90129 89885 89910
-89855 89899 90083
-89943 89983 89955
-89821 89887 89909
-89853 90070 89915
-90063 90030 90168
-89843 89998 90065
-89869 89909 89937
-90095 89880 90072
-90161 89935 90147
-89950 90181 89972
-90196 90124 89966
-89966 89986 90058
-90086 89967 89866
-89830 90059 90118
-90065 89822 89992
-90044 90171 90053
-89801 89857 89893
-90163 89954 90164
-90166 89828 90010
-89845 89984 90017
-89860 90158 89845
-90048 89899 90167
-89989 90078 90043
-90010 89874 89882
-89888 90172 90070
-89882 90070 89908
-90080 90033 89941
-90040 90093 90026
-90013 90018 89923
-89982 89948 89954
-89963 89888 89827
-89968 89920 90068
-90056 89944 90182
-89892 90046 90155
-90055 89960 89866
-89966 89913 90125
-90096 89922 90009
-90089 89918 90141
-90200 89931 90024
-89912 90141 90138
-89802 90190 90194
-90007 90148 89908
-89813 89869 90017
-89980 89887 90008
-89873 89859 90138
-90168 90132 90067
-89817 89859 89918
-89857 89878 90148
-89912 90054 89956
-89991 89853 89896
-89968 89850 90065
-90036 90166 89801
-89974 90107 90114
-90144 89839 90082
-89877 90167 89815
-90053 89862 90151
-89975 89908 89976
-89801 90086 89946
-90175 90175 89800
-89998 89855 90196
-90162 89992 90124
-89971 89821 89831
-90005 89875 90041
-90036 89844 90107
-89834 90092 90054
-89814 89823 90036
-89806 89955 90181
-90182 89971 89903
-90020 89935 90052
-90059 89922 89897
-89984 90011 90139
-89846 90043 90145
-89866 89943 89919
-90155 90074 90082
-89962 89924 89973
-90058 89879 89828
-89901 89895 90072
-90012 89908 89834
-90123 90139 89978
-89980 90027 89934
-90065 90189 89982
-89804 89956 89816
-90108 89934 89911
-90188 90197 90091
-89880 89917 90037
-89927 89914 89974
-89852 90120 90094
-90141 89882 90064
-89803 90163 90163
-89963 89958 89886
-89936 89936 90134
-89862 90088 90011
-90173 89950 90167
-90199 90047 89891
-89933 90154 89982
-89978 89953 89986
-90012 89923 90014
-89968 89859 90000
-90001 89926 89821
-90026 89804 89868
-90050 90118 90017
-90140 90046 89961
-89833 90023 90091
-89832 90006 90109
-89998 90132 90147
-89975 89881 90050
-90061 89828 90107
-90183 89930 90088
-89905 90011 90132
-90004 90139 90193
-90141 90126 90065
-89909 90105 90200
-90163 89993 89967
-89828 89879 89988
-90000 90069 89861
-90114 89943 90008
-89894 89981 90112
-89924 90021 90142
-90063 89919 89902
-89817 89930 90126
-89880 89959 89895
-89821 89880 89933
-90066 90190 89893
-89838 89959 89830
-89810 89996 90092
-90187 90122 89938
-89875 89923 90056
-89963 89824 89845
-90039 89905 89979
-90072 89920 89978
-90139 89933 89875
-90037 90068 90135
-89901 90051 90074
-90058 89994 90102
-90063 89976 90091
-90093 89827 89849
-90067 90017 90086
-89843 89880 90110
-90131 90157 89831
-90101 89885 90123
-89875 90043 89913
-89852 90079 89856
-89888 89892 90178
-89984 89953 89811
-90035 90169 89866
-90009 90144 89856
-90000 90073 90022
-89895 90068 90148
-90100 89833 89960
-89954 90081 90056
-89845 90013 89864
-90152 90036 89873
-89917 90191 90004
-89854 89826 90157
-90097 90017 90177
-90007 89972 90005
-90160 90159 90188
-89949 90200 89972
-90025 89897 90054
-89931 89846 89892
-89808 89812 90163
-89830 90162 90109
-90036 89860 89935
-89913 89892 89817
-90173 90136 89914
-90005 89932 89839
-89810 90011 90116
-89842 90037 90041
-90022 90067 89810
-89947 89808 89954
-90117 89939 89817
-89971 89967 89926
-90084 90165 89962
-90073 89974 89825
-89917 90042 89827
-90071 89808 90149
-89974 90008 90139
-89920 90003 89808
-90183 89813 89814
-90107 90110 90149
-90060 90087 89930
-90113 90164 89845
-90135 90023 90116
-89990 89870 89883
-89802 90014 90128
-90106 90171 89852
-90135 89992 89979
-90069 89804 90096
-89978 90169 89988
-90120 90071 90128
-90192 90099 89979
-90181 89951 90004
-90096 90167 90151
-89994 89892 89908
-90023 90126 90050
-89900 89991 90147
-90170 89906 89955
-90095 90125 90133
-90014 89901 90007
-90066 90020 90102
-90022 90115 90040
-89884 90143 89916
-89874 90028 89905
-90111 90132 89943
-89835 89865 90005
-90017 89874 89927
-90169 90084 89862
-89869 90193 89829
-89811 90109 89916
-89963 89893 90046
-90079 89891 90187
-89870 89838 89920
-90066 90126 89834
-89983 89943 90118
-89874 89992 90018
-90035 89960 89987
-89855 89877 89835
-90165 89821 89872
-89834 90032 89986
-90147 89870 90096
-90065 90013 89955
-90181 89810 89975
-89834 90106 89976
-89846 90166 90143
-89910 89915 89873
-89984 90102 90113
-89981 90167 90189
-90168 90056 90149
-89864 90026 89899
-89806 89850 89993
-90037 89801 89840
-89949 90183 90128
-89994 89993 89967
-89993 90103 90054
-90001 89857 89886
-89870 89908 90085
-89822 90000 89945
-89941 89997 90062
-89813 90082 90094
-90127 90014 89811
-90002 90021 89813
-89920 90175 89878
-90103 90188 90160
-90014 90111 89888
-90023 89850 90120
-90182 90140 90174
-89820 90033 90109
-89943 89994 90056
-90038 90163 89810
-89863 89909 89838
-89865 89894 89861
-90003 89912 90172
-89987 90019 90040
-90008 90143 90077
-89907 90070 90018
-90136 90059 90162
-89932 90110 89987
-90034 89912 89929
-89921 90131 89837
-90113 90179 90138
-90166 90158 89975
-90074 90183 90172
-89822 89957 89812
-90112 89879 90125
-90058 89955 90037
-89913 90034 89968
-89830 89816 90034
-89918 89951 90165
-89917 89953 90161
-90148 89829 89925
-90015 89921 90142
-89884 89977 90143
-90027 90159 90048
-89831 90073 90052
-90171 89813 89948
-90117 90126 89922
-90030 89881 89914
-89884 90009 90152
-89869 89813 89863
-90063 89921 89955
-89976 90171 90062
-90137 89807 89855
-89952 90039 90173
-90077 89817 90067
-90076 90113 90164
-90052 90100 90123
-89980 90102 90129
-90005 89932 89805
-90158 89834 90054
-89812 90105 90017
-89955 90092 89930
-90041 90119 90147
-90084 89923 90185
-89910 89896 89932
-90096 90116 90105
-89975 90053 89851
-90193 90063 90195
-89986 89946 90050
-89872 90154 89827
-89835 89839 90177
-90181 89858 90165
-90033 90100 90096
-89834 89857 90071
-89859 89944 89995
-89960 89982 89803
-90151 89889 90019
-90064 89995 89854
-89945 89881 89953
-90143 89862 89973
-89810 89967 90061
-89954 90061 89998
-89930 90152 89844
-89987 90085 90157
-89818 90017 89922
-90040 89933 90065
-89955 90121 89816
-89988 90177 89931
-90058 89919 89827
-89979 90170 89955
-90000 90001 90068
-89995 90182 90163
-89958 89931 89867
-89841 89908 89843
-90161 90098 89893
-89983 89933 89963
-89975 90177 90012
-90046 89866 90152
-89809 90048 89979
-90164 89808 90089
-90185 90037 89984
-89811 90176 89855
-90131 90121 89984
-90116 89948 90148
-89904 90015 89853
-90176 90177 89905
-90162 90192 89852
-90187 90031 90074
-90132 90161 90083
-89802 89888 90038
-89867 90107 90195
-89826 90176 90069
-90151 89911 89970
-89849 89911 89951
-89901 89971 90079
-89958 89819 89984
-89859 90051 90134
-90138 90159 89973
-90044 89888 89961
-90176 89996 89897
-90146 90030 90119
-90026 89831 89875
-90067 89955 90001
-90052 89829 89937
-90149 90023 90143
-89856 89889 89856
-89864 90095 90187
-90007 90149 89881
-89826 90053 89941
-90108 89844 90102
-90123 90006 90134
-90083 89872 89800
-90010 90061 89834
-90032 90087 89860
-89928 90059 89924
-90131 90088 89811
-89943 89816 89977
-90129 90004 90092
-90111 89982 90005
-89999 90093 90120
-89961 89833 89942
-90135 89882 90158
-89987 90148 89860
-89968 90077 89864
-90042 90156 90149
-89841 89914 90183
-90087 90191 90046
-90033 89846 90054
-90144 89954 90159
-90133 89848 89847
-90155 89895 90160
-89909 89905 89808
-90050 90135 90090
-90084 89897 89966
-90106 90086 89831
-89817 90183 89897
-90178 90067 89964
-90162 89917 90192
-89870 90199 90052
-90049 90097 89803
-89984 89841 89979
-89927 89893 90170
-90194 89873 89842
-90073 89837 89826
-90113 89985 89916
-89935 89879 90058
-89975 89815 89906
-89901 90130 89996
-89942 89976 90144
-89818 89966 89802
-89941 90143 89885
-90063 90179 90174
-90035 89816 89983
-89884 89998 90131
-90062 90187 89942
-89873 90041 90159
-89837 90174 89876
-90147 90047 90064
-89953 90074 89987
-90140 89815 90012
-89986 90169 90008
-90026 90175 90004
-90097 89893 89945
-90105 90112 90072
-89843 89967 89951
-89808 89877 90090
-89972 90046 89935
-89977 89839 90188
-89940 89965 89960
-90099 89982 89890
-90116 90151 89985
-89831 89950 89852
-90086 90004 90142
-90102 89956 89896
-89800 90087 89905
-90009 89850 90086
-89895 89961 90099
-89850 89810 89825
-90181 90056 89863
-89809 90093 90108
-89846 90028 89876
-90184 90159 90174
-90006 90145 90014
-90051 90035 89869
-89970 89886 89843
-90105 90130 90181
-90108 89877 89991
-90171 89848 90073
-89994 90135 90172
-90147 90022 90141
-90168 90062 90129
-89811 89986 90093
-89868 90009 89897
-89929 89859 90098
-90194 90188 89964
-90144 89848 90187
-89913 89842 90140
-90168 89945 89916
-89817 89846 90182
-89864 90095 90174
-90186 89925 89982
-89859 90142 90004
-90022 90136 90155
-89938 90133 90091
-90078 89850 90186
-90076 90067 90006
-89928 90164 90185
-90096 90195 89819
-90140 89867 89854
-90090 89847 90155
-89900 89996 90066
-89830 89916 90172
-89855 90125 89856
-90164 89889 89824
-89853 90084 89880
-89992 89817 89953
-90185 90163 90081
-89951 90136 89864
-90123 90079 89930
-90146 89895 90031
-90110 89855 89817
-89824 90047 89844
-90132 89830 90106
-90115 89925 90167
-89849 90148 89887
-90165 89913 89982
-90120 89948 89863
-90119 90194 90169
-89854 90132 89902
-90016 89849 90077
-90056 89925 89837
-89918 89875 89937
-90075 90077 89919
-89899 90104 90064
-89822 89821 90158
-89872 90021 89966
-89858 90151 89813
-89802 89923 90160
-90056 90160 90048
-90090 90108 90064
-89840 90194 90051
-90094 89816 90000
-90171 89912 90152
-89917 90036 90105
-90037 89857 89807
-89931 89956 89981
-89974 90074 89959
-90151 89928 89853
-90018 90176 90156
-90088 90198 90113
-90123 89977 89920
-90021 90042 90197
-89872 90090 89868
-89894 90049 90199
-89885 90030 90073
-90140 90056 89809
-90115 89983 90119
-90166 89853 89979
-90191 89979 89971
-89954 90130 89930
-89839 90016 90017
-90166 89915 89819
-89932 89972 89911
-89890 90175 90031
-89800 89916 89869
-89835 90100 90160
-89821 89869 90150
-90015 89962 89954
-89871 89888 89865
-90081 89810 89883
-89836 89912 90105
-90055 89849 90169
-90000 89954 90108
-90063 90016 89956
-89802 90158 89861
-90019 89920 90184
-90154 90049 90188
-90074 90057 89831
-90157 90027 90081
-89843 89835 90115
-89828 90191 89976
-89910 90090 89907
-90151 90124 90052
-90189 89922 90088
-90191 90180 90186
-90129 90112 89861
-90114 90193 89849
-90043 89935 90193
-89954 90022 89991
-90139 90078 89977
-90154 90163 89823
-90133 90075 90087
-89815 90043 89852
-89946 89971 89866
-90049 90021 90131
-89906 89831 90141
-90133 89893 89887
-90140 89800 90163
-89955 90056 90132
-89950 89939 90047
-89899 90076 90154
-90015 90043 90195
-90198 90139 89891
-90074 89810 89905
-89920 89970 89826
-90058 90115 90119
-89801 90122 90147
-89859 90162 90096
-90056 89984 89863
-90023 89921 89885
-90007 90013 90075
-90177 89921 89879
-89856 90177 90134
-90138 89953 89829
-90024 90191 90161
-90131 89847 89833
-90054 90128 89802
-89943 89917 89840
-90170 89910 89925
-89873 90131 90121
-90011 89913 89835
-90187 89867 90060
-90196 89960 90008
-90024 90192 90199
-90157 89846 90040
-89907 89928 89906
-90070 90115 89868
-90024 89946 90046
-89891 89908 90089
-90078 90144 89837
-90069 90197 90143
-89829 89821 89815
-90128 89961 90162
-90088 89987 89936
-90054 89969 89914
-90000 89927 90000
-90167 90158 89889
-89851 89904 89860
-90019 90055 89986
-89985 89936 90077
-90130 89978 90053
-90038 90190 89843
-89958 89819 89952
-90080 89805 90115
-90036 89813 89906
-89859 90014 89878
-89871 89929 89874
-90088 89989 90195
-90007 90118 89866
-90194 90009 90034
-90180 90063 89928
-89861 89831 90018
-89966 90183 90118
-89830 90085 90122
-89916 89910 89826
-90057 90007 90072
-90109 89853 89850
-90139 90014 89892
-89901 90147 89820
-90066 90105 89846
-90192 89829 90140
-90118 90087 89824
-90199 89883 89962
-90187 89806 90121
-89919 89929 89906
-90045 89959 90024
-89910 89856 89920
-90069 89939 89820
-89937 90088 89983
-89999 89809 89938
-90095 90045 90190
-89991 89990 90097
-89883 89909 90036
-90041 89861 90167
-90197 90129 90027
-89968 90011 90119
-89979 89868 90011
-89988 90143 89842
-90120 89817 90040
-89960 89852 90191
-90071 90065 89904
-90008 90038 90129
-90043 89969 90117
-90027 90082 89858
-90197 90192 89880
-90094 89856 89887
-90073 89959 90098
-89880 90052 90156
-90094 90057 89975
-90043 90086 89861
-89804 90001 89839
-90012 90098 90003
-90010 89821 89852
-89974 90100 89860
-90020 90060 90074
-89842 89841 90061
-89952 89840 89887
-90114 90026 90165
-90107 90076 90106
-89802 90170 89932
-90178 89816 90033
-89869 89907 89853
-89993 90151 89982
-89947 89831 90032
-90106 90087 90077
-89881 90068 90077
-89990 89889 90070
-90120 90042 90089
-89847 90104 89969
-90128 90016 89810
-90087 90108 90178
-90080 89876 90078
-90096 89930 90190
-89966 89940 89899
-90077 89907 89804
-89927 90148 89808
-90150 90168 90032
-90005 90090 89966
-89903 89955 90000
-90104 90047 90093
-89987 89940 89986
-90053 89860 90116
-90050 89829 90031
-90116 89921 89982
-90124 90200 89922
-89982 89912 89856
-89922 89999 89970
-90162 89902 90106
-90198 89903 89922
-89972 90150 89951
-89885 89883 89975
-89991 89924 89828
-89869 89993 90199
-89999 90017 89854
-89811 90143 90034
-90096 89815 89842
-89987 89870 90066
-89855 90178 90100
-89975 89972 89866
-89800 90133 90198
-89858 90102 90066
-89841 90101 89929
-90035 90173 89872
-89850 90161 90108
-90111 90186 90127
-89945 89902 89982
-90157 90131 90128
-90031 90124 89830
-90184 90155 89829
-90048 89947 90155
-90030 90036 90174
-90066 89900 89863
-90070 89819 89839
-89998 89817 89940
-89898 90160 90138
-89867 90028 89937
-90093 90188 89939
-89933 89949 90159
-90187 90079 89909
-90122 89956 89961
-90181 89811 89938
-90050 89855 89970
-90168 90111 90058
-90004 90121 90185
-90074 90069 90093
-89956 89891 90143
-90011 89919 89931
-89937 89894 89868
-89935 89849 90064
-90003 90054 90012
-89812 90114 89956
-89984 90168 89824
-89975 90168 90112
-89948 90164 90157
-90036 89941 90053
-90146 89867 90102
-89812 90099 90146
-90132 89834 89881
-90167 89941 89874
-90190 89810 89966
-90007 90057 89925
-89954 89820 90096
-89824 89959 89888
-89811 89980 89834
-90046 90035 89862
-89907 89816 89842
-90039 89967 89993
-89982 90065 89944
-89905 89841 90188
-90122 90093 90160
-90078 90140 90153
-89959 89865 90188
-90039 89809 90150
-89933 90177 90189
-89940 89894 90104
-89941 90018 89943
-89922 89838 89954
-90126 90062 90102
-90099 90136 90164
-89827 89898 90032
-89808 90049 90184
-89954 90049 89886
-90080 90135 90030
-89919 89877 89856
-90196 89808 89874
-89862 90145 89920
-90119 90052 89897
-89925 89995 89889
-89843 90058 90128
-90032 90128 89932
-89817 90053 90071
-89860 90066 89991
-89869 89858 89903
-89980 89939 89835
-89860 90093 90105
-89897 89913 90139
-90166 90156 90056
-89956 89917 90007
-90144 89810 90197
-89880 89954 90037
-90005 89960 90172
-89853 90046 89897
-90193 90047 89812
-90111 89926 90194
-89822 90173 90021
-90114 89844 89956
-90004 90190 90129
-89872 90128 90052
-90119 90172 89992
-89877 89987 90177
-90052 89983 90198
-89980 89905 90001
-89812 90008 89954
-89809 90173 89915
-90171 89979 90145
-89920 90159 90175
-90014 89986 90189
-89811 89875 89944
-90164 90143 89946
-89819 90169 90031
-90083 89961 90107
-89910 89993 89981
-90123 90136 89844
-90148 90065 89959
-90124 89989 89888
-89897 90187 90091
-90035 89872 89924
-90077 90097 89841
-89990 90098 90077
-90007 90075 89800
-89987 89814 90107
-90005 89863 90060
-90174 90167 90147
-89826 89876 90088
-90022 90151 90182
-89988 90138 90130
-89835 90005 90160
-89952 89827 90088
-90165 90030 90152
-90199 89952 89933
-90166 90040 90165
-89967 90185 90098
-90188 90078 89814
-89914 89985 89890
-90162 89921 89881
-89857 90081 89992
-89811 89842 89852
-90097 89988 90040
-90187 89921 89908
-90154 90104 89916
-90159 89923 89966
-89927 89984 89873
-90063 89858 90157
-89913 89915 89984
-90096 89990 89883
-89888 90086 89891
-89963 89943 90093
-90167 89811 89876
-89858 89897 89976
-90194 90117 90159
-89880 89948 89948
-89928 90002 90077
-90196 89806 89932
-90156 90078 89955
-90071 90158 89993
-90113 90043 90044
-90126 90131 89821
-89937 90161 89970
-89938 89865 89870
-90084 90146 89918
-89954 90139 89942
-90172 90103 89887
-89887 89809 90038
-90015 89903 89982
-90125 89829 89870
-89972 89828 90086
-90011 89879 90132
-90148 89826 90112
-90041 90051 89990
-90077 90200 89889
-90102 90047 89878
-89854 90088 90066
-89951 89852 89809
-89851 90040 89881
-89955 90115 89849
-89925 90156 90015
-89845 89806 89846
-90035 90145 89950
-89900 90045 89928
-90113 90197 89830
-90042 89962 90056
-90102 89993 90129
-90021 89881 90000
-89805 90117 90154
-89935 90018 89951
-89978 89844 89944
-90021 90164 89972
-89993 89854 89974
-90154 90085 89916
-90187 90169 90050
-89939 90134 89876
-89944 89933 89840
-89894 89916 89882
-89879 89957 89885
-89873 89995 90067
-90047 89861 89873
-90099 89893 89812
-90113 89844 89900
-90057 89884 89846
-90121 89806 90177
-90006 89907 90116
-89917 90197 90039
-90143 89809 89945
-89986 90195 89904
-90002 89965 90006
-89875 90078 89800
-89958 90123 90161
-90179 89844 89929
-90127 90190 90143
-89940 89864 89946
-90009 90074 89816
-89804 89905 89877
-89853 89815 89918
-89809 89972 90151
-90050 90132 89838
-90016 89949 90092
-89879 89872 90199
-90015 90170 89893
-90176 90064 90035
-89855 89911 89971
-89882 89976 90044
-89965 89898 90138
-90108 89935 89886
-89980 89831 89946
-89946 90053 90086
-89896 90184 89848
-90034 89887 89987
-89844 89908 90040
-90056 90099 90025
-89908 90108 90070
-90166 90106 90119
-90117 89988 89831
-90051 90032 89868
-90170 89813 89933
-90185 90100 90160
-90108 90113 90142
-89902 89990 90139
-90016 90148 90109
-89811 89874 90113
-89878 89916 89841
-89906 90159 90076
-90080 90018 90011
-89889 89984 90135
-90156 90180 89903
-90107 90166 89981
-89943 90169 89990
-90139 90198 90128
-90115 90145 89803
-90198 90113 89968
-90086 89889 90088
-89982 89808 89965
-90045 90099 89862
-89928 90071 90172
-89990 90032 90177
-90061 89872 89933
-90164 90060 90125
-90127 89872 90165
-89856 90062 89941
-90118 90041 90034
-90103 90125 90189
-90084 90095 90029
-89884 90188 89850
-89876 89841 89921
-90021 89989 89923
-89996 90116 90155
-89822 89829 89962
-90061 90170 89903
-89840 90186 90155
-89845 90170 89999
-90051 90076 89976
-90114 89940 89876
-90028 90099 90094
-90057 90126 90153
-89833 90133 90015
-89803 89836 89963
-90031 90097 90135
-90011 89859 89820
-90073 89984 89917
-90112 90115 89975
-90151 89894 90088
-89832 90193 89939
-90076 89938 90124
-90131 89822 89806
-89888 89889 89950
-90090 89954 90171
-90164 90150 89816
-89948 89884 89918
-90064 90071 90187
-90052 89893 90087
-89872 89981 89905
-89864 89984 90143
-89894 89884 89994
-90189 89947 90190
-90067 90115 89917
-90028 89944 90170
-89938 89988 90158
-89911 90185 89868
-90092 90200 90179
-89811 89880 90026
-90109 90088 90062
-90186 89979 89868
-90133 89826 89997
-89882 89822 89819
-89965 90153 90057
-90093 90021 90045
-89842 90014 90158
-90062 90133 89997
-90124 90013 90142
-89856 89907 90177
-90026 89891 89963
-89966 89958 90171
-89818 89957 89907
-90167 90120 89986
-90078 90011 89924
-89900 89900 89864
-89844 90026 90144
-90058 89884 89951
-90131 90160 89893
-90105 89855 90186
-89807 89895 89814
-90095 90048 89867
-90065 90160 89924
-90142 89933 89945
-90140 89838 90035
-90094 90071 89866
-90166 89996 89807
-90053 90024 89919
-90171 90052 90007
-89836 89906 90151
-90108 89842 90042
-89984 89990 89801
-89914 90104 89885
-89800 90128 89840
-89832 90189 90157
-89945 89927 89887
-89939 90033 90062
-90056 90096 89932
-89964 89895 89968
-89818 90075 90070
-90018 89957 89893
-89944 90042 90051
-89807 89930 89971
-89839 89963 90139
-90035 90192 89817
-89866 89936 89818
-89811 90162 89831
-89818 89852 90092
-89920 89828 89835
-89994 89959 90077
-89833 90004 90065
-89953 90110 90070
-89982 89937 90131
-89862 90065 89813
-90137 90184 89949
-90057 89921 90027
-90092 90028 89812
-89821 90020 89871
-89859 89854 90131
-90059 89817 90000
-90105 89846 89817
-89807 89983 90090
-89807 90087 89892
-89843 89825 89899
-89952 90037 90041
-90189 89841 89802
-90052 89963 90098
-89801 90006 90101
-89999 89937 89845
-90179 90128 90193
-90053 90108 90086
-90096 90148 90021
-90055 89887 90120
-89857 89956 90030
-90113 90186 89982
-89844 89895 90113
-90063 90179 89824
-90191 90049 89900
-90070 89806 90146
-90086 90011 89889
-90092 89892 90057
-90144 89977 90058
-89942 90078 89875
-89813 89819 89974
-90141 90004 90075
-90160 89837 89878
-89915 90050 90114
-90064 89951 89826
-90046 89862 90134
-90071 89813 89881
-89822 90189 89944
-89975 89974 90099
-89887 89836 89956
-90008 90046 89903
-90132 90073 89855
-89818 90168 90123
-90162 89931 89928
-89860 90104 90153
-90179 89957 90082
-89980 90140 89950
-90115 90056 89822
-89968 89828 89953
-89846 89950 90097
-90023 89824 90129
-90031 90146 89864
-90176 90052 89960
-90008 90021 89867
-90037 90085 89958
-90155 89980 90072
-90153 89849 89861
-90056 89982 89996
-89945 89810 90183
-90142 90116 89839
-89934 89982 89923
-90099 89914 90167
-90104 90017 90093
-90187 90149 90043
-90158 90050 90120
-89856 90189 89967
-89890 89935 89829
-89975 90193 89824
-90069 90182 90137
-89930 89883 90110
-89801 89966 90083
-90062 90024 90059
-89969 89892 90063
-90114 90114 90092
-89876 89976 90075
-90167 89943 89840
-89963 90045 89970
-89839 89922 89976
-89903 90021 90165
-89851 90174 89811
-89991 89823 89920
-89854 89897 89996
-90003 89974 90129
-89988 89960 89851
-89922 89825 89890
-90093 90031 90129
-89936 90177 90134
-89892 90117 90028
-89846 90055 90079
-90076 89988 89855
-89945 90077 89883
-90047 89941 89963
-89824 89932 90053
-89925 90023 89974
-90063 90161 90167
-90073 90006 89964
-89891 89817 89871
-90096 89867 89897
-90009 89892 90187
-90027 89989 90055
-90007 90069 90178
-89876 90049 90033
-90036 89829 90062
-89835 90015 89891
-89846 90144 90177
-90094 90037 90032
-90143 90101 90111
-90082 90142 89982
-90195 89876 89821
-89860 89839 89974
-90178 90081 89888
-89994 89870 89958
-89955 89947 89894
-89805 89852 89828
-90083 90133 89815
-89970 90017 89955
-90189 90118 89810
-90107 89947 90195
-90200 89940 89997
-90032 89838 89886
-89913 90054 89848
-89911 89996 89967
-89829 90115 89802
-90159 89814 90083
-89828 89888 89879
-89964 90067 89841
-90159 89855 90145
-90042 89856 89864
-89819 89816 90166
-89804 90155 89985
-89801 90107 89887
-89975 90022 90098
-90121 90021 89929
-89934 90053 90053
-90070 90143 90110
-89835 89856 90157
-90149 90118 90177
-89824 89816 90000
-89858 90189 90163
-89908 89841 89974
-89986 89952 89873
-90084 90113 90149
-89935 90096 89988
-90022 89984 89947
-90200 89992 90060
-90050 90093 90123
-89895 89825 90159
-90163 90087 89819
-90171 89895 90171
-90166 90126 89955
-90088 89966 90159
-89998 89814 90190
-90188 89826 90127
-89986 90080 90030
-90132 89884 89948
-89909 90087 89850
-90087 90198 89995
-89806 89878 90093
-89949 90110 89954
-90140 90067 89864
-89996 90180 89916
-90192 90038 89933
-89931 89919 90121
-89988 89844 89931
-89849 89843 89969
-90084 90064 90082
-90056 89969 90146
-90025 90004 90144
-90058 89832 89951
-90198 89962 90089
-90151 90010 90053
-90038 89881 90088
-89880 89859 89909
-90171 89954 90105
-89825 90164 89852
-90080 90064 89905
-90103 89888 89993
-89903 89816 89962
-89808 89824 90153
-90185 90090 89873
-90100 90073 89968
-90042 89971 90161
-89883 89802 89910
-90002 89968 89990
-90033 89968 89904
-90060 90010 89812
-89974 89853 89890
-89904 90046 90102
-89958 90128 90099
-89838 89956 90064
-90117 90071 89937
-90174 90007 89941
-90120 90155 89831
-89880 90151 90124
-89930 90114 89960
-90021 89950 90181
-89846 90186 90044
-90154 89845 89844
-90070 90053 90008
-90057 89931 90186
-90003 89865 90047
-90078 89878 90107
-89902 89999 89934
-90184 90121 89887
-90058 89992 89827
-89890 89991 89821
-89968 89872 90102
-89895 89841 90125
-90021 89814 90075
-89859 89958 89834
-89972 89842 89973
-89916 90039 90196
-90063 89835 90141
-89988 90030 89851
-89895 90066 90046
-90085 90116 89917
-90185 90061 90056
-89820 90079 90167
-90080 90001 89892
-89803 89861 90124
-89839 90200 90143
-90025 89852 90122
-90059 90070 90076
-89916 89839 90096
-90035 89807 89880
-90011 89928 89920
-90170 90139 89861
-90052 90071 90159
-90147 90001 90019
-89858 90005 89965
-89911 90083 90045
-89951 89916 89810
-90069 89820 89861
-90193 89903 90173
-90087 89903 90042
-89947 90065 90038
-89975 89914 90175
-89885 89817 89861
-89889 90199 90166
-90028 89933 89891
-90028 90004 90120
-89941 90063 90145
-90013 90036 90014
-90133 90169 90093
-90049 90168 89930
-90007 89844 90125
-89974 90198 89904
-90114 89892 89818
-89965 90135 89925
-89998 89843 90093
-89842 89827 89959
-89856 89812 89943
-89861 90025 89913
-89860 90178 90102
-90064 89919 90164
-89848 90140 90073
-90093 89808 89875
-90128 89818 89863
-89804 89895 90084
-89903 89815 89883
-90139 90001 89849
-90063 89855 89877
-90010 90062 89881
-90028 89861 89956
-90052 90165 89991
-89800 89812 90115
-90105 89942 90107
-89854 89833 90078
-90013 90051 89950
-90097 90024 90136
-89857 89999 89901
-89924 90039 90005
-90071 89910 89847
-90018 90181 90126
-90010 90185 90174
-89971 90116 90000
-90151 90134 90055
-89821 89925 90144
-90102 90042 90094
-90199 89979 89896
-89815 90002 90073
-89897 90009 90042
-89914 89899 90131
-89927 90104 90159
-90152 89958 89902
-90092 90127 89860
-89848 90059 89949
-90114 89893 89954
-90122 90125 89877
-90081 90031 90114
-89828 89884 89922
-89938 90013 90121
-90154 89807 89828
-89804 89953 90176
-89993 90040 90185
-90068 90145 89963
-90034 89967 89963
-89946 90075 89814
-90126 89910 89810
-90022 89855 89876
-90001 90129 90082
-90114 89887 89844
-90057 89822 90064
-90060 90007 90011
-90031 90118 89906
-89966 89990 89947
-89846 90162 90091
-89923 90037 89989
-90167 89881 90013
-89978 89994 90178
-90112 89994 90199
-90146 90093 89858
-90071 89873 89996
-90111 90021 89838
-90172 90161 90148
-89833 90137 90009
-90078 90064 90073
-89806 90166 90192
-90132 90182 89858
-90122 90039 90028
-90000 89960 89885
-89954 90175 89901
-89950 89806 90073
-90164 89892 89866
-89872 90060 89909
-89822 90005 89923
-90178 90189 90087
-90183 89852 90077
-90112 89849 89874
-90191 90012 90075
-90005 90086 89837
-89898 89991 89963
-89846 90154 90033
-89897 89828 90015
-90002 90188 89840
-89897 90141 89872
-89853 89876 89883
-90035 90142 90118
-90042 90167 90115
-89985 89832 89886
-89876 89926 90014
-90151 90163 90167
-90109 89864 90135
-89954 90196 90155
-90093 90042 90157
-90028 90038 90066
-90175 90009 90151
-90092 89928 90072
-90027 89819 90127
-90091 89800 90088
-90153 90146 89926
-90046 89801 90120
-90049 89844 89825
-89959 90018 89900
-90111 90080 89969
-89956 90049 90100
-90045 90076 89804
-89922 89823 90078
-89968 89963 90020
-89862 89901 89810
-90052 90052 89836
-89973 90035 89897
-89822 90017 90020
-90028 89804 89954
-89987 89966 89845
-90102 89965 90028
-89975 90046 89855
-89996 90053 89936
-90081 89960 89925
-90123 89969 90107
-90011 89973 90198
-90004 89859 89931
-90105 89876 89997
-89872 89889 90042
-90001 89927 90004
-89806 89941 89906
-89975 90063 89965
-89892 90124 89994
-90122 90161 90110
-89939 90100 89980
-90004 89848 89996
-89865 90106 89944
-90091 90172 90146
-89949 89817 90018
-90108 89832 89966
-89942 89864 90127
-90156 90008 90041
-89822 90110 89837
-90068 90145 90036
-89918 89987 90044
-90012 89965 89979
-90009 90175 89833
-90102 90021 89964
-90054 90007 90058
-90122 90101 89917
-90132 89845 90023
-90124 89987 89914
-89884 90172 90082
-89988 90168 90127
-89901 90056 89802
-90082 90114 89922
-89819 89875 90165
-90195 90007 89976
-90036 89866 89959
-90170 90027 89912
-89961 89908 90157
-89950 89878 89814
-90020 90018 89894
-89850 89997 89979
-89944 89828 89845
-90113 89908 90048
-89935 90031 90194
-89821 90170 89994
-90148 89859 89883
-89948 89871 90002
-90196 89927 89913
-90145 90187 90102
-90151 89969 89803
-90085 90090 89829
-90195 89822 90157
-89855 90180 89965
-89813 90171 90166
-90098 90064 89873
-90179 89866 89845
-90046 90047 89997
-90025 90020 90025
-90068 90056 89894
-90193 90003 89981
-89943 90200 89991
-89836 90173 89818
-89940 90067 89921
-90021 89971 89927
-90061 90101 89815
-89908 90090 89849
-90100 90021 90049
-89861 89954 89858
-89863 89839 89867
-89908 89950 90159
-89927 90016 89860
-90012 90146 89974
-90176 89921 90182
-90093 90079 90140
-90117 90141 90176
-90026 90168 89975
-90151 90153 89842
-89894 90107 90158
-89940 90114 90175
-89817 90093 89852
-90042 89961 90087
-89883 89959 89881
-90078 90081 90027
-90099 90173 89869
-90185 89866 90062
-90036 90128 90182
-89853 89885 90087
-90150 90102 90173
-90144 90181 89978
-90012 89818 89852
-89841 90129 90037
-90088 90095 90039
-89989 89836 90096
-90008 90152 89865
-90024 89906 89929
-89948 89981 90092
-90047 90144 89822
-90008 89832 90022
-90148 90188 89844
-89830 90002 89848
-90110 90020 89873
-89957 89987 89832
-89835 89842 90146
-89853 89870 90074
-90059 89929 90135
-90096 89851 89849
-89908 90100 89867
-90134 89813 89883
-89831 89905 89820
-89868 89985 90093
-90058 90135 89848
-89951 90145 89944
-89922 90190 90020
-90049 89950 90033
-89947 89886 90032
-90004 90047 90126
-90154 90022 89846
-89936 90184 90165
-89825 90131 90095
-89962 89973 90173
-89808 89896 90023
-89816 90197 89965
-89882 90062 89941
-90179 89852 90008
-90013 89978 90037
-90079 90108 90102
-89953 90185 90063
-89972 90070 90070
-89835 90127 90045
-89983 90028 90002
-89940 90060 89906
-89993 90150 90026
-90045 90140 89906
-89876 90009 89941
-90109 90147 89941
-89983 89938 89898
-89846 90078 89811
-89896 89857 90108
-89888 90051 89823
-89915 89952 89818
-89876 89855 90195
-90166 89933 90117
-90103 90099 89824
-90197 89932 89975
-90121 89820 89885
-90027 89997 89806
-89892 89835 90040
-90197 89912 90067
-89939 89985 90012
-89835 89996 89822
-89824 89982 89911
-89984 90145 90099
-90191 89988 90145
-89856 90195 90010
-89971 89913 89854
-89803 90133 90137
-89840 89823 90189
-89928 90174 89839
-89967 89817 90058
-90118 90142 89946
-90196 89994 90002
-89896 89886 90078
-90061 89813 90099
-90151 89948 90159
-89817 90114 90044
-90179 89988 90118
-89987 89835 89862
-90002 89836 90014
-90152 90048 90137
-89941 89843 89872
-90173 90126 90200
-90148 89940 90132
-90167 90129 90066
-90026 90134 90032
-89933 89954 90054
-89932 90174 90152
-89827 90151 89817
-89842 89971 89950
-90062 89968 90042
-89867 90108 89903
-89896 90105 90009
-90136 89971 89973
-90189 89849 90091
-89839 90103 90047
-89839 90186 89823
-90167 89847 90161
-90136 89840 89876
-90010 90038 90192
-90089 90130 90133
-90169 90143 90055
-90014 89960 89875
-89916 90050 90083
-89893 89920 90114
-89804 89841 89883
-90112 89994 89997
-89987 90046 90165
-90170 90140 89883
-90118 89887 89802
-90097 89823 89924
-90088 89973 89833
-90182 90093 90199
-89924 89819 90147
-90082 89893 90108
-89813 90171 89955
-89895 89857 89974
-90033 89951 90024
-89972 89967 89930
-90092 89885 89919
-89951 89926 90116
-90122 89977 90102
-90040 89841 89801
-89919 89961 89924
-90007 89903 89989
-90154 89939 90146
-89912 89801 90190
-90135 90131 89976
-90046 89865 90051
-90106 90007 89952
-90071 89982 90105
-90071 89909 90072
-90044 89863 90084
-89807 90087 90028
-89967 89967 90058
-90105 90120 89973
-89991 89991 90006
-90016 89960 89844
-90025 90147 89949
-89880 89959 89897
-90173 90037 89888
-90167 90081 90149
-90074 90073 90171
-90199 90098 89969
-90164 89865 90025
-90169 89870 89956
-89895 89900 89817
-90136 90142 89977
-89960 90057 89832
-89879 90145 90002
-89929 89836 89833
-89998 89932 89826
-90088 90030 89960
-90090 89819 90025
-90044 89944 90176
-89807 90149 90094
-89846 90034 90075
-89975 90138 90073
-89938 90198 89892
-89883 90037 89953
-89950 89941 89974
-89889 90094 90150
-89823 90028 90050
-90163 90001 90053
-90169 90094 89877
-90030 89973 89970
-89827 89806 90185
-90060 89879 90139
-90087 90101 90006
-89945 89827 89838
-89973 90060 90044
-90046 89977 90059
-90147 89874 89840
-89859 90168 89983
-89831 89812 90036
-89939 89830 90049
-89824 90025 90124
-89803 89817 89888
-89804 89999 89983
-89874 89934 90121
-90119 90169 89855
-90048 89885 89811
-90069 89984 90039
-90165 89891 89813
-89916 89821 89879
-90000 89849 90009
-89918 89879 89864
-90025 90083 90119
-89977 89924 90019
-89959 89829 90122
-89873 89943 89962
-89903 89852 89874
-89891 90157 90049
-89902 89884 89815
-90160 90125 90038
-89828 90180 90019
-89809 90145 90019
-90068 90139 89989
-89999 90134 89831
-89820 89899 89966
-89922 90050 90025
-90034 89983 90060
-90043 90067 90182
-89904 90060 89857
-90129 90026 89892
-89888 90161 89851
-90071 89964 89920
-89893 90004 89990
-89989 90045 89928
-89823 89888 90046
-89817 89936 90065
-90161 89843 89930
-90192 90047 90106
-90176 89892 89896
-90120 90032 89887
-89857 90135 90094
-90090 89926 89819
-89927 90070 90004
-89898 89811 90126
-90124 89864 90193
-90141 90120 90152
-89816 89839 90138
-89959 89985 90159
-89907 90128 89937
-89880 89891 89990
-89994 90185 90061
-90142 90020 89965
-90136 89931 90200
-90128 90068 90047
-89897 90157 90126
-90047 89957 89925
-90095 90059 89895
-89996 89958 90021
-89812 90116 89830
-90029 90026 89834
-89885 90185 90162
-89977 90156 90090
-90031 89929 89824
-89830 89863 89965
-90164 89980 89821
-90074 89926 89878
-89998 89829 89854
-89962 89939 90076
-90051 90193 90170
-89860 90015 89859
-90019 89933 89955
-89946 89909 90133
-90096 90114 89858
-89849 89811 90133
-89811 90140 90117
-90078 89863 89863
-90114 90100 89971
-89845 90022 90118
-89892 89823 90105
-90032 90199 89855
-90184 90131 90055
-89825 90197 89819
-89938 90186 90103
-89908 89859 90121
-89819 90090 90150
-90023 90070 90128
-90089 89821 90184
-89951 89877 90039
-89893 89975 90047
-89890 90116 89936
-89934 89925 90038
-90126 90139 89952
-89858 90082 90059
-89807 90036 90099
-89858 90061 89857
-90028 90097 89866
-89939 89857 90102
-90051 89974 89907
-89936 90158 90144
-90150 90140 89814
-90124 90008 89921
-90079 89890 89849
-90055 89859 89865
-90194 89984 90015
-90172 89878 89802
-90027 90048 89954
-90060 89891 89973
-89853 90079 90015
-90179 89886 89898
-90105 90057 89956
-90087 89993 89934
-90010 90151 89941
-90099 90130 89868
-90066 90143 90161
-90047 90076 90078
-89873 90196 89880
-90009 90055 90008
-89831 89876 89914
-90107 89872 89863
-90063 89948 89917
-89928 89976 89801
-89935 89969 90007
-90072 90180 90089
-89840 90039 90137
-89996 89913 90175
-89894 89807 90031
-89903 90019 90175
-90192 89962 90102
-89830 90145 89946
-90115 90001 90179
-89876 89933 89860
-90014 89885 90102
-90096 89811 90124
-90070 89821 90002
-90039 90040 90170
-90058 90181 90078
-89991 89868 90078
-90069 90028 90002
-90070 89855 89990
-89831 90156 89975
-89909 89897 89920
-89945 90077 90164
-90032 89866 90159
-90007 89810 89993
-89972 89837 90079
-89947 90008 89851
-90151 89833 89954
-90057 89936 90167
-90129 89996 90088
-89803 89991 89999
-89880 90062 90087
-90063 89919 89886
-90034 90062 89999
-89967 89970 89863
-89909 90048 89849
-89821 90105 90164
-90136 89955 89860
-90032 90123 89982
-89866 89888 89993
-89880 90108 89970
-90050 89920 90013
-89867 90028 90092
-89976 89933 90118
-90196 90185 89825
-89985 90038 89873
-89800 90112 90118
-90033 89878 89940
-89949 89990 90057
-89907 90184 90113
-90095 90097 90161
-90192 90162 89928
-89859 89858 90107
-90190 89815 90104
-89849 90071 90168
-90031 89916 90031
-90185 89939 90016
-89925 89924 90048
-89861 90169 89976
-89809 89873 89941
-90042 90136 90113
-89805 90143 89977
-90170 90050 89821
-89847 89932 90199
-90023 89897 89967
-90163 90122 89942
-89929 89965 89837
-89964 90176 90139
-90093 89985 90094
-90020 89854 89925
-90194 90008 89983
-89951 89927 90197
-89823 89950 89905
-89983 90193 90179
-90134 89967 90046
-89844 89838 89938
-89928 89978 90061
-89929 90088 89984
-90004 89831 90176
-90104 90181 89923
-89958 90097 90159
-90130 89931 89967
-89854 89946 89807
-90069 89961 90125
-89825 90055 89918
-90092 90105 89916
-89976 89838 90187
-89945 90198 89810
-90181 89937 90188
-89805 89909 89831
-89964 90119 89800
-89920 89855 90020
-90088 90007 90094
-89978 90160 89879
-90126 89865 89815
-89949 89898 89881
-90144 89866 90133
-90014 90163 89883
-90069 90176 90190
-90140 89922 89850
-90028 89920 89996
-89946 90189 90046
-90176 89833 90166
-90002 90068 90085
-90197 89854 90013
-89860 89988 90134
-89858 90014 89998
-89950 90036 89880
-89993 90158 89998
-89872 90066 89813
-89919 90048 90191
-90115 90197 89941
-90035 90160 89929
-90051 90052 90151
-89891 90190 90152
-89805 90096 89822
-90144 90058 90094
-89942 90098 90025
-90147 89978 90004
-90138 89929 89819
-90112 90029 90198
-90135 89965 90039
-90018 90175 90081
-89925 89805 90198
-89968 90143 90088
-90022 90185 89878
-90198 89901 89847
-89860 89979 90045
-90105 90086 90175
-90019 89976 89878
-90200 89879 90028
-90040 90055 90065
-90072 90144 90151
-90105 89972 89895
-89941 89905 89884
-90175 90165 89831
-90063 89969 89821
-90193 89880 89856
-90188 90106 90131
-90006 90196 89920
-89908 90194 90068
-90076 90076 90075
-90084 89988 89846
-90095 90039 90147
-90163 90137 89825
-89967 89939 89802
-90193 90134 89888
-89955 89879 90060
-90080 90140 89840
-90048 89951 89980
-89890 89875 90056
-90059 89861 89926
-89887 90141 90181
-89872 89876 90043
-90026 90041 89963
-90196 89952 90176
-90180 89815 89813
-90161 89958 89958
-89901 90147 89993
-89823 90170 89852
-89891 90138 90037
-90017 89956 90151
-89927 90177 89961
-89904 89904 90141
-89804 90136 89963
-89877 90109 89998
-89809 90116 89960
-90145 90187 89897
-89919 90127 90058
-89904 89898 90181
-89961 90166 90081
-90172 89944 90021
-90029 89849 89955
-89956 89889 89823
-90067 90071 90019
-89842 90009 89815
-90007 90034 90012
-89872 90060 89999
-90132 90112 90034
-90147 89878 89895
-89887 89827 89926
-89915 90091 90034
-90058 89984 90167
-89864 90141 89820
-89977 90046 89875
-89903 90052 89887
-89947 90062 89995
-89889 89993 89822
-90114 90096 89862
-89838 89933 89970
-89934 89835 90124
-89910 90092 89847
-89910 89988 89901
-90169 90082 89892
-89937 89903 89855
-89966 90177 89832
-89864 89877 89927
-89808 90086 89940
-90166 90178 90087
-89989 90079 89810
-90121 90028 89979
-89877 89818 90085
-89855 90172 90037
-90072 89863 89850
-90198 90136 90043
-89907 90067 89915
-89801 89924 90047
-90093 89948 89898
-90023 89848 89873
-89959 90020 90009
-89801 90054 89913
-89908 90005 89860
-90151 89949 90082
-89973 89837 89902
-90099 89833 90012
-89810 89909 89873
-90139 89964 90200
-89905 89988 89976
-90013 90072 90067
-89828 89883 89824
-89887 90116 90149
-90079 89835 89833
-89868 89961 90027
-89847 90171 89912
-90106 89924 90046
-89883 89803 90010
-89968 90045 90153
-90109 90020 89994
-89856 89861 89913
-90140 89811 90140
-90007 89844 89809
-89868 89977 89818
-89942 89999 89896
-90004 89972 90041
-89842 90170 89981
-89808 90183 90185
-89927 89946 89935
-89814 90017 90098
-90108 90048 89913
-90049 90120 90047
-89948 89810 90187
-90025 89810 89926
-90189 90096 89986
-89845 90019 89919
-89811 90041 89872
-90178 90136 89933
-89838 89840 90114
-90166 90098 89888
-90191 89984 89852
-89855 89841 90143
-90093 90018 90109
-90062 90049 90132
-89989 89921 90180
-90032 90098 90144
-90077 90191 90071
-90081 89961 89848
-89955 89867 90152
-90023 90031 90151
-90192 89820 90067
-90100 89951 89864
-89830 90069 89991
-90070 90148 89881
-90013 90048 90107
-89808 89987 90115
-89988 90062 90183
-89818 89911 90130
-89844 90019 90160
-90067 89948 89965
-90081 89868 90087
-89896 90076 90090
-89840 89962 90012
-90012 90054 90099
-89938 89998 90112
-90193 90169 89827
-89894 89877 90185
-89868 89910 89992
-90153 90154 90112
-89979 89993 90033
-89888 89875 89924
-90038 90021 90057
-89881 90004 90013
-89874 90101 90144
-89967 90002 90128
-90092 90051 90063
-90035 89978 89880
-90031 89812 90036
-89990 90197 89837
-90106 90082 89999
-90104 90075 90056
-90151 89905 90002
-89888 90077 89914
-90086 90018 89867
-90099 90039 90164
-89995 89850 89961
-89814 89900 90077
-89852 90099 90150
-89925 90128 90027
-90135 90075 90046
-90106 89990 89840
-90007 89967 90038
-89953 89966 89933
-90105 90078 90033
-90172 89870 89807
-90009 89847 89899
-90073 89830 90193
-89879 90151 90161
-90029 89850 90086
-90160 90119 89835
-90031 89822 90123
-89861 89984 89943
-89801 89892 89800
-90160 90049 89817
-89837 90069 89994
-89934 89995 89983
-90199 89976 89994
-89887 89993 90120
-90088 90172 89990
-90059 89917 90017
-89933 89958 89831
-89808 89915 89844
-90000 89985 89974
-90063 89834 89937
-90191 89952 89901
-90023 90159 89826
-89801 89981 89921
-90061 90021 89992
-89891 89968 89980
-89966 90159 90111
-90053 89888 89899
-89936 90059 90191
-89998 90069 90066
-90091 90119 89851
-90006 89993 89925
-90146 90098 89848
-90006 90091 90177
-89966 90070 90033
-89850 90129 89878
-90048 90076 90151
-90029 89900 89949
-89898 89862 89961
-90074 90083 90043
-89997 89928 89821
-90088 89823 89998
-90107 90147 89956
-89958 89918 90037
-90145 89882 90006
-89994 89906 90051
-90117 90090 90019
-90013 89863 90157
-89868 90080 89867
-90084 89809 89971
-89877 89979 89936
-90004 90135 89979
-89866 89818 90177
-89900 90065 89971
-89869 89823 89812
-89970 89963 90185
-90184 90084 89987
-90060 89926 90188
-89979 90080 89868
-90151 90076 89947
-90007 90187 90031
-89812 90127 90104
-89952 89819 89905
-90046 90096 90092
-89819 89876 89891
-90175 90144 89862
-90177 89902 90103
-90041 90127 90060
-90174 90175 90025
-90069 89933 90138
-89847 90051 89920
-90194 89899 90065
-89859 90002 89930
-89849 89814 89981
-90176 90120 90044
-90040 89998 89925
-89865 89992 90173
-89930 89957 90090
-89836 89891 89895
-90110 90034 89817
-89956 89831 89991
-90056 90106 90039
-89965 90007 89835
-90012 89827 89905
-90051 89847 90011
-89929 89811 90129
-90167 90062 90049
-89893 89973 90176
-89953 89977 89923
-90185 90121 90192
-90148 89842 90009
-90139 89979 89993
-90023 89823 89850
-89986 90127 90040
-90043 90097 89845
-90065 89921 90192
-90083 89826 89929
-89857 90107 89940
-90173 89888 89912
-90119 89871 89914
-90028 89933 90067
-90174 89931 90099
-89899 90096 89869
-90190 89982 89818
-89988 89917 89990
-90014 89833 90103
-90000 90160 90051
-90000 90165 89871
-90031 89852 89840
-90106 89871 89913
-89929 90003 89960
-89962 89934 89910
-89966 90120 90138
-90165 90153 90009
-90155 90065 89879
-90194 89924 90031
-90131 89880 89807
-90098 89800 90003
-90011 89917 90194
-89864 89802 90076
-89974 90197 89931
-89841 90030 90189
-89971 90124 90059
-89932 90079 89902
-90032 89808 90008
-89938 90170 90139
