5000
46699 -48878 -47539
41264 -41990 -45463
58048 -40023 -40399
50887 -58358 -42797
44788 -44878 -54633
57536 -53370 -50970
58463 -43712 -50403
49547 -40463 -42579
54595 -55806 -53808
58316 -56462 -52560
51316 -52340 -46516
56214 -54348 -45011
47382 -43915 -48363
57940 -44921 -57793
46381 -58564 -59604
46933 -42441 -46839
57249 -58037 -52692
58481 -58784 -59041
44653 -53577 -42439
58235 -57983 -58747
40156 -50765 -42979
53252 -50466 -42524
54613 -48371 -41012
46084 -56463 -51496
44965 -46805 -56788
58794 -52190 -46285
55221 -41299 -51465
50704 -45287 -54735
57243 -55438 -56626
56344 -52812 -56289
48950 -51328 -48576
45341 -57829 -42271
54621 -50677 -41477
56898 -41932 -40538
47726 -48564 -43560
55601 -50997 -56303
55834 -59508 -56962
42601 -46904 -58401
52826 -59583 -50703
56090 -44311 -55750
49947 -54722 -48453
47003 -52210 -47464
55455 -43903 -57270
49703 -57272 -52299
52982 -42172 -51925
42024 -55311 -57868
46138 -44317 -57753
46817 -58235 -44121
51446 -40073 -46030
42737 -40138 -44066
47056 -45859 -44225
59327 -43493 -56859
57777 -53474 -41714
44869 -50430 -41874
43407 -44885 -57430
44458 -59027 -43420
47126 -41257 -56599
55287 -55979 -53590
51270 -44197 -45419
53330 -54981 -59027
46157 -40274 -41242
49743 -54013 -42300
42318 -53303 -57893
55549 -51826 -42799
56885 -40059 -54501
56120 -57136 -49591
54744 -58267 -46552
57975 -42540 -52724
58578 -41781 -43954
41102 -42876 -48640
59357 -57409 -41219
51410 -58469 -59560
51434 -57827 -55032
58776 -59958 -47293
46771 -51141 -52268
47914 -43781 -48496
50828 -46918 -58791
43263 -51253 -43313
59053 -48390 -46662
43191 -41439 -50456
47007 -50539 -40833
51939 -41103 -53778
52932 -42952 -49203
59656 -53711 -40338
47780 -43156 -41441
42203 -44080 -49124
44233 -59365 -40770
59932 -47457 -58415
59883 -41748 -55725
43575 -45602 -54289
51858 -53357 -51443
47027 -43392 -49258
47838 -54708 -40119
53700 -57825 -56507
48488 -51017 -59320
49162 -50954 -40331
58034 -42333 -57608
43277 -58698 -44237
49238 -50332 -44242
58804 -43555 -41433
42400 -53691 -52000
53520 -40929 -52566
44162 -51172 -58563
49374 -46190 -59896
49581 -48132 -49331
46971 -50424 -57276
44683 -51585 -58442
44361 -47441 -42878
56715 -40399 -49239
58433 -55306 -57965
49458 -43857 -58359
45585 -41648 -56980
52155 -50591 -50995
43984 -45747 -49792
45511 -58309 -44679
49400 -40698 -43762
56037 -48366 -41009
55044 -47439 -57540
51640 -44625 -40351
48628 -46967 -58082
52256 -43022 -59542
48959 -59535 -42517
43526 -55194 -54322
48860 -43890 -40945
42444 -54944 -57117
51949 -40663 -47046
40024 -47498 -52791
51101 -44262 -41526
45583 -41968 -55906
48537 -56921 -50229
50821 -57691 -40896
51297 -55540 -50672
58659 -49338 -50223
48329 -56856 -50606
56632 -49069 -42779
52326 -48986 -53145
52615 -49489 -58079
44295 -58620 -53222
55853 -45484 -53611
48434 -41157 -40035
42490 -59394 -57223
40520 -57461 -44261
50870 -57688 -44367
47384 -41118 -47649
44591 -44103 -49711
49909 -59674 -43723
49237 -55868 -42608
58918 -58788 -41349
43074 -40936 -59587
58644 -56359 -50209
50860 -59256 -48331
43871 -45848 -54047
48404 -56490 -48719
52692 -48064 -53358
50551 -54078 -50035
41327 -49161 -49580
47187 -45826 -49170
41061 -46972 -55052
57095 -49881 -53575
51300 -45567 -53226
58239 -44737 -46218
56081 -54512 -51040
58058 -58173 -51969
58514 -53742 -54766
46880 -47892 -41568
52550 -50195 -51293
44379 -51915 -57400
48391 -44069 -44355
42751 -41681 -55718
57055 -51005 -40548
41057 -43422 -45109
52990 -42363 -55348
50498 -55916 -42608
50489 -45776 -40799
56896 -42373 -43800
40610 -59666 -53153
59388 -42694 -55312
52875 -56083 -58761
41788 -51642 -55252
49392 -54562 -46439
44578 -48795 -50722
48601 -55204 -54630
41030 -40585 -43862
58010 -45115 -59292
45894 -54057 -53286
51719 -58223 -42363
42073 -44130 -44931
41948 -57305 -52275
45407 -42511 -46996
43514 -46507 -59134
51169 -49054 -54446
59305 -47778 -44141
40557 -40896 -45699
57548 -55452 -45630
51764 -56120 -44356
57001 -58176 -40262
56303 -46327 -54224
52151 -57851 -51117
54631 -59839 -54834
44925 -44063 -48273
47198 -52206 -56420
58739 -48485 -41288
52023 -42899 -50984
46851 -58567 -53105
52441 -49284 -47004
49684 -41687 -42381
50308 -40645 -58809
47412 -59422 -47287
47643 -41024 -50065
40362 -56321 -46479
42006 -40863 -59435
42512 -47357 -56545
43526 -53116 -53664
47571 -54425 -53743
41716 -54487 -59232
50490 -53175 -44883
47322 -40932 -50031
40395 -55987 -55599
52517 -59483 -54640
45765 -53860 -55154
50317 -50191 -51653
49636 -49028 -49698
44208 -45320 -42638
52423 -56179 -59666
46199 -50925 -58978
51843 -45232 -41390
55476 -53381 -52835
51075 -43714 -50399
45978 -58039 -56011
59699 -53395 -57572
45348 -46975 -59491
43539 -50998 -40372
44027 -40839 -41662
48758 -40613 -50915
47744 -58108 -43524
52952 -58798 -52156
43416 -56041 -44128
51140 -49215 -49673
49751 -48249 -49350
52165 -58811 -51401
48163 -59949 -50779
48749 -44842 -48777
48090 -51380 -42982
55600 -56366 -46528
55299 -40152 -51963
47759 -43980 -57752
58682 -56761 -41687
44182 -40430 -45328
50543 -48989 -51850
51177 -40787 -41389
50957 -47609 -41584
58102 -46177 -47567
46136 -54048 -52916
40298 -46221 -42415
45194 -41966 -53651
47677 -41628 -53578
40805 -58603 -41258
46665 -43509 -59701
41878 -43868 -51940
49056 -43179 -42766
47717 -49945 -40007
53360 -42730 -46650
52475 -50583 -43166
41599 -58652 -59584
45343 -47182 -56126
58999 -58350 -43605
56589 -43123 -58078
47249 -45628 -46217
53295 -50093 -48061
51033 -55603 -44095
55189 -50247 -45023
47273 -55067 -42141
52756 -55291 -42632
43488 -40134 -56979
47770 -57210 -50889
47655 -56358 -50483
45604 -57857 -49063
44381 -53197 -46373
44446 -59937 -41884
53413 -48273 -55276
40310 -52368 -58550
50156 -55984 -45122
53400 -57878 -50990
57551 -48845 -49470
41104 -49466 -50428
51752 -59169 -42251
44484 -52314 -41125
44891 -59091 -57831
45708 -45255 -41757
42582 -44720 -44667
54412 -57929 -56152
52215 -50704 -49210
51039 -42895 -57591
41946 -41110 -56785
46548 -45715 -56427
58708 -57402 -47070
55064 -53996 -41618
56994 -47826 -57822
49813 -54200 -44845
52934 -50196 -58283
52527 -49123 -49885
51118 -52947 -43189
50549 -56701 -48122
40159 -44106 -53580
48324 -41695 -59751
43356 -57958 -55441
56696 -41770 -49423
45690 -41178 -53814
47656 -40816 -44546
52236 -40813 -57061
41078 -43139 -46738
59702 -48857 -44931
50190 -56161 -51641
46903 -55654 -42896
43787 -50967 -44646
44079 -43092 -45705
47438 -42675 -50168
51906 -51926 -57628
41335 -43804 -48372
55738 -49615 -41366
52190 -53446 -42296
44723 -46672 -56625
46036 -41359 -53276
41834 -57103 -58640
51156 -41676 -47976
43539 -47177 -45941
41710 -44423 -45361
50428 -46511 -47148
57966 -42440 -43423
53119 -59668 -42245
49684 -59660 -50192
51182 -58678 -58789
43581 -45485 -53473
48177 -48583 -43400
40961 -50096 -46517
59834 -44273 -44873
58592 -47241 -43694
52125 -49581 -48383
56233 -44909 -54043
57785 -57825 -52283
55503 -42184 -53408
59390 -58904 -47238
59598 -53450 -50661
42774 -58160 -43588
56070 -44796 -48025
45190 -45802 -49359
46241 -46732 -58359
54057 -52559 -45709
53695 -59301 -43564
42402 -45663 -56523
54976 -53082 -41238
51855 -43395 -45327
44206 -55017 -40318
53911 -56356 -41803
56242 -46474 -47464
48516 -48003 -43846
57412 -44862 -45198
49928 -55572 -40027
55592 -58270 -52433
42829 -57260 -45763
59413 -40789 -44045
52774 -48711 -48733
52362 -42649 -46825
48749 -45023 -47661
43894 -59478 -49586
57429 -53059 -59587
41155 -49717 -41761
48737 -54304 -46964
49941 -48894 -56040
47121 -43500 -58866
41305 -47662 -58534
58538 -58303 -57694
44094 -46252 -58440
51638 -47099 -46996
48211 -43662 -41182
56495 -59890 -54866
41669 -53477 -44716
40150 -40427 -58795
42063 -47866 -41266
43655 -49056 -42929
43303 -53830 -41290
52435 -58023 -51908
48829 -42097 -55012
43212 -59094 -44823
49342 -41039 -53578
55346 -59908 -43611
40392 -50160 -59735
41417 -42760 -54042
47093 -41793 -55016
45857 -52969 -52468
48034 -41092 -55458
44305 -43473 -53305
51980 -43570 -50254
54400 -43469 -58870
40866 -40534 -58985
50230 -58004 -55728
41056 -45519 -50374
40513 -52020 -58488
56327 -42141 -57116
46151 -58276 -41761
48821 -51769 -50128
40157 -43619 -40297
51450 -52859 -52034
47242 -44619 -53162
59316 -54141 -44063
55010 -54100 -45979
54145 -40801 -44305
40615 -42047 -43050
59222 -50289 -59005
52316 -49024 -54704
42857 -49675 -45500
54639 -44012 -55840
54534 -47214 -44129
51722 -49087 -41556
50164 -40266 -43626
40586 -49742 -59365
45582 -41643 -44601
40043 -56789 -57962
42642 -48618 -51205
59214 -57797 -53863
49971 -49116 -51688
52152 -52435 -52823
52160 -47840 -57476
57248 -59583 -45109
45968 -51004 -42706
41673 -45279 -59811
57786 -40447 -44617
49936 -59149 -40946
45453 -51792 -49118
47172 -53777 -42553
45800 -52033 -46187
49080 -51295 -56484
47808 -58426 -52388
41885 -47109 -52052
50383 -59039 -41162
56331 -59738 -56456
45319 -54179 -42066
52057 -55080 -43706
52078 -41089 -41593
59774 -42614 -42280
53270 -48940 -56981
45378 -59453 -59912
59426 -53869 -59697
58622 -55293 -40386
48954 -50322 -42301
53878 -48730 -47050
52155 -50642 -41565
40860 -58950 -49032
49833 -51431 -43245
50619 -48439 -54005
54438 -43339 -42358
58697 -57095 -40032
52554 -46397 -59017
42568 -57456 -54443
51980 -43821 -40068
57394 -42020 -40852
41716 -51063 -51251
40249 -41259 -50469
41832 -49178 -46325
41351 -46950 -56512
41676 -59461 -45659
59903 -46116 -57055
42327 -55851 -51384
50474 -56595 -51533
52107 -52436 -44463
41964 -48961 -57695
51181 -51713 -44766
42637 -57427 -48845
47644 -42744 -48117
50068 -45943 -54225
44135 -49661 -59174
43110 -42385 -55261
48890 -49279 -58137
54192 -45552 -52795
57400 -55483 -54437
58466 -43616 -42534
57071 -55265 -45557
48916 -50414 -46080
52672 -54061 -59414
55060 -45338 -51441
57145 -45559 -44463
55936 -50367 -43596
55492 -56447 -41563
56076 -45948 -48738
50569 -59730 -48833
48883 -49793 -44131
47403 -54654 -52102
48960 -43433 -55004
50879 -49611 -44965
45550 -57654 -55870
56769 -50202 -50732
52320 -44996 -44564
42640 -57098 -54124
59712 -46174 -51213
43855 -43024 -56709
42117 -47614 -46989
50993 -54988 -56723
55120 -45672 -51113
54814 -40428 -49339
58115 -43906 -54801
45960 -44531 -53120
41936 -48599 -59112
46276 -56890 -47032
58884 -59639 -41274
42803 -55262 -44053
54925 -49405 -49710
49431 -58449 -55388
50746 -59109 -59804
45056 -41029 -58392
40460 -44675 -44769
44864 -58720 -40975
50561 -51124 -54611
56799 -52143 -45915
52210 -47160 -53598
52782 -40948 -53473
58340 -56373 -55682
41067 -50300 -42130
54569 -49625 -46310
58853 -51987 -53882
54797 -51133 -52355
57055 -53598 -40790
51102 -41282 -59047
56420 -57302 -48959
59679 -55800 -58205
43399 -50041 -52929
43634 -44613 -55860
55547 -45839 -55592
43612 -44542 -58561
54351 -45378 -57766
57494 -50191 -56742
55078 -51534 -51699
52258 -47122 -42960
42140 -56194 -42923
48468 -50307 -56371
43769 -43872 -44739
45729 -49844 -55309
49934 -44613 -47399
47639 -58295 -48391
56024 -44523 -47577
47697 -47801 -47093
53801 -40540 -44049
59610 -55735 -58480
56316 -55695 -49918
56973 -58719 -45211
43594 -57180 -57503
43765 -51178 -50242
50525 -52955 -54986
40204 -59686 -54348
55319 -47448 -49218
45043 -49779 -41678
40462 -48029 -42663
57953 -53953 -50820
47638 -59966 -59724
44169 -56238 -40335
45319 -40762 -40797
52936 -58586 -45933
56295 -41945 -59270
45191 -54028 -48816
47626 -51439 -47122
42457 -51504 -57783
54645 -58183 -57119
50434 -50749 -47936
52649 -42371 -49902
52937 -51665 -51639
40424 -57248 -59140
45086 -42856 -50728
40546 -58673 -45794
55735 -55905 -48244
51134 -55765 -45597
48501 -43756 -50068
48958 -47495 -41380
49857 -53611 -55994
48805 -46854 -43140
43194 -47802 -51993
59077 -50455 -41496
54460 -50748 -44540
47256 -48561 -52122
55704 -51305 -49631
56946 -50186 -47473
53782 -45819 -48033
58919 -53199 -56684
45988 -44169 -44930
54835 -45392 -52231
42908 -56616 -50292
50093 -45565 -56385
48782 -55720 -45026
50345 -47936 -49706
51010 -58014 -48917
59616 -50215 -52849
59197 -53662 -42269
51475 -49930 -47681
55016 -46308 -40623
51443 -59320 -44376
46703 -40054 -56383
56793 -40125 -41774
46121 -45799 -49603
57328 -40203 -45184
41398 -59358 -50755
49863 -47805 -49234
58092 -56428 -57445
48863 -51809 -40112
59952 -53431 -50268
42876 -44299 -45284
41155 -44726 -41769
46758 -40775 -56772
43810 -47236 -58679
42806 -51603 -41693
45513 -45475 -51008
48692 -59347 -49329
40525 -40113 -56703
52054 -59742 -55808
40375 -40328 -54975
54220 -49592 -41405
50797 -43180 -55601
53695 -57376 -43632
55796 -57864 -41684
46505 -41557 -50350
50731 -43726 -46791
49872 -59077 -40281
49554 -59138 -44793
42782 -43338 -52208
53270 -52856 -42157
47875 -48156 -51744
42008 -52626 -42276
45859 -58135 -58505
57123 -57612 -50144
48380 -42453 -45828
43798 -45840 -57050
46621 -45554 -49056
58967 -59932 -49876
52726 -50799 -48023
48778 -42036 -55388
51359 -41562 -49802
47175 -41374 -41439
58219 -51185 -55213
49912 -44666 -51436
50621 -46210 -41662
57311 -56652 -56484
55508 -42968 -42472
49570 -58523 -43366
40386 -40131 -57561
53819 -42582 -59109
50159 -54045 -51290
44922 -42608 -54106
59614 -56368 -57462
55546 -58734 -52570
53785 -51963 -55462
45783 -59070 -44611
56905 -56363 -41558
58848 -40338 -47828
55179 -40179 -59331
40753 -46111 -44567
55540 -54197 -41040
49483 -43257 -53089
42545 -49438 -43998
58713 -49185 -44428
49428 -59259 -57181
51192 -55484 -52291
43498 -57228 -53218
54129 -48567 -51651
40052 -46569 -47107
46484 -43049 -58993
54699 -40310 -45023
58522 -47410 -48594
56755 -41873 -43772
47400 -45919 -41608
48702 -54323 -58438
44599 -53033 -53093
53372 -57893 -56718
56864 -44586 -58800
49560 -40596 -49219
55612 -41707 -49994
42446 -41674 -55461
58485 -46211 -49995
49245 -46516 -50012
49207 -54115 -41092
47628 -45559 -40753
55020 -53945 -57032
40273 -56419 -59634
45884 -40919 -44527
52877 -50088 -42129
48679 -42297 -48679
43683 -40764 -57223
40252 -44498 -56972
45228 -54653 -56307
43564 -48576 -47833
56635 -49064 -55011
47969 -48021 -56401
56810 -47801 -42523
54839 -44457 -53611
50551 -55833 -48079
45237 -58620 -43030
43904 -41299 -41162
46720 -43745 -58519
54934 -50223 -58199
48889 -50862 -44580
44511 -50941 -45603
48819 -50481 -41962
57485 -46021 -56290
43278 -45705 -44957
59338 -40886 -42373
40670 -55665 -45968
57708 -52812 -44216
47541 -48997 -40732
49466 -58241 -47438
45315 -56496 -48052
44534 -50341 -48688
46920 -51213 -51243
42126 -54080 -52111
45650 -43577 -42995
56723 -51678 -59520
42953 -48316 -57499
40677 -55491 -54696
43253 -54227 -40975
44448 -49892 -49121
50454 -56792 -56689
55427 -51393 -56164
56190 -45639 -53277
59747 -47123 -40965
44623 -46759 -50352
51358 -46938 -40203
41052 -49586 -40203
52561 -40667 -47887
58968 -49999 -53170
59606 -47656 -43464
44683 -49282 -47968
57733 -44275 -44318
56812 -49275 -41589
50472 -44030 -54658
45526 -53861 -59436
49117 -51118 -44941
44888 -41881 -53030
51553 -54378 -57176
41301 -51587 -49288
46134 -57958 -45072
44577 -54176 -43911
54707 -45386 -51144
45972 -46900 -47588
40643 -54000 -48010
56730 -49412 -43854
45783 -54775 -54448
54530 -49423 -55199
57882 -56660 -44480
53374 -51721 -56020
44257 -42042 -48256
52776 -40796 -56878
49367 -45568 -48070
49343 -40550 -56593
45611 -40249 -55139
42831 -54996 -40764
40200 -54625 -47835
49128 -44174 -45552
56898 -50515 -45357
40971 -53146 -45596
58516 -57709 -51188
45774 -40931 -40225
48327 -55535 -59405
44623 -42317 -53761
53509 -42234 -41637
49427 -51559 -59727
49229 -47528 -49910
58376 -47938 -49119
50936 -47519 -58321
50083 -50656 -47652
51514 -49889 -41785
56391 -47027 -56367
45871 -54711 -52057
57987 -43507 -46114
41988 -44276 -44709
42463 -46779 -48723
52708 -42271 -47296
42504 -40478 -42253
49287 -45872 -53848
45269 -59470 -58509
56959 -48184 -40190
47399 -55842 -57998
59480 -52766 -56982
58489 -45483 -41304
53595 -58434 -43404
40248 -53905 -44680
52648 -46605 -42907
54945 -44822 -40345
41980 -59713 -47173
52775 -45802 -59872
58695 -50748 -50638
51044 -49521 -44335
44022 -55680 -40672
49478 -59311 -45302
53367 -48270 -55357
50567 -59920 -59954
47177 -48008 -41171
50600 -56193 -58940
56468 -45520 -52016
42664 -54141 -48107
47712 -52890 -52993
42495 -59976 -42803
56100 -58517 -48263
51735 -53708 -49433
55008 -58454 -56540
43215 -47607 -46566
57054 -49129 -58252
42507 -43819 -55595
55442 -56396 -48407
44488 -59703 -43202
58906 -59158 -42215
56177 -53740 -56380
47838 -51487 -51463
48332 -47122 -42469
55499 -42135 -43556
55643 -45279 -43259
59250 -49149 -59111
57608 -45215 -52717
53741 -40057 -49731
57851 -49149 -51093
45183 -47313 -52098
52029 -48899 -50692
59353 -51341 -43497
44348 -52801 -43529
56511 -49105 -48126
40122 -49317 -50944
58539 -58964 -40137
49923 -47546 -53538
45509 -53128 -47805
43496 -52784 -48874
59908 -41109 -51519
48239 -49664 -40198
43232 -44380 -54394
45573 -46905 -45253
58419 -57530 -54884
59939 -52722 -51669
52633 -47147 -43283
40120 -48667 -44603
59396 -55245 -52657
48261 -41495 -58608
40386 -54452 -53956
44368 -40408 -57832
58299 -40492 -40761
52399 -42579 -47176
40087 -40410 -53212
44855 -59617 -46188
59430 -52047 -52205
46487 -40083 -41731
53841 -43294 -52719
40996 -55132 -40485
56286 -59300 -49241
48867 -54552 -44539
43701 -53234 -50674
40556 -49543 -43804
45304 -44957 -54876
42477 -57555 -42361
56367 -54987 -44621
55890 -49509 -51220
54106 -40383 -49509
57462 -44567 -59509
45818 -45676 -54918
40064 -51211 -50043
46193 -58248 -42001
45764 -55906 -56531
58311 -47348 -47569
56940 -55310 -51179
46952 -45008 -45996
51709 -55412 -54774
52022 -55739 -42833
45767 -45984 -43159
51189 -45484 -42789
55120 -59734 -51112
42173 -51130 -47002
56612 -42718 -50876
58253 -57949 -56810
42291 -46279 -52482
56414 -53294 -51587
56906 -45569 -54733
55083 -52571 -50271
56792 -42563 -42002
51290 -46865 -51461
59406 -59154 -50116
40773 -42064 -51337
45864 -46734 -40528
48555 -43081 -45501
44307 -43413 -41828
51309 -40841 -44644
57642 -46085 -49803
54607 -47483 -46582
47785 -48099 -54199
42292 -47119 -59382
54863 -46586 -42682
45886 -50009 -48985
56420 -44237 -47937
47219 -56814 -48014
42786 -43021 -44843
55879 -40389 -55219
56611 -48237 -54877
57758 -55299 -56225
53214 -41601 -54353
50634 -44850 -47208
51282 -46224 -43462
46185 -46188 -42740
43208 -52450 -44817
59702 -59514 -53252
47962 -40697 -47143
55062 -57883 -55983
48478 -54383 -54420
58941 -40041 -59321
45443 -53722 -47583
50399 -44755 -43158
49728 -49083 -53914
48585 -40273 -55674
52321 -42239 -56772
40081 -43210 -53088
40928 -45541 -50682
58631 -50096 -51235
58380 -59733 -53664
50329 -42460 -51867
55227 -42895 -45599
54708 -51483 -42445
43577 -55537 -56236
56146 -50187 -58070
44333 -53314 -59996
42899 -49280 -43588
40825 -59927 -46349
47025 -48717 -46152
49150 -54747 -49025
44931 -42314 -43115
50557 -42864 -40680
43351 -40151 -46830
45715 -45386 -43193
58635 -40400 -49780
44629 -59804 -47792
45476 -44333 -43396
58137 -48975 -52887
45108 -46578 -58081
43870 -59959 -55669
41206 -52344 -50712
55545 -41812 -55045
55965 -57094 -51338
58838 -57327 -48997
56829 -45229 -48529
58085 -43778 -54581
44104 -50997 -44934
43341 -40625 -43381
58247 -59129 -43580
44930 -49871 -43574
57221 -43961 -45407
42531 -46985 -51097
58025 -50064 -55576
50184 -50517 -46711
58186 -41337 -40773
47147 -43940 -42902
57947 -47066 -53788
56155 -44821 -58668
51744 -52220 -49468
40104 -57511 -54287
41190 -46690 -40956
57326 -53286 -58207
42109 -51243 -49890
50524 -59872 -46838
40521 -48669 -56571
55986 -56357 -51916
43391 -56522 -55900
41686 -59885 -59896
55645 -45843 -53956
41578 -42284 -45861
47062 -57927 -50138
44508 -55221 -59369
45516 -53272 -54326
57632 -53766 -54045
55651 -43138 -40875
54247 -59095 -56083
53882 -51424 -56024
53542 -45803 -58037
55220 -52670 -58860
48557 -46347 -47573
53068 -58903 -40582
53894 -48223 -48699
40971 -48136 -40357
46775 -41259 -40176
50978 -48132 -43045
59968 -43753 -45302
48792 -52971 -41931
59892 -58195 -48471
49354 -55100 -55961
41534 -56874 -42579
48482 -42409 -47157
51638 -41982 -57849
41697 -43197 -58533
58287 -45229 -59177
58205 -48033 -47065
44307 -57111 -53342
58718 -41841 -43657
53755 -56661 -52733
51609 -47520 -52577
45107 -40081 -47076
48216 -52515 -40670
56838 -52843 -48476
43093 -46429 -51378
45468 -51201 -46071
43714 -57945 -58743
51534 -40721 -48882
58913 -42541 -54479
42531 -56228 -45533
46052 -49474 -42833
41511 -45942 -42737
47605 -49344 -57411
48958 -48129 -41647
59967 -59986 -53153
45532 -50190 -47290
50020 -51648 -40967
51669 -55115 -53068
59696 -47129 -51618
40238 -51914 -43502
54563 -58081 -44782
42105 -59213 -58659
56636 -56282 -48153
57484 -45434 -58297
53551 -46116 -44981
54469 -42849 -43619
55099 -40851 -47881
59071 -48716 -59431
41583 -45051 -41458
50919 -53585 -45264
55417 -51918 -51940
40763 -50700 -42193
47669 -51852 -49965
44873 -42554 -51741
40909 -59299 -58926
42389 -42234 -48738
59717 -57081 -59731
47152 -54841 -47285
54103 -44960 -54855
47442 -57050 -52354
51622 -47715 -57736
57229 -56661 -40208
52122 -47505 -43333
56895 -44630 -56753
48040 -58285 -48840
47246 -43401 -40373
57093 -50377 -45576
54347 -44022 -59400
40056 -50769 -46834
55799 -42791 -47064
56269 -47145 -51340
59747 -59245 -53008
51241 -46850 -53029
51981 -52611 -45641
55182 -42391 -54564
47288 -47955 -50636
47071 -41029 -45944
45665 -54051 -43794
45666 -56234 -50075
46100 -50288 -53574
59422 -54295 -51976
44736 -57467 -53993
58776 -51009 -57841
55679 -41433 -59312
48188 -56138 -48063
50357 -53332 -51679
57417 -50335 -53820
44120 -41591 -56865
48271 -49965 -44786
50298 -48135 -49877
49140 -46619 -52963
59921 -41538 -59737
58466 -41754 -53698
47334 -40824 -53214
49503 -44398 -51439
41883 -49799 -41524
54473 -43911 -42107
53271 -40015 -57469
55299 -46052 -54854
47059 -52008 -58202
59177 -57851 -52871
50472 -52290 -45826
46773 -51384 -42251
52526 -50171 -45931
51307 -45628 -49752
57565 -51896 -46188
43092 -49728 -53973
47396 -48573 -54876
49092 -59852 -48340
55103 -46549 -41535
58280 -43390 -42925
43154 -43490 -49157
50200 -50793 -48416
45860 -56256 -45680
55792 -41559 -49418
40801 -45802 -49047
54580 -43788 -46437
44458 -47320 -47405
45138 -44289 -50039
49244 -55851 -40973
45490 -57970 -50781
51932 -40692 -53781
46927 -43652 -58850
53000 -46974 -55258
41364 -46217 -59971
41832 -56339 -48737
52105 -42407 -47640
53534 -45952 -43005
59173 -45577 -42469
51233 -45181 -58869
50830 -41840 -46310
54723 -56326 -59496
53548 -55323 -46024
57572 -52056 -57194
59793 -42786 -57265
46295 -41641 -55680
45935 -56393 -58611
40185 -46163 -51815
47360 -59433 -50455
57286 -55532 -52284
42565 -49878 -41150
50725 -55276 -43748
51224 -50315 -46734
56867 -47546 -57601
55037 -43684 -52728
53651 -41291 -47561
59056 -49177 -44123
42177 -46343 -40872
58661 -46838 -59097
56008 -51576 -43136
54952 -47891 -43077
49619 -53234 -59839
44190 -55097 -45738
41599 -54588 -44668
59171 -58517 -44777
59782 -54546 -56606
50009 -44645 -48902
52249 -53637 -56987
43596 -49777 -44588
46169 -43756 -50284
58900 -51064 -54705
43887 -48960 -41087
57814 -50257 -55197
51151 -56324 -59721
57299 -58754 -40530
43839 -50439 -57194
57413 -55836 -54511
47095 -48772 -49586
40388 -56753 -54019
40686 -49049 -48574
43570 -51921 -47292
44059 -43564 -53612
56202 -56052 -59451
57869 -49089 -40326
43425 -59989 -54949
44469 -47883 -50623
44811 -53002 -48448
43436 -56677 -40635
44745 -41389 -44117
50059 -58692 -55748
44563 -51020 -49173
43175 -43892 -48833
46738 -57013 -41772
47882 -55117 -47160
52989 -40215 -51047
51255 -48202 -42271
44403 -59261 -47540
51622 -43953 -47667
50182 -45394 -51900
43003 -45821 -40099
45214 -46345 -49897
42606 -59802 -42286
48289 -56512 -47208
56386 -58936 -51018
48643 -44279 -59791
50605 -52817 -52968
43112 -41086 -45387
58769 -41001 -52330
49904 -43935 -48014
45665 -58815 -49861
46659 -54956 -48251
55474 -58881 -46359
54105 -59774 -50068
47293 -57198 -45663
56252 -49938 -56732
51004 -43369 -51791
40514 -45291 -49481
50127 -47901 -56734
40161 -42265 -57349
43837 -52795 -58709
41419 -45024 -47062
43910 -40708 -41022
43419 -58202 -50817
47036 -59660 -43332
51715 -42035 -46169
51533 -52557 -45767
51192 -43099 -57344
40427 -59271 -52127
43258 -46399 -51402
44198 -47908 -54153
56159 -50313 -44998
52575 -44383 -41622
57584 -52175 -58417
53422 -42070 -49891
56283 -57758 -57343
45449 -41467 -47810
51709 -44599 -41136
45226 -55556 -48646
51793 -42392 -53396
42161 -50935 -45303
49005 -48465 -53551
59369 -48112 -57460
52118 -42356 -46002
54725 -49861 -42661
41514 -59238 -53176
57639 -55563 -45527
55779 -48575 -47924
50624 -49797 -55803
49070 -54804 -54446
46744 -59439 -56658
57674 -55023 -49426
58075 -54556 -40291
51476 -55326 -51234
41263 -58473 -41619
59838 -42832 -41993
46836 -43380 -45068
42998 -56825 -46206
58766 -56125 -45983
55916 -44623 -42938
51740 -49251 -41071
46488 -42174 -41672
44543 -43523 -56140
42854 -54698 -54378
48874 -59156 -57661
51148 -45448 -52155
55883 -46517 -48951
43661 -50226 -43525
50511 -59009 -47892
48991 -49026 -41749
47749 -57518 -51870
40256 -52414 -47753
56078 -59236 -46760
56324 -57549 -55486
55695 -49241 -58638
41625 -50282 -40621
53913 -56661 -58604
53841 -53658 -55593
46253 -58447 -56266
54153 -44691 -48249
50488 -50736 -54364
56804 -59470 -42711
55379 -52260 -49773
57725 -44319 -42505
57368 -50845 -46475
43250 -46134 -42996
58371 -40769 -54865
50150 -46382 -58453
43268 -41434 -50428
49743 -58566 -49089
51548 -41252 -54782
52515 -57217 -54204
50147 -57124 -50175
45667 -54404 -50571
59755 -46888 -46234
52746 -48653 -40914
49630 -42413 -41434
40517 -54323 -52260
50203 -54429 -42528
55492 -45185 -55149
49883 -58174 -44586
41204 -51469 -46604
56595 -43307 -49813
47925 -50279 -57340
51430 -57416 -47510
49867 -42871 -40950
40938 -54226 -49465
46398 -45187 -49911
53507 -41126 -46720
42707 -52044 -48223
45561 -53427 -45105
53435 -49477 -59700
46455 -57133 -50217
51213 -42425 -48781
48668 -57684 -48039
43446 -41464 -47819
41797 -54448 -59384
56014 -45512 -42371
56771 -45019 -44414
49534 -52549 -51740
47250 -49146 -42177
50219 -55167 -41232
49780 -44968 -53540
45685 -51113 -47484
45356 -52084 -43051
56919 -50138 -46731
47448 -40308 -41328
52869 -40412 -41827
53810 -42720 -57580
45064 -47542 -40945
59662 -52616 -44368
56662 -50994 -40804
57470 -59695 -45695
42632 -44070 -52355
57377 -58317 -55634
59176 -43251 -55036
47306 -46931 -56226
52108 -48123 -46558
51610 -47358 -53626
56498 -44730 -54760
56216 -42343 -40378
49906 -40407 -46260
42874 -51267 -52041
43745 -53293 -56319
40237 -53024 -50963
55238 -49555 -55784
48315 -40855 -56756
41121 -48166 -53318
43619 -53605 -42021
41242 -57111 -54658
55051 -40351 -46050
57596 -59376 -48347
43069 -57576 -52503
47791 -59824 -46493
51599 -43757 -43081
43360 -46820 -59553
58029 -59031 -40121
47694 -48602 -48720
46676 -54947 -51820
41928 -57975 -45131
50411 -52605 -45397
48345 -57530 -41976
44733 -45952 -51450
53342 -45601 -48450
42285 -42884 -48417
58732 -51151 -53170
48291 -48558 -42996
51483 -51232 -51673
42854 -45971 -53781
46040 -43249 -44154
47970 -42194 -50140
40808 -47009 -41926
55302 -54674 -57343
58015 -48311 -56859
40453 -45962 -54083
55415 -59217 -47575
51913 -53778 -44642
57770 -56614 -52799
43832 -44219 -40410
43946 -55783 -54919
51046 -47763 -41385
40711 -49985 -40051
45082 -57201 -55655
42137 -40245 -45527
51602 -51985 -40558
58099 -49141 -52174
40721 -46260 -54323
40926 -53304 -57884
50218 -43026 -45554
50306 -53097 -40401
56429 -53055 -40523
51685 -55914 -47957
41416 -59970 -43334
40528 -43024 -49611
55777 -45410 -50014
54960 -45356 -57325
50425 -41357 -55694
49720 -45889 -42091
40136 -53564 -53094
54839 -53829 -54823
46901 -52865 -50447
40818 -46834 -48374
41614 -52068 -50614
53988 -53214 -59458
44090 -50184 -55446
43743 -48501 -51732
44049 -49021 -57220
41202 -46557 -42641
59555 -51352 -41043
54678 -48351 -52779
57254 -59903 -41080
41076 -41650 -42804
57316 -59473 -52979
59484 -49886 -57577
55282 -52664 -53223
49115 -55583 -40697
44577 -55859 -43144
40855 -47033 -57318
57593 -40119 -47716
44750 -48902 -54021
57708 -46114 -54498
51856 -40703 -59177
42319 -46022 -55289
51389 -40423 -54807
53155 -49862 -43948
40402 -44218 -42246
49001 -41536 -46088
53615 -42758 -43129
52526 -43253 -40737
41406 -59748 -59270
56851 -58719 -53960
54925 -46966 -43211
55088 -40232 -42300
57715 -52589 -54266
52328 -40817 -55256
41238 -51625 -42824
45829 -46085 -43754
41322 -57201 -45164
41235 -40145 -58132
44856 -56929 -45751
46286 -49260 -43271
57744 -47531 -46629
51950 -58827 -43630
53205 -53759 -55255
47682 -52736 -55615
44690 -59297 -40587
53538 -46884 -54795
47571 -50686 -52512
57591 -49842 -52886
41761 -40310 -56813
51715 -49062 -45910
43125 -56022 -40347
55726 -57353 -55108
40830 -41605 -58673
55778 -41108 -42711
40012 -53685 -41352
58934 -57779 -52842
58285 -55378 -41837
42841 -53894 -57502
50582 -57943 -47493
57055 -51543 -40585
56087 -45205 -45869
55694 -48376 -51910
50650 -47373 -49074
49987 -43918 -40550
49955 -43997 -59469
50808 -50310 -44019
47139 -43020 -51073
54350 -52156 -58422
46497 -43573 -47580
52462 -48425 -45673
40041 -46329 -40017
55160 -45875 -57926
42454 -54860 -52953
54335 -59137 -44224
57408 -49712 -48149
44284 -42919 -44798
42230 -53110 -40649
52986 -56247 -56077
59084 -43507 -41010
55605 -56793 -55801
45118 -40427 -45020
46719 -45036 -41185
43691 -53610 -40579
52128 -51329 -48637
59218 -41708 -45899
41164 -55064 -49074
57268 -50737 -41532
53067 -43521 -42345
41483 -48733 -41433
55599 -45844 -43164
42691 -42346 -46430
43388 -50554 -54548
43786 -47110 -56705
54251 -41930 -41811
44391 -56437 -43646
58789 -46555 -48297
53642 -58561 -51270
45057 -51810 -59339
53891 -59732 -59050
41168 -58244 -48008
42495 -43769 -51568
41462 -58616 -52096
49640 -52589 -45514
58755 -49303 -43895
57243 -55201 -52038
48481 -41592 -47622
58545 -48044 -41987
45599 -51661 -51096
48881 -59407 -42596
57749 -43240 -49589
58949 -48649 -58833
40679 -44504 -50912
45029 -46802 -53374
48934 -58862 -40427
44048 -58696 -44006
50366 -50364 -41669
56282 -49902 -50597
50991 -48193 -41208
59997 -42660 -46262
43201 -42311 -51801
53693 -47904 -50365
58796 -49031 -48308
55219 -56857 -54534
53352 -44385 -49795
55897 -45491 -51783
53708 -44749 -44021
42759 -42216 -40558
55314 -45145 -49936
44112 -49456 -54286
52973 -41170 -43047
46760 -58701 -57266
49782 -42207 -51058
50530 -48427 -59474
45601 -51202 -40722
46099 -49024 -50129
53776 -53480 -53721
41830 -53656 -41979
54923 -41160 -41622
52187 -42590 -59328
49230 -59869 -54267
55855 -41469 -58555
58480 -45905 -52660
54949 -53606 -47075
54968 -41131 -51317
51516 -42750 -53658
50028 -47523 -59426
56291 -56929 -58907
41393 -47867 -58576
57002 -45306 -59982
40874 -46374 -55961
43191 -56574 -43507
53589 -42029 -58738
58878 -48017 -56686
47655 -42188 -42362
41171 -46650 -42021
46796 -57259 -45735
54690 -52138 -50511
59139 -44872 -56510
48161 -44800 -55686
51914 -47318 -46265
43751 -47165 -59373
58322 -58277 -59265
45324 -46853 -49029
43500 -43759 -51243
49278 -41826 -49966
43127 -46696 -44275
51808 -41446 -42433
41417 -58258 -49774
59648 -40953 -57155
41536 -47812 -47289
55115 -43103 -40480
53967 -42633 -48548
48999 -48123 -46529
51606 -47152 -43923
46376 -40399 -48036
50304 -52023 -44101
48294 -47523 -53414
47860 -40473 -43843
49947 -59965 -58942
50859 -56767 -46918
40068 -47719 -40395
49695 -47675 -52266
55905 -56050 -50356
59380 -48079 -54801
40883 -59865 -42598
40495 -42652 -46373
45462 -52063 -42045
49429 -54476 -59733
42398 -42819 -47746
50052 -46687 -41358
40308 -42369 -44711
59413 -40018 -50456
51589 -40541 -52150
46673 -58441 -55102
40771 -40705 -56651
51831 -52973 -49801
51727 -48790 -49832
48863 -57610 -59812
43433 -45525 -47274
42874 -41935 -59436
47623 -44586 -57703
42029 -40393 -48252
43769 -52621 -59718
51775 -59982 -54294
53334 -56050 -49948
44781 -57316 -42549
55587 -47467 -57878
58882 -54795 -58793
51579 -40649 -57370
52857 -50286 -59877
43364 -47453 -56532
54861 -46279 -50240
47093 -46237 -53436
53840 -49686 -49332
42181 -51086 -54953
49399 -49435 -51402
44116 -44342 -49699
53340 -50888 -49854
52555 -46750 -50558
40748 -57317 -42339
48427 -56668 -55559
47021 -52842 -52646
53457 -51973 -59373
44999 -54772 -42813
48800 -54768 -49709
43816 -55541 -41693
57013 -43053 -50367
51750 -50674 -42173
46393 -52065 -44892
45858 -59270 -52239
56810 -45696 -50766
50459 -50128 -43997
54360 -46398 -51783
57451 -59119 -53272
54897 -54146 -43748
42802 -55959 -58719
43860 -52853 -44170
40478 -47641 -49010
48851 -50926 -45287
55006 -54816 -46103
41941 -51819 -52752
55806 -41366 -47586
51805 -54261 -45685
51348 -51140 -45138
43221 -48421 -55653
52748 -44349 -47046
43527 -59141 -46111
48595 -57642 -50123
54812 -57776 -58198
45139 -41468 -56228
51838 -55608 -50470
49441 -46496 -45589
45286 -40979 -47050
42038 -52876 -40092
44438 -55346 -49439
50159 -49621 -52782
41758 -46396 -55499
43072 -44520 -54200
51907 -56529 -54597
42841 -53822 -43016
58557 -57383 -51787
55495 -58484 -41771
54620 -56031 -43156
47157 -59155 -48224
48489 -52635 -56753
50906 -55091 -45297
55157 -55350 -45236
59143 -54194 -44090
41020 -48216 -49500
50084 -46957 -48755
48962 -53671 -47844
53758 -58505 -52179
56144 -40382 -57641
58848 -40669 -51866
58576 -41727 -45503
55637 -55266 -46125
53131 -54129 -55478
47254 -56122 -53116
41274 -40949 -46842
41888 -47079 -54243
42331 -44606 -50981
59707 -40397 -51570
55897 -58737 -49786
50341 -50337 -56158
44439 -47827 -56637
45241 -56505 -55185
57320 -42308 -55283
54255 -49288 -54562
47153 -58873 -40897
55228 -55141 -53983
58006 -46233 -58604
49405 -53370 -47049
55979 -49572 -55197
46786 -42436 -53797
45584 -48515 -55273
53895 -41553 -43156
58833 -44256 -44051
48893 -42221 -43262
43763 -58887 -41837
51263 -42096 -40622
54573 -56422 -53424
47741 -56370 -48168
41230 -55041 -59100
50746 -59205 -55930
49836 -48510 -40537
45501 -58467 -57639
49381 -45135 -52135
50995 -41888 -43708
46127 -48257 -54907
40470 -58992 -52215
59449 -59338 -58858
57718 -49986 -53141
51328 -56569 -59237
50074 -41188 -53119
40758 -47846 -54343
44731 -53630 -47862
43044 -45844 -42190
43960 -46984 -40057
53098 -41446 -47250
43501 -40007 -58716
47535 -41939 -50439
55065 -59621 -52381
48395 -45773 -45651
49996 -55568 -50276
41049 -46149 -43765
40826 -46672 -45713
52656 -50461 -57419
40283 -52916 -53529
52343 -58164 -50634
54343 -42334 -48720
56500 -42708 -55507
40505 -60000 -50260
54542 -45681 -46787
55174 -58540 -57913
49978 -55242 -55906
42197 -52043 -42500
56056 -52039 -50270
48933 -58679 -59114
59308 -53865 -49608
43384 -58881 -45642
54072 -59411 -45059
57752 -52846 -51659
53164 -47357 -48559
41049 -40697 -56409
54889 -43923 -41955
41160 -58028 -57157
51455 -52064 -51102
47996 -50936 -41998
47074 -46725 -57203
52694 -52344 -56182
44766 -58750 -40178
44637 -52044 -54014
40304 -42735 -59545
47011 -49631 -47459
59692 -52169 -47523
40460 -42291 -40536
49867 -55399 -58232
40753 -54739 -51603
43008 -45239 -59494
49894 -48196 -52487
54131 -42549 -48043
46661 -58669 -48983
51442 -59344 -46820
56390 -42170 -50853
48456 -42922 -42153
57893 -57398 -54749
49885 -57816 -43565
59305 -47149 -47061
41099 -50771 -42263
53323 -51941 -42337
44725 -50648 -57645
55861 -54981 -56927
42429 -45493 -46558
42599 -40643 -47534
51340 -52670 -49154
52015 -43015 -55095
41359 -40215 -59332
46559 -55141 -40934
53597 -49320 -48541
57313 -48425 -46534
41995 -42074 -57253
47722 -50751 -45079
43337 -44085 -40028
51720 -44823 -59812
47483 -58617 -59182
56408 -46688 -59599
44187 -49941 -41755
46334 -40959 -50100
49895 -40331 -46471
42596 -43821 -55070
52505 -43625 -44418
49790 -57792 -41124
43615 -45535 -50864
47650 -44191 -50233
58578 -46872 -58958
46860 -41032 -53471
47899 -51869 -59985
44400 -46345 -46695
53518 -43675 -57788
44683 -42111 -48521
54852 -54384 -47564
42532 -45051 -43997
48286 -58386 -42913
45027 -43278 -59602
44363 -56752 -46965
45532 -47614 -44563
40917 -54851 -53770
55773 -52206 -43141
45412 -56435 -43785
42905 -56488 -51034
55097 -57517 -43882
41489 -58921 -43562
57504 -57926 -57039
56035 -51438 -53078
52603 -53898 -57334
57408 -59228 -52540
54772 -43909 -49266
52004 -44204 -57773
41981 -55203 -58558
54823 -57992 -44362
54868 -58740 -44730
55716 -43457 -44166
46770 -41339 -56020
42300 -55601 -50618
49125 -58468 -49045
49727 -58102 -52409
53990 -57434 -47067
59644 -54643 -59776
57132 -41292 -47344
56797 -44234 -52824
45760 -42300 -44344
42378 -48271 -53519
47339 -44624 -40196
54681 -53024 -42429
52684 -47983 -45587
55334 -57137 -43857
53140 -50416 -48683
54950 -55955 -41507
59936 -55682 -50944
49523 -58413 -46366
53285 -40979 -49032
46171 -53977 -43198
50096 -56751 -48606
49679 -59019 -59515
59958 -49385 -44691
43585 -54016 -46444
42309 -51492 -48185
41132 -51016 -55183
55361 -58246 -51430
47912 -50925 -49461
47060 -40798 -54484
44564 -48589 -55236
41104 -42583 -51334
40259 -44459 -46460
58437 -41597 -58736
44906 -59882 -52493
49545 -40364 -56826
46733 -57387 -43586
59059 -45075 -48735
41028 -41248 -43764
52391 -40591 -45197
42826 -58732 -49416
40671 -59780 -50502
47729 -57785 -46388
43394 -54574 -56122
52918 -59400 -59062
54977 -41874 -45822
45398 -43954 -59783
53007 -56647 -41883
55329 -49369 -58133
59999 -57280 -45636
44384 -51350 -47279
57826 -48219 -57801
45471 -50561 -49264
50989 -58277 -52124
50048 -57967 -47993
58801 -54321 -46933
51881 -51214 -48501
41159 -43118 -56059
55674 -41285 -56890
40698 -57545 -56090
54044 -57809 -47480
57599 -58348 -46717
43275 -56708 -46710
52470 -49561 -46974
58796 -44870 -43729
50594 -47996 -50682
52251 -42083 -51933
54845 -45721 -53477
40906 -54880 -54079
50761 -48586 -44163
40993 -53526 -50849
42633 -42931 -53111
41034 -58168 -43519
46604 -41286 -59802
46165 -53691 -55375
51940 -41858 -41965
43373 -49055 -42435
52935 -46133 -46667
56141 -58573 -56556
59464 -50882 -40237
51638 -41947 -52393
53778 -54268 -47474
44363 -58201 -59075
48251 -53719 -41207
49124 -44772 -55791
44923 -47054 -48765
59428 -44086 -47943
54012 -48378 -52688
44904 -58499 -46803
48588 -56101 -55953
50206 -58552 -58751
41729 -40209 -49254
42297 -45652 -58704
52333 -44577 -57623
45564 -48929 -51478
58378 -55160 -57254
40009 -50779 -45571
44763 -42176 -40092
50959 -53368 -41068
42753 -44027 -55902
52652 -49641 -45409
55050 -45497 -55079
48345 -48925 -42105
44727 -40957 -45424
48120 -52704 -49529
56348 -50762 -56877
50002 -43394 -55735
59022 -53180 -46032
55477 -40567 -50934
53858 -49683 -58334
59343 -40766 -46356
45523 -42567 -55839
53558 -48815 -56253
52196 -45814 -55870
55806 -45651 -57702
41115 -52947 -48313
44450 -43807 -48199
41098 -40381 -48112
55255 -57604 -45256
42523 -54282 -52476
51526 -41076 -44725
56189 -43773 -41525
42082 -55314 -51317
47919 -59228 -50222
43157 -51842 -51796
56133 -52856 -51758
45147 -40067 -56110
51304 -43012 -51762
43088 -40883 -42625
51008 -46823 -57095
42961 -41197 -47806
40722 -49341 -46895
51886 -54429 -50060
59763 -42469 -55286
56773 -40133 -51767
59307 -41560 -43134
59857 -57868 -44093
43696 -44433 -41985
48253 -44347 -50545
46442 -53951 -54871
56712 -47518 -49180
46037 -47498 -41932
45740 -43716 -47569
57912 -49775 -56522
47129 -56390 -57780
47400 -51639 -47167
58746 -41137 -59044
54861 -42410 -48457
55943 -47234 -41151
56361 -40013 -52365
48452 -42852 -43195
52921 -50345 -49936
42000 -45054 -59322
57255 -41818 -51908
40386 -51069 -40538
52990 -50567 -50410
49919 -51098 -43326
41217 -54490 -47422
45820 -49498 -40473
43571 -56404 -42660
50345 -46782 -54554
55935 -51417 -48369
54545 -45871 -56459
51406 -44204 -41454
57948 -54641 -42863
44824 -54504 -44132
40173 -41180 -54156
51053 -48967 -44544
57021 -41335 -42605
46119 -48944 -40499
44571 -45235 -47198
45271 -46776 -52484
50593 -53736 -54083
42463 -57104 -44918
49409 -54627 -42925
41150 -44116 -55915
55228 -40901 -59511
59744 -41976 -45734
43796 -54632 -51650
41082 -48037 -59880
50595 -49423 -48073
51566 -53832 -44610
55519 -47159 -59535
43373 -43146 -46284
50489 -55749 -54471
45436 -41789 -52298
45835 -47345 -54266
43280 -41683 -55322
45412 -52169 -49920
46496 -58696 -50190
58730 -44105 -57645
44280 -47094 -59209
59885 -56471 -54326
53883 -53787 -41619
57601 -41326 -55155
44348 -44737 -59890
54836 -53274 -46786
47383 -59493 -42506
51169 -50720 -59910
59598 -56340 -43575
51025 -57343 -49804
43653 -47035 -42479
42605 -52214 -50806
54356 -46046 -49643
45676 -42533 -42432
56342 -56189 -59500
49310 -55179 -53614
44634 -57510 -51532
57082 -53031 -59894
56396 -46125 -42790
54728 -47285 -44554
42271 -46175 -44355
56022 -41937 -51223
53437 -50135 -48484
45854 -55556 -59420
53423 -53428 -57862
59990 -56850 -51704
53067 -50400 -49815
50672 -58042 -51867
51372 -53146 -41267
49882 -45708 -53596
58273 -56819 -51273
57023 -43684 -44067
53834 -42282 -40990
45248 -50818 -50898
40434 -42090 -47625
50767 -47110 -48125
55531 -46804 -50692
40034 -52778 -59757
58207 -50980 -43129
42410 -43808 -56108
55247 -52261 -49355
52377 -55808 -50021
57322 -47575 -54489
42492 -53493 -56937
58868 -58153 -40921
48117 -54690 -49215
46263 -50312 -57780
42887 -53485 -51348
48312 -58228 -55233
41573 -55043 -54774
42730 -43615 -49346
44473 -45143 -47766
53568 -48536 -40449
56922 -45568 -46935
47931 -54253 -42839
44924 -48418 -42465
44629 -40265 -58487
43223 -52731 -45677
55104 -50959 -54859
42191 -54750 -41656
51436 -49986 -54373
52132 -56920 -59873
44104 -43556 -57309
57650 -57728 -40303
46307 -42714 -53795
50753 -43084 -42774
49897 -40809 -59706
41875 -52972 -48813
49273 -50825 -53487
42642 -58514 -45626
59401 -48078 -40368
50674 -46166 -59378
51229 -42711 -52264
52709 -52278 -58994
54029 -41140 -51691
44421 -48863 -55412
55271 -43224 -46904
56276 -43059 -50802
57195 -59540 -50403
51936 -59166 -40730
54698 -53970 -45884
57011 -58493 -51164
53371 -57722 -43399
58520 -42465 -41241
51882 -57700 -45217
41042 -42722 -52242
53054 -47739 -42855
48185 -42844 -41430
59110 -53162 -54656
44419 -44022 -48988
50886 -59051 -57618
44096 -56664 -47732
57503 -49218 -48905
50167 -40027 -55922
59607 -56829 -46656
55702 -57949 -57258
57229 -40824 -57855
53909 -41643 -41912
45894 -53057 -52023
59227 -53242 -46736
55869 -56147 -45411
56004 -49667 -56789
56936 -45946 -59630
52672 -57198 -56973
44572 -46959 -58618
51315 -45088 -48087
41760 -48061 -41737
54766 -55010 -53337
58043 -50799 -40306
57678 -52773 -53226
41684 -43531 -46222
58538 -41791 -53698
51965 -41683 -40311
52527 -45574 -41797
43548 -41605 -59583
51456 -54472 -57544
40513 -55877 -49472
49468 -41987 -46478
42617 -50615 -41377
40046 -56975 -55148
42830 -58344 -55850
48444 -58566 -46327
41629 -46034 -53268
48110 -48190 -41631
58118 -56578 -43035
50950 -55255 -50207
44224 -51820 -55840
52592 -45527 -43499
53094 -55934 -43869
54871 -58528 -41092
52367 -55397 -45586
56551 -40210 -48568
43337 -50586 -50153
53377 -43853 -48302
48332 -43680 -48830
57924 -53389 -44864
56898 -55558 -42730
55178 -47474 -43752
54607 -56374 -47668
59317 -47177 -54906
43488 -50836 -45511
46402 -48965 -42078
45732 -51775 -46423
43620 -52921 -56756
44063 -48992 -45070
58951 -48819 -48468
59572 -48774 -52194
47115 -53127 -48281
48727 -41198 -41405
57437 -47777 -52264
56784 -47693 -59376
42913 -45190 -51694
55502 -45004 -58512
54082 -42006 -41066
55976 -41287 -56140
56258 -52855 -49737
52923 -44610 -58073
56178 -51161 -53887
44749 -56171 -45554
59297 -58614 -52955
51543 -52778 -50333
43036 -41554 -40215
47087 -40511 -45326
57817 -40507 -43603
43904 -59454 -52680
54963 -41929 -57681
53292 -49082 -53252
45188 -52182 -56677
41982 -41692 -42576
45960 -47460 -49363
48725 -56535 -42500
54260 -45766 -47970
47227 -42782 -46566
55548 -58411 -54482
51208 -54760 -52790
51677 -52951 -40550
56786 -56745 -45321
54085 -52845 -44543
50224 -48790 -52775
46511 -54928 -52784
57998 -53160 -52721
57688 -52323 -58749
53428 -43655 -47425
48880 -59388 -43775
45840 -55467 -57375
50076 -58730 -40775
44219 -57913 -56116
51630 -51092 -53906
54510 -56278 -58157
42015 -49114 -49973
45352 -45599 -57445
57147 -40133 -51323
56188 -50488 -49928
53471 -59944 -54553
48485 -44979 -52274
58435 -55563 -40241
47874 -56383 -43052
44062 -40918 -42725
51355 -54769 -47674
55453 -48465 -53121
41492 -48014 -53923
56059 -40816 -52664
50878 -46771 -47609
59871 -57470 -40467
53733 -48608 -57181
59554 -41213 -45235
48636 -58137 -53173
54244 -40807 -56784
50171 -48447 -58971
46513 -51976 -47365
59675 -58345 -56207
41499 -49843 -54455
55416 -57038 -50647
43787 -46729 -55410
43420 -42379 -47263
52834 -47136 -56776
55471 -51232 -43433
45747 -59636 -53190
57968 -40864 -46250
41533 -57551 -45272
56345 -55312 -53985
52139 -45670 -47334
56173 -51426 -57200
55891 -50638 -43882
45049 -43809 -48283
44225 -58102 -50076
49150 -41557 -58543
45860 -58690 -57783
48327 -47469 -52817
46218 -46549 -53159
45182 -51514 -43114
43753 -47485 -57555
55038 -58614 -44122
59847 -56154 -42719
56294 -52258 -59454
47635 -42134 -42677
54167 -58789 -43275
58598 -42748 -41891
47519 -53500 -56783
44745 -53494 -48915
51035 -54304 -52487
51844 -43952 -58936
59552 -44284 -50088
54163 -50629 -49871
59903 -54590 -44580
44184 -46701 -42975
46600 -54799 -47761
43215 -45599 -48024
49508 -48391 -50492
59770 -45430 -42907
44305 -42594 -50573
50430 -55996 -47045
55669 -50175 -45321
48662 -54816 -59060
42977 -52197 -46084
50972 -54565 -53048
58358 -42013 -44212
43980 -45084 -47857
48246 -53287 -42483
40861 -52383 -47397
45743 -48591 -50049
55028 -56650 -59406
50038 -44345 -58685
44183 -40903 -53045
44500 -47845 -53082
59831 -40015 -53830
53184 -50281 -48027
59547 -50768 -49451
41669 -45504 -47498
49164 -46264 -52293
53023 -45057 -46480
49018 -52552 -48010
57057 -44912 -55133
44001 -52089 -50677
42973 -51617 -55299
56659 -48226 -46936
45879 -41284 -52462
58456 -59663 -44949
54497 -55110 -42263
54649 -58553 -54843
42328 -42125 -51191
52038 -48884 -51802
54760 -53312 -55489
40963 -56200 -43642
43397 -50684 -41365
48690 -58790 -42981
48816 -51193 -50303
43937 -52947 -56065
58366 -52493 -59503
54443 -46093 -49341
56592 -54226 -40987
45371 -57659 -51628
45326 -42974 -45623
57720 -46945 -52483
54235 -52582 -46633
47774 -47584 -48635
50984 -59877 -48219
42162 -44699 -55435
58978 -51032 -55321
47675 -48540 -50623
50597 -50923 -58317
45155 -43753 -47686
41012 -53867 -41810
48215 -41658 -41540
42269 -44907 -40145
57382 -42356 -45154
50772 -58193 -48358
50594 -45664 -58723
52261 -54292 -51585
52246 -42028 -45698
44485 -44316 -43496
55743 -44036 -52106
57390 -41069 -44695
40155 -47693 -57859
40035 -49891 -41945
52712 -44785 -53443
42458 -40429 -56580
41033 -45202 -43354
46974 -43212 -40562
59901 -54799 -45181
46750 -51592 -56069
41880 -40215 -46814
51184 -52698 -47145
55776 -52700 -48188
55923 -56696 -44352
44374 -49635 -55296
52281 -55112 -57226
42171 -46052 -44716
41368 -50331 -47007
53166 -41224 -55851
50310 -49535 -50739
40476 -47407 -41857
47116 -49394 -45035
54886 -48663 -54730
53256 -41897 -41436
59957 -51388 -52509
48260 -49752 -41536
55519 -51720 -41561
59174 -49218 -52288
59816 -44909 -41372
53557 -47469 -59008
45171 -53290 -54935
45997 -54830 -49650
42229 -40834 -54810
42857 -41934 -53456
48789 -42610 -49707
54575 -49096 -40490
48505 -48597 -57240
46621 -58776 -40878
45195 -48567 -41512
48938 -57573 -50929
55816 -53403 -54858
41023 -50098 -50319
48353 -59626 -58237
41205 -49809 -44398
45757 -54847 -54758
52920 -55694 -42138
59072 -52430 -50757
44187 -44629 -46016
56485 -46151 -57922
45543 -47284 -47376
51727 -48952 -56193
54276 -57599 -59704
41740 -42463 -48813
59199 -47509 -42066
57539 -50745 -40517
49198 -47312 -42273
48282 -42722 -58789
49147 -48179 -53857
42252 -42858 -55986
47452 -48779 -57831
43944 -58010 -41489
52661 -55264 -47927
57550 -49070 -57889
41253 -57944 -50655
46363 -56727 -53517
53125 -46803 -57359
43510 -46561 -44590
42528 -40961 -54078
56950 -50038 -44447
47354 -44659 -50062
57043 -40647 -42588
59459 -55826 -59266
48688 -58248 -59040
57766 -53993 -50236
51426 -54188 -58212
50165 -42486 -42954
48439 -55922 -40734
40381 -59519 -43260
44299 -54724 -41955
45439 -51622 -46108
49513 -59931 -55243
46979 -40666 -53996
40121 -48122 -47799
46568 -57917 -46358
46336 -40657 -40378
53174 -50743 -51751
41105 -40831 -41129
45234 -45869 -57401
50716 -40856 -41185
48943 -51346 -53913
49652 -45159 -46790
58814 -45565 -57477
51429 -57890 -56493
48606 -43219 -49717
56098 -56451 -42040
42692 -54880 -53670
57806 -47480 -57870
54323 -54140 -42270
59079 -49396 -43931
53249 -43884 -58666
46570 -51797 -41194
47889 -53905 -47060
53673 -46029 -46889
45858 -47024 -56007
48538 -53519 -48767
59468 -54856 -58927
42726 -56325 -56269
50804 -48725 -46504
56187 -46227 -40536
57648 -54002 -45452
59306 -51728 -43156
45592 -44938 -59688
46429 -52200 -53234
52071 -45624 -53149
57867 -50982 -43638
52658 -52310 -42551
58524 -50238 -53900
54306 -50589 -52474
52683 -48610 -56928
48424 -44989 -44214
48514 -43632 -53774
40812 -49590 -51413
49574 -49513 -40256
49639 -55640 -56896
42944 -53862 -47440
50273 -42561 -43364
45298 -47601 -43811
58238 -45245 -51465
49831 -42432 -40536
49188 -50240 -43468
46169 -43131 -54308
54397 -46253 -42446
50689 -41178 -57635
54805 -50546 -58408
48606 -59268 -45464
57916 -51614 -53335
44158 -40664 -58871
45056 -57367 -43387
51683 -57808 -44071
54905 -50970 -55638
59554 -57089 -45804
53991 -47139 -56701
57392 -41182 -46318
42330 -45581 -41499
44636 -58664 -40468
57102 -52090 -48512
54501 -48094 -47628
58365 -52433 -45466
56516 -50419 -43164
47041 -59085 -54802
41695 -45526 -44342
46805 -50571 -59270
42535 -42305 -41310
42909 -41376 -48561
56822 -42165 -41031
40048 -45041 -55943
58040 -58207 -59556
49674 -46761 -58738
59927 -51042 -53060
41861 -54810 -58684
41249 -51164 -48325
59513 -55281 -43049
56043 -58778 -44456
52628 -42337 -53447
55778 -55310 -52880
46037 -56334 -42964
42409 -44157 -51041
52033 -49027 -51180
46244 -57648 -49535
57284 -56482 -52614
53873 -57718 -59095
45157 -43075 -40080
42048 -57711 -50104
56522 -56848 -51425
48780 -46968 -50556
47043 -56841 -45620
45172 -46547 -47331
47858 -48313 -52743
58312 -59974 -58316
55820 -47861 -56351
50690 -54225 -47173
46540 -41363 -47827
46850 -52957 -48642
48763 -42373 -42714
41812 -50528 -58567
51899 -59032 -43511
50658 -53802 -46798
50472 -53410 -45452
43198 -48032 -50085
58441 -44223 -50523
49511 -44817 -45285
46551 -55280 -52954
58859 -56375 -47843
45319 -51053 -43754
48013 -46865 -48362
48625 -46158 -40059
51285 -45390 -58599
52683 -57857 -43506
46597 -48639 -54764
44716 -43572 -56606
47734 -46763 -53951
48877 -43543 -51148
58463 -51203 -42914
50329 -54206 -45546
51233 -45132 -52708
46056 -56257 -47594
43109 -50497 -52604
43008 -53153 -59095
47407 -57285 -58865
52494 -57961 -42963
42263 -50716 -50602
47774 -41653 -52231
57549 -40851 -54400
40460 -45525 -47298
54946 -55995 -40965
53532 -46950 -57070
56916 -55427 -59986
-52557 53995 44605
-40157 44609 43877
-46716 58417 48430
-48755 43674 40651
-41613 48512 44036
-57053 48123 40133
-47500 42410 59140
-40207 53665 47052
-43091 46802 52567
-52113 45046 55416
-43136 58042 58824
-54871 41904 53187
-48181 56762 57869
-50808 42389 55409
-40983 49713 51688
-46620 55416 46361
-45509 54581 46030
-42807 56873 48687
-48362 47926 49949
-46668 57780 40449
-44107 51218 48816
-50061 44287 40001
-53078 54007 54395
-52219 45087 58385
-50210 52695 59249
-43821 53895 43881
-56749 45881 43169
-50351 52729 49751
-57883 56967 46934
-43904 51842 58481
-45136 45171 40114
-43434 53037 44217
-51812 47559 40210
-58777 56384 52354
-48639 43168 54429
-50870 59551 56458
-50782 56660 54128
-40478 46930 42268
-42722 55586 54240
-45051 50523 43888
-57649 50367 53011
-52696 52528 43227
-52085 59248 50430
-44708 54266 57627
-42630 45638 56923
-51619 58920 58785
-56575 52129 49836
-59982 58441 56155
-55435 47125 48837
-44700 42408 55576
-43625 41372 53884
-55052 54299 56932
-44118 42497 47452
-50123 50185 48728
-49286 59307 41986
-43247 46355 47443
-55204 51646 46406
-44900 44993 48590
-40987 42534 48500
-44144 47319 45167
-51379 45484 53515
-42900 59625 52429
-53717 43081 50785
-49824 52751 51981
-48108 51134 54539
-42806 46285 51818
-52521 44145 45888
-51426 44286 52044
-55946 48009 46007
-42141 57480 43571
-58120 50740 42189
-41446 49719 54123
-54708 55313 40277
-56292 49384 46502
-51525 45106 41714
-59653 40760 56253
-42725 57823 46919
-53646 56208 54598
-55885 47349 40741
-42434 57546 56364
-41741 47060 41244
-54549 50176 42925
-52500 48540 58300
-45266 57028 50754
-57640 48286 45740
-57910 52055 55552
-50607 40213 55086
-53653 55067 53471
-42895 47840 54778
-43183 56806 42919
-50865 56243 54146
-41357 42899 49918
-54448 49201 42820
-46464 55277 42839
-55183 54651 40453
-55622 56393 50737
-43230 42893 55568
-42812 43806 47044
-50724 53049 42938
-51055 48293 51821
-44726 43575 45199
-51520 58067 56878
-59631 41635 41610
-46313 55366 51188
-52111 43023 49270
-41909 52537 53600
-59376 46645 54650
-53248 49857 50764
-54621 42207 45308
-47562 50565 58334
-48707 52849 41737
-55424 48441 41068
-56570 53960 47258
-56541 54699 50377
-41800 51417 45066
-45529 58297 55662
-59291 45501 53762
-52389 59920 53506
-51784 45632 55922
-52191 55508 58606
-40460 55877 46734
-45217 51439 43142
-53580 56611 40036
-48091 57561 45625
-56689 41804 51204
-59090 56439 53007
-49368 59050 41364
-41310 48284 44279
-54680 53741 46647
-54418 41435 46309
-43129 53202 50442
-48324 42319 44276
-45676 40806 49386
-50395 49155 47222
-56140 40787 47195
-52219 53911 54638
-43399 40765 51799
-46914 56081 57471
-46341 47208 42056
-55202 40220 40020
-53938 42595 55564
-41115 46957 53325
-43788 44223 56486
-46503 53000 42751
-49882 53206 44664
-58537 57878 51720
-52109 42646 41808
-53217 51517 58104
-52241 43566 58618
-59401 52487 51151
-47777 46292 53543
-47409 45847 58320
-53260 41296 47623
-48271 54949 58607
-51066 56092 51604
-41515 57552 49343
-47131 51544 47144
-46369 53015 56481
-47294 52015 57346
-52296 48992 47376
-48493 42609 52225
-59920 43670 54805
-57176 57216 46454
-49431 47696 52318
-54034 46316 50489
-54855 56472 41591
-44996 48513 47454
-43374 56072 48028
-55858 52609 54081
-53954 59016 43723
-43549 53912 41671
-50519 53338 57032
-46577 54895 53028
-42970 49371 59603
-59896 58144 40513
-50581 49360 52777
-50273 54992 41595
-46840 40209 49856
-58423 50753 57195
-42836 42427 41638
-50227 52533 46235
-43760 52263 45811
-51951 57623 57341
-54522 56696 44567
-46509 40465 43015
-55770 53667 58299
-41384 40443 50117
-53073 50240 56999
-44903 46645 45403
-48769 52102 54871
-41279 42518 51043
-41656 50974 41943
-50515 55190 45727
-59312 44529 48293
-53978 52997 59174
-45542 56458 40840
-45398 56364 53343
-53975 57319 58897
-43431 42133 43555
-52572 49560 41098
-49730 40191 57110
-43167 41946 53126
-42431 51647 42290
-42640 57801 42444
-50827 53374 58728
-57323 51589 59393
-55800 50217 56666
-47301 52593 47470
-47465 41436 48164
-58517 59554 45666
-48918 55661 46285
-45953 44482 47167
-52245 48411 58851
-42149 45976 56937
-54489 53620 41210
-54804 59142 45168
-46831 40503 52214
-55773 48647 59537
-47433 53974 57369
-55943 59452 52844
-57637 47293 44910
-59234 48165 56435
-59853 56737 55178
-48969 49646 53623
-58530 44888 56222
-47068 51243 59533
-50651 48348 57168
-52576 57734 46173
-48126 42798 42450
-45326 40829 54221
-41311 59689 46691
-52565 43380 55197
-51754 52305 42043
-51026 46928 45194
-44149 46676 58028
-44451 42768 47370
-53983 57790 59573
-57198 42916 58676
-59932 50015 52695
-59797 40924 49625
-56515 41324 43332
-45349 59299 41875
-49155 50374 45018
-53738 45558 56434
-45355 59230 56500
-53173 46122 45151
-52841 56483 56641
-53779 56237 50026
-54544 56740 42577
-56868 40364 49950
-49741 57772 49185
-51860 41665 47416
-57518 51322 49897
-55977 41921 46953
-57077 49426 57854
-45770 48949 54965
-54713 42504 58206
-59477 58115 47540
-53394 59379 40910
-41021 57369 47412
-41953 54777 59817
-43944 40659 42022
-55267 40844 50190
-57810 44579 52594
-56802 41318 54560
-43653 52822 52444
-49415 50511 56037
-47666 54460 45040
-51193 49579 57248
-56972 51446 44285
-48244 44410 59178
-45594 57987 43260
-45639 54045 46323
-50975 56770 51201
-56145 52503 53731
-55810 44302 42729
-46542 42884 50571
-52542 44045 46091
-56537 53913 49971
-58934 50075 44281
-57595 44525 44829
-42990 46813 41902
-57218 44817 49709
-56448 42340 48093
-50781 48761 57122
-58539 45509 40912
-43398 49263 49601
-45996 56818 43375
-56769 48112 57614
-50836 50221 44713
-50300 45262 41175
-51597 46393 58942
-42799 59466 54587
-44458 45060 57671
-58241 42438 48875
-50066 59702 46558
-48982 41476 45715
-49488 51907 58260
-51469 46834 44502
-47561 43389 44427
-50808 50648 40745
-48665 41092 42519
-44629 48578 56002
-40375 44515 42722
-49573 48951 43666
-52904 46241 54883
-59398 53200 59986
-47924 44288 53087
-48854 51552 49084
-50465 56913 51987
-48253 59838 52971
-47743 57360 42568
-48338 50252 55625
-44332 54776 53608
-43042 49363 50465
-41874 59551 44412
-58795 57896 52979
-40816 42120 57175
-51314 48626 48191
-42560 46320 49359
-46380 52718 45944
-53671 47173 44560
-41106 44719 45236
-54910 42475 44120
-57697 44200 44107
-43468 45247 43525
-42371 53462 50624
-49265 54898 53553
-40701 58978 48446
-43282 53978 49676
-49137 54212 44315
-42365 58867 49946
-45556 44912 58142
-57621 51406 47881
-42617 47371 46280
-54220 41347 45634
-58644 55092 47713
-59502 40140 54458
-57336 49597 43773
-50962 46616 54954
-47296 42792 40234
-58847 55328 51230
-59178 57629 52500
-54500 44895 57517
-41768 41867 43736
-49418 52163 50238
-43015 52750 45715
-54796 46174 41948
-58742 51090 49320
-47451 54418 55218
-44000 43389 53916
-54549 41417 50452
-56182 51687 59309
-42342 40797 48144
-48788 48448 54157
-40795 50204 42378
-43968 50938 52498
-53161 56449 49290
-56532 41788 42065
-48289 44872 47811
-55723 53043 57095
-57852 53085 40667
-47326 50110 48613
-55267 40809 56778
-52533 55864 47076
-54956 57637 57981
-55057 59704 56779
-41528 51984 55819
-58199 46760 59162
-54920 50801 41036
-41647 49510 41147
-54189 56300 41364
-45727 48401 49480
-53258 49675 59792
-42227 45180 44386
-49257 46642 58191
-47925 43730 54503
-52948 51690 52313
-58983 58507 54513
-46207 41192 41699
-50916 47060 48222
-48583 51451 43386
-53977 56690 40854
-40004 40693 59855
-50773 42655 41491
-41682 51222 59584
-59496 46937 50826
-55037 47680 43990
-57224 43071 40456
-48697 53348 43823
-54224 40149 41304
-50698 59440 48504
-46669 40111 49081
-43302 55716 51816
-49830 58318 50068
-51706 56334 48920
-54991 53793 57648
-51144 53132 47965
-59157 47979 55104
-50213 52631 44946
-54912 58159 53518
-45078 43685 51088
-42287 57342 56525
-43314 56275 59307
-47094 40173 59002
-45124 49082 46059
-54805 55945 45368
-57315 56623 42146
-58705 44623 52125
-49199 41584 54327
-45166 53617 56018
-44265 57644 42029
-59713 57419 48944
-41263 42060 56550
-44562 46935 51377
-40097 54449 43167
-55387 52572 59105
-41855 48057 58531
-53671 55279 54858
-56022 44625 50920
-48415 58312 50841
-57241 54040 58880
-58544 50511 40382
-50186 56260 43689
-53227 46523 45757
-55049 54835 53105
-45904 56407 40096
-46157 57230 55246
-48004 59003 40510
-51252 54581 54461
-49961 48792 43422
-45885 49327 45481
-51060 47477 44680
-40582 56873 43307
-41684 56631 55962
-40900 42932 41220
-59892 43070 40734
-49506 57364 43848
-45410 58118 53032
-52161 59741 53622
-47852 45947 45609
-48350 45538 44640
-45366 46044 52904
-41721 57720 49119
-52551 47030 50160
-57701 45782 49086
-59229 59297 41653
-53493 51024 42139
-54571 50014 53797
-44460 45288 45884
-41900 55058 42745
-59681 44905 48121
-42039 50848 55225
-59751 46194 40173
-50765 57841 51783
-56237 45078 54561
-51987 51557 54743
-41327 44451 42809
-55308 56217 42326
-55557 58644 55328
-40567 50121 49296
-56646 44036 49050
-52761 55068 59285
-55083 53380 55628
-56489 44799 52358
-45223 46665 45614
-40877 59647 50345
-46361 48676 57098
-57211 49497 52594
-57365 48007 41713
-48190 45669 57451
-55936 55182 55314
-44705 41111 44019
-54660 53699 48170
-42033 48751 43937
-54253 58006 40557
-56575 56265 53745
-51676 59105 55068
-59342 51880 44573
-44939 48116 49367
-56259 54893 57381
-54501 58673 57139
-44364 59153 58661
-46452 50085 48457
-41506 53467 54387
-46627 51881 40828
-43740 45658 49987
-46076 46718 51220
-51630 58075 51885
-56880 50888 40888
-56459 41064 57843
-43101 40723 45845
-59384 45922 44807
-47217 43482 56274
-55052 49474 51110
-54245 55495 50689
-55454 56480 51123
-56578 58287 47392
-44598 43229 40357
-49534 58062 40553
-55268 57335 51318
-44440 51597 55048
-53226 54705 59393
-56621 53989 51160
-54702 45856 45041
-42692 48047 54536
-44307 57735 41418
-47124 42245 40297
-41886 54995 47351
-54810 55327 52220
-51052 45763 50549
-43024 57824 56198
-40250 52751 44519
-42268 45491 40754
-49521 54857 45488
-47476 40926 47533
-47757 46947 46242
-56711 57296 59132
-47125 57956 43980
-45864 52616 44837
-47742 52211 53171
-58691 42780 43887
-56590 43664 52119
-51423 45724 53139
-54765 52580 48238
-46474 55096 40834
-53254 50856 53174
-49587 58890 58204
-48256 40981 51549
-46962 54744 43672
-49080 52072 45720
-57164 53097 43700
-55479 52613 46371
-42376 53033 56551
-47621 54887 46372
-52342 55840 41897
-43605 48777 43439
-57076 45573 47966
-45790 44932 48626
-43818 56067 45663
-41104 52931 44301
-42881 55459 51568
-54388 57546 41244
-45911 57083 52801
-43835 45794 43408
-47927 58583 50603
-54848 59379 59829
-57170 48348 43252
-58467 42402 40486
-56591 51081 45443
-44524 56809 53036
-59815 41012 45928
-59700 48568 56256
-56464 47236 44014
-57866 43629 52110
-46257 40152 56903
-45613 43337 42935
-47157 44240 56357
-52656 43306 57085
-52515 42080 49440
-54956 54487 43962
-45580 52080 45577
-55308 49087 50726
-59690 41285 42505
-59628 41359 40095
-40742 49964 43636
-40313 52196 49328
-52698 57230 42667
-46897 53898 55467
-54045 48892 48976
-40106 42181 58837
-57186 44858 43301
-57957 55992 48979
-41388 50635 43784
-46524 55006 42821
-52362 59983 43377
-50512 56271 47292
-50808 56807 48211
-45624 59600 55936
-59430 42739 57603
-41150 51198 45241
-51329 41087 51842
-43428 51557 49482
-55746 43408 56879
-46778 49276 40661
-40377 46397 40511
-46115 44979 47733
-58829 45804 52642
-56488 44138 56859
-41384 57187 56926
-43919 57471 41948
-40181 45820 43012
-51333 54431 49093
-52039 56399 57865
-55840 42431 57547
-54399 59614 40810
-53269 55357 45398
-53946 51526 46988
-42843 54647 42128
-53189 40178 57261
-57521 43973 46106
-54750 53981 55707
-57341 53637 56686
-44623 56733 57187
-59567 51757 48274
-40924 53670 40354
-45803 42781 46490
-51010 50752 42551
-41318 41529 40543
-40139 51125 43467
-56856 41797 53469
-55280 42673 49478
-42018 44057 44192
-41139 41716 49465
-47875 52404 49281
-54922 56645 47346
-51888 56872 51193
-57542 42778 48220
-53995 48956 44966
-46342 48690 57470
-53821 56597 51135
-50755 42461 48570
-40489 48007 40430
-42617 41597 51389
-52593 41104 55526
-48649 54575 50001
-58032 48475 43277
-43325 52918 43068
-48160 59381 43749
-55339 40635 46410
-55426 57105 58963
-40168 55384 48174
-52736 40622 52970
-53288 49517 57170
-41360 48310 46778
-40854 49968 44370
-48870 51676 57556
-47600 56922 41384
-52340 42888 52816
-41916 43167 41020
-41058 41271 52216
-58344 47782 43707
-56072 52741 43580
-53640 55953 52726
-50084 46291 49761
-58165 47072 50344
-45313 53125 40355
-43182 52455 46986
-48114 49478 57883
-41901 59470 50732
-41291 55088 47206
-59654 47214 57533
-49469 45221 51937
-53652 44680 45131
-54630 54444 40887
-50850 47312 47378
-59905 40481 59307
-46783 40205 45098
-55147 56967 44210
-48069 42549 52470
-44615 57577 52990
-41297 53434 48431
-54781 52200 45972
-55091 49345 41117
-41212 56262 57671
-46904 49261 40131
-58727 40763 48193
-45749 58229 56314
-55323 41142 51432
-57476 42578 59220
-51230 53863 41465
-46847 59363 50000
-57485 58061 54899
-43331 43883 53591
-47518 50616 55883
-45871 58225 57062
-53023 57849 56176
-56805 59193 46358
-47131 59568 59515
-48945 46466 58328
-47148 45119 45967
-45937 59816 43186
-47304 40366 56135
-55217 56120 53109
-51253 58300 50174
-48737 42215 51042
-40846 49406 58806
-44356 42875 45031
-59416 40844 41816
-55309 40437 59843
-49478 41810 47582
-44916 48310 57307
-59114 42807 57138
-53835 42274 56839
-58574 41441 55870
-52622 41433 52058
-45643 43187 48512
-47938 41641 46390
-41750 58583 57827
-46065 54595 43767
-44087 47347 56536
-47699 43636 53169
-52971 58842 51043
-52499 41770 57187
-58108 46200 49429
-47723 42632 54279
-46784 55305 58756
-56493 48568 40860
-47875 44765 54289
-59637 54526 47398
-45401 56219 56142
-55151 59477 48615
-46945 52145 46964
-56695 44685 59156
-53590 55357 48472
-58019 52415 47599
-43934 49336 52309
-40630 59144 42462
-52341 46795 49998
-55564 59117 40881
-56626 55859 51204
-55584 45612 44326
-41680 52080 54008
-49301 46018 51201
-48536 59063 46806
-52805 48958 54419
-42001 42953 54953
-58598 47998 55073
-42599 50633 42670
-47997 58683 49226
-55945 59497 56798
-41121 58879 46454
-58720 50232 52849
-43026 54115 53323
-44826 46212 54799
-59803 44274 58698
-54289 48721 47727
-55036 47982 47297
-56471 55917 57133
-44712 55965 41931
-46305 52839 44204
-56662 58952 56470
-53852 52132 48959
-46101 40318 51444
-58015 45353 53432
-47060 41341 40340
-58023 54775 41328
-55581 55495 45170
-40336 56265 52499
-55220 51506 57699
-52592 57511 58551
-56348 55713 46266
-56284 53961 47578
-56939 53257 58978
-58976 57352 53483
-42286 41317 54240
-51975 40848 59675
-56411 44943 58041
-45650 54375 45381
-40970 56436 51404
-57031 42207 41627
-57209 47499 53296
-55584 40097 55467
-46080 40440 56998
-49786 40938 57706
-58462 40001 47217
-53343 40949 45111
-44444 46064 44659
-53076 50854 46650
-55146 42339 58529
-43148 53083 54468
-54979 41920 41142
-41474 43499 58981
-54815 50046 55380
-51988 42618 47611
-51186 54836 58484
-58904 53357 47522
-50421 58666 41546
-56599 56608 48207
-41311 40012 45878
-54882 49109 50858
-42187 54014 57423
-58808 46875 56023
-49757 59384 47869
-45576 52234 52843
-45270 51938 57270
-45108 41171 57915
-41403 58062 57321
-58199 43415 42151
-40838 46234 43777
-49090 52084 54630
-49246 46276 58885
-55698 59305 42524
-56419 41091 57175
-50448 45636 41524
-57579 48376 43415
-48371 43925 46056
-47355 54014 40602
-59035 46240 46607
-53740 48561 43884
-50867 48584 47921
-43285 48069 45649
-50994 50650 45523
-54893 52073 42862
-56461 53228 48131
-56461 58765 50203
-44538 58454 54672
-54098 45247 44725
-49135 52139 59172
-42098 59980 50372
-53445 50604 56429
-55776 48957 49891
-52859 51893 51823
-54160 40518 41720
-47815 51328 58642
-43089 58121 57053
-45834 58443 48743
-52642 56589 42150
-54666 41644 40689
-57155 47574 55156
-45943 41374 42618
-43258 58405 56146
-53052 49935 53103
-42540 44051 57202
-48920 54186 51480
-42586 52244 45610
-52819 54236 45205
-42064 59816 53037
-47834 44853 52362
-48908 46777 47894
-54312 59414 54991
-49158 51520 50727
-45935 42618 43366
-50178 53220 58947
-45547 40243 40805
-56410 44753 42966
-59197 40683 43234
-48027 58078 44699
-45832 41018 54723
-57967 41499 52898
-46194 47647 48727
-45239 55214 56940
-42910 48369 41892
-58136 48667 58944
-51004 51391 46898
-46136 58133 51436
-51704 40164 55323
-42246 45105 47082
-51386 57441 52855
-55436 43468 40127
-57738 54775 46472
-57336 54466 41787
-47451 57834 55220
-45886 51098 49030
-45273 50095 57463
-56259 40731 46495
-55820 59189 55005
-40112 56868 44530
-47794 49810 40470
-40936 41543 40149
-42989 44624 48953
-46676 40770 55918
-57469 42271 52074
-56008 45213 45464
-42067 57559 51518
-59001 58096 44786
-54099 49497 46332
-51636 55681 57812
-56736 45907 41690
-55068 43262 44369
-56626 52816 54099
-50392 56872 57428
-53202 58252 51021
-54205 53123 48491
-50788 55380 55798
-55599 59175 48026
-50689 54011 41059
-40525 51566 55733
-49180 56538 55605
-41488 49364 42091
-58880 54578 41871
-55625 48122 41849
-54299 57444 58757
-46193 50675 42504
-52837 40808 53497
-53257 50232 50637
-51222 47426 57150
-57032 50052 41314
-41295 53521 51426
-43611 41733 58565
-48869 41836 47578
-56060 41206 55340
-49515 49887 48581
-56483 51652 41279
-43333 59055 48639
-56229 41700 54682
-46906 52919 55181
-54603 43436 54352
-46422 45037 45594
-43866 47505 52299
-45674 52410 54317
-52608 52242 58241
-54304 45144 51807
-55678 45724 54047
-51211 49370 46957
-46778 58247 47552
-57731 49206 48256
-43153 57446 58445
-56266 49293 53300
-41761 42006 54501
-45168 40097 55611
-49493 41937 54201
-41895 59547 55184
-47947 44314 53118
-46806 51439 45918
-58747 57922 42394
-40217 43798 48560
-43860 46532 43957
-58062 48317 48740
-40201 53338 45104
-41372 41706 52693
-50549 54837 56015
-52292 47163 44280
-52197 52381 57272
-56899 47732 57277
-44923 55084 48031
-43891 47634 49746
-44917 43638 49936
-41295 54217 57346
-40071 49964 52569
-52713 58124 42485
-50083 42589 50635
-57155 54932 59567
-43485 50732 47972
-43723 42389 59614
-47953 42578 54528
-53282 58884 41311
-45747 58135 45039
-49258 48689 48528
-41571 59075 48421
-42901 59553 45231
-57508 56393 51285
-41891 49361 48823
-55587 54477 58439
-43775 41125 52344
-58828 58303 58490
-47096 47091 43646
-53094 44537 42076
-54838 59859 50233
-41796 55749 49399
-45687 54612 41092
-54700 47450 55943
-55626 54480 45786
-49393 54585 49334
-51101 50174 57743
-57119 52118 43564
-54217 46591 53885
-53440 47931 46906
-40477 48268 49987
-41202 58680 54800
-56148 58297 59247
-56885 49644 42196
-52024 54705 52617
-51356 41908 40197
-45497 59089 42429
-43698 55521 44208
-42605 55908 51215
-41936 45180 54784
-56018 40493 44864
-57370 47617 41877
-59685 42354 52625
-55047 46155 44472
-41679 49108 43033
-41873 55577 56130
-58083 48049 50455
-57631 57027 41616
-49734 50147 53222
-45190 44791 41583
-40431 49748 59536
-46535 40874 57797
-44536 56346 42185
-52181 46514 44527
-46348 54504 43399
-42466 50048 56706
-40100 56273 45756
-40035 43883 42983
-56368 53847 56956
-42127 56815 50176
-51339 46051 59852
-47932 54664 46019
-51026 50587 55943
-56227 59548 59282
-59957 55956 58906
-56185 52994 43207
-59949 53342 44303
-49384 51127 59015
-56001 44271 54500
-59791 50147 48951
-48913 47692 44111
-46154 59541 54741
-50080 50160 54643
-50878 58776 56016
-52098 54176 47023
-58673 46289 41027
-53286 48539 40192
-56611 55765 47026
-57300 53679 58523
-44325 45269 52775
-59322 56930 44317
-49897 52840 56171
-52140 59115 53266
-56228 41387 45587
-59505 42179 49683
-47744 58161 56523
-49060 49731 48675
-53171 55131 53872
-55102 43595 48657
-51804 40805 49000
-52233 40123 58749
-51783 41184 44299
-50233 57867 56026
-57962 40253 48615
-42013 53993 40214
-45203 58236 46302
-44802 43532 47538
-56510 47771 57041
-59718 42586 40399
-45070 43805 45382
-55816 42668 54163
-57831 40218 53861
-46015 57561 43775
-50485 47031 43163
-50635 51845 41357
-56826 56574 56808
-45671 55200 47943
-44853 54978 49034
-44912 45364 43786
-57933 41050 42421
-52355 53407 51211
-53615 45686 59526
-53105 47496 42417
-53246 52959 48256
-54724 46733 59996
-53306 53111 40936
-45622 50460 57980
-52730 56763 59576
-50367 58284 57461
-40197 46010 45534
-50836 43129 52583
-54621 41750 52340
-46897 56922 46072
-56062 46376 53711
-51793 57165 59707
-47894 41758 52825
-42587 50316 49969
-41574 56828 47934
-54446 42610 50471
-57917 54576 40598
-43087 58399 54467
-44760 46515 43381
-46203 43222 41154
-59106 51530 54755
-45949 46019 58017
-49960 46872 55319
-51148 54949 55060
-44928 46930 41264
-57407 51407 58687
-42563 54321 59089
-54854 48669 48591
-40363 46984 43845
-43322 42950 40925
-42393 54786 41776
-43751 52170 58401
-51467 51375 53205
-54604 44326 51640
-41732 58961 41526
-55934 57503 46197
-41551 48336 51887
-44518 46734 57268
-44759 47098 59770
-48783 44079 58506
-51988 57151 44168
-40122 43589 44474
-56482 56066 41982
-52105 52485 45302
-50136 49192 48567
-42802 44994 51400
-46467 46505 49590
-57092 49073 54549
-55046 53997 54369
-54245 55530 53468
-43715 53170 59351
-43084 40693 54271
-44933 43175 40680
-55865 47542 49081
-45942 47078 47061
-58828 59697 50177
-48560 53497 58208
-55329 45381 57540
-51000 51401 56668
-56503 52339 51507
-42047 42124 51121
-43539 47506 43042
-52332 46944 54528
-59420 50931 55409
-49423 55828 57249
-49911 43335 49984
-46298 40262 43018
-42386 47536 49576
-50483 52946 49518
-41198 47277 43132
-54266 51437 49464
-45384 44969 50599
-47235 44242 52238
-58377 57430 43230
-56907 53787 45504
-42418 45839 44344
-48010 56636 45166
-53975 47097 55338
-53086 46967 43711
-49402 57981 58838
-41960 58284 41895
-56073 48515 59547
-44898 58635 55915
-41582 42396 47110
-55645 51848 53550
-45622 54107 56392
-44912 57325 43552
-45099 58048 50831
-56276 47504 42366
-51959 57009 42476
-46822 55286 52668
-50673 47677 43895
-44677 47319 57241
-58851 59916 48022
-40970 44032 44809
-55406 52619 56599
-57628 53362 42375
-45373 58977 53529
-48448 52175 46464
-49095 43534 53818
-57245 43445 49907
-44583 55992 45715
-43717 53425 44694
-56430 48129 57610
-45609 58043 52991
-59955 51559 49694
-50151 55240 57499
-55430 52549 50259
-40434 44020 48856
-58615 51385 47829
-53812 53096 50475
-55423 44914 50157
-46345 48400 40843
-47201 46452 45802
-58970 57648 53505
-44686 50053 46978
-59000 56245 48920
-43073 54851 46375
-53173 53810 43887
-56328 46015 43613
-50927 52319 46925
-58549 40390 40313
-45529 44209 40821
-52833 53201 41331
-48387 48645 40130
-42872 48525 42154
-48089 54139 58193
-47537 50689 49936
-49557 40540 55262
-55989 57126 40881
-58500 54910 42303
-54796 57092 53783
-43248 52187 49742
-55835 54889 46873
-44654 49275 59240
-59458 48375 54601
-50391 57523 53420
-40309 41194 43510
-43473 46857 54369
-44167 51945 49165
-45108 52158 41865
-40724 52120 44620
-54468 47975 59709
-47242 58010 53347
-54593 51534 45347
-51192 40806 47040
-57906 47173 49306
-59987 53581 57746
-42629 57640 46184
-58704 53375 54462
-54462 40368 51793
-43708 54548 49354
-43440 58364 41489
-55548 58177 46631
-42058 50321 40181
-42903 59358 52975
-59977 57598 52149
-48300 45225 59979
-54183 49058 50113
-46941 53621 45286
-42960 53842 41323
-40733 59692 57402
-48108 53499 48936
-59185 56028 57641
-54612 58184 52514
-54458 48840 59785
-40855 47775 41193
-55436 59492 42872
-49391 53931 45643
-45870 41826 57556
-43040 41737 54040
-50605 45980 48582
-43455 51698 46936
-53866 40509 43089
-49131 57231 40310
-56540 47273 57802
-59882 57469 42340
-43629 48415 42764
-57983 48217 55883
-51065 48126 58882
-42537 58393 48683
-59117 50200 58364
-44194 56061 51315
-41023 41678 58060
-47110 54445 48689
-51305 42975 40180
-52769 59359 58800
-46750 56157 44488
-44990 44822 50145
-56410 50717 47025
-43742 42132 47777
-54936 46671 51725
-46797 52654 56963
-41068 59411 48861
-52350 51493 42508
-56761 41018 46805
-53915 59542 43417
-50369 46391 55205
-54990 43188 53233
-56633 45534 42097
-56664 47016 49012
-58617 40303 52909
-53187 50941 46667
-43268 51813 45311
-45445 50428 55842
-44840 51400 49801
-53885 54243 55221
-44039 59535 45402
-53386 57719 46302
-51867 55819 44837
-46238 48626 47062
-58627 40459 42812
-43046 47970 55606
-43047 46626 45105
-46225 58016 51575
-59698 54131 46714
-54178 42817 47926
-44924 59137 54908
-43806 59802 47101
-58435 45914 57420
-41332 44819 52897
-48976 54676 56848
-45920 59612 47070
-50527 57149 56657
-46570 49577 44255
-51509 41791 59599
-52555 40339 44922
-42376 50544 43875
-43802 59242 55336
-55025 42927 41660
-46875 41777 51115
-43383 50845 40349
-53213 59861 51384
-52255 47754 58419
-42619 50690 53384
-44369 53139 50732
-56475 49560 55260
-56965 53612 45075
-48202 48362 42297
-58866 49563 58007
-54697 42611 59295
-41828 54898 53286
-41646 45068 45434
-51414 51356 47360
-51682 44717 56448
-43999 52729 42149
-52437 57741 45044
-58982 47699 53929
-43483 46841 59872
-55143 49412 53866
-40954 56137 48646
-42396 47415 57550
-43129 45971 57923
-48006 59121 55144
-57813 43241 57011
-45897 53194 55866
-55956 54265 50715
-49061 51995 50621
-49906 57141 45442
-57066 47934 43646
-49197 57284 52256
-46550 44759 40521
-52714 49563 50423
-52236 52694 52813
-53396 55067 54081
-58089 49144 51449
-58192 58602 48184
-49236 44716 53045
-40185 59234 45319
-43828 47014 46971
-43254 52330 59002
-52949 51892 52560
-57460 41176 50165
-58534 43790 52276
-40812 48025 56961
-42514 58662 51338
-48884 57168 42394
-45846 55182 49846
-50133 47788 48823
-55182 57348 46607
-59530 50016 50766
-48181 55193 48279
-43429 47572 45567
-52230 43693 50413
-50728 57330 41259
-50174 55078 51126
-54255 57963 48857
-54934 57050 52465
-42572 44833 45331
-53687 40491 43605
-45100 56733 41401
-51607 55580 41514
-42461 57711 57148
-48899 44064 54686
-55361 49323 45188
-52406 43077 45126
-51551 53081 43212
-42517 59121 47735
-49603 49052 51095
-45566 45859 54785
-46061 43805 42034
-52918 45022 42767
-43610 58604 57433
-43538 52157 42498
-55308 54810 46642
-42692 53025 58172
-44355 47711 54790
-57553 47767 41698
-41080 42094 57369
-41648 42495 50060
-41253 50855 52006
-43079 46363 51797
-56710 56185 45689
-43742 40467 41674
-48119 59577 42999
-47852 51242 53933
-54840 45531 47849
-51298 50717 50123
-44143 40960 47660
-45937 42047 55616
-52004 43997 59643
-51702 41949 57681
-47623 51386 50274
-40091 53322 44002
-47709 49459 47857
-48001 56594 40980
-43124 41971 47452
-46286 43336 47555
-57642 49649 43394
-43225 44436 41156
-47078 40722 52623
-41028 55028 52960
-52307 41625 55519
-43680 59758 40229
-47832 40338 52499
-45654 52676 41209
-45481 41949 42158
-55163 55729 45296
-55692 58745 43591
-56933 58244 50769
-55661 54576 49708
-50997 49686 51521
-58112 41651 59163
-52469 49910 48191
-40060 55864 52660
-55261 51717 55077
-46466 41256 46319
-56487 45499 57693
-51700 50979 47556
-58477 59871 54864
-48991 47872 45659
-51173 54000 50663
-55126 44259 48313
-44870 55768 47809
-58061 57050 46659
-59995 58406 54553
-40442 43992 53264
-53818 51312 50432
-54265 44316 42484
-48792 44727 43585
-58508 56202 54580
-58322 47908 56472
-58955 50944 45002
-47500 52683 57121
-55727 48606 45859
-57465 43172 58172
-55637 52749 58972
-54107 49412 43624
-57785 52397 59037
-48125 43207 48070
-44006 46204 42938
-51796 49763 53973
-55799 40430 49387
-48147 49330 50977
-48847 57524 55773
-57639 52304 42733
-43362 51927 48634
-51643 56422 41393
-53933 56324 47903
-59503 40784 49744
-57301 48746 51148
-56282 46000 56948
-56555 56353 56984
-56219 48680 48768
-47967 58539 40324
-43088 47517 48057
-51979 57285 49247
-46076 53701 50584
-47909 57249 54673
-59501 40956 54855
-55353 50992 59105
-43657 42518 46615
-50109 45312 53977
-59386 55748 45515
-53952 51634 46789
-41001 55587 44925
-50910 41791 44418
-54109 44926 54268
-50948 51182 45676
-41905 41000 48089
-51449 45485 56453
-43654 43312 50030
-43597 44488 48560
-51550 56039 48703
-50290 54751 41426
-43574 41019 41711
-52297 46853 52231
-48740 52045 40901
-43254 42173 55289
-51060 59014 55393
-52442 55040 44839
-52973 49877 52844
-54363 52746 53221
-55229 42984 52808
-44111 53899 49544
-45919 43201 45640
-41750 47136 52797
-42462 44576 58527
-49825 50073 49123
-46250 42145 58024
-51189 40055 46931
-47552 57667 56625
-46699 57561 57024
-51715 55314 57559
-51510 42453 54311
-44168 51150 43421
-44669 43163 54044
-43012 57956 45384
-40117 47311 40321
-55159 44762 52855
-52835 44845 50652
-54731 46749 48833
-48256 48831 58050
-59659 45507 48613
-54916 52135 49929
-59312 51873 46486
-40221 42135 51109
-44892 57779 59370
-50674 48087 49137
-50085 45032 52970
-56946 53118 46958
-44960 50228 58036
-57987 49427 40311
-56444 43259 55776
-46845 46167 43479
-54674 58997 50963
-43476 40585 51190
-45721 43740 56914
-40544 41094 41562
-42589 52689 55787
-57701 45077 48863
-41458 45928 40818
-59622 58176 42601
-51218 49421 51175
-41427 40447 50786
-58477 58879 52097
-59283 46869 52155
-41030 42106 52802
-40781 43784 52458
-56066 50919 46905
-44924 50506 53682
-58891 48926 59272
-54182 59895 52746
-50413 55544 52048
-46126 53530 42889
-44058 57513 53334
-45251 45168 47326
-54861 50917 51256
-44952 40541 48171
-49424 57316 43095
-43336 44491 50892
-52371 46335 50075
-54794 56578 44724
-48757 52788 52407
-40411 58537 50428
-54109 55854 55063
-52033 43513 40271
-49684 43028 43996
-54082 50181 47920
-46850 53175 46385
-55226 54485 47419
-55607 48757 56203
-42609 49881 42815
-42916 54328 40949
-56592 41666 52055
-49712 46390 55772
-52357 42647 40612
-41496 40007 56067
-52008 44275 49958
-57585 51007 49751
-47050 48293 50970
-51256 56090 59988
-49446 42043 42487
-48429 55203 53611
-51946 48172 45911
-45517 41766 52716
-53573 43008 47708
-46486 49193 43485
-41312 56482 45663
-51186 47837 44788
-50983 50838 58256
-58292 51897 48970
-51742 43612 59253
-42835 55294 55094
-50516 44088 57719
-52773 59217 42223
-55385 40560 48961
-47037 41809 44955
-50330 40046 44689
-51474 54698 53403
-47155 53442 47686
-59464 50204 58395
-52949 54413 54347
-42600 49226 59636
-40532 59410 59035
-47119 47944 55343
-59119 43128 49046
-59152 41755 50280
-40042 46534 44332
-40401 59237 55876
-42585 55487 59973
-40230 46679 57181
-43124 50375 48981
-57585 43333 43546
-56230 42396 55473
-55623 55096 52278
-42604 42481 42259
-43528 50618 59863
-50871 47879 56215
-47344 40552 55139
-44091 46048 59219
-50682 57999 56024
-51048 46200 43753
-55039 49956 49411
-53229 58556 41799
-42816 48671 45399
-44995 54027 46324
-45518 44956 48634
-40222 46020 42435
-42374 40048 41762
-59652 52128 50457
-53614 53162 59855
-52300 56025 52356
-47139 50043 44581
-47225 50158 55616
-47573 54169 54139
-45954 40264 56866
-41662 47055 56981
-44366 44025 55422
-40868 56048 52864
-58259 40262 44919
-55406 54962 56333
-59471 59046 56473
-56472 56279 53492
-46862 55563 51835
-46614 52292 43772
-52448 44198 54815
-41404 57916 56762
-45332 59332 53299
-53878 41896 48803
-43236 43403 54935
-55701 45628 57554
-43546 57380 58132
-46134 44688 55163
-42030 51671 56867
-42460 54186 45618
-43635 52424 52043
-40132 42980 59905
-59501 48327 46976
-44865 51313 46777
-58281 58142 58188
-57511 58614 47097
-44180 57295 46322
-41126 54797 44945
-41764 58572 58082
-57515 50458 52553
-49382 47580 41404
-53364 58255 41196
-51347 44488 54273
-46316 51851 54975
-44366 42872 45533
-55164 51355 54492
-48117 40256 49447
-52594 47491 55864
-44202 53031 53965
-52071 53165 49967
-58607 48735 46885
-56088 53195 48000
-43840 45022 40298
-42662 41658 57522
-59503 53716 51651
-53991 48886 54223
-48532 44841 44571
-43591 59748 42631
-45084 55749 59333
-48988 48439 51125
-45307 57679 58988
-54127 53299 50351
-41002 53247 40616
-50656 53189 46536
-46259 44721 43111
-47196 53585 51891
-51062 41037 45553
-48389 53704 48318
-56508 41757 41750
-51490 54792 48362
-52109 50526 56635
-56991 58231 46431
-54103 41839 40104
-56653 51622 59829
-45918 54736 45733
-56117 56833 51431
-54929 41222 42327
-52874 50519 40914
-59484 53876 59063
-43580 54201 56678
-49638 42612 49899
-41950 59148 42398
-53538 44919 43002
-43705 46586 48134
-43561 43890 42878
-53584 40550 48292
-44925 59841 43061
-44416 40229 42274
-45314 43355 51711
-45138 51231 47911
-40863 59525 44896
-54009 54474 56888
-58014 45751 52129
-43080 56166 55111
-54502 47325 42504
-49397 46132 47027
-48137 50082 56217
-58774 51034 53685
-52323 59170 58802
-53265 40216 46209
-57402 44546 50437
-47695 40414 54796
-54334 54798 53421
-47462 54388 44125
-43798 40429 52655
-44749 53660 58877
-56331 41867 52885
-56232 53874 51881
-42776 41920 54220
-44540 56280 49587
-55448 59486 53618
-57359 40344 55173
-52040 43941 51156
-53323 56190 41589
-59389 44887 51128
-49041 42383 46636
-57012 48100 40373
-45381 57206 46336
-55701 52981 48301
-53397 56958 45681
-54750 49239 47736
-49739 52241 47533
-47315 44718 59221
-47132 42941 40305
-48432 41395 58675
-58594 47899 47234
-41197 53184 54986
-53633 42286 59898
-44916 49634 58909
-55152 45677 42176
-53104 57828 53039
-44324 55361 42494
-53419 49605 48200
-42741 46119 51365
-46482 56117 42098
-40720 56622 44340
-56480 40056 56521
-42859 42818 46574
-58963 49268 41468
-57193 41537 51079
-57650 47370 42578
-57022 57744 49686
-50428 54977 47425
-40714 48588 53450
-51025 52065 52127
-54392 45163 57156
-59281 52842 42033
-41897 45248 54789
-46751 47485 47156
-47542 49182 47773
-54312 50089 55491
-52310 54130 53269
-47841 59900 49549
-42422 59727 42541
-49600 56338 55384
-42281 43826 53790
-54437 43307 58171
-54046 57458 42622
-45430 52687 57746
-54561 41858 43610
-48891 42093 52290
-44339 47609 47556
-45449 58036 56769
-42057 45957 47427
-56378 50605 57790
-48099 45780 53918
-52306 40676 53692
-42495 44520 56983
-58696 58305 53332
-56045 53774 50586
-56878 54374 44162
-49046 50988 40578
-45387 58084 59861
-57220 43193 45226
-56283 55777 57303
-49394 46622 58580
-56449 41477 40177
-43759 43683 57198
-55809 44736 56277
-51282 41796 46590
-46557 40973 53294
-41860 46667 56851
-42555 55831 40265
-57813 50448 52103
-48047 59836 52200
-42384 41118 41384
-41516 50401 58693
-47116 58758 59987
-52544 51518 52385
-43893 56931 56418
-54574 43899 54769
-59869 48777 52193
-46895 56027 50929
-40495 51597 43442
-51031 59475 44024
-40571 51712 49173
-40818 46280 48886
-58662 48081 57737
-49419 44390 42198
-40732 45467 48351
-52476 47439 47993
-50300 40474 42407
-59682 49636 54556
-53381 57982 43265
-43562 48864 53122
-47815 43607 43726
-52758 49327 50751
-46085 49765 58983
-56692 42271 53415
-51515 48258 53849
-41742 42004 54688
-50691 49473 59067
-49440 48758 40378
-42044 49901 56404
-42548 51013 47475
-58899 45670 53062
-46686 43053 48292
-42212 43052 58633
-54930 43949 48783
-48939 51452 41760
-48204 55548 58548
-46813 40973 40517
-50486 46094 53684
-52148 41924 59559
-44547 58599 40336
-42604 42592 40001
-56744 41262 42929
-45419 46483 47217
-48260 53755 52722
-47672 44503 58218
-58208 47083 53276
-59583 51908 41643
-55233 57903 47701
-54003 40939 44705
-43515 49029 58036
-58461 58156 58304
-43930 58852 48221
-58104 59217 41570
-49638 54693 46934
-53550 59941 57204
-52822 54929 52826
-49420 58557 47363
-43158 40446 42341
-48003 51902 57965
-51468 40931 56622
-44945 54944 50953
-59053 40348 41967
-48886 42084 48061
-47830 52418 59857
-44067 43231 58024
-56707 45246 52463
-57403 54170 40829
-44414 58766 47975
-56889 50211 53081
-51640 54876 51905
-52937 51299 46517
-41121 52833 58444
-49505 52513 58985
-52889 55273 58448
-56146 59693 49867
-50943 43036 58193
-40139 48359 41764
-43652 47918 54954
-53068 45312 57420
-56638 54837 48448
-42157 54967 49265
-50135 45590 49775
-50967 41879 55334
-42643 51694 44560
-42128 52779 49617
-50779 56612 43630
-53162 58009 48447
-44404 40627 48695
-42523 50406 44001
-50274 41378 45578
-56056 51218 47595
-57281 53893 59411
-46126 41843 58037
-56332 53772 43806
-54826 44308 52114
-40587 41156 55788
-46034 54226 55965
-46202 43455 54903
-48079 46721 55605
-57246 54972 54291
-47878 48142 59354
-57323 42272 56694
-44164 51287 45706
-50221 50966 40100
-59951 52420 52708
-42080 53278 51416
-41407 43337 46233
-45263 46545 57778
-55621 40930 57742
-43318 54531 48160
-41296 55448 44385
-46098 47424 54065
-50468 58009 41771
-53211 41564 56301
-49587 48944 52918
-58809 47795 51747
-55447 41083 41335
-44969 50584 52090
-59346 51693 51566
-44224 55706 51391
-49564 54380 48067
-50389 44793 43719
-49174 55720 41923
-41180 58402 45075
-49116 59492 55650
-47360 52444 50032
-56997 49399 59616
-46419 47699 49320
-55131 41032 57413
-53037 46869 49981
-59521 48711 46077
-56137 42979 43667
-53694 49802 51382
-52875 53136 47419
-46001 42469 59210
-52577 52928 54067
-41475 50910 53059
-53506 41646 54997
-59577 53730 50025
-48471 57871 47502
-51081 46524 50743
-57448 54552 57154
-42350 55117 43619
-52264 51521 52156
-52626 55846 40688
-44073 53848 48053
-57986 56665 43594
-41752 40937 58502
-40422 43241 40792
-58051 58965 55830
-54885 50161 53714
-52104 43772 42920
-52952 45153 55792
-58236 42887 51007
-44411 48131 50043
-43344 56522 53075
-54051 44915 59080
-57175 49604 44671
-58927 42255 58930
-58802 55456 43202
-44104 41965 49041
-58466 44367 41674
-46226 46524 58180
-40482 42030 41177
-55959 46177 44679
-50416 59781 41974
-59788 49171 40463
-54301 56609 52834
-42249 41557 56335
-41807 46784 43133
-44407 47750 57185
-42652 47027 55022
-59503 40926 47949
-53245 55295 42247
-57132 40754 57307
-55355 57819 43962
-44958 51052 55374
-43100 51031 54998
-51061 48993 44738
-44264 44857 51555
-44972 45941 47517
-55605 51966 44792
-48616 48877 55102
-45557 40013 55215
-40626 49982 54042
-56167 56657 54594
-48634 48054 50295
-57947 59612 44481
-51248 46631 48190
-48951 57773 53519
-59523 42542 47708
-49099 58080 47935
-42434 43985 52582
-44256 42448 40082
-50520 59883 52661
-51262 40664 51116
-46065 51771 45069
-56379 52857 47624
-51238 45129 50068
-46348 49414 59932
-52117 49640 56851
-56132 44299 52114
-51024 45281 40024
-42064 42106 48465
-50963 41133 46807
-45032 40694 54175
-47024 41431 54806
-57482 41487 46042
-53774 54754 53359
-53528 46830 52348
-54013 53738 44879
-48419 43973 56425
-50680 46614 40932
-45306 47696 40127
-50956 40581 50982
-56281 41773 43349
-51167 45044 44978
-52637 58215 44940
-43273 55135 56533
-58185 46903 47208
-43337 59651 49964
-41421 44405 55330
-43292 42929 59741
-46817 48966 46779
-58475 52335 54160
-47658 53089 56555
-52278 57425 53197
-45164 57309 54130
-57207 51628 53782
-41953 42988 56836
-45597 40093 49413
-59710 48795 51685
-54576 41273 58719
-48829 44462 43311
-49570 54683 43287
-40381 40342 47244
-47870 43323 51488
-48552 58363 49959
-58451 47069 53344
-59080 53193 59489
-41054 48991 53203
-42204 54005 57631
-51685 51110 47275
-50413 40059 59448
-46952 59920 49421
-49948 54460 49185
-55046 42000 53532
-40712 50371 40863
-45940 43268 55848
-53974 51422 49463
-51730 58197 53108
-58886 57902 59807
-49333 52395 57918
-47782 52448 52231
-48522 59926 41844
-54457 50337 56109
-51195 54032 51322
-45059 58705 49845
-45340 56024 57264
-59629 47030 47203
-53272 42776 40846
-52295 48212 51131
-52186 59380 50022
-48001 49092 41060
-44907 54383 43458
-42744 45041 57641
-40999 53754 51527
-53924 40304 46898
-42787 42810 47853
-48821 46539 50167
-54669 47566 56438
-49181 56348 55946
-48418 47430 51908
-54277 48734 50905
-41267 55541 55490
-57017 46993 47590
-48736 53492 48091
-41453 46678 54736
-57834 45130 44136
-53402 50387 57278
-50266 43124 58314
-52508 58323 46131
-58311 55999 51525
-53207 47335 51455
-48500 46929 56903
-46273 47498 46521
-53526 58962 55972
-46887 53434 59960
-45317 43924 44884
-57249 54411 54001
-53569 58290 46729
-59364 52495 55351
-42441 45775 45520
-50574 53507 53600
-53936 51127 44422
-58480 46614 43165
-48446 57052 41076
-43055 58856 46667
-51251 45959 46810
-58619 51143 42345
-53542 55321 58653
-58135 53679 48047
-54000 53824 58594
-49606 42405 55615
-45634 51583 46999
-57064 49994 48079
-47088 56023 40008
-55872 45515 55772
-47344 53346 51488
-46631 48649 47623
-47563 53917 41199
-42927 46434 54910
-41106 40030 53626
-56454 46312 53999
-48715 47193 42595
-40802 48834 47875
-41352 52801 55940
-53088 56036 55003
-44170 42566 43900
-56070 57256 52164
-53339 51975 59221
-49981 47258 51841
-43308 58361 58131
-43029 51774 58231
-42487 50107 43870
-55740 50037 46548
-55221 59184 40132
-46965 48739 51961
-50939 57508 41425
-42201 56517 49680
-59730 42184 54686
-55100 53973 57624
-57460 58304 51565
-45859 47000 54375
-45477 45362 49320
-52119 48413 59970
-43339 49905 57179
-58348 43668 54329
-43050 49485 59020
-50282 54348 51566
-55192 49152 48697
-51642 45907 47438
-51567 55567 55625
-43816 54379 58822
-48376 40931 54718
-46693 42598 50338
-48956 55211 51054
-57791 47373 51759
-49094 53214 45001
-48880 52902 40246
-57307 56121 44075
-40428 42215 56114
-49151 56897 58742
-43918 51599 59782
-45257 43517 43433
-55802 53052 59261
-49472 56008 46838
-45940 47268 43500
-54132 53206 50727
-47463 54747 42676
-56836 42772 47278
-53678 44835 46248
-58475 41705 53681
-56358 48484 58002
-50802 57732 47805
-52471 43063 44236
-51983 49396 57607
-54191 52691 44605
-42349 52450 53317
-48551 54616 55241
-40584 52169 46881
-40274 44150 44250
-46641 52457 48697
-57539 45343 53437
-59999 53953 43069
-50927 42618 49756
-49351 54969 52878
-59083 47727 55222
-56091 51731 54788
-58472 45296 51595
-41009 57691 48985
-53175 58597 55118
-52003 44407 41586
-48247 57720 44817
-44824 56390 45440
-43282 57900 55384
-58971 59678 53054
-54069 55125 52306
-48576 44206 43179
-42434 59475 53781
-58160 57140 42785
-53667 48752 59950
-53351 42987 50576
-57787 50176 42804
-54824 40243 42990
-59259 58504 45012
-41008 46647 51702
-55530 42833 59730
-48801 48279 56962
-44979 53398 53595
-42099 40111 56041
-43618 59937 58044
-53621 58995 52364
-55481 40509 56885
-52211 59815 58514
-48539 45519 47490
-42960 53803 59906
-43300 55018 48910
-54063 52061 44765
-55115 55412 57559
-49066 58527 44617
-42663 48891 42447
-59048 45469 55730
-48668 49094 50553
-43306 53306 57017
-48183 55841 44537
-41503 55540 51719
-52900 44937 54494
-46542 52761 41748
-59854 50857 52014
-46792 59501 58190
-45358 57159 52511
-51301 59693 41610
-58967 40753 52689
-55238 41283 47543
-57860 45140 49047
-56175 42618 48921
-53675 42942 44226
-40273 57510 56536
-46111 43168 54664
-51615 40062 59333
-59331 55113 56512
-50223 40703 57942
-46581 55858 49359
-46395 45103 47392
-55861 51126 41174
-47752 44743 55036
-41113 43150 40642
-52945 58650 59491
-59621 50003 43376
-58327 52460 52447
-46782 55403 51852
-59837 56985 52574
-56734 56910 54182
-57651 52237 50978
-58360 46535 46335
-56589 52620 55005
-46439 46864 59822
-41260 51473 56538
-47089 56515 59670
-40274 57824 45310
-50199 46687 43991
-50015 51065 50607
-49157 40529 56493
-58226 41092 48801
-40339 47746 46909
-49834 55770 57624
-40685 45367 51270
-54312 44051 58307
-54762 58469 44205
-47975 57856 48267
-43418 47983 54243
-58050 54705 47833
-41630 52662 50877
-41070 50704 48066
-46559 55114 40755
-49586 49496 43433
-51245 46368 43901
-44129 51982 59182
-55937 54755 51641
-43880 57138 56919
-49885 42999 51486
-44654 52916 54475
-49006 44449 55640
-45755 41223 59505
-53599 53329 45875
-49260 42648 41509
-48206 59798 40431
-42890 40485 52244
-57453 54739 44211
-41437 58747 51329
-48845 42147 48345
-43188 51524 48170
-43289 53065 46413
-55734 47934 51685
-47583 58158 56189
-50817 50054 58966
-44701 58061 58385
-42578 44731 47639
-55621 49148 53059
-51142 55634 58207
-57476 56900 49089
-57817 45423 47720
-42636 45257 43985
-47958 57689 51613
-53499 40822 50462
-54028 54659 56759
-46270 50704 40398
-56294 57131 50440
-57633 44206 55798
-52113 53311 46300
-46221 44584 50969
-56737 47525 56741
-49521 52864 51356
-58437 44632 40772
-49075 48991 53722
-45658 43986 49445
-42083 40077 48814
-41528 46633 51350
-41663 40905 54260
-48666 53415 44952
-45373 51384 48237
-54669 57319 53801
-43183 56459 50820
-51469 40239 50940
-47656 44166 53917
-41305 45805 54583
-49642 48292 46597
-58419 51851 51617
-59350 55905 44588
-48787 50988 58074
-44406 49125 56329
-54439 55939 48633
-51562 53350 43678
-45005 43499 58225
-45474 49208 57829
-41392 57984 47934
-54908 42648 54584
-46716 48280 44005
-53818 43386 44323
-56838 41403 51774
-54433 53463 45112
-47489 58065 46512
-55936 59040 52491
-52962 52787 50097
-58744 54955 59884
-47286 56778 43335
-57407 41589 48918
-56194 43436 56723
-47102 51461 58707
-43610 41358 49632
-53937 42849 54587
-49444 45744 50398
-42256 59066 42138
-48652 54744 44694
-48863 59881 44636
-47620 44907 47148
-44117 57535 50651
-45738 59053 48135
-53769 46531 41594
-49808 47608 48528
-46563 40928 41846
-59650 43036 57896
-46300 43010 53158
-52925 44549 48043
-58036 59431 52883
-50179 40127 47987
-44497 40223 47116
-50186 42309 42876
-58794 45886 55707
-50757 58490 43217
-53165 46846 50665
-59447 53505 51001
-41717 51678 58345
-51208 42156 42188
-50574 48395 57795
-40704 59483 45780
-40064 43991 50137
-59280 54050 48757
-44003 42426 54026
-45296 46551 52639
-54606 47371 59946
-45958 45864 59192
-43476 45710 50803
-50461 53022 42986
-58683 52592 48620
-45889 52539 57577
-54231 50597 41407
-51769 50220 53986
-43518 43873 55028
-56243 52248 54989
-40205 55806 44345
-47555 49026 47395
-52243 48097 44485
-43803 44626 44297
-54623 46639 42960
-51438 44541 43013
-42595 58807 45362
-42806 50919 56496
-42215 42913 45806
-42920 43020 49286
-51520 40237 56516
-49450 54717 57864
-46952 55740 40681
-54687 53529 49098
-46518 53396 43024
-41467 50466 55829
-57569 50950 52084
-52385 58245 54962
-49181 55920 59421
-54651 54800 41811
-52534 42134 52711
-44543 44321 50953
-48426 51554 48972
-56483 53083 56324
-44608 58706 40960
-53292 59565 59379
-50138 44446 56452
-46320 50852 54454
-40208 41465 44191
-51572 55137 50584
-41906 54938 47571
-53771 40350 47602
-42296 47546 45908
-49015 47747 56149
-57276 53332 59765
-50658 45344 45453
-47624 56639 59417
-50816 41859 42862
-57376 58969 55790
-57893 47276 49656
-49507 44321 41159
-53658 49347 56563
-59490 51201 40518
-40110 46475 57580
-50497 47733 56061
-40904 44753 51452
-40510 41337 51602
-57267 56248 56332
-51779 57809 52113
-46880 47222 57064
-57705 42606 45206
-50753 50076 58577
-44635 50217 42352
-40442 54587 40658
-49711 56579 52545
-42117 45701 46251
-48079 48660 43686
-54128 48969 48624
-56229 57106 46060
-55562 54468 42959
-43581 40417 58496
-40806 41942 49259
-53277 47633 54135
-49450 49666 43324
-40499 48338 43622
-57578 54897 45849
-48310 58623 43013
-49951 48868 51341
-59675 58219 50748
-47861 45100 44373
-49520 44399 47168
-56633 42554 45043
-42784 57918 51540
-49719 41319 51758
-40128 55823 51122
-56990 55195 41407
-41131 46261 41800
-49011 40712 56445
-53911 57621 48843
-52444 43590 42277
-46086 41239 52579
-58240 45222 40833
-59084 42855 40442
-44605 44828 47540
-54272 41015 47448
-44366 40834 54083
-48093 58874 53333
-47666 51266 47073
-55527 59732 40479
-44583 57174 47891
-58424 51821 43521
-48992 53268 45931
-47563 44409 50488
-55889 43922 55211
-58414 52907 40927
-52238 57448 49411
-43684 50259 41730
-44278 42175 48576
-44444 51915 58964
-50273 58863 51971
-48230 54022 47677
-49796 49300 45022
-55948 54832 58109
-58191 59645 54070
-52384 49686 40104
-50987 49486 53335
-45300 52397 41970
-56014 45592 49300
-52970 47601 48364
-45361 44656 54314
-51658 48287 48272
-48590 42285 58197
-50614 49956 41734
-50935 45686 51460
-57545 49339 43217
-48894 50497 51589
-50030 54880 44574
-49275 47082 56863
-46073 42744 59212
-43786 51446 53361
-51149 44994 44454
-59525 49720 54272
-45612 43717 46093
-46833 48575 49661
-41238 46628 57054
-42236 46233 57487
-40275 51461 58959
-42769 56390 51644
-44798 51201 51523
-48307 45276 43907
-42358 56001 49766
-51316 41776 57183
-44009 52648 53287
-57343 50077 53043
-56383 44250 41479
-41001 43124 51511
-56028 40859 53852
-40377 41872 56243
-50531 56243 47346
-54316 58524 50372
-56116 48645 44945
-56218 45543 53940
-48413 55790 57093
-43495 56597 50891
-54317 50434 54071
-46696 57396 58387
-47474 54883 57607
-52784 43558 42785
-55320 51831 54960
-53755 46416 52174
-53456 44402 51123
-43949 58536 47079
-45388 56965 59524
-41003 54965 57873
-47694 47881 57323
-45775 56462 51394
-41913 51292 46005
