4904
89449 93254 -81631
-3508 82 -81630
9777 -60120 -81629
52397 -81782 -81628
88838 -16479 -81627
79244 15128 -81626
-21350 78594 -81625
-49625 96668 -81624
10195 -93808 -81623
-96609 59360 -81622
4166 27473 -81621
-19047 -20415 -81620
-73212 36465 -81619
-79594 -12101 -81618
-12665 -27045 -81617
70512 1581 -81616
56270 48699 -81615
47901 16730 -81614
-36628 62557 -81613
-64104 18088 -81612
99612 -29546 -81611
-32203 -60294 -81610
29578 83028 -81609
96344 91763 -81608
39125 98991 -81607
-10212 -55598 -81606
77400 18954 -81605
-71806 -50240 -81604
-76163 -3101 -81603
51909 17013 -81602
14955 79045 -81601
-56373 91844 -81600
-31367 10085 -81599
24375 -50959 -81598
16476 1249 -81597
-51240 57714 -81596
-52263 -97460 -81595
98327 -37950 -81594
98389 18850 -81593
5419 68725 -81592
-55390 -13364 -81591
-75607 -49946 -81590
-1280 -70934 -81589
-64750 -49907 -81588
32377 -7326 -81587
-57672 28783 -81586
43655 -89507 -81585
99965 90429 -81584
-82521 40472 -81583
-82048 28732 -81582
97543 20844 -81581
-12956 -37794 -81580
-24122 -36209 -81579
12894 -90877 -81578
-60394 35292 -81577
-38167 -58884 -81576
-62967 72933 -81575
87825 95014 -81574
71062 27383 -81573
-23058 -71355 -81572
27125 -53728 -81571
-35979 -379 -81570
52053 91852 -81569
-28224 81942 -81568
18732 50303 -81567
-79869 -95694 -81566
-39610 61777 -81565
-73868 -60826 -81564
1708 -46425 -81563
4417 40784 -81562
74982 -97789 -81561
-54344 32217 -81560
-19403 -96695 -81559
52548 -92152 -81558
46350 49380 -81557
42243 31774 -81556
77039 80884 -81555
-75086 -58435 -81554
-54673 81970 -81553
-63425 -79097 -81552
44139 -2081 -81551
-26970 -68954 -81550
-93484 16167 -81549
40842 95813 -81548
71951 -62344 -81547
40890 -46087 -81546
33674 -53984 -81545
64174 -84843 -81544
-70009 -71754 -81543
28722 -22186 -81542
-24801 -37351 -81541
21186 80691 -81540
30507 46428 -81539
54027 -38247 -81538
-52989 96946 -81537
-74213 -19071 -81536
-34621 95774 -81535
-74378 6688 -81534
81952 30594 -81533
39895 24159 -81532
-2857 -90531 -81531
-32003 55034 -81530
92150 -28124 -81529
96467 33201 -81528
13031 -73794 -81527
-20450 95031 -81526
-77862 -52183 -81525
2884 -29874 -81524
-23857 45218 -81523
-74859 43127 -81522
-53463 8150 -81521
37128 -19884 -81520
1471 -70151 -81519
2483 -45651 -81518
48875 61825 -81517
-74453 -82979 -81516
36230 -59259 -81515
-68626 -78160 -81514
-54439 51482 -81513
24010 -91186 -81512
-94840 98161 -81511
-20993 96541 -81510
-92283 -93604 -81509
-47651 16579 -81508
-8721 86284 -81507
-73235 13600 -81506
62236 5166 -81505
-35410 -19716 -81504
56407 -80157 -81503
7189 -47399 -81502
-84941 -90278 -81501
-99797 1216 -81500
74202 -67840 -81499
-3657 -78529 -81498
-12972 47514 -81497
34846 -35931 -81496
-29753 -17150 -81495
15486 86462 -81494
89892 63413 -81493
-84118 -80777 -81492
-84756 65750 -81491
-31545 16157 -81490
10851 14484 -81489
-74436 -54621 -81488
-70370 67366 -81487
13047 18199 -81486
-55807 -48715 -81485
11903 75341 -81484
-85417 -4264 -81483
-77238 -59996 -81482
-31126 22501 -81481
-81272 83120 -81480
84554 67023 -81479
-75948 32061 -81478
82371 -59341 -81477
-16261 -16692 -81476
39780 44755 -81475
-55009 79190 -81474
83968 -8355 -81473
-96740 56026 -81472
75293 -57650 -81471
79581 -29530 -81470
-14335 99865 -81469
-26842 93829 -81468
-49438 -51767 -81467
83006 -86973 -81466
53107 -80 -81465
-20455 10740 -81464
-56343 63761 -81463
-88929 -29382 -81462
-74164 -52560 -81461
6393 90290 -81460
-69217 -27045 -81459
-6976 -4041 -81458
15974 98285 -81457
-10561 28888 -81456
40009 -77227 -81455
61649 -74813 -81454
31379 56657 -81453
37126 74638 -81452
-84971 78017 -81451
-3641 30396 -81450
18419 17527 -81449
-85654 -36912 -81448
-54270 -74588 -81447
-88748 -33448 -81446
10125 76584 -81445
97208 -86347 -81444
-48504 -812 -81443
42964 -93419 -81442
50800 23944 -81441
-79228 -4603 -81440
4554 -81490 -81439
-87434 -87142 -81438
-3112 6687 -81437
41138 -95730 -81436
43614 -75499 -81435
59328 831 -81434
-61563 -62155 -81433
-76112 13925 -81432
79309 52437 -81431
55731 6107 -81430
11004 38249 -81429
94578 83352 -81428
91443 17878 -81427
89418 94404 -81426
-59631 -97084 -81425
-12473 -36151 -81424
-10149 -11639 -81423
-43502 -41457 -81422
-80736 -18955 -81421
-9092 -3292 -81420
4828 -88320 -81419
-58493 2408 -81418
152 89906 -81417
32054 18999 -81416
81873 46540 -81415
-76275 10778 -81414
38515 -88522 -81413
88561 98210 -81412
45551 990 -81411
-29260 -19828 -81410
-61985 15021 -81409
-77738 91649 -81408
56542 25664 -81407
-5402 -83151 -81406
-84005 23301 -81405
56252 -50604 -81404
-37659 -3603 -81403
-7087 -46055 -81402
-6824 -40836 -81401
35495 -69969 -81400
52169 80140 -81399
-78787 65543 -81398
92224 14052 -81397
39302 23619 -81396
-74621 73812 -81395
-60508 -2871 -81394
-7366 45271 -81393
-58005 -81171 -81392
1371 -19149 -81391
-72337 -9029 -81390
95567 -86932 -81389
-16495 -60169 -81388
63775 18865 -81387
-71044 69925 -81386
98261 58361 -81385
77250 -92300 -81384
-62043 48030 -81383
-82120 44319 -81382
-79170 -8286 -81381
73405 -64403 -81380
-35079 62747 -81379
32525 59159 -81378
48350 -73293 -81377
-6803 18248 -81376
90589 30678 -81375
-63982 -26481 -81374
-57559 75020 -81373
-50242 -42042 -81372
-96982 33893 -81371
-32443 -63131 -81370
-92925 -17095 -81369
-43270 53884 -81368
-94387 8071 -81367
-20187 90245 -81366
-39626 -905 -81365
42424 64589 -81364
-74908 89723 -81363
38100 -15752 -81362
-88905 -66484 -81361
69340 29293 -81360
46154 79643 -81359
-48792 -7418 -81358
-50870 84669 -81357
-3054 13327 -81356
-65557 -38542 -81355
-50430 -88552 -81354
6198 -66218 -81353
76223 32295 -81352
13509 26103 -81351
-20176 90806 -81350
-95588 29317 -81349
52608 -40408 -81348
-29408 56083 -81347
63724 -19547 -81346
27433 -15538 -81345
-50973 -42274 -81344
78246 -85411 -81343
38948 -84499 -81342
5318 -58571 -81341
93333 -73302 -81340
62353 -93291 -81339
14611 -82698 -81338
81913 16313 -81337
-96164 -1658 -81336
16524 83260 -81335
81095 -23060 -81334
96745 -12557 -81333
-89023 46879 -81332
27997 13986 -81331
77046 -75273 -81330
-97850 13701 -81329
59830 -42177 -81328
-41339 11112 -81327
-3764 -33576 -81326
77896 80507 -81325
65980 24229 -81324
-18557 -17578 -81323
-78574 35994 -81322
-7807 48287 -81321
79933 16258 -81320
-85842 66982 -81319
60390 -61171 -81318
24538 -48083 -81317
19504 53665 -81316
-58413 -91188 -81315
-6420 33790 -81314
-48935 -63275 -81313
29837 -14086 -81312
65875 -72950 -81311
-90563 50383 -81310
47114 39707 -81309
17753 41820 -81308
33725 56549 -81307
-76524 -46205 -81306
-99706 697 -81305
6776 -41611 -81304
35516 78064 -81303
-53548 -77235 -81302
27291 -83976 -81301
-89114 -61745 -81300
-85969 -49014 -81299
-148 -26795 -81298
33546 61729 -81297
35260 22889 -81296
-68654 17517 -81295
-82360 -4439 -81294
-18784 -33968 -81293
-80023 99429 -81292
9479 -35699 -81291
74894 52692 -81290
15023 -51468 -81289
-11367 29980 -81288
34449 -76947 -81287
-20738 11396 -81286
81489 35818 -81285
47486 225 -81284
-98555 82241 -81283
31951 85717 -81282
-47724 -48347 -81281
29550 88290 -81280
27562 79568 -81279
-73456 93450 -81278
-51114 -88441 -81277
49248 4025 -81276
7296 -64919 -81275
62073 88528 -81274
69538 79018 -81273
45557 -63866 -81272
-85765 -69642 -81271
76722 75066 -81270
-75842 43328 -81269
-23618 69138 -81268
66741 15235 -81267
-63459 -28496 -81266
79172 70576 -81265
76561 -57818 -81264
76365 -8181 -81263
-59568 44453 -81262
69934 65401 -81261
-33483 67448 -81260
55798 3886 -81259
-7279 -8914 -81258
92723 82292 -81257
84839 25536 -81256
32690 51121 -81255
58621 -83491 -81254
-85147 -39752 -81253
98469 55464 -81252
85593 -94863 -81251
97004 -90388 -81250
90606 46871 -81249
37100 4117 -81248
-69900 -32473 -81247
-86185 -51132 -81246
43717 20365 -81245
-4030 -32735 -81244
-11979 52078 -81243
-17320 68457 -81242
39004 56346 -81241
-53032 20533 -81240
2942 -69916 -81239
84967 99780 -81238
-90351 55864 -81237
-79311 88209 -81236
88269 11165 -81235
25859 -37382 -81234
17194 99590 -81233
91150 -6101 -81232
-65951 -77017 -81231
28372 79394 -81230
-18309 -12686 -81229
-11387 -58783 -81228
-58665 40014 -81227
53382 -42047 -81226
37609 -12278 -81225
-78721 -56898 -81224
95533 -94358 -81223
-33904 -57192 -81222
-20744 -9280 -81221
-18968 -46107 -81220
11135 -94579 -81219
-50806 -10535 -81218
11005 11530 -81217
-39698 89016 -81216
73183 62245 -81215
-32249 19658 -81214
88757 -15545 -81213
-33738 -58630 -81212
80518 55988 -81211
97147 10757 -81210
-902 81602 -81209
-57033 -21856 -81208
-54589 91268 -81207
78628 -82575 -81206
88099 -30119 -81205
-43374 3545 -81204
4826 76190 -81203
86924 -53654 -81202
-14721 -43610 -81201
22281 55147 -81200
-67805 -60639 -81199
12461 51580 -81198
-53775 93406 -81197
82818 47607 -81196
-74067 77051 -81195
-34237 -62353 -81194
-25218 8949 -81193
-35022 47356 -81192
38627 -59289 -81191
-73098 17585 -81190
-16665 15583 -81189
-19881 34504 -81188
-72316 36838 -81187
-63008 -24429 -81186
-21301 19452 -81185
-92183 -89204 -81184
-82592 -16207 -81183
-35348 67289 -81182
95410 -47870 -81181
-60350 -38974 -81180
-47274 -39359 -81179
56884 58530 -81178
57524 45708 -81177
84567 -14109 -81176
86488 -28670 -81175
-53621 -75599 -81174
87486 -42817 -81173
-99180 89699 -81172
50480 -94124 -81171
39382 -26992 -81170
64290 63183 -81169
67255 -52507 -81168
16222 12079 -81167
-84102 94659 -81166
13841 6988 -81165
-92420 33645 -81164
96611 24494 -81163
39192 -75771 -81162
64427 8085 -81161
-10438 -40802 -81160
15272 -86530 -81159
94328 -27755 -81158
-95844 -95835 -81157
-67038 38278 -81156
-81539 -84428 -81155
31428 -35776 -81154
-77585 76522 -81153
-96131 31264 -81152
14696 -83080 -81151
-47045 16773 -81150
95346 7797 -81149
79024 -53148 -81148
20749 -81696 -81147
-52714 -85174 -81146
-15591 -10002 -81145
-24469 44076 -81144
35071 20716 -81143
25446 93930 -81142
64894 9465 -81141
9624 70750 -81140
-84832 -18507 -81139
-19289 -41059 -81138
-48292 38639 -81137
-7052 23447 -81136
-53149 89667 -81135
-30147 77925 -81134
-64471 -2168 -81133
1902 -78226 -81132
64413 -38200 -81131
-33148 78463 -81130
59572 12392 -81129
89305 -72065 -81128
-19181 72419 -81127
92669 65550 -81126
-72674 13291 -81125
-36276 91826 -81124
67426 -93019 -81123
59556 -37886 -81122
73645 48837 -81121
-27808 77049 -81120
-96173 -93955 -81119
68611 11988 -81118
69968 24567 -81117
-92893 -24912 -81116
55796 -82763 -81115
19115 -82704 -81114
-90154 -28601 -81113
26251 -23331 -81112
41001 39630 -81111
-9134 -92428 -81110
90335 -13581 -81109
77927 92123 -81108
-12485 -53321 -81107
-1093 -90272 -81106
20412 -61592 -81105
-6960 -41008 -81104
57256 -52932 -81103
77093 -11235 -81102
92810 -39118 -81101
17984 -17690 -81100
70237 27104 -81099
-92729 -62173 -81098
14278 -14362 -81097
-60088 55213 -81096
31224 169 -81095
95334 -50270 -81094
-14227 53327 -81093
-45089 29046 -81092
79351 46889 -81091
58661 97841 -81090
69664 99232 -81089
99444 -25219 -81088
-58818 -89117 -81087
-82086 -11661 -81086
73990 -53076 -81085
-10101 -86417 -81084
1177 12479 -81083
-36004 -54535 -81082
4246 -70625 -81081
-26082 -10544 -81080
-70069 4551 -81079
73325 -82269 -81078
87727 42755 -81077
-30417 24818 -81076
-3649 -23830 -81075
74295 1733 -81074
67510 23270 -81073
-70138 -94590 -81072
1305 97092 -81071
97841 -69275 -81070
-95946 94188 -81069
54280 -52417 -81068
-37930 20857 -81067
93993 50844 -81066
9415 -51387 -81065
-14886 -41233 -81064
98365 -73011 -81063
-86695 -58228 -81062
-99549 -14744 -81061
65722 -21542 -81060
21246 39281 -81059
36754 -75169 -81058
-23849 57479 -81057
-53839 94058 -81056
89967 79342 -81055
12100 19158 -81054
-74451 -15843 -81053
-17682 56673 -81052
3219 61811 -81051
-91873 26942 -81050
35026 -40621 -81049
28665 -44941 -81048
29035 60104 -81047
-29497 -96405 -81046
-51228 59739 -81045
31445 99515 -81044
-23659 50412 -81043
-90185 71821 -81042
93333 91140 -81041
-37866 22934 -81040
-49621 23349 -81039
-53828 -23334 -81038
-52115 92659 -81037
-4510 -34253 -81036
-39444 82498 -81035
-69816 91023 -81034
-21482 96780 -81033
-91505 -73173 -81032
-56194 45749 -81031
-82605 -79400 -81030
50917 -16524 -81029
50365 -92248 -81028
54965 -86239 -81027
92157 82867 -81026
34650 91888 -81025
-15431 -45100 -81024
32015 61743 -81023
-78619 -63492 -81022
-41238 -94012 -81021
10 19866 -81020
1796 64130 -81019
69503 53607 -81018
3316 -66275 -81017
-14617 54377 -81016
82242 41727 -81015
-7983 27632 -81014
-97265 59836 -81013
65191 -98099 -81012
-56570 60127 -81011
-63876 -97246 -81010
-22591 91909 -81009
-85605 -51595 -81008
-47165 -28221 -81007
30597 43991 -81006
25521 -3663 -81005
44548 6066 -81004
-10870 31752 -81003
-64494 -73898 -81002
11000 -2613 -81001
15275 -61152 -81000
80836 -57355 -80999
-56728 -61820 -80998
-89742 46524 -80997
67613 -44431 -80996
74954 -6776 -80995
-9240 85167 -80994
-43526 46037 -80993
49674 -13789 -80992
41796 -94230 -80991
-90642 -72099 -80990
-24002 -32968 -80989
14488 16581 -80988
-48541 75596 -80987
3149 84195 -80986
-39749 23695 -80985
-89729 66663 -80984
80347 37268 -80983
67077 25424 -80982
-58360 12043 -80981
77954 -83068 -80980
87110 79035 -80979
6641 -45455 -80978
87240 -62692 -80977
-97361 11877 -80976
61768 50062 -80975
70515 75253 -80974
-51085 -45231 -80973
-58502 -91634 -80972
-22965 -79724 -80971
69031 36712 -80970
-83105 65494 -80969
-57793 -24978 -80968
-95475 -74999 -80967
13946 -84607 -80966
-60077 5390 -80965
-25252 2779 -80964
-14250 94756 -80963
-42090 72002 -80962
-31774 98019 -80961
-74207 -35921 -80960
31619 91629 -80959
-34654 -89940 -80958
57388 15738 -80957
-37109 36834 -80956
-90057 -35876 -80955
-81363 3746 -80954
40656 -25386 -80953
88397 33979 -80952
15734 11882 -80951
-66419 -33229 -80950
50492 35220 -80949
-85592 -91227 -80948
-61318 4954 -80947
3722 -30821 -80946
86495 37321 -80945
-60650 -61485 -80944
-7574 11093 -80943
-95600 -384 -80942
5583 -3656 -80941
-75512 -59066 -80940
-50359 55681 -80939
-40495 -39011 -80938
31784 51097 -80937
12072 -99074 -80936
-43209 91275 -80935
-58081 22412 -80934
14617 4203 -80933
33307 -33069 -80932
-74181 -66651 -80931
8786 -32603 -80930
-68042 83246 -80929
-79083 -76942 -80928
-45993 68814 -80927
29420 16778 -80926
-53746 -25898 -80925
-40938 -1424 -80924
60285 -15023 -80923
-43110 -82345 -80922
79058 2862 -80921
-11998 -98550 -80920
-44515 83386 -80919
-95173 43319 -80918
15167 -79141 -80917
88812 -33850 -80916
-34700 -53155 -80915
-45650 65690 -80914
26063 -67789 -80913
-93806 -24106 -80912
52023 -68826 -80911
3126 -51276 -80910
16229 -56981 -80909
54862 -99854 -80908
87603 58719 -80907
55560 -88987 -80906
-13931 50199 -80905
-30564 -22672 -80904
72343 34390 -80903
52196 -53397 -80902
64469 70777 -80901
-53549 -54152 -80900
-336 68250 -80899
-95371 56443 -80898
86804 53499 -80897
12077 -86385 -80896
16357 -62987 -80895
28743 32263 -80894
-95099 -55744 -80893
54469 -89196 -80892
-75395 45405 -80891
4528 -63089 -80890
3924 -46698 -80889
-91020 -74682 -80888
483 -12652 -80887
-60797 43039 -80886
84312 -51184 -80885
-82024 -37375 -80884
-41665 71656 -80883
4675 -95471 -80882
-45743 -27790 -80881
-29299 97160 -80880
81630 81528 -80879
-40672 -90348 -80878
73560 72778 -80877
-32332 -79271 -80876
-98094 -7839 -80875
4978 -64387 -80874
-36273 -36481 -80873
-28209 -80085 -80872
-44466 -52500 -80871
-51827 79050 -80870
-55226 -40932 -80869
-99746 -11267 -80868
-56382 -38444 -80867
-83998 -80093 -80866
31880 -2627 -80865
11528 51357 -80864
57882 -90947 -80863
48800 99559 -80862
66485 -4559 -80861
27796 -75408 -80860
98323 -40450 -80859
-82123 56783 -80858
-36656 -45922 -80857
-14621 -64203 -80856
-41740 -83113 -80855
56983 -72542 -80854
-27305 7844 -80853
31272 16046 -80852
86578 37272 -80851
-43253 32869 -80850
12188 77818 -80849
-58441 -99398 -80848
-50253 6495 -80847
78994 -62269 -80846
-84019 89251 -80845
-33255 -36515 -80844
17249 -45420 -80843
-22473 -24758 -80842
-93810 -23768 -80841
76453 -93903 -80840
-44445 91570 -80839
-88600 -33132 -80838
62273 -35947 -80837
9064 69602 -80836
16680 -1074 -80835
-39324 -72018 -80834
49021 65695 -80833
-35166 -56800 -80832
55752 3078 -80831
-37925 -73496 -80830
-2885 94743 -80829
-59430 -56934 -80828
48283 29332 -80827
-74851 -88617 -80826
15449 45911 -80825
56729 21590 -80824
-53701 -10299 -80823
33781 -64591 -80822
-72492 -48676 -80821
-78347 53274 -80820
98160 67094 -80819
76430 -85126 -80818
-49886 -99543 -80817
-1246 -71155 -80816
74303 -70122 -80815
-3531 1396 -80814
85223 -19328 -80813
-10904 21409 -80812
-75120 47060 -80811
85537 -74789 -80810
-93181 87999 -80809
95016 97345 -80808
-25826 11912 -80807
-75009 90714 -80806
-14899 58357 -80805
-15222 -50380 -80804
-62450 72683 -80803
-1536 -35422 -80802
-18164 -78578 -80801
95414 77547 -80800
-7053 -78086 -80799
64700 20603 -80798
-70444 -79055 -80797
79731 -34313 -80796
28597 -32313 -80795
33389 -88643 -80794
4593 -85573 -80793
-58815 -16224 -80792
43826 90003 -80791
-40144 -52515 -80790
-84534 -91616 -80789
-34368 -95189 -80788
33493 -93289 -80787
-8247 48521 -80786
58943 24648 -80785
90590 76834 -80784
-67069 72428 -80783
5830 42728 -80782
-12073 19360 -80781
6922 -27491 -80780
-3869 -76818 -80779
70657 55251 -80778
-97156 32430 -80777
-80856 -29786 -80776
-47804 -80012 -80775
82440 -88235 -80774
-12769 -36234 -80773
-41432 25857 -80772
-79382 -52842 -80771
-65531 -26683 -80770
-33893 17898 -80769
-47685 12912 -80768
66586 14307 -80767
-78136 -40889 -80766
45944 33797 -80765
97006 18012 -80764
-60776 -93757 -80763
42833 -59949 -80762
18795 7951 -80761
-17027 -50741 -80760
64660 79703 -80759
13230 57564 -80758
-17828 38588 -80757
-37747 64678 -80756
55867 -71439 -80755
37118 72760 -80754
61434 -5176 -80753
-1346 -71308 -80752
68123 -4856 -80751
44916 -14092 -80750
-59303 34142 -80749
79464 -21433 -80748
42641 -32097 -80747
98128 -27356 -80746
59286 -65379 -80745
-46204 49391 -80744
66268 91381 -80743
11973 46648 -80742
79372 17030 -80741
-89632 -39212 -80740
-49967 -26605 -80739
-11336 -40099 -80738
-53026 -12214 -80737
20388 -69489 -80736
87538 -72548 -80735
28833 -12950 -80734
-97565 15843 -80733
-43421 -34529 -80732
62126 14527 -80731
-91436 -38177 -80730
-21351 -85029 -80729
24700 -30771 -80728
71859 -40328 -80727
-71183 25703 -80726
-88910 -58494 -80725
-99277 62532 -80724
-26873 -10530 -80723
-28039 75760 -80722
-13025 90639 -80721
-44454 97993 -80720
-5457 -57455 -80719
43184 -4503 -80718
60241 68555 -80717
91145 60618 -80716
39278 28993 -80715
-13471 -62540 -80714
95411 -80134 -80713
-98088 82664 -80712
-46955 60951 -80711
93484 53413 -80710
74584 -81349 -80709
59112 -91871 -80708
-48257 -93876 -80707
72668 -89555 -80706
2716 42420 -80705
90841 -55170 -80704
3479 -79105 -80703
-93830 -58665 -80702
-22765 19474 -80701
-43763 -61934 -80700
-22336 43918 -80699
-99527 69444 -80698
-39604 47701 -80697
35679 75775 -80696
-86991 59070 -80695
-41608 93842 -80694
19591 -83902 -80693
-40121 -31496 -80692
60887 86874 -80691
8587 52837 -80690
65030 82838 -80689
14350 -45637 -80688
21729 21719 -80687
36386 15499 -80686
-14066 94442 -80685
40838 55793 -80684
30261 -32305 -80683
-59721 -29344 -80682
-9771 98130 -80681
-5685 -74218 -80680
53852 29442 -80679
54520 -86262 -80678
32250 -47633 -80677
16128 -47701 -80676
-54542 26527 -80675
-47770 70690 -80674
-50439 -61264 -80673
-96905 79586 -80672
-63221 -82176 -80671
-50479 -11423 -80670
-2971 12776 -80669
-7416 -6567 -80668
-10510 91855 -80667
54904 -21357 -80666
-38281 52716 -80665
20829 11675 -80664
-72280 -51565 -80663
-67839 20375 -80662
78031 77301 -80661
28615 -7304 -80660
-76424 -60827 -80659
73385 -27549 -80658
-68141 19734 -80657
23707 34394 -80656
57107 66900 -80655
54596 -94834 -80654
-4449 -83674 -80653
76489 82148 -80652
-95410 42577 -80651
62054 -56521 -80650
-84627 -90268 -80649
-91263 86982 -80648
-11611 -12222 -80647
27895 -42268 -80646
-44288 95303 -80645
-83608 73742 -80644
-62159 -72904 -80643
-81086 -80374 -80642
-34166 -78330 -80641
71348 80777 -80640
-26567 71221 -80639
67648 -34494 -80638
-22891 19564 -80637
18271 -15082 -80636
-76157 -29798 -80635
-40643 36676 -80634
-68182 -56457 -80633
-57653 -29634 -80632
59156 -28792 -80631
-10774 22892 -80630
-43562 -59752 -80629
-17920 21146 -80628
-74584 71776 -80627
19329 -40860 -80626
-74665 -55188 -80625
86316 -50314 -80624
34803 68420 -80623
-59776 56962 -80622
3844 -20090 -80621
-45979 57845 -80620
-36603 -53952 -80619
-24367 85166 -80618
55548 90278 -80617
62435 71444 -80616
77188 79959 -80615
-71069 -73445 -80614
-34291 -94180 -80613
85312 -74055 -80612
-25634 -19769 -80611
14760 -99308 -80610
28984 84612 -80609
32383 74211 -80608
-59267 35452 -80607
-28315 37530 -80606
46836 1519 -80605
-83460 -72971 -80604
-2386 91713 -80603
-71465 -30675 -80602
-62183 82696 -80601
-80603 24196 -80600
95737 22014 -80599
35579 -86806 -80598
50064 72601 -80597
68547 -34307 -80596
60485 -83909 -80595
21043 -92476 -80594
-59622 67954 -80593
7863 41403 -80592
-39635 24286 -80591
33045 -74103 -80590
5560 79276 -80589
76735 -39805 -80588
35569 -19906 -80587
-40381 -27987 -80586
-31448 33776 -80585
68761 -68743 -80584
82639 41931 -80583
-65598 70802 -80582
-53134 98709 -80581
80482 43347 -80580
51546 -47831 -80579
34339 20411 -80578
44873 -53375 -80577
-63976 -91148 -80576
-39309 88794 -80575
-14349 30207 -80574
54291 20645 -80573
90854 -87545 -80572
44716 34294 -80571
98964 -69872 -80570
17685 -46969 -80569
74708 -71233 -80568
78003 -63237 -80567
-67194 60560 -80566
99983 876 -80565
-87231 83864 -80564
-84485 -76510 -80563
57649 -12356 -80562
-14882 -44484 -80561
-95292 32150 -80560
33629 78640 -80559
-30758 14060 -80558
-38200 95907 -80557
-17185 -45493 -80556
81047 33065 -80555
6499 -99664 -80554
55742 50523 -80553
30400 93331 -80552
-4209 -65880 -80551
68166 18772 -80550
-83113 98650 -80549
84067 -97148 -80548
6529 58932 -80547
-62595 -44727 -80546
3742 -18583 -80545
45038 -36682 -80544
-87495 -24066 -80543
-13246 62087 -80542
-26426 6477 -80541
-86594 -19808 -80540
-78864 -28867 -80539
-85482 -87757 -80538
-31604 99123 -80537
-41942 97309 -80536
-17095 -96285 -80535
-85659 -80230 -80534
50058 -87796 -80533
4108 -51796 -80532
-1848 86168 -80531
60279 50753 -80530
78582 55353 -80529
-94108 11490 -80528
-30162 88004 -80527
28159 -87996 -80526
-8754 -68821 -80525
-68609 24830 -80524
-25088 75437 -80523
61696 -386 -80522
-34523 44484 -80521
5030 -10789 -80520
-64806 87064 -80519
-91970 9366 -80518
-81262 -50303 -80517
68752 2359 -80516
-1344 -59080 -80515
25161 -18037 -80514
75904 54849 -80513
-12938 -87330 -80512
14254 92785 -80511
-88327 -34451 -80510
-79103 -87194 -80509
-26011 56199 -80508
46094 -22516 -80507
25639 -4314 -80506
48395 -875 -80505
-9938 -80349 -80504
40807 -21876 -80503
10161 -83463 -80502
-96867 -47172 -80501
41338 93735 -80500
-39969 3274 -80499
-51369 65335 -80498
37382 95926 -80497
45872 -37268 -80496
22026 33306 -80495
-30416 -55986 -80494
26249 87943 -80493
76328 -19275 -80492
7975 51686 -80491
-49475 -41064 -80490
-50747 -96193 -80489
-49262 -88911 -80488
-48411 -80413 -80487
-39603 -62915 -80486
96176 5709 -80485
-71388 22730 -80484
22208 6489 -80483
-61421 -85444 -80482
60438 -1643 -80481
26934 -75006 -80480
85038 -98942 -80479
68291 -42124 -80478
48592 98027 -80477
-49736 -12145 -80476
-66933 -1424 -80475
14246 -49886 -80474
-32411 -67340 -80473
-37548 99673 -80472
22440 -75328 -80471
57708 -46725 -80470
28477 -77869 -80469
-79685 -38278 -80468
-71244 -7039 -80467
95977 57703 -80466
68022 13591 -80465
42435 -99582 -80464
56739 48132 -80463
-71322 -30707 -80462
-28947 -58025 -80461
28689 -54761 -80460
75241 -45102 -80459
309 2264 -80458
20002 90236 -80457
-73988 24080 -80456
6087 71924 -80455
-51198 -93410 -80454
-46371 59639 -80453
20463 -77617 -80452
58569 -12555 -80451
-22892 -79119 -80450
39705 -64604 -80449
-36926 55715 -80448
-98412 -19475 -80447
84515 89376 -80446
5935 56804 -80445
36622 -1250 -80444
88312 -62775 -80443
17892 -61797 -80442
-60657 -25151 -80441
-21395 -24488 -80440
63876 36061 -80439
-88505 65450 -80438
-85958 -60479 -80437
38361 48002 -80436
7615 81934 -80435
21551 -8873 -80434
-40157 74859 -80433
-91215 96199 -80432
18971 86309 -80431
19098 -89207 -80430
39613 71243 -80429
-19039 96785 -80428
-24303 64565 -80427
35160 -21059 -80426
43961 20941 -80425
45554 11352 -80424
-85179 -42609 -80423
-7149 57786 -80422
50791 69955 -80421
84321 -93145 -80420
-58908 85665 -80419
-84128 -9862 -80418
-64343 82931 -80417
-39481 -48973 -80416
40612 -83932 -80415
-83055 -86474 -80414
49367 78824 -80413
-90262 -90062 -80412
16045 -36507 -80411
64460 61785 -80410
72366 -38670 -80409
75889 -31468 -80408
55421 31700 -80407
43462 33787 -80406
-30743 -80515 -80405
-58454 -80130 -80404
-60928 -11310 -80403
-84004 -99646 -80402
4917 93960 -80401
-67240 -73596 -80400
-50706 91410 -80399
-14658 45573 -80398
82692 99193 -80397
13761 -48442 -80396
68353 82147 -80395
-84457 81887 -80394
-36327 48176 -80393
-35360 -83713 -80392
48058 -95957 -80391
16475 24994 -80390
-43722 46935 -80389
-44376 72098 -80388
-47976 85986 -80387
-44818 -29810 -80386
-26762 -60113 -80385
86540 -74415 -80384
-78860 -34786 -80383
36284 81818 -80382
-68158 3661 -80381
33037 3282 -80380
58453 -35352 -80379
-90828 -3338 -80378
37526 -33760 -80377
38471 -91306 -80376
34385 -79877 -80375
25330 -29349 -80374
-90727 75006 -80373
77727 -43210 -80372
5783 -61861 -80371
-93727 12543 -80370
2103 19011 -80369
5283 22698 -80368
-66177 -47901 -80367
71804 1527 -80366
4468 49622 -80365
44466 44177 -80364
91971 -78217 -80363
-10678 -80520 -80362
-91555 -5047 -80361
-61574 74842 -80360
-37038 -32694 -80359
70103 -20465 -80358
46444 -95551 -80357
34446 -2404 -80356
-61351 -40752 -80355
-38171 -31282 -80354
-8784 66395 -80353
-23353 36699 -80352
13209 -71013 -80351
80190 81043 -80350
54657 -18833 -80349
87510 74411 -80348
-7917 -43035 -80347
83258 -70028 -80346
-12442 52419 -80345
-8465 71483 -80344
-42965 25848 -80343
-15612 4737 -80342
99678 35089 -80341
-6896 15367 -80340
20096 -16193 -80339
-83864 5403 -80338
90438 -42090 -80337
-70682 -96204 -80336
-6685 -50909 -80335
-25223 -3459 -80334
-22746 85704 -80333
-96797 -9827 -80332
5078 65527 -80331
84624 -54354 -80330
-1756 24656 -80329
-43700 -6311 -80328
1156 -2348 -80327
72198 -71788 -80326
-69391 -61236 -80325
54551 -75779 -80324
84300 3606 -80323
-29009 -89103 -80322
83530 74238 -80321
-45022 54693 -80320
-87595 82698 -80319
-25493 -60183 -80318
26134 -22173 -80317
-2588 56474 -80316
24626 72562 -80315
24387 21231 -80314
70084 48419 -80313
-37853 -76887 -80312
54740 -76721 -80311
-57590 87116 -80310
-42217 22892 -80309
-93132 -24145 -80308
24836 -99612 -80307
-35240 7557 -80306
-68579 -1008 -80305
-32457 -8885 -80304
39799 60553 -80303
71185 47505 -80302
3652 -8322 -80301
-74265 -74335 -80300
-50106 21192 -80299
17469 11791 -80298
61490 -44256 -80297
-99233 -59985 -80296
-4901 -38481 -80295
-29222 84020 -80294
-88964 2102 -80293
57156 8064 -80292
49650 -85893 -80291
-17916 27427 -80290
90988 -20060 -80289
20737 -23074 -80288
-90321 77377 -80287
34040 19701 -80286
60584 99054 -80285
-47532 65241 -80284
30227 79034 -80283
-16951 70205 -80282
86499 -85372 -80281
-49509 92568 -80280
-27115 -32162 -80279
81799 94085 -80278
43357 72857 -80277
-46845 -73256 -80276
-34181 -29991 -80275
-13532 -1722 -80274
74989 -46790 -80273
45014 -12959 -80272
22221 76405 -80271
-32176 78037 -80270
69617 63994 -80269
75206 57195 -80268
-72340 -55341 -80267
-16986 -89401 -80266
34421 -36972 -80265
13226 -21132 -80264
-46910 -9646 -80263
82330 -22123 -80262
15301 -91433 -80261
-68559 -27088 -80260
-71101 41934 -80259
-33683 52253 -80258
34401 -19252 -80257
5106 -27932 -80256
-32295 44881 -80255
-31720 85672 -80254
-73077 -80419 -80253
-15354 -88227 -80252
-57970 9220 -80251
-81154 67330 -80250
-98866 -36854 -80249
-45558 -16347 -80248
-11769 99437 -80247
12778 40875 -80246
-79862 3669 -80245
70420 -13108 -80244
-87740 75380 -80243
58189 14614 -80242
12665 -76652 -80241
-27649 -13359 -80240
80920 80147 -80239
-11391 43798 -80238
-5534 -46365 -80237
-11263 39263 -80236
-20635 6995 -80235
-91629 -27697 -80234
45504 18820 -80233
-92316 44225 -80232
-46479 96515 -80231
-72151 33312 -80230
-90906 -36184 -80229
68137 21344 -80228
-66153 -12597 -80227
1993 -67160 -80226
-88905 -21608 -80225
-73671 -70248 -80224
-60126 -57058 -80223
60073 -77975 -80222
10872 -51186 -80221
-51015 -3900 -80220
-36489 67275 -80219
30523 -30360 -80218
-18122 -95428 -80217
-59924 -15855 -80216
-50312 -6332 -80215
73154 -90693 -80214
20947 2782 -80213
-29529 -75893 -80212
-76953 12767 -80211
-50888 63157 -80210
-31669 -91813 -80209
26966 -3806 -80208
-87194 -49929 -80207
99832 -883 -80206
-47671 89483 -80205
7504 -23381 -80204
-94381 -55112 -80203
-31048 27649 -80202
35618 -23147 -80201
-23378 36745 -80200
4361 -16885 -80199
-97228 13666 -80198
55167 55082 -80197
-61775 43821 -80196
-20195 23604 -80195
-82770 32451 -80194
-20895 -30212 -80193
35162 34150 -80192
70500 -79589 -80191
33477 -76292 -80190
45147 40965 -80189
-22110 40469 -80188
-36962 46552 -80187
-79667 36960 -80186
-54098 -65314 -80185
-92204 68294 -80184
94243 41772 -80183
-37777 64546 -80182
49350 8389 -80181
-59020 -52349 -80180
-86348 -27848 -80179
-33841 37211 -80178
-75834 -20692 -80177
70037 87811 -80176
5430 -78892 -80175
-32059 -55948 -80174
25512 -64491 -80173
25650 -1656 -80172
56227 17111 -80171
-92524 -29421 -80170
-37400 -12160 -80169
71642 17795 -80168
-30773 -98888 -80167
56240 837 -80166
76915 -38374 -80165
-4723 -68179 -80164
-41434 -56030 -80163
-90233 -48908 -80162
97942 16160 -80161
79433 40910 -80160
-1089 87257 -80159
75863 74406 -80158
49342 10571 -80157
19924 873 -80156
-19689 -33656 -80155
192 75557 -80154
99449 -68854 -80153
23993 -82343 -80152
1813 13579 -80151
88051 -68176 -80150
-34606 -99579 -80149
41004 9565 -80148
41691 -44668 -80147
-30592 70414 -80146
-13740 -83683 -80145
21541 41892 -80144
-97296 -68308 -80143
16889 57861 -80142
-69838 -7751 -80141
-93406 95467 -80140
16421 -15543 -80139
63179 -5531 -80138
31103 -74089 -80137
87659 72839 -80136
57923 27114 -80135
-95274 -8447 -80134
-3364 50867 -80133
-41459 -9861 -80132
-91272 62394 -80131
-88092 -41544 -80130
-13461 85053 -80129
-15283 -20942 -80128
94319 95892 -80127
-79290 -29704 -80126
-22157 86827 -80125
-67350 78789 -80124
88660 36763 -80123
32251 40017 -80122
-15723 3314 -80121
81962 -62902 -80120
-24125 -33740 -80119
53922 96229 -80118
51488 -32794 -80117
44957 67478 -80116
71479 -5506 -80115
-20735 12100 -80114
95211 71003 -80113
-48951 20770 -80112
-92532 12885 -80111
5194 -62827 -80110
22156 -37745 -80109
17052 61815 -80108
-43587 47453 -80107
39062 -5578 -80106
83439 85129 -80105
95755 -63859 -80104
-99100 72458 -80103
71070 32718 -80102
-72506 -1115 -80101
23195 -81045 -80100
16084 35648 -80099
-37057 -44719 -80098
1746 59047 -80097
63915 72817 -80096
84709 95070 -80095
58726 -84600 -80094
-19104 25944 -80093
-32397 33214 -80092
-4369 53951 -80091
73797 -90396 -80090
-96508 -73305 -80089
68872 13516 -80088
-87136 63058 -80087
-81400 81621 -80086
-44381 78426 -80085
93499 -35776 -80084
5419 -64275 -80083
-84251 82782 -80082
43665 -5771 -80081
-68436 13752 -80080
-50612 -44118 -80079
-55947 81732 -80078
-41860 16430 -80077
44847 72850 -80076
99893 3588 -80075
-42012 98118 -80074
-96552 -16804 -80073
33961 90731 -80072
-97952 59717 -80071
61806 34110 -80070
41016 -28981 -80069
-60829 -4372 -80068
-3054 -42731 -80067
92250 95622 -80066
-71506 30691 -80065
-57173 55026 -80064
79771 -91283 -80063
32488 -92704 -80062
12359 -39428 -80061
12811 54802 -80060
-59808 -93371 -80059
4341 -10705 -80058
-30253 73072 -80057
93102 20540 -80056
-74742 77568 -80055
-52120 -11340 -80054
56899 37322 -80053
-46548 73829 -80052
84956 -14546 -80051
-93588 56034 -80050
20386 98891 -80049
-98619 -24769 -80048
-58486 35124 -80047
58408 91295 -80046
-91797 41641 -80045
-97127 -37121 -80044
-23434 93036 -80043
94609 -33572 -80042
-51804 -55703 -80041
78688 43586 -80040
48703 50994 -80039
61589 71991 -80038
49725 65153 -80037
-88660 -953 -80036
-2929 -53720 -80035
-22653 57208 -80034
-84666 41583 -80033
23365 -44996 -80032
-87177 -59152 -80031
-93280 88267 -80030
-26845 -98967 -80029
31521 -60085 -80028
-58570 -10890 -80027
-80924 -67715 -80026
-54310 -86440 -80025
68655 -46944 -80024
-28195 -18489 -80023
46318 -64773 -80022
-14659 7423 -80021
-98079 51315 -80020
-48182 -44366 -80019
72279 2984 -80018
2335 67356 -80017
11793 -76834 -80016
-84651 -66390 -80015
-25119 67847 -80014
14888 -7402 -80013
86246 24556 -80012
18074 -31636 -80011
-83762 -35971 -80010
37547 95018 -80009
-73368 33695 -80008
-87785 -25384 -80007
57477 -83026 -80006
-35958 -24982 -80005
16284 -27398 -80004
-37503 71524 -80003
28638 -54276 -80002
94514 17053 -80001
-56049 89687 -80000
-80342 41853 -79999
39006 -30892 -79998
-62039 90979 -79997
-40258 -10331 -79996
80484 -10871 -79995
-5156 88939 -79994
-17308 -59094 -79993
-64235 21460 -79992
94019 35937 -79991
12422 41199 -79990
-54680 24935 -79989
-76503 76249 -79988
-33397 -13047 -79987
58673 48664 -79986
-37409 -51209 -79985
7821 -4633 -79984
54627 91609 -79983
75630 -2558 -79982
-83548 -68138 -79981
58449 -62826 -79980
-12494 45601 -79979
80117 36282 -79978
51189 -51340 -79977
-47253 -44487 -79976
-6536 52866 -79975
-23304 -75746 -79974
-6674 -65305 -79973
45655 -74327 -79972
-92524 77994 -79971
98802 26073 -79970
54902 71599 -79969
-35924 76000 -79968
80947 -86287 -79967
39880 97591 -79966
97847 95803 -79965
86766 -79004 -79964
45401 17212 -79963
73580 8426 -79962
-95907 -80350 -79961
-55446 24837 -79960
60025 14456 -79959
-52665 -98629 -79958
-482 -26434 -79957
88623 63742 -79956
5516 79588 -79955
38038 -86460 -79954
72429 51025 -79953
5076 -49610 -79952
92090 34983 -79951
38345 88617 -79950
14401 28935 -79949
-69623 -42606 -79948
85149 -97067 -79947
-5876 -79524 -79946
76140 -95311 -79945
-98630 -69769 -79944
81949 47924 -79943
24952 96670 -79942
-50238 -92532 -79941
82873 98891 -79940
75876 56079 -79939
-34934 -74454 -79938
-88986 81858 -79937
45928 -71870 -79936
12960 -8649 -79935
-63867 88077 -79934
-8135 19275 -79933
-20746 -52248 -79932
41290 86399 -79931
23847 77313 -79930
55271 -89287 -79929
158 19861 -79928
16692 61965 -79927
-37775 -54599 -79926
49037 90237 -79925
-46531 37303 -79924
-32887 70975 -79923
-88364 -66094 -79922
-25985 17997 -79921
76138 15051 -79920
90006 30697 -79919
-71503 53664 -79918
-78745 22342 -79917
65389 34244 -79916
-1154 17275 -79915
874 73236 -79914
-36293 -72889 -79913
68259 -32301 -79912
62065 -34403 -79911
91541 -68084 -79910
19152 -32268 -79909
30713 -24784 -79908
-25584 -81328 -79907
-59693 -22303 -79906
98391 -44456 -79905
33533 12863 -79904
6368 42235 -79903
87737 -44674 -79902
-19096 65427 -79901
-52877 66953 -79900
-43543 -89416 -79899
-64980 -49955 -79898
75159 -30086 -79897
-71286 -7879 -79896
-53611 -73385 -79895
30191 -41422 -79894
-97998 82971 -79893
11320 -13720 -79892
-57844 -26797 -79891
-46700 7103 -79890
-81509 -26554 -79889
65563 -45905 -79888
98581 -69200 -79887
12906 29070 -79886
-64315 -37169 -79885
-93691 58258 -79884
96714 -65523 -79883
-96022 -42302 -79882
47811 -50695 -79881
-41977 75485 -79880
-98079 -45860 -79879
-36917 13292 -79878
3910 84077 -79877
-95274 -29700 -79876
68352 -20498 -79875
84956 10689 -79874
24084 37752 -79873
76458 -7331 -79872
27833 50563 -79871
-47411 76143 -79870
-35384 8158 -79869
85193 28607 -79868
-20435 -58443 -79867
13140 27500 -79866
-91611 29368 -79865
-1135 68118 -79864
-81791 -5390 -79863
-64498 -61117 -79862
-37189 -45368 -79861
44071 7666 -79860
356 -29115 -79859
8717 95522 -79858
-16648 -2990 -79857
-31281 -99293 -79856
-52381 -67594 -79855
26718 -52612 -79854
-23164 51184 -79853
-65027 44863 -79852
43967 5314 -79851
-92473 55068 -79850
-72092 8542 -79849
62997 21112 -79848
87395 -16621 -79847
21018 -51303 -79846
-11214 -99701 -79845
-60032 -33354 -79844
-90773 21802 -79843
97222 -47688 -79842
71531 -94771 -79841
-24900 56441 -79840
-74510 8033 -79839
-93977 -53956 -79838
18922 87422 -79837
62480 -80352 -79836
-21382 57966 -79835
423 56450 -79834
-27304 21834 -79833
98164 2686 -79832
-67744 -73894 -79831
-56753 72597 -79830
-204 72119 -79829
-78480 82740 -79828
84869 -50744 -79827
4844 -58489 -79826
-49896 35907 -79825
18493 -42034 -79824
75869 75119 -79823
-98629 29207 -79822
88835 -30914 -79821
99663 -15904 -79820
96730 14101 -79819
52686 64576 -79818
-83505 -25100 -79817
35416 -1011 -79816
51960 -33840 -79815
22137 -92842 -79814
-94416 -66659 -79813
-52957 -64739 -79812
69122 87532 -79811
13868 -51195 -79810
-55032 -76896 -79809
-41137 -87415 -79808
-78841 -83851 -79807
-39127 -57069 -79806
-47999 -74619 -79805
-93850 -23240 -79804
27714 27491 -79803
94895 -40480 -79802
-58442 31111 -79801
94892 22053 -79800
-54983 44799 -79799
71489 30660 -79798
47922 -97649 -79797
50632 -16485 -79796
-96780 -25387 -79795
61374 -20529 -79794
28186 -86502 -79793
82006 -81270 -79792
-90625 -53980 -79791
88427 16437 -79790
25340 -62243 -79789
-90371 -72461 -79788
-73121 -38037 -79787
39092 -10716 -79786
-22609 -33899 -79785
66165 62358 -79784
36474 7195 -79783
-68174 33489 -79782
-97552 -74293 -79781
43373 15475 -79780
30423 -16371 -79779
-9962 57069 -79778
-83180 -40530 -79777
-32720 -67311 -79776
-68881 24113 -79775
-17942 94393 -79774
-54186 42813 -79773
-90621 -89762 -79772
-58647 -93315 -79771
-958 99587 -79770
73147 96481 -79769
-38343 98185 -79768
-62751 -46296 -79767
44021 76489 -79766
9031 -38189 -79765
-41233 -22862 -79764
-79777 92565 -79763
50447 40154 -79762
-64448 -23219 -79761
-66974 -90208 -79760
-6566 80407 -79759
50023 -24770 -79758
-50309 73815 -79757
-13872 -50683 -79756
97423 81303 -79755
-27109 -45148 -79754
-3150 -99385 -79753
-67634 83456 -79752
60758 1430 -79751
88583 -19350 -79750
45716 47045 -79749
-78342 -68966 -79748
4625 -98461 -79747
5938 -33795 -79746
-79295 37427 -79745
14536 -61727 -79744
44980 59720 -79743
-50532 20196 -79742
-56393 72378 -79741
-33467 74002 -79740
-3706 45332 -79739
-24675 51242 -79738
42825 -36883 -79737
-26315 5290 -79736
49630 76618 -79735
94989 -70448 -79734
-92981 74190 -79733
26951 83715 -79732
27285 -58665 -79731
74702 9413 -79730
-67847 23910 -79729
-38089 -98801 -79728
70653 -11691 -79727
34763 -96002 -79726
8270 37042 -79725
-71189 -12436 -79724
-47532 70732 -79723
32963 90191 -79722
82079 -44983 -79721
-42194 -61432 -79720
72710 -49104 -79719
-81407 18802 -79718
-53089 -30351 -79717
12239 46913 -79716
-54843 49307 -79715
-77324 89320 -79714
98588 22838 -79713
-53237 30065 -79712
83881 62468 -79711
-34669 -65833 -79710
-57621 69683 -79709
-12565 -76610 -79708
5472 4903 -79707
-62739 9102 -79706
16209 -43133 -79705
-2105 9001 -79704
23090 -99370 -79703
-48488 68645 -79702
89623 -43157 -79701
99097 60383 -79700
86061 21933 -79699
29820 -26547 -79698
3203 -14787 -79697
30404 46887 -79696
49619 92982 -79695
-55451 35265 -79694
-79331 -85601 -79693
11156 -48713 -79692
2710 -89258 -79691
23415 -66481 -79690
37891 -59239 -79689
18454 -4583 -79688
82026 -33887 -79687
38784 58525 -79686
-17955 -87060 -79685
-36758 10694 -79684
14568 94697 -79683
90876 -29491 -79682
33671 16753 -79681
53018 -39876 -79680
69362 -10423 -79679
20739 -38574 -79678
39849 42803 -79677
-78615 97660 -79676
-92415 -30247 -79675
2935 -97374 -79674
-92781 -89567 -79673
-45401 -23739 -79672
-16326 73670 -79671
18752 -10305 -79670
67421 81082 -79669
-30504 27403 -79668
97395 -42533 -79667
66920 67538 -79666
77370 95375 -79665
-81355 67467 -79664
25830 33777 -79663
89795 14853 -79662
84149 -95900 -79661
-21045 -4091 -79660
-34572 27017 -79659
-71759 -63778 -79658
6516 -22971 -79657
28512 -4547 -79656
43586 -36728 -79655
-60652 13010 -79654
-14222 8386 -79653
-87864 -51682 -79652
90831 10173 -79651
75540 -70459 -79650
-7620 36749 -79649
51440 -58246 -79648
-50828 -30967 -79647
-76008 -92926 -79646
-686 25652 -79645
56108 -1705 -79644
87778 83341 -79643
32977 69440 -79642
-86247 -94815 -79641
-99352 -79691 -79640
-76484 89001 -79639
94398 3385 -79638
-18658 -45671 -79637
-66966 44475 -79636
63803 10549 -79635
99138 52311 -79634
7928 -79871 -79633
75880 95151 -79632
57135 -54042 -79631
71183 -85977 -79630
-17514 46349 -79629
-15185 1012 -79628
-66775 93068 -79627
5641 2654 -79626
-12043 40947 -79625
-27540 67940 -79624
88266 132 -79623
-5441 11263 -79622
53853 -57177 -79621
-62709 -47390 -79620
-72382 46186 -79619
85939 -77564 -79618
-23517 4264 -79617
-81164 68190 -79616
-95578 -76479 -79615
-27361 71321 -79614
-5447 79102 -79613
-56763 21111 -79612
77330 30437 -79611
-67283 -67261 -79610
72740 -21338 -79609
-31614 6875 -79608
49729 -89740 -79607
80173 32492 -79606
-60956 79130 -79605
74974 18885 -79604
-471 24472 -79603
25906 -96654 -79602
-50612 -6893 -79601
82849 74763 -79600
88450 15923 -79599
53724 90996 -79598
9101 11626 -79597
-34409 -17121 -79596
-37216 -30282 -79595
-60623 36653 -79594
75323 43669 -79593
-72033 -39140 -79592
14077 -25907 -79591
53111 30189 -79590
-13618 49304 -79589
-76970 -97654 -79588
87331 67362 -79587
-67915 -16197 -79586
-13274 -28642 -79585
-23497 -22353 -79584
-35989 -27107 -79583
76666 -15681 -79582
99214 39896 -79581
32090 92931 -79580
19476 -9434 -79579
88547 -89356 -79578
56891 15882 -79577
82628 36465 -79576
32693 -67545 -79575
26957 -73191 -79574
95526 -73571 -79573
-43992 53667 -79572
-57125 -7084 -79571
-51359 -59353 -79570
-32724 -4332 -79569
-36465 98935 -79568
-7391 65395 -79567
-49566 -43162 -79566
40899 -26877 -79565
72672 26576 -79564
-45871 29487 -79563
67834 -53450 -79562
-13013 -98765 -79561
-83049 -44314 -79560
-62079 -62377 -79559
4954 78294 -79558
-48479 60621 -79557
21430 -38521 -79556
-98812 -45507 -79555
7521 -92344 -79554
-20191 37560 -79553
29709 81596 -79552
-36829 -16630 -79551
-13757 41406 -79550
-45792 49356 -79549
-49850 15179 -79548
-63563 -77678 -79547
71030 -80539 -79546
-10974 89380 -79545
7099 90605 -79544
42949 45377 -79543
-74329 32590 -79542
-40428 50247 -79541
-37763 89289 -79540
-60725 69119 -79539
-50228 -55805 -79538
-23678 -14578 -79537
-22527 -23978 -79536
75324 -46732 -79535
71276 -42692 -79534
-55836 -8439 -79533
50213 6200 -79532
46778 -68231 -79531
96220 93787 -79530
67904 -93183 -79529
82777 59324 -79528
1380 8668 -79527
-70700 -39765 -79526
-32304 87402 -79525
-98899 -80450 -79524
65252 89049 -79523
68008 40828 -79522
24499 37209 -79521
-40554 37285 -79520
-36625 21727 -79519
-74492 89987 -79518
-40222 25533 -79517
23409 -54312 -79516
33499 -69566 -79515
-47742 89215 -79514
-92152 -95096 -79513
-3208 992 -79512
51121 -58387 -79511
-41261 9573 -79510
57801 -19634 -79509
-92640 -15721 -79508
54631 -51654 -79507
86155 -67085 -79506
-22739 -41932 -79505
66268 64315 -79504
-10828 44057 -79503
98987 -56589 -79502
73738 -49418 -79501
74413 -49137 -79500
-4667 21359 -79499
-63354 79575 -79498
31141 -6185 -79497
97219 94841 -79496
-62874 -96784 -79495
51362 -80579 -79494
29275 24630 -79493
-32937 -80071 -79492
41468 30635 -79491
2660 10576 -79490
67479 -9892 -79489
-35482 -67306 -79488
45551 -84458 -79487
-53076 -97123 -79486
86596 -3290 -79485
-62454 -52401 -79484
43577 -47882 -79483
97644 63689 -79482
-52468 -86562 -79481
-89139 -34142 -79480
61706 -20078 -79479
48102 72810 -79478
10662 -56294 -79477
-43332 20437 -79476
-29242 -57732 -79475
-38949 -4158 -79474
-39759 31400 -79473
-80398 -94154 -79472
75622 -67441 -79471
-28535 73259 -79470
-21632 86418 -79469
-29026 36700 -79468
68554 31240 -79467
38700 -30817 -79466
-10973 1594 -79465
-65302 -44872 -79464
5505 13326 -79463
22308 62758 -79462
26027 74561 -79461
24977 64859 -79460
28816 -53345 -79459
85925 -1183 -79458
-62102 -99735 -79457
57528 -6692 -79456
-42158 -50159 -79455
-29605 -27031 -79454
-69191 8384 -79453
-11767 58384 -79452
-69544 -42936 -79451
-25711 77527 -79450
-59699 -28192 -79449
58000 53879 -79448
57207 51087 -79447
95834 36680 -79446
86141 26494 -79445
-99349 32963 -79444
-9922 61571 -79443
6371 -78763 -79442
-52209 72319 -79441
88508 10849 -79440
-75346 74637 -79439
71344 -3128 -79438
42280 -48090 -79437
30158 -86422 -79436
85436 -62878 -79435
80309 -54182 -79434
-55367 -29861 -79433
69892 -40361 -79432
-7440 40699 -79431
31430 47942 -79430
-93232 -62963 -79429
-77634 57622 -79428
19649 56071 -79427
79299 42671 -79426
-20934 33521 -79425
3587 45687 -79424
99581 78588 -79423
98857 56927 -79422
-77506 -33812 -79421
-94841 -16095 -79420
-55540 -53003 -79419
3118 7894 -79418
79266 -51650 -79417
-47903 22995 -79416
71585 -37770 -79415
-14586 -82485 -79414
-54152 83741 -79413
24560 -41357 -79412
56363 71300 -79411
-75206 -70149 -79410
-97465 -94158 -79409
-77375 3894 -79408
7064 -78449 -79407
36541 -82942 -79406
3745 -34451 -79405
-77671 99847 -79404
8368 82291 -79403
21391 61893 -79402
-52500 -79423 -79401
-30332 -96575 -79400
-15924 8704 -79399
26587 -91351 -79398
-22645 -72195 -79397
-40196 -73886 -79396
-26417 41109 -79395
61911 -18297 -79394
66514 -5946 -79393
-67537 29677 -79392
81515 86208 -79391
-63783 6833 -79390
13250 -82782 -79389
73107 -81626 -79388
-34639 47866 -79387
-49288 97251 -79386
-52554 -48337 -79385
-78080 -61329 -79384
22495 -87976 -79383
-28543 -30160 -79382
52858 -31589 -79381
-95745 -15024 -79380
-80302 -9100 -79379
52258 -9245 -79378
18617 -39470 -79377
-85861 -46686 -79376
-68725 43841 -79375
-16080 51173 -79374
50652 -24655 -79373
56841 -28667 -79372
40396 -44916 -79371
6079 43478 -79370
-61410 15741 -79369
60925 -88252 -79368
36886 -62078 -79367
80942 92508 -79366
65961 -60731 -79365
-2645 -652 -79364
43023 19769 -79363
-7866 87658 -79362
10916 -29077 -79361
63729 -66020 -79360
-92950 30687 -79359
-3686 -81295 -79358
6642 84315 -79357
50856 10640 -79356
-70579 -94105 -79355
-89093 -31247 -79354
-93013 -29862 -79353
48526 54811 -79352
40248 53057 -79351
81490 -49662 -79350
-85029 -74390 -79349
-47419 7884 -79348
9243 37826 -79347
-80162 -75485 -79346
-41073 53683 -79345
25680 -18581 -79344
64672 -92353 -79343
42905 -60880 -79342
51895 -50955 -79341
23452 88765 -79340
9173 -84709 -79339
79572 54731 -79338
-37544 10341 -79337
2291 57446 -79336
-33581 -57388 -79335
-15406 -76513 -79334
82884 -55501 -79333
-38379 79860 -79332
-77778 -70148 -79331
-33816 -59736 -79330
-62315 -3520 -79329
27984 81407 -79328
6564 93851 -79327
91256 78365 -79326
92148 -96795 -79325
-86991 8883 -79324
-63486 -35858 -79323
-90680 18553 -79322
-24414 -81201 -79321
-15558 11652 -79320
20650 17402 -79319
95780 60435 -79318
27831 -33569 -79317
-65825 -14885 -79316
9421 -13276 -79315
-90835 83149 -79314
62175 -14330 -79313
4796 -22867 -79312
-17541 16184 -79311
-26791 -24952 -79310
-97296 -44084 -79309
76850 -33636 -79308
-27478 -8425 -79307
21533 48095 -79306
-7571 6161 -79305
-10984 -96222 -79304
-13244 -78641 -79303
-65578 73666 -79302
41248 6156 -79301
21966 72944 -79300
-13677 76249 -79299
-25530 -34366 -79298
2415 -10748 -79297
28784 -90078 -79296
83122 44210 -79295
82197 18487 -79294
-15431 40628 -79293
91129 -1922 -79292
13522 81320 -79291
-79002 -95902 -79290
-31988 -27160 -79289
42132 71694 -79288
-41764 65038 -79287
29490 34931 -79286
72232 -46335 -79285
66909 -18376 -79284
-59344 -3583 -79283
76851 -15594 -79282
-55967 -35324 -79281
75793 -40660 -79280
13595 -40321 -79279
-83426 51589 -79278
-7485 40606 -79277
65059 58916 -79276
54388 6468 -79275
-50613 28104 -79274
6028 3152 -79273
2290 73572 -79272
-67116 -25778 -79271
22390 37160 -79270
-80520 -41022 -79269
71248 74442 -79268
-10549 16332 -79267
68721 4675 -79266
-33231 -69634 -79265
60129 -94416 -79264
37514 7697 -79263
97655 -98450 -79262
-62970 79718 -79261
-4501 774 -79260
-7323 60925 -79259
-98749 -85326 -79258
51319 89213 -79257
11124 -65201 -79256
90377 -69504 -79255
-65570 49223 -79254
-60965 7982 -79253
9963 75785 -79252
-31277 -23039 -79251
-57631 57815 -79250
86708 -3742 -79249
63479 -60191 -79248
17648 -80483 -79247
-87492 -98564 -79246
-10084 -36419 -79245
-20648 -76472 -79244
-89972 -96437 -79243
-60628 9322 -79242
-20732 -86425 -79241
95072 52282 -79240
64845 86603 -79239
-89529 31937 -79238
-28621 99799 -79237
-82600 -58179 -79236
96107 67628 -79235
-31650 -64067 -79234
-27673 54017 -79233
21312 -30928 -79232
-90035 -36744 -79231
-38359 75661 -79230
-8946 -80049 -79229
-82862 -92087 -79228
68473 78773 -79227
45750 31712 -79226
3456 81177 -79225
64688 23503 -79224
-56991 -73415 -79223
85534 36741 -79222
6469 -85788 -79221
89495 91815 -79220
69979 -71083 -79219
-42636 -46458 -79218
-17493 80667 -79217
-28004 9410 -79216
95044 -32025 -79215
-66277 -94977 -79214
94907 22611 -79213
12803 -47466 -79212
87523 -76286 -79211
-68115 8925 -79210
-74956 -6442 -79209
-66012 -9732 -79208
87866 -42457 -79207
39758 -95850 -79206
-29988 21589 -79205
54517 -56732 -79204
57422 28893 -79203
17544 -42605 -79202
68972 61593 -79201
-62174 -97001 -79200
-41963 96660 -79199
-75994 -27040 -79198
-8077 68802 -79197
-47785 39511 -79196
54651 22423 -79195
70333 96049 -79194
23509 62183 -79193
-55457 -33519 -79192
-94476 -66725 -79191
86667 91123 -79190
-5555 79624 -79189
-56085 32907 -79188
-90538 9792 -79187
12369 90724 -79186
-49813 69352 -79185
-96096 8808 -79184
-52950 71055 -79183
-95538 -3423 -79182
-4418 -72923 -79181
-22248 -15976 -79180
12746 -74430 -79179
-65581 97765 -79178
-57077 -60258 -79177
84799 -10067 -79176
-40789 -31139 -79175
-75110 -86024 -79174
-22884 -35839 -79173
-14752 -61250 -79172
-38683 -94834 -79171
-15797 34193 -79170
31108 -88997 -79169
-26162 -40466 -79168
-44356 -51791 -79167
39718 -85532 -79166
-18350 -17008 -79165
48092 83570 -79164
4260 19660 -79163
-42490 -76764 -79162
64069 88122 -79161
46591 -60783 -79160
-56248 -66069 -79159
11884 -74513 -79158
-43406 -7159 -79157
85834 84957 -79156
-14037 8633 -79155
-54149 -52225 -79154
-88626 27447 -79153
9033 92458 -79152
22411 10793 -79151
-46740 -41668 -79150
79593 87154 -79149
-63994 -62377 -79148
-26884 5982 -79147
-52916 -11902 -79146
-98888 -12169 -79145
24479 34439 -79144
99629 33933 -79143
-65845 -44100 -79142
62374 74514 -79141
-17996 -5914 -79140
-9866 -34584 -79139
52829 20457 -79138
1725 5255 -79137
-46650 -70572 -79136
48394 18928 -79135
80540 -33124 -79134
7995 -92458 -79133
-11709 -47078 -79132
17157 1155 -79131
13266 31131 -79130
-78934 -57644 -79129
-56527 -66435 -79128
-67273 63724 -79127
-5157 -88909 -79126
35432 -51748 -79125
-26780 -43660 -79124
3785 -50241 -79123
-79629 -90988 -79122
-14686 -98274 -79121
-16652 20089 -79120
62650 -89428 -79119
21193 68063 -79118
13445 -55486 -79117
-22855 60450 -79116
12020 72371 -79115
-26460 23659 -79114
76345 -40793 -79113
-85450 20380 -79112
77089 15298 -79111
-90078 -5290 -79110
-21205 -23618 -79109
3401 -1253 -79108
-11739 42360 -79107
-69072 -2357 -79106
-73889 -93607 -79105
31430 -89965 -79104
58751 44134 -79103
73652 32474 -79102
79642 -21889 -79101
-53495 -89357 -79100
-73872 -92547 -79099
72755 64043 -79098
-1854 -49163 -79097
64799 -18943 -79096
-28278 16490 -79095
-38812 85365 -79094
-53941 49085 -79093
-25593 91312 -79092
86490 -72398 -79091
91536 -5175 -79090
-67928 -81239 -79089
62181 73675 -79088
-23336 76209 -79087
43984 -68643 -79086
-72868 99032 -79085
-93238 81013 -79084
-51737 83571 -79083
-22264 -35860 -79082
-36125 11758 -79081
22809 -69145 -79080
-9771 73073 -79079
35555 -35412 -79078
51917 -50939 -79077
-67391 95272 -79076
-78658 -78197 -79075
-50322 87329 -79074
79664 -44371 -79073
-3955 -35147 -79072
-83511 -48375 -79071
60855 26544 -79070
-46626 86387 -79069
-59979 31307 -79068
-47063 66607 -79067
-47281 39094 -79066
-58063 80715 -79065
-85165 -88889 -79064
51980 -28483 -79063
-93769 -73205 -79062
-99505 91777 -79061
-74546 -15827 -79060
20984 -47630 -79059
-29270 -81954 -79058
-97149 65167 -79057
-85993 96073 -79056
-48185 67654 -79055
76550 -73841 -79054
90773 -85691 -79053
17804 36257 -79052
50685 -81338 -79051
64961 -77523 -79050
44001 -51861 -79049
-78743 93800 -79048
98322 -14584 -79047
86870 25957 -79046
-1189 35246 -79045
87879 50102 -79044
-93432 71103 -79043
-84523 98353 -79042
15266 73764 -79041
74093 -44273 -79040
-59461 68728 -79039
-27657 61827 -79038
-87232 -63371 -79037
-65855 -71781 -79036
-39923 -52960 -79035
15604 8041 -79034
-48665 -17999 -79033
21832 61301 -79032
-81089 13295 -79031
-64442 19683 -79030
-83274 32813 -79029
51928 -33376 -79028
-1264 -80465 -79027
-80667 -82666 -79026
35340 -69626 -79025
-24472 1288 -79024
-59868 44393 -79023
72372 69095 -79022
52047 -95302 -79021
39600 68145 -79020
-13525 -42861 -79019
64448 -31199 -79018
51035 50211 -79017
33196 -61364 -79016
-45352 59008 -79015
59637 -36981 -79014
-60446 -28890 -79013
-79743 -6441 -79012
-27563 94891 -79011
31810 -55892 -79010
-23369 -29071 -79009
85794 -27893 -79008
-1027 29516 -79007
-85357 83829 -79006
-65368 -69577 -79005
-13397 93931 -79004
46622 7441 -79003
51910 22436 -79002
80618 -65200 -79001
-49652 -69862 -79000
-6528 63885 -78999
-71744 49631 -78998
-73673 -48811 -78997
19255 -41955 -78996
79774 -74852 -78995
-31511 90408 -78994
9623 70193 -78993
8368 -84469 -78992
27608 88503 -78991
9482 -55570 -78990
29051 82060 -78989
-13320 75270 -78988
-6505 29466 -78987
-95767 38311 -78986
61222 770 -78985
59423 85899 -78984
67707 -49566 -78983
41873 -57076 -78982
-76052 27572 -78981
-97148 96914 -78980
78318 25980 -78979
75744 14164 -78978
-65202 -90334 -78977
-23374 8141 -78976
85681 7434 -78975
-33986 56167 -78974
49669 12458 -78973
-68992 -5371 -78972
-68532 -34535 -78971
-15600 -17875 -78970
-4414 -26638 -78969
-2141 -46175 -78968
-87414 86677 -78967
91574 -38470 -78966
28795 51266 -78965
-85534 34648 -78964
-97031 58028 -78963
-64953 -1510 -78962
-51525 -50734 -78961
-71934 21125 -78960
15126 -5082 -78959
32281 -25427 -78958
28346 9341 -78957
13892 -82262 -78956
92423 -63498 -78955
-70502 -88998 -78954
-38834 3651 -78953
63565 46659 -78952
96848 -16339 -78951
-45264 62826 -78950
-20227 70944 -78949
77479 71382 -78948
-28503 -95901 -78947
47570 -48619 -78946
-71087 -9634 -78945
8807 -57049 -78944
58249 -59392 -78943
-61740 27946 -78942
88069 17875 -78941
85303 22407 -78940
-27620 -54082 -78939
84561 -18842 -78938
25161 -44588 -78937
62522 -19522 -78936
-10338 -16377 -78935
97250 -3229 -78934
-34480 44941 -78933
13149 80463 -78932
-41648 7632 -78931
-56125 1125 -78930
82373 50087 -78929
-42855 77881 -78928
-83803 7322 -78927
-11921 8637 -78926
35088 38541 -78925
98528 20262 -78924
-94330 -10071 -78923
27166 10707 -78922
52982 -21999 -78921
-83121 58256 -78920
35536 -53992 -78919
-30024 87362 -78918
-53840 96425 -78917
85902 -22979 -78916
45825 54573 -78915
2521 -13369 -78914
-74059 17491 -78913
80006 -99241 -78912
97601 -35361 -78911
-94504 78745 -78910
30708 67496 -78909
-8117 72122 -78908
39402 -82317 -78907
-74306 23360 -78906
68340 63856 -78905
28278 -83510 -78904
-28559 -67760 -78903
60615 -88032 -78902
78640 63331 -78901
-79373 13753 -78900
95852 -51813 -78899
-87185 -68470 -78898
-92236 55758 -78897
63285 -81004 -78896
-71417 -51315 -78895
96779 -15855 -78894
84624 -9399 -78893
-52395 -44616 -78892
45868 59569 -78891
-65019 26882 -78890
14888 94237 -78889
70230 -98292 -78888
-70255 54938 -78887
4754 53152 -78886
66972 -25160 -78885
-55287 33065 -78884
57865 -86840 -78883
-98494 -59450 -78882
86930 -86668 -78881
53265 86189 -78880
8007 -86152 -78879
94240 55158 -78878
54019 -90353 -78877
-68055 11777 -78876
77388 89201 -78875
-36043 2866 -78874
-66244 -71821 -78873
11710 84679 -78872
-78351 15411 -78871
91788 34416 -78870
81437 31949 -78869
59849 -96553 -78868
-10908 20615 -78867
77548 4365 -78866
7897 84869 -78865
86935 -93960 -78864
-60559 12805 -78863
-49272 62286 -78862
-44753 95474 -78861
1264 -45394 -78860
-86588 30936 -78859
69794 -28176 -78858
-14722 -66208 -78857
17662 -96232 -78856
65048 70522 -78855
-89869 64762 -78854
-525 91563 -78853
-7524 55425 -78852
-45902 -40700 -78851
-13740 -47730 -78850
-39011 -5805 -78849
-23964 -80097 -78848
-85538 27498 -78847
36985 -19130 -78846
-76253 -16868 -78845
-25383 99184 -78844
19888 -28388 -78843
53233 -47148 -78842
-96770 27882 -78841
70118 2333 -78840
81119 30795 -78839
-84210 -83943 -78838
39025 -70069 -78837
69652 53042 -78836
92325 81955 -78835
40112 81490 -78834
-62027 40297 -78833
-41646 24614 -78832
20711 -83112 -78831
68711 35913 -78830
40009 -37836 -78829
95806 -56394 -78828
-95809 17295 -78827
-8806 -69633 -78826
-628 -941 -78825
55176 -98011 -78824
-61570 -24182 -78823
92966 -21313 -78822
-66827 -49569 -78821
-49841 34958 -78820
-64809 70226 -78819
80279 -47318 -78818
60810 -58019 -78817
-63862 11077 -78816
24881 32206 -78815
-14020 37251 -78814
8639 12126 -78813
90032 -9735 -78812
65510 61008 -78811
56991 -92969 -78810
-53841 69940 -78809
-67684 74149 -78808
-86123 -84863 -78807
26364 -12671 -78806
54608 13703 -78805
-83463 306 -78804
20869 54353 -78803
-78397 64360 -78802
-8789 84397 -78801
-34130 -78519 -78800
-36148 -10073 -78799
28742 -10911 -78798
-80771 56982 -78797
66253 49850 -78796
-96600 18793 -78795
60905 39245 -78794
-40662 66575 -78793
-61350 -81552 -78792
-12796 82600 -78791
30294 -56033 -78790
-31058 21919 -78789
-1540 -98089 -78788
66162 -81773 -78787
1400 -98283 -78786
-36046 19119 -78785
-17516 -62280 -78784
-64324 -1679 -78783
-97404 46025 -78782
14442 13816 -78781
-19765 1246 -78780
25252 -91983 -78779
-10877 90401 -78778
-91243 -66027 -78777
7114 -99637 -78776
-74465 -72246 -78775
-62592 13804 -78774
-19557 -57803 -78773
24406 38851 -78772
64117 12650 -78771
10110 -84382 -78770
81449 -84545 -78769
-9358 88996 -78768
-12126 46329 -78767
2056 -43284 -78766
-46443 -91130 -78765
-99550 16401 -78764
-4474 19279 -78763
-82823 -31760 -78762
-21189 -81709 -78761
-13896 -69932 -78760
-53059 -52740 -78759
-35526 -70929 -78758
42350 22870 -78757
-67231 -66948 -78756
6240 -11092 -78755
77048 -61912 -78754
-24971 -18971 -78753
-95200 94036 -78752
-45369 -21745 -78751
57635 34886 -78750
-57744 50295 -78749
68113 85848 -78748
-40309 -49323 -78747
32238 75106 -78746
14453 33304 -78745
-19214 96208 -78744
-29689 -93715 -78743
65654 63893 -78742
121 24719 -78741
39084 -62284 -78740
-46148 54995 -78739
66106 51249 -78738
-55681 -65996 -78737
36482 -17014 -78736
-50178 94208 -78735
56047 28947 -78734
-49673 -27887 -78733
6618 -5998 -78732
-2679 75924 -78731
-15721 -84640 -78730
-84881 -39696 -78729
44285 42218 -78728
-22673 -46835 -78727
-85593 3319 -78726
28512 73708 -78725
-1773 -74739 -78724
-23413 -75314 -78723
-2434 93524 -78722
25394 -45429 -78721
-34772 -83504 -78720
23797 -16197 -78719
-80294 -67251 -78718
-22850 29205 -78717
45237 -99431 -78716
3463 46175 -78715
-10554 -65595 -78714
27626 -87424 -78713
34134 -69483 -78712
41982 73414 -78711
90477 3128 -78710
3941 21697 -78709
-17025 39078 -78708
45173 -30835 -78707
-20894 36209 -78706
76698 -18591 -78705
37460 40469 -78704
24118 -76045 -78703
32915 -41092 -78702
18720 28912 -78701
-96462 40341 -78700
12767 13929 -78699
-66232 -77242 -78698
-80432 19465 -78697
-30763 8542 -78696
-96213 -19405 -78695
25850 -54958 -78694
71178 -15151 -78693
-77777 -51882 -78692
16322 43346 -78691
-54920 77880 -78690
86594 -54222 -78689
-7375 -18254 -78688
79858 33089 -78687
-8812 97931 -78686
50256 -38956 -78685
-29969 32099 -78684
9432 24462 -78683
755 -65379 -78682
28756 -87218 -78681
-43874 -90345 -78680
-67961 -46006 -78679
41160 40697 -78678
-93527 -57628 -78677
-65698 43306 -78676
-91922 80805 -78675
-34273 90883 -78674
-13965 -40420 -78673
43465 -3266 -78672
-79663 97064 -78671
-59219 79544 -78670
84280 96128 -78669
-41502 -59411 -78668
-27263 -56073 -78667
-70117 -99827 -78666
35919 39394 -78665
-79429 -66131 -78664
-73595 91085 -78663
98697 10217 -78662
-77503 -19340 -78661
63610 8171 -78660
69508 -81768 -78659
17916 -84903 -78658
-44070 -32188 -78657
66571 -79172 -78656
73522 4529 -78655
20956 -80677 -78654
77864 73302 -78653
-87804 -10490 -78652
75970 59859 -78651
72059 -81600 -78650
60686 13588 -78649
-82363 15467 -78648
-97773 -61330 -78647
137 -26058 -78646
98914 14538 -78645
73279 1635 -78644
-97705 42943 -78643
-79012 8690 -78642
-14457 63317 -78641
31292 96521 -78640
-9486 -8043 -78639
-61925 -84967 -78638
5891 51270 -78637
-25107 -64746 -78636
-73904 -70865 -78635
-59980 32083 -78634
91885 6281 -78633
-67933 -49562 -78632
-76950 16318 -78631
38390 -80941 -78630
68556 16313 -78629
73604 -72324 -78628
-30348 52172 -78627
91198 42116 -78626
98168 -57736 -78625
-18254 -58204 -78624
71104 819 -78623
-52611 -91818 -78622
84741 -65839 -78621
-91524 57657 -78620
-36048 54028 -78619
80379 -72605 -78618
85221 -35439 -78617
-73631 -1312 -78616
-84737 53603 -78615
25700 -40315 -78614
-1174 -44126 -78613
-18938 -11495 -78612
-96001 77311 -78611
-11043 -89379 -78610
-76905 -60706 -78609
-42604 46518 -78608
-60463 81097 -78607
-89747 -25089 -78606
-96758 79060 -78605
29755 -1504 -78604
82217 -10450 -78603
-64826 27824 -78602
36492 8812 -78601
-50241 -62253 -78600
-99378 51875 -78599
-52382 -61652 -78598
-95391 63170 -78597
30845 -7928 -78596
14232 -83510 -78595
-28876 -42848 -78594
-99533 -98004 -78593
-25003 -76233 -78592
-2 45763 -78591
-62112 -67758 -78590
-75387 16215 -78589
41959 10227 -78588
-17777 -642 -78587
4405 -77587 -78586
-31497 32944 -78585
8004 15460 -78584
-7923 71593 -78583
-44126 68130 -78582
-17968 -27451 -78581
69821 30341 -78580
47807 -86938 -78579
50636 39311 -78578
22881 62383 -78577
-8297 -39078 -78576
43616 84992 -78575
34066 -81381 -78574
-66538 -27425 -78573
73964 26747 -78572
82422 -51042 -78571
33493 -57820 -78570
53508 -88 -78569
10651 31740 -78568
11085 58085 -78567
-56203 -23016 -78566
-81399 41750 -78565
-13479 -63679 -78564
-78224 44420 -78563
-81730 36464 -78562
23978 -44543 -78561
2025 5066 -78560
66517 75814 -78559
96686 13270 -78558
61560 -69148 -78557
-59703 91180 -78556
-35512 -73682 -78555
29438 -1651 -78554
10344 -72441 -78553
-5230 -5156 -78552
-2011 -92041 -78551
94169 65177 -78550
50369 22074 -78549
-57970 -78425 -78548
-74669 52534 -78547
-36898 22359 -78546
71851 -47376 -78545
72524 -73373 -78544
-19891 74263 -78543
-53191 25072 -78542
49467 79955 -78541
89527 84980 -78540
9344 -94109 -78539
-32691 64048 -78538
41059 61711 -78537
-10213 -10929 -78536
-6662 -34635 -78535
23608 -27435 -78534
30535 -30891 -78533
-48362 -39364 -78532
70047 -76771 -78531
-95321 -98694 -78530
17014 -84640 -78529
-97602 -53533 -78528
-57467 79317 -78527
25171 92684 -78526
66856 -4929 -78525
-37183 -5588 -78524
-59533 -43661 -78523
-54572 64182 -78522
47169 54715 -78521
-72221 -27087 -78520
-52096 -7577 -78519
60762 -19218 -78518
65307 -13127 -78517
-74526 15107 -78516
30304 74689 -78515
-24966 -32328 -78514
86019 -67769 -78513
361 95980 -78512
-50814 46028 -78511
98604 -40027 -78510
-87580 -73026 -78509
68982 28620 -78508
-49441 -1132 -78507
85416 -51098 -78506
-9512 15513 -78505
38046 -98798 -78504
-20717 75715 -78503
76907 -11898 -78502
-92661 -40538 -78501
-34572 -63236 -78500
43720 653 -78499
91844 -3717 -78498
-45840 -9805 -78497
-96056 31697 -78496
76080 45168 -78495
-38140 -16241 -78494
-44816 5739 -78493
36487 -3213 -78492
-991 -47858 -78491
-82771 -78632 -78490
-70417 61930 -78489
73297 -20498 -78488
75377 57416 -78487
39670 47267 -78486
87785 -20031 -78485
300 -16786 -78484
18222 81842 -78483
98077 64627 -78482
78693 -1671 -78481
85217 17323 -78480
67889 81395 -78479
-23543 32661 -78478
-20832 -60239 -78477
4373 88758 -78476
76865 75880 -78475
-91639 89796 -78474
-75632 -78303 -78473
-24335 75171 -78472
-88018 -43102 -78471
-64291 82228 -78470
-57379 -77957 -78469
-36380 -21488 -78468
61612 26570 -78467
-71138 78642 -78466
47547 86297 -78465
-88847 -37463 -78464
24946 98491 -78463
-67546 31396 -78462
19728 91716 -78461
89387 -64836 -78460
-89963 -37627 -78459
3321 -51851 -78458
5623 -23756 -78457
16268 63268 -78456
8751 6079 -78455
-32902 -40918 -78454
36875 -49363 -78453
-93620 57431 -78452
18859 -74488 -78451
69295 98154 -78450
-19517 -64859 -78449
-15060 56645 -78448
-27762 92795 -78447
82233 -65933 -78446
82348 66788 -78445
36850 39696 -78444
-22855 70260 -78443
66489 -39357 -78442
78511 -60003 -78441
85417 79424 -78440
41980 70662 -78439
52159 -99931 -78438
-96140 31398 -78437
-67287 -64034 -78436
-92302 -15358 -78435
51630 -49844 -78434
67784 95361 -78433
63297 -53573 -78432
63933 -11388 -78431
83169 -75503 -78430
-55648 -93580 -78429
98728 -58260 -78428
-39200 98896 -78427
12434 -69925 -78426
80403 -81004 -78425
-4912 -38524 -78424
-56119 93999 -78423
986 41786 -78422
-37707 12305 -78421
-19954 -79174 -78420
30115 20773 -78419
11976 58330 -78418
58818 -46034 -78417
54716 -27392 -78416
14687 41050 -78415
-13282 -74061 -78414
-43363 48788 -78413
2542 397 -78412
-43976 19050 -78411
-56617 -6331 -78410
25627 -36805 -78409
-28030 -60530 -78408
70771 77821 -78407
4456 -11484 -78406
-89141 -2182 -78405
-33549 26205 -78404
52787 5455 -78403
-57588 43161 -78402
11958 91755 -78401
-17681 92274 -78400
90010 9848 -78399
-64231 43238 -78398
71648 78499 -78397
69122 58484 -78396
-72950 85218 -78395
-75207 27953 -78394
39712 70608 -78393
-82835 -77372 -78392
27965 -41575 -78391
-61341 -27936 -78390
21191 -41085 -78389
-25293 29909 -78388
-51262 25129 -78387
-60390 58775 -78386
-20628 35053 -78385
-46968 -53255 -78384
-98860 61637 -78383
-17412 72763 -78382
-22988 2356 -78381
91737 83969 -78380
49896 3906 -78379
23588 -56079 -78378
24731 -12590 -78377
18237 -29058 -78376
-30698 6410 -78375
49353 -3475 -78374
-78356 83535 -78373
-21195 -36345 -78372
16612 -61204 -78371
12701 76958 -78370
84821 -19728 -78369
-41917 -73399 -78368
72684 -46383 -78367
41145 45846 -78366
-84197 50421 -78365
-89728 71815 -78364
-69278 12906 -78363
97606 -94069 -78362
43646 -79255 -78361
-64195 -71394 -78360
-27427 56464 -78359
78056 -35326 -78358
-7088 -24902 -78357
-1659 61991 -78356
-11362 -53502 -78355
-71705 -45095 -78354
71423 -98839 -78353
-18006 30533 -78352
-87616 594 -78351
49595 -4800 -78350
85555 -11913 -78349
-56402 -82624 -78348
-69868 -51778 -78347
75592 -39111 -78346
7010 46437 -78345
13304 60938 -78344
-60859 -20716 -78343
-55958 50295 -78342
63550 -7244 -78341
78578 -15549 -78340
85826 48550 -78339
-37870 95556 -78338
-43344 37501 -78337
424 71493 -78336
33711 45351 -78335
-67698 -89726 -78334
-58221 69245 -78333
-12214 76759 -78332
89021 -86567 -78331
-45536 -98669 -78330
-64628 -76587 -78329
-32724 -13741 -78328
86200 69381 -78327
81017 -4334 -78326
13018 6957 -78325
68618 63044 -78324
91258 42007 -78323
58697 -9301 -78322
-87711 58821 -78321
63915 -56514 -78320
-65388 5332 -78319
57944 45318 -78318
27618 -38538 -78317
77483 56335 -78316
74994 -11979 -78315
-90965 -16304 -78314
6967 22360 -78313
-37232 21513 -78312
-60547 13011 -78311
97648 -20994 -78310
-75894 92754 -78309
29089 -7499 -78308
-31674 -28668 -78307
16031 20760 -78306
66879 -24526 -78305
-37681 82300 -78304
26196 61029 -78303
-66561 49910 -78302
-98047 -20788 -78301
24157 -83723 -78300
94392 82605 -78299
-48745 -74487 -78298
73988 -49769 -78297
23845 66206 -78296
32361 96795 -78295
9090 60975 -78294
12661 -44957 -78293
15977 42219 -78292
-7068 -46034 -78291
-21157 31191 -78290
99286 73558 -78289
-66848 -19515 -78288
42691 88914 -78287
-84498 47122 -78286
-83447 63528 -78285
-13144 -18849 -78284
-7915 21602 -78283
5924 90847 -78282
-61796 8006 -78281
-98274 12163 -78280
-95302 66146 -78279
29825 53702 -78278
-82341 52876 -78277
88016 -50073 -78276
73618 22672 -78275
-33931 -39364 -78274
-66559 92639 -78273
45863 -17200 -78272
99250 -59715 -78271
2359 -77838 -78270
-17744 72952 -78269
-45294 -47948 -78268
-87086 81037 -78267
-21535 47328 -78266
-28526 -5422 -78265
75493 -28901 -78264
31733 -46549 -78263
-79456 36559 -78262
78374 -74945 -78261
61737 37466 -78260
96491 38277 -78259
84540 79553 -78258
-72440 -91328 -78257
-28104 -25595 -78256
24106 86931 -78255
86850 -84652 -78254
-42554 -22217 -78253
-32268 -93902 -78252
-39214 57067 -78251
-82293 -52822 -78250
-6388 71652 -78249
94999 84701 -78248
73449 27793 -78247
71206 99996 -78246
-41273 1646 -78245
68526 -93466 -78244
-48262 87274 -78243
-15852 -1639 -78242
-99735 -12654 -78241
54854 8693 -78240
28977 -23395 -78239
66146 -2995 -78238
-12152 82226 -78237
97774 -47629 -78236
72412 55841 -78235
-3078 -38175 -78234
-17678 -69765 -78233
47444 9251 -78232
88467 65590 -78231
-24182 94629 -78230
24967 -40689 -78229
-74195 -76272 -78228
22506 22335 -78227
33366 -83654 -78226
-62076 68762 -78225
56391 82946 -78224
34028 -98891 -78223
31421 19253 -78222
92203 -47669 -78221
-12906 45795 -78220
-94585 -80411 -78219
20824 -68184 -78218
-17662 83080 -78217
697 4207 -78216
-43706 54930 -78215
-18275 -62743 -78214
-69911 18468 -78213
501 -65018 -78212
71902 96277 -78211
19682 16621 -78210
76864 -5329 -78209
96682 -27941 -78208
23950 985 -78207
23376 -68409 -78206
43881 70085 -78205
-25664 8566 -78204
-68712 50354 -78203
-97256 -73572 -78202
-79415 -79116 -78201
-71218 -9099 -78200
35737 -17910 -78199
-66460 31900 -78198
71853 20902 -78197
23144 93249 -78196
-2709 -87127 -78195
-78650 48663 -78194
-42385 75353 -78193
34149 41279 -78192
67171 -83554 -78191
63947 -23452 -78190
-75059 -53642 -78189
-80377 82583 -78188
42977 51725 -78187
-12032 -23112 -78186
-28166 81432 -78185
77205 35697 -78184
61054 69947 -78183
-95274 -58277 -78182
70983 17233 -78181
-57020 58015 -78180
-77216 67109 -78179
76277 -7438 -78178
81827 -14078 -78177
-29819 91343 -78176
-42333 -5511 -78175
87799 -22137 -78174
68506 -23505 -78173
-20225 -55028 -78172
33732 85817 -78171
785 -51124 -78170
4002 84368 -78169
-5805 -81579 -78168
5345 64259 -78167
37042 -39286 -78166
3735 -17101 -78165
-50126 -845 -78164
9320 83757 -78163
70697 -91853 -78162
61059 -26552 -78161
89657 -81561 -78160
9326 25102 -78159
34095 34529 -78158
11062 -85724 -78157
-28855 4292 -78156
778 -99495 -78155
45630 -88445 -78154
56091 18505 -78153
-15588 -62282 -78152
-46757 72915 -78151
34152 -97244 -78150
50862 93906 -78149
53626 64489 -78148
64835 -16081 -78147
32548 -36333 -78146
-58079 -60817 -78145
-40401 -875 -78144
-62936 10985 -78143
-31219 -2910 -78142
12078 20567 -78141
-63487 69521 -78140
-7414 7537 -78139
91238 -26001 -78138
-55771 -36583 -78137
78828 -12979 -78136
67849 87179 -78135
-70071 29782 -78134
-5752 75912 -78133
76470 13499 -78132
78877 18962 -78131
72481 85625 -78130
-40731 -9089 -78129
-31740 -15541 -78128
-78473 -68045 -78127
-22833 78090 -78126
3839 -28146 -78125
-95787 -8838 -78124
-4384 -68948 -78123
85661 69122 -78122
-74637 -39474 -78121
58895 43819 -78120
-25157 -88548 -78119
-71256 -86938 -78118
78221 -89534 -78117
34510 -34600 -78116
-26964 -43338 -78115
11716 -61799 -78114
34769 94636 -78113
-96137 -66816 -78112
56052 73701 -78111
54105 35711 -78110
28241 14760 -78109
74794 9670 -78108
-45726 -94171 -78107
34700 -73831 -78106
-66510 82199 -78105
-49792 71494 -78104
-78290 2309 -78103
-79906 -80511 -78102
16629 -70957 -78101
84617 -16772 -78100
-97070 98087 -78099
49619 -16659 -78098
-78374 7822 -78097
-94092 -17342 -78096
-20367 -61214 -78095
55357 78650 -78094
-37785 -82125 -78093
-23931 42195 -78092
29212 21342 -78091
82702 74719 -78090
-17431 28227 -78089
-25247 -7703 -78088
51135 -76229 -78087
82954 8256 -78086
-55126 -46730 -78085
-86106 84652 -78084
82727 -82209 -78083
-554 -86019 -78082
73344 -7518 -78081
-47801 23157 -78080
-59902 -17117 -78079
-28467 92488 -78078
1144 -62591 -78077
9357 48984 -78076
87620 66703 -78075
29710 95486 -78074
-19350 364 -78073
40072 45839 -78072
-56093 -42243 -78071
14075 58797 -78070
79765 87521 -78069
-32155 -51962 -78068
27200 -79239 -78067
53447 -25703 -78066
58856 67145 -78065
-36474 62467 -78064
39353 36462 -78063
-36776 72689 -78062
-32945 -53513 -78061
9148 70313 -78060
-36637 39013 -78059
-91786 70596 -78058
92375 93747 -78057
73325 14446 -78056
-16029 97896 -78055
-55487 36937 -78054
58875 22784 -78053
-21067 2701 -78052
-71828 67221 -78051
51004 71957 -78050
-12117 27666 -78049
5779 -68665 -78048
-65265 70162 -78047
51384 -40529 -78046
61300 -92635 -78045
-81679 -33156 -78044
-89420 -76896 -78043
-12391 -24254 -78042
-21946 27262 -78041
-67844 36033 -78040
-33923 -79725 -78039
46972 61026 -78038
-71814 77617 -78037
56741 -48714 -78036
-24918 93623 -78035
597 -16674 -78034
42257 85527 -78033
6402 65113 -78032
11618 -86360 -78031
49656 -77386 -78030
84977 -18056 -78029
-20829 60282 -78028
12031 59948 -78027
-4660 -45688 -78026
-76552 -18096 -78025
-2600 -14083 -78024
-79981 67268 -78023
-89098 -95893 -78022
8358 -14153 -78021
9718 -24670 -78020
20359 44237 -78019
74479 56213 -78018
54027 86845 -78017
49212 80182 -78016
-54853 -634 -78015
82823 -60863 -78014
62238 -41493 -78013
84049 -66752 -78012
62784 1859 -78011
-11520 49687 -78010
-84543 -29800 -78009
1555 63274 -78008
81602 -19943 -78007
51471 -75574 -78006
79616 -7253 -78005
-91470 -88837 -78004
-77412 34037 -78003
27117 -45863 -78002
11468 -85284 -78001
-15086 -29209 -78000
-39227 -24267 -77999
-60281 -7292 -77998
-83704 -55269 -77997
48286 11036 -77996
-34886 9925 -77995
13480 76348 -77994
94657 26070 -77993
-81993 -69994 -77992
-38670 15085 -77991
-9617 -28534 -77990
3409 -2430 -77989
-15580 37892 -77988
80074 -61714 -77987
-98104 23446 -77986
-98 99421 -77985
33790 936 -77984
89214 -25233 -77983
-3907 -88510 -77982
73185 11938 -77981
97260 -69447 -77980
77978 70270 -77979
-56083 -57010 -77978
-56725 -94936 -77977
-42733 -14226 -77976
18860 -96283 -77975
23403 -68263 -77974
48112 34568 -77973
97162 92722 -77972
-84998 -42790 -77971
19295 -20298 -77970
26977 -87852 -77969
41160 -8444 -77968
-45042 -55105 -77967
42227 -50869 -77966
90308 44763 -77965
-48229 32137 -77964
-38136 -90879 -77963
52049 84099 -77962
-33851 -17021 -77961
93768 60790 -77960
-42240 -54415 -77959
-21231 -34162 -77958
23280 20209 -77957
65366 99360 -77956
41415 16657 -77955
-89387 -91636 -77954
-82362 -95241 -77953
74884 -80719 -77952
-23853 -80851 -77951
-11532 991 -77950
-8560 61082 -77949
-58376 -94435 -77948
-27052 27594 -77947
-93899 23157 -77946
2521 -41953 -77945
-40695 43923 -77944
68537 -38893 -77943
-92340 -13447 -77942
23287 34443 -77941
-40212 -25918 -77940
96233 77538 -77939
-10728 -19878 -77938
90273 -29448 -77937
-31941 46328 -77936
-76354 -76154 -77935
-15699 7228 -77934
-90774 17487 -77933
53200 4797 -77932
42815 -59599 -77931
37437 -49458 -77930
-97962 34148 -77929
89895 40549 -77928
63996 -52042 -77927
-76973 18463 -77926
60440 -34169 -77925
57065 45777 -77924
-34129 64008 -77923
22774 -56067 -77922
44339 37038 -77921
-30783 -97955 -77920
-51979 94241 -77919
69391 69756 -77918
77763 69716 -77917
32085 -51755 -77916
-80556 53092 -77915
-90527 28643 -77914
-77831 91087 -77913
99260 -84004 -77912
70211 20503 -77911
-94775 -81627 -77910
66522 -51534 -77909
51043 1776 -77908
16523 14052 -77907
-20918 -86875 -77906
-61352 -58238 -77905
37909 90243 -77904
78176 -62441 -77903
33162 -2872 -77902
-81472 -2926 -77901
-11098 -17345 -77900
68761 85848 -77899
-24729 -15441 -77898
53884 90381 -77897
-15635 -85505 -77896
-2014 -31746 -77895
-65583 73866 -77894
-66441 62265 -77893
6716 -33826 -77892
10162 -27400 -77891
-18661 -20601 -77890
-23180 -65666 -77889
-87116 -89192 -77888
-93248 -37191 -77887
-83847 57499 -77886
-87208 -13174 -77885
-29853 -57157 -77884
-46164 96116 -77883
19777 63583 -77882
-42943 -71281 -77881
-77963 -2460 -77880
-94138 26996 -77879
-42501 -47532 -77878
-73787 -28919 -77877
-88968 -46587 -77876
49264 -43024 -77875
63231 -449 -77874
9717 -23611 -77873
76153 60747 -77872
-38035 36721 -77871
1149 57268 -77870
40012 -94236 -77869
-95930 -97438 -77868
87442 -37621 -77867
-62535 77747 -77866
9093 31363 -77865
-68212 9930 -77864
-49719 26100 -77863
-18599 -5902 -77862
-30712 75949 -77861
29296 6806 -77860
-83004 15241 -77859
-91968 -76547 -77858
68709 -41134 -77857
-85549 -20441 -77856
-57592 -13544 -77855
27734 -28152 -77854
-50762 -64283 -77853
-73620 -45732 -77852
-57562 9717 -77851
-56492 -5714 -77850
-21617 -97212 -77849
50602 -87415 -77848
63059 7667 -77847
59170 -72857 -77846
63799 49864 -77845
22930 98117 -77844
-8518 -14004 -77843
-81730 16956 -77842
-77006 -72901 -77841
25793 5260 -77840
25373 57367 -77839
-51292 -88889 -77838
-74557 -30847 -77837
-20812 -70346 -77836
-99314 8969 -77835
-18356 -44887 -77834
-25608 42311 -77833
67856 -29325 -77832
-39507 -99696 -77831
-35623 -22948 -77830
-16448 -71141 -77829
-36978 -32188 -77828
-37713 6835 -77827
14135 39374 -77826
-31746 71784 -77825
10311 -73740 -77824
41306 -36718 -77823
29309 -9426 -77822
-34972 -9803 -77821
-13365 66977 -77820
-41334 -62472 -77819
-59606 -21641 -77818
-69814 50088 -77817
-19697 -91123 -77816
69295 11572 -77815
7199 13058 -77814
-86769 67082 -77813
9484 -739 -77812
58369 -82568 -77811
77503 -73885 -77810
-7859 47599 -77809
-91881 -52554 -77808
-16941 24562 -77807
-36118 -43600 -77806
71199 -69980 -77805
73516 8280 -77804
-2233 22411 -77803
-85608 50261 -77802
-30119 9423 -77801
-93190 16211 -77800
67455 52342 -77799
-46099 -57958 -77798
-60234 25435 -77797
26838 31853 -77796
24298 -73104 -77795
-38422 -15787 -77794
-30250 86693 -77793
-17840 81037 -77792
-7953 -97448 -77791
68372 70511 -77790
-20301 38929 -77789
-99045 -9978 -77788
-87720 25403 -77787
20472 38825 -77786
-42229 -98242 -77785
55731 32355 -77784
-3949 81852 -77783
63707 -27616 -77782
21325 -36180 -77781
63515 95820 -77780
73456 -52639 -77779
98820 73148 -77778
64069 -42878 -77777
-46146 60751 -77776
49211 -97380 -77775
27698 86714 -77774
-49554 -90644 -77773
-39486 -30716 -77772
-71588 -16560 -77771
5408 7565 -77770
62949 -7000 -77769
-86227 -31333 -77768
-51293 33798 -77767
-27531 79869 -77766
-53840 63665 -77765
75471 35985 -77764
-47299 -8454 -77763
-58655 31405 -77762
98361 -65148 -77761
-30918 -82117 -77760
-62562 51639 -77759
-97766 -240 -77758
68362 -60812 -77757
18547 -78322 -77756
-87402 -47366 -77755
-19826 51505 -77754
-83157 16500 -77753
-19228 37944 -77752
92090 65588 -77751
-69706 -89581 -77750
25504 10488 -77749
6233 -23944 -77748
23998 76164 -77747
-81747 -2003 -77746
-93802 -13624 -77745
-52822 -87189 -77744
15290 -21137 -77743
12642 -42546 -77742
34332 -38965 -77741
-89790 -24662 -77740
65528 22109 -77739
28454 32460 -77738
21310 57419 -77737
-85009 58519 -77736
-13023 -92558 -77735
87894 -17337 -77734
-45670 1929 -77733
-72361 96790 -77732
58985 -10540 -77731
-79941 -97332 -77730
-38445 50339 -77729
-90431 -12036 -77728
-18856 71494 -77727
-39943 -22456 -77726
43061 54945 -77725
-3546 -45303 -77724
54441 9339 -77723
30194 -33843 -77722
-28447 -60459 -77721
71712 98127 -77720
85664 -48553 -77719
-78219 -8564 -77718
59448 -37238 -77717
-50689 -6037 -77716
-83054 -17009 -77715
48562 37257 -77714
-23940 38970 -77713
13219 77849 -77712
70422 47430 -77711
-25850 86847 -77710
53075 -27460 -77709
-74790 -84678 -77708
-23270 36590 -77707
66908 90580 -77706
-11848 -74736 -77705
-22079 -92643 -77704
-30675 75212 -77703
17475 -5691 -77702
-95393 7807 -77701
-15389 97233 -77700
21260 16972 -77699
-48121 -19693 -77698
-60487 -28111 -77697
-20604 86013 -77696
-88631 -46014 -77695
93716 47221 -77694
-96206 42771 -77693
-49894 -18629 -77692
94847 12388 -77691
-74586 98246 -77690
82486 -96291 -77689
-42419 -62745 -77688
-8250 -11178 -77687
33918 -41829 -77686
-39886 90538 -77685
14262 -33675 -77684
-75683 38724 -77683
90636 -52148 -77682
-58323 -1024 -77681
-16749 -667 -77680
77382 -49555 -77679
97895 -79129 -77678
-53060 16934 -77677
-24243 -28518 -77676
48620 -49224 -77675
44471 59598 -77674
-75426 -65790 -77673
55091 63002 -77672
63961 -40165 -77671
-5555 29053 -77670
35711 -35254 -77669
75331 -39305 -77668
-8274 13873 -77667
-15504 89683 -77666
46532 61008 -77665
93018 -57497 -77664
16817 -75484 -77663
-59491 4044 -77662
63137 -7815 -77661
-67290 15578 -77660
-87821 -71234 -77659
-99693 -66555 -77658
-53088 23082 -77657
-22358 -94537 -77656
40835 -50214 -77655
-89726 93394 -77654
-56365 27699 -77653
-43577 96978 -77652
5871 76799 -77651
93435 28391 -77650
-85169 -60312 -77649
-40145 -7781 -77648
9652 -82933 -77647
-35205 61528 -77646
-56282 -38406 -77645
49270 -48 -77644
62708 -38588 -77643
34428 14713 -77642
-30804 -48113 -77641
82512 95372 -77640
-33577 64715 -77639
-28068 -56156 -77638
-93985 -96817 -77637
78149 -28312 -77636
-26166 -1747 -77635
-58666 -92249 -77634
-22188 -74379 -77633
26589 -9799 -77632
62273 -5620 -77631
5543 89314 -77630
-99922 16501 -77629
72445 -40986 -77628
84231 -75770 -77627
-69984 -36291 -77626
-54969 -7189 -77625
50070 -72217 -77624
-83539 18490 -77623
32562 11542 -77622
44781 -36341 -77621
-83888 71166 -77620
-26122 -18589 -77619
-34424 -18318 -77618
93309 -78341 -77617
-31906 7753 -77616
79239 29728 -77615
74387 54267 -77614
-11036 -81574 -77613
49253 12240 -77612
17930 47741 -77611
-75014 54135 -77610
-64956 -35165 -77609
-63140 21682 -77608
-85234 -31977 -77607
-44986 60799 -77606
-86131 -49377 -77605
54491 53915 -77604
-11245 15580 -77603
-51454 11251 -77602
-97629 68883 -77601
15897 -203 -77600
-17783 -45073 -77599
-93592 87314 -77598
-43052 -94024 -77597
-66303 -6754 -77596
-65082 -9212 -77595
-12718 -53527 -77594
-89442 -47280 -77593
-5084 -29417 -77592
-432 -38744 -77591
79470 -61663 -77590
55130 14817 -77589
88980 -64360 -77588
14002 -31852 -77587
-23089 73413 -77586
-18564 -76514 -77585
-7416 6694 -77584
60404 32362 -77583
-40112 -23734 -77582
26128 -53337 -77581
36094 28471 -77580
-99794 -75762 -77579
-88376 -85240 -77578
-88653 -81948 -77577
99313 76591 -77576
-29971 73907 -77575
61100 77901 -77574
74879 -8980 -77573
39494 -94058 -77572
-15196 26421 -77571
-64857 83801 -77570
-30187 -40944 -77569
94050 7810 -77568
-39683 50126 -77567
22585 93796 -77566
30545 40944 -77565
60317 37526 -77564
45429 -15770 -77563
-609 45084 -77562
10834 89704 -77561
-91803 65941 -77560
64755 24876 -77559
-93847 -80404 -77558
-8166 -21995 -77557
32478 53696 -77556
-34012 -84824 -77555
-89072 7363 -77554
37734 22621 -77553
-63643 59896 -77552
-23546 -15477 -77551
92913 -56677 -77550
19946 81167 -77549
-83826 -39661 -77548
82657 57669 -77547
37134 -77915 -77546
33739 27300 -77545
-79775 -94434 -77544
-44379 47396 -77543
66176 68989 -77542
-62659 -86752 -77541
40262 52593 -77540
51643 -81372 -77539
-24496 -6859 -77538
-2267 10097 -77537
12567 14221 -77536
-14349 -58624 -77535
80078 -76695 -77534
-43542 -70882 -77533
59027 33546 -77532
83012 -15468 -77531
38542 68609 -77530
16850 -84217 -77529
57329 56128 -77528
91032 -31171 -77527
-8572 -11298 -77526
33687 7519 -77525
-82839 1500 -77524
52923 -22319 -77523
44776 -82702 -77522
16580 -85702 -77521
-21497 -269 -77520
-53101 97520 -77519
-86513 -45554 -77518
81206 42037 -77517
-12702 82750 -77516
-92841 20064 -77515
-12884 -8089 -77514
-69542 90712 -77513
-14602 -17801 -77512
-72871 -86388 -77511
98007 88338 -77510
29122 27528 -77509
30743 -69848 -77508
-13435 61613 -77507
-93112 -63211 -77506
84144 -55273 -77505
-4532 9014 -77504
-53361 -24129 -77503
-51813 -1309 -77502
80787 -88971 -77501
92588 28438 -77500
59504 89697 -77499
65361 -71610 -77498
-62385 -93787 -77497
90661 34069 -77496
-37690 -38512 -77495
-54364 9981 -77494
59149 -54700 -77493
-3315 15423 -77492
264 -23831 -77491
-16672 -4100 -77490
-83084 -2679 -77489
4983 -86199 -77488
12330 93588 -77487
-99498 16633 -77486
-50523 89182 -77485
50770 -88005 -77484
-16737 90381 -77483
-37867 -98654 -77482
94999 71906 -77481
-7644 -31802 -77480
36719 16998 -77479
61931 50249 -77478
-38109 -45980 -77477
23023 -66091 -77476
98127 33602 -77475
53838 97832 -77474
-85957 87118 -77473
-60769 -31067 -77472
98715 -41202 -77471
-85294 56685 -77470
-7081 41461 -77469
-25110 -10855 -77468
-85230 -26628 -77467
-41823 60606 -77466
71977 30212 -77465
29644 -34619 -77464
-80926 -28917 -77463
99538 17075 -77462
9253 54508 -77461
-3674 -60971 -77460
76612 -57013 -77459
-27052 -7350 -77458
-37922 -87612 -77457
41944 -48082 -77456
-24997 -53979 -77455
35375 52857 -77454
-36165 -62466 -77453
71321 -39608 -77452
27073 10649 -77451
3106 -67331 -77450
74007 2917 -77449
33930 62756 -77448
39722 -86733 -77447
64924 -3826 -77446
85150 64427 -77445
-72709 90739 -77444
94659 -89307 -77443
-78844 66871 -77442
-14591 48866 -77441
25977 94078 -77440
14549 48919 -77439
-37786 -67474 -77438
30486 72930 -77437
99901 51688 -77436
60964 -67132 -77435
27510 11297 -77434
-85536 38494 -77433
63660 15764 -77432
73677 -6336 -77431
-20237 8624 -77430
-41566 -56279 -77429
-29377 -2073 -77428
39510 -76507 -77427
-38718 60123 -77426
1988 27043 -77425
49260 77449 -77424
-46324 15402 -77423
-84579 69492 -77422
-24289 11989 -77421
-64786 9209 -77420
-7624 50563 -77419
72907 -4563 -77418
-49200 70370 -77417
-3434 65633 -77416
-63693 -39548 -77415
-84970 37574 -77414
-24855 -6535 -77413
-6124 86027 -77412
37553 56373 -77411
-41016 -59141 -77410
47722 -4960 -77409
3295 97780 -77408
55053 19951 -77407
-37996 -24139 -77406
96236 50183 -77405
-50726 -15307 -77404
-28515 -24261 -77403
-81015 -24602 -77402
-69049 22632 -77401
-7819 -9764 -77400
-27735 -56316 -77399
-64330 -47482 -77398
-80663 -19832 -77397
-89531 68124 -77396
49750 69780 -77395
-2736 86887 -77394
-61381 36671 -77393
-40821 51854 -77392
82153 2362 -77391
50406 -82973 -77390
27703 -82316 -77389
-39364 -70889 -77388
64534 -22845 -77387
15413 -43757 -77386
492 56296 -77385
-80686 -13635 -77384
64379 50111 -77383
55537 53426 -77382
36142 46562 -77381
38920 -39011 -77380
-92557 20100 -77379
-41617 -56713 -77378
-81194 81708 -77377
-57560 44338 -77376
19924 62080 -77375
-40754 2562 -77374
-34716 61691 -77373
22938 17584 -77372
44239 -76212 -77371
-22352 91464 -77370
95954 -96446 -77369
-97807 -46798 -77368
-48061 81634 -77367
-21811 95604 -77366
-76848 -71880 -77365
-88743 -13605 -77364
-64612 69476 -77363
-79473 -40943 -77362
-90211 71760 -77361
-93215 -87552 -77360
26871 -73099 -77359
-11093 -10475 -77358
-92923 -43852 -77357
-48921 -6572 -77356
-24852 -30973 -77355
41725 35843 -77354
22455 -13497 -77353
60544 44190 -77352
62859 9023 -77351
-37907 -65450 -77350
-92175 -83908 -77349
-62219 78564 -77348
68584 -15046 -77347
-26847 -75631 -77346
-24542 -32313 -77345
-76643 13723 -77344
-1228 64384 -77343
-65205 13174 -77342
-22732 -18778 -77341
82696 2385 -77340
44934 -15237 -77339
-75171 -379 -77338
44080 -94494 -77337
-8803 48809 -77336
68157 -44412 -77335
-88867 77786 -77334
-8571 35362 -77333
34302 34528 -77332
57029 -30020 -77331
-64974 -51832 -77330
-84749 49737 -77329
49287 -64790 -77328
23776 13074 -77327
67946 -96169 -77326
-78042 21982 -77325
-75753 -35601 -77324
53744 25877 -77323
82448 26994 -77322
-16594 29660 -77321
39051 25935 -77320
-28391 -85509 -77319
65134 50984 -77318
-13727 67256 -77317
33266 -55008 -77316
-12387 23397 -77315
-34542 70147 -77314
-3729 -17933 -77313
74339 -91197 -77312
84526 18873 -77311
-63104 -9087 -77310
-63433 -33339 -77309
-60218 31531 -77308
11710 28740 -77307
10769 -11957 -77306
29243 97435 -77305
27682 -43142 -77304
-81217 -6161 -77303
20313 31969 -77302
-99406 -89657 -77301
-32882 -3835 -77300
-90833 14833 -77299
-75766 -2434 -77298
-13850 -98108 -77297
-77483 -87209 -77296
14232 49277 -77295
-12160 -57890 -77294
-91617 -53710 -77293
-70432 93576 -77292
21246 -62486 -77291
-83484 -65033 -77290
-16749 -50676 -77289
60846 -91485 -77288
49915 61724 -77287
-25462 -68180 -77286
28709 61116 -77285
68953 48492 -77284
7452 48672 -77283
-32040 43369 -77282
87077 79928 -77281
-92114 48180 -77280
47370 -98652 -77279
38095 -6861 -77278
51163 40539 -77277
-68929 88300 -77276
-56187 -56249 -77275
-58781 74242 -77274
71809 -6724 -77273
-63522 -27150 -77272
23671 7961 -77271
97224 74173 -77270
89470 43500 -77269
87897 60243 -77268
-96665 -81063 -77267
59207 25063 -77266
-50153 -16890 -77265
71635 97321 -77264
-92440 -57870 -77263
-91919 -41953 -77262
71147 -12944 -77261
15514 30645 -77260
-22316 -7568 -77259
-21924 -48269 -77258
-80840 19739 -77257
-99395 39831 -77256
25195 66192 -77255
92063 25182 -77254
12313 44410 -77253
-91775 27758 -77252
33515 30046 -77251
-57865 61831 -77250
22599 91501 -77249
98105 74990 -77248
81080 -55505 -77247
22928 -92651 -77246
85957 52559 -77245
82765 -21124 -77244
-38597 72028 -77243
-83069 -67302 -77242
-6868 74323 -77241
-21857 6730 -77240
14316 -64914 -77239
90665 72664 -77238
23421 -31909 -77237
73744 38324 -77236
-60472 -68622 -77235
439 -36615 -77234
-56371 1394 -77233
-57350 87027 -77232
74071 -68880 -77231
52696 -23358 -77230
18049 -51517 -77229
-68744 89127 -77228
106 67968 -77227
49878 -17095 -77226
18757 89135 -77225
-99402 85689 -77224
-90409 -65694 -77223
-22628 68927 -77222
-42533 -92703 -77221
-95481 54427 -77220
-30445 18681 -77219
23432 52076 -77218
93434 47751 -77217
89019 -7679 -77216
-56873 -82552 -77215
7818 -1927 -77214
-74475 -55086 -77213
-25862 -36027 -77212
2851 -66590 -77211
20003 -33432 -77210
69907 -35241 -77209
-59867 64953 -77208
-94842 75550 -77207
36236 -69942 -77206
-33737 13707 -77205
-38650 76217 -77204
11948 -64274 -77203
56388 -77530 -77202
-26710 -82934 -77201
-48611 82584 -77200
71721 9713 -77199
32609 52564 -77198
70120 -21140 -77197
-92567 63522 -77196
-66815 -81275 -77195
-67959 -15180 -77194
-34613 -50183 -77193
40109 36079 -77192
67598 -44480 -77191
67416 -23682 -77190
-98047 99654 -77189
44312 4775 -77188
-7590 -85644 -77187
-81845 -11755 -77186
44860 -84318 -77185
60369 -19089 -77184
16061 32293 -77183
-69026 87276 -77182
7664 -33530 -77181
-1017 7921 -77180
26962 -48258 -77179
50168 -65907 -77178
-45882 -74707 -77177
29790 11546 -77176
60600 58549 -77175
14865 87143 -77174
-42488 -11385 -77173
15363 2694 -77172
64928 -61029 -77171
-63960 -68825 -77170
21347 44326 -77169
-77585 59915 -77168
-96655 -75230 -77167
-84422 42583 -77166
20954 3817 -77165
92455 -17741 -77164
-40266 52605 -77163
-76267 54986 -77162
41033 -5946 -77161
70290 -55465 -77160
34684 75366 -77159
-39825 58150 -77158
67303 24600 -77157
-5203 29656 -77156
-27270 21267 -77155
-51254 11019 -77154
-48886 -1182 -77153
-40747 36095 -77152
86726 94645 -77151
99198 62195 -77150
56033 -52391 -77149
-39522 -97298 -77148
2272 -84535 -77147
98819 -96026 -77146
4401 87905 -77145
38481 -50257 -77144
-66540 -42414 -77143
-40063 -58581 -77142
-58827 63392 -77141
-2413 69389 -77140
48521 71305 -77139
32771 -38594 -77138
-35366 -48236 -77137
-22847 -62338 -77136
-30538 16854 -77135
-51548 -17644 -77134
-31881 59610 -77133
-51014 24685 -77132
-20731 552 -77131
79564 -18138 -77130
10260 -17614 -77129
20917 87094 -77128
1845 -90373 -77127
70827 -24564 -77126
-23029 -51272 -77125
35586 -92617 -77124
12456 -36365 -77123
40230 19982 -77122
47943 -94524 -77121
-30185 23978 -77120
56941 -52476 -77119
22447 -49580 -77118
-97088 -15191 -77117
-69747 81189 -77116
-15630 -80975 -77115
-90363 -10367 -77114
64280 -46747 -77113
-26314 6091 -77112
-24875 16807 -77111
97290 -60328 -77110
-32589 -42457 -77109
29753 -92738 -77108
-18935 -11392 -77107
-50593 34123 -77106
-9584 -6450 -77105
-64549 36774 -77104
80895 -96050 -77103
-99357 -17627 -77102
50056 -5490 -77101
73067 -26130 -77100
-44524 -55009 -77099
90249 -9356 -77098
72299 -67937 -77097
54257 -40514 -77096
-96905 8053 -77095
3484 20461 -77094
47910 -45370 -77093
-84103 88843 -77092
-11299 12762 -77091
60509 -73230 -77090
-82220 70231 -77089
-46159 45048 -77088
25019 -23806 -77087
-19792 -51417 -77086
-40438 -85074 -77085
-82878 87925 -77084
-11683 84333 -77083
-59353 18933 -77082
-21624 76498 -77081
49011 74034 -77080
88088 -77344 -77079
25241 -82891 -77078
-44764 -39941 -77077
-52132 -23399 -77076
85940 -20877 -77075
54569 81353 -77074
-8519 85196 -77073
74006 37861 -77072
4817 29634 -77071
12960 83020 -77070
-62924 29910 -77069
58369 -60722 -77068
45935 -92082 -77067
-15391 -99592 -77066
-52006 -38836 -77065
75850 40218 -77064
-1431 22777 -77063
-62593 2070 -77062
7753 -94153 -77061
-64818 -92447 -77060
-5486 -24227 -77059
11700 11344 -77058
61808 -10378 -77057
55483 -79385 -77056
-28514 48916 -77055
-56105 26990 -77054
40493 -56585 -77053
85060 -6677 -77052
38088 79962 -77051
70735 -53856 -77050
84042 -64290 -77049
-27877 -31269 -77048
-97975 94883 -77047
73145 41427 -77046
92257 -66513 -77045
70219 29387 -77044
41442 -13777 -77043
-5172 40160 -77042
33693 8995 -77041
51091 -16254 -77040
-28929 -31483 -77039
-64917 -17222 -77038
12459 68357 -77037
16171 60489 -77036
-86324 -7603 -77035
-50907 10556 -77034
83002 69847 -77033
18760 -17263 -77032
28348 94124 -77031
-86992 -6701 -77030
72851 56318 -77029
91665 55988 -77028
-89688 -47033 -77027
55547 -1719 -77026
99654 -52294 -77025
-41298 86571 -77024
96069 -21807 -77023
-6903 -97310 -77022
27792 -77916 -77021
-44387 -41840 -77020
68953 33323 -77019
-86942 -89402 -77018
-78721 -35311 -77017
-1964 -12504 -77016
-89765 -40894 -77015
64637 17753 -77014
-53884 -71656 -77013
98065 -21734 -77012
-15984 -54154 -77011
88543 90986 -77010
-10735 11155 -77009
-9695 495 -77008
96063 -92749 -77007
-64536 -3939 -77006
16393 6554 -77005
-32102 82928 -77004
12512 -60452 -77003
94135 38134 -77002
-10743 44409 -77001
25630 -92861 -77000
68451 21835 -76999
81421 93559 -76998
52351 -65790 -76997
-35161 -57501 -76996
-30314 378 -76995
418 -87453 -76994
5290 9740 -76993
-3432 68267 -76992
-80102 56933 -76991
50205 -71274 -76990
-12853 19806 -76989
13088 -66639 -76988
70833 -80537 -76987
-65910 11596 -76986
-20076 3916 -76985
-58874 -54738 -76984
-82607 -7437 -76983
4418 -94138 -76982
17075 -90042 -76981
29530 -6044 -76980
-32694 -36719 -76979
39121 74484 -76978
52207 66593 -76977
97650 98913 -76976
-87141 -95963 -76975
-41663 50958 -76974
77426 55823 -76973
-50796 -65236 -76972
34089 77934 -76971
-240 -19807 -76970
-77841 -76408 -76969
27342 -21896 -76968
36791 41660 -76967
-14236 -13563 -76966
37464 -96947 -76965
90579 -60644 -76964
99551 -96542 -76963
-54379 57243 -76962
69576 -77326 -76961
10018 20432 -76960
-1753 -35447 -76959
-84427 53937 -76958
-84174 3035 -76957
17414 -17011 -76956
-76411 -85543 -76955
-57946 66077 -76954
-23085 -18294 -76953
33780 -52042 -76952
-68649 -57387 -76951
-19712 -60109 -76950
-20643 -89440 -76949
-10723 -79498 -76948
36472 91124 -76947
80000 -74896 -76946
15678 10655 -76945
-61151 -8377 -76944
21828 -58398 -76943
-46787 -16398 -76942
-15732 34450 -76941
89022 -20054 -76940
34086 -97768 -76939
-920 11950 -76938
-23579 96207 -76937
-92389 -83440 -76936
-13954 -37065 -76935
69164 89471 -76934
64824 2926 -76933
-84788 -6651 -76932
14041 -32636 -76931
-85295 -1692 -76930
-43409 51158 -76929
90436 91687 -76928
-31509 31570 -76927
-95500 68533 -76926
-41321 3341 -76925
1861 746 -76924
-17949 323 -76923
-72034 -16761 -76922
14408 61435 -76921
67500 -76153 -76920
-49011 74754 -76919
62681 37395 -76918
-27557 22467 -76917
-57470 -8655 -76916
42277 24155 -76915
23132 -66511 -76914
2202 -93761 -76913
-21486 -94685 -76912
24946 72070 -76911
-22106 -72480 -76910
-56638 -85235 -76909
-32192 -22222 -76908
51993 -79561 -76907
25980 92446 -76906
93304 -82581 -76905
19589 -65716 -76904
97172 -15761 -76903
-69588 61688 -76902
-59765 28366 -76901
-10962 4751 -76900
60806 43831 -76899
-51023 47527 -76898
64287 -78220 -76897
70441 -86601 -76896
82073 48719 -76895
1467 -41944 -76894
4978 -96275 -76893
-84770 -76304 -76892
79363 50185 -76891
15728 -70393 -76890
-60732 66665 -76889
24127 -31306 -76888
-86151 -75241 -76887
-81391 56051 -76886
-61630 -57834 -76885
-45234 -92298 -76884
22796 5524 -76883
14822 -20378 -76882
-69399 -36526 -76881
71222 -18032 -76880
40712 52370 -76879
-56929 11447 -76878
-82475 -1823 -76877
42109 -28109 -76876
-96699 -82222 -76875
76571 54634 -76874
-68099 16637 -76873
39018 -5478 -76872
-20605 -66231 -76871
-86836 -83063 -76870
88715 -58923 -76869
7461 -6071 -76868
-26211 -3152 -76867
66250 6570 -76866
28014 72292 -76865
56611 64955 -76864
-71832 58172 -76863
27420 46166 -76862
-33181 18255 -76861
-13165 80269 -76860
-72162 38478 -76859
43125 -25353 -76858
99332 87512 -76857
23458 80979 -76856
-68474 -70894 -76855
-41004 75412 -76854
-106 -23110 -76853
-84437 -5337 -76852
-55603 -99136 -76851
50678 90691 -76850
-53521 -36513 -76849
8919 27862 -76848
90789 88509 -76847
-7582 -56817 -76846
79608 23215 -76845
-67232 -84826 -76844
9422 14145 -76843
731 -66696 -76842
-82262 96963 -76841
16104 24650 -76840
19429 56352 -76839
44346 66689 -76838
44503 81743 -76837
-62834 94136 -76836
-6370 -31865 -76835
29865 452 -76834
28648 -67373 -76833
60280 32297 -76832
-14111 -89721 -76831
-77673 -98013 -76830
95024 -4674 -76829
-1249 -40470 -76828
-57154 76564 -76827
19070 56153 -76826
47208 46702 -76825
-4718 17562 -76824
19963 87079 -76823
26946 84268 -76822
-41874 -93570 -76821
84965 -29519 -76820
-97926 58497 -76819
48413 -94580 -76818
8348 -28320 -76817
39976 -7738 -76816
-67659 6552 -76815
-67279 28976 -76814
14507 96752 -76813
75997 23792 -76812
10049 -70209 -76811
2952 -44610 -76810
-52525 23961 -76809
-88210 75674 -76808
-2320 72005 -76807
56336 99966 -76806
91503 47446 -76805
-85757 -11597 -76804
29427 27857 -76803
-77970 52414 -76802
-11911 67769 -76801
-63712 -36884 -76800
4163 -53375 -76799
-30905 66269 -76798
40465 88544 -76797
69950 99530 -76796
-9245 -21829 -76795
-72695 -11661 -76794
1738 -60615 -76793
48315 81860 -76792
62259 69639 -76791
-28687 -55908 -76790
978 -51937 -76789
-38079 -20153 -76788
9209 -69910 -76787
97142 30329 -76786
92542 -64037 -76785
26731 -22979 -76784
43655 -67008 -76783
-34017 -20897 -76782
-31817 5949 -76781
-48219 6059 -76780
-72694 90417 -76779
-32416 35268 -76778
-41671 43698 -76777
97252 -44197 -76776
47391 -3325 -76775
90000 53211 -76774
-39684 71303 -76773
-29625 -25015 -76772
-88747 24102 -76771
-99849 38109 -76770
-760 51503 -76769
-34379 71414 -76768
42228 17607 -76767
-87027 65250 -76766
11035 -79028 -76765
17596 55441 -76764
830 66837 -76763
91109 -1801 -76762
-29189 11626 -76761
-68955 -28115 -76760
-64704 19231 -76759
-63441 40516 -76758
93318 17933 -76757
28621 36085 -76756
-46643 83249 -76755
-41853 21500 -76754
-56360 84834 -76753
66165 89326 -76752
52626 -23105 -76751
81034 -4956 -76750
-58759 71679 -76749
89105 23422 -76748
13978 -82386 -76747
-73497 81217 -76746
-43294 26308 -76745
-35671 -26853 -76744
56353 62118 -76743
-15922 -23286 -76742
-54668 -76565 -76741
-92761 -25180 -76740
46326 -29546 -76739
31738 -27468 -76738
-86716 -68741 -76737
27061 9412 -76736
-21768 3659 -76735
-6644 -19467 -76734
75235 40260 -76733
-58068 74394 -76732
1943 -12206 -76731
21944 -30241 -76730
63776 88371 -76729
46555 75718 -76728
