4942
-2169 30871 98858
-99152 30872 -22401
75770 30873 -22452
-86928 30874 -73864
-32955 30875 -85902
-7012 30876 28853
-99162 30877 84614
-65659 30878 -94510
-97934 30879 16125
58927 30880 -83494
44178 30881 -37609
84796 30882 -96722
38116 30883 99548
-29501 30884 67376
-64942 30885 5113
12495 30886 26092
-99384 30887 -46035
-21341 30888 -34884
33182 30889 68954
30648 30890 84891
53083 30891 49897
-8189 30892 -74031
45863 30893 -83998
54609 30894 93608
49229 30895 47039
-93245 30896 -37636
87790 30897 -58893
8782 30898 91141
99129 30899 38744
22621 30900 15701
-4415 30901 28253
-34399 30902 63514
-21834 30903 76364
-88993 30904 -78428
-23154 30905 -34660
-15668 30906 52400
-91191 30907 -23991
-88969 30908 12898
-28436 30909 -6320
7825 30910 -83340
-27928 30911 32497
9251 30912 83511
52191 30913 59873
92391 30914 -24806
-64270 30915 -2574
-88999 30916 -28328
-55762 30917 69963
-93727 30918 5490
-76534 30919 -34639
-55286 30920 -21177
-2530 30921 10336
-66259 30922 93365
86647 30923 17148
55230 30924 -46207
-11867 30925 -37500
53901 30926 50545
18539 30927 -48014
8914 30928 10528
40415 30929 -2431
95247 30930 33117
72407 30931 -61074
60034 30932 -58598
17124 30933 84493
-62107 30934 -86629
-57051 30935 3221
-38444 30936 -61331
56641 30937 -46410
3929 30938 79232
2613 30939 7948
41520 30940 73051
66810 30941 70464
68922 30942 15079
24449 30943 84965
-69038 30944 9255
24602 30945 99439
3577 30946 -43884
50309 30947 -95267
80640 30948 33102
-25263 30949 -47352
-94412 30950 -29836
76171 30951 -76477
-42066 30952 -79099
-31843 30953 95468
83818 30954 11565
-64474 30955 -61739
96885 30956 -9122
75464 30957 13724
7108 30958 -84514
-24356 30959 74094
-24977 30960 51093
24849 30961 22221
65848 30962 -47345
70805 30963 6107
62300 30964 48787
6421 30965 -92738
-73098 30966 84339
47310 30967 -78173
-61136 30968 -55054
-70491 30969 78070
83616 30970 -22939
-95915 30971 -71867
-37863 30972 84012
-37305 30973 42295
-29224 30974 14102
-7449 30975 72816
46717 30976 -29927
-36207 30977 -21452
-89307 30978 32829
-27094 30979 19888
10775 30980 9004
-88671 30981 52856
47588 30982 91902
-15973 30983 99921
-17141 30984 12474
74881 30985 -8866
-7998 30986 93232
18903 30987 19300
73030 30988 69696
-81486 30989 -14546
-28515 30990 -18888
25286 30991 9671
19017 30992 -92783
443 30993 -53204
78782 30994 62189
93817 30995 31020
-48067 30996 -7052
-99438 30997 -14186
-26290 30998 87320
55958 30999 44918
-84369 31000 47931
-35566 31001 -60875
-68711 31002 -59055
64837 31003 9610
-72444 31004 -18004
66006 31005 30751
59852 31006 -44553
69480 31007 86351
-69503 31008 -8224
72918 31009 88367
-34353 31010 14116
18432 31011 -64651
76560 31012 -29761
18451 31013 62006
-87867 31014 -81448
-61647 31015 -77672
-93986 31016 -3424
51531 31017 -47289
-77228 31018 -65992
24979 31019 88037
-95408 31020 -36622
-43782 31021 68320
-19340 31022 17019
-72085 31023 22668
13123 31024 51004
55975 31025 -24477
58642 31026 18091
51411 31027 -46498
-8629 31028 -51870
19221 31029 85700
79015 31030 -94591
33009 31031 5019
-66177 31032 -56285
66541 31033 2201
22916 31034 88235
39579 31035 -14562
-16451 31036 -71019
-25985 31037 96131
-91852 31038 16169
-43987 31039 26334
96374 31040 57286
3442 31041 -74544
-52134 31042 -63099
-39037 31043 4864
-3990 31044 -41414
12771 31045 29586
91753 31046 -19218
-97949 31047 74018
-89391 31048 -89298
17797 31049 27675
-70953 31050 -37766
-70852 31051 6899
92899 31052 -87176
3764 31053 -13551
27389 31054 56900
49712 31055 -18027
-81717 31056 93094
91305 31057 -14211
-42217 31058 63803
-49954 31059 -14148
51010 31060 -95788
-87044 31061 73180
-37055 31062 71319
56951 31063 36664
-47497 31064 -68971
20470 31065 -84807
99747 31066 -84977
44423 31067 34809
-57972 31068 -8801
72746 31069 11573
-77814 31070 -19199
-87461 31071 69179
-54306 31072 -45135
16309 31073 67203
-9321 31074 36184
4721 31075 87341
63060 31076 49525
-5284 31077 38328
-72551 31078 -76089
-74367 31079 51488
52841 31080 91616
50909 31081 42640
60233 31082 56666
-97977 31083 79305
75490 31084 -21713
-98297 31085 -42668
51627 31086 -33406
30844 31087 -39916
75056 31088 57108
57387 31089 46080
28370 31090 7970
13769 31091 9452
-3986 31092 89547
44501 31093 -27987
73529 31094 -28059
-51666 31095 -98877
-39790 31096 9196
-70589 31097 -17053
73452 31098 -83639
-12254 31099 -42497
46357 31100 53923
-83965 31101 -55903
-93214 31102 -72248
44571 31103 -54503
-37506 31104 -61324
-20974 31105 -61058
-43676 31106 -71499
-22536 31107 -67450
-97972 31108 66670
55689 31109 48876
-20509 31110 36127
90268 31111 77720
81786 31112 5632
98820 31113 -20605
-4439 31114 -85476
-92971 31115 -91353
-38850 31116 -68359
-94043 31117 -17944
-19350 31118 8712
52209 31119 -86067
-6175 31120 29383
-29112 31121 86674
78916 31122 -80918
46794 31123 -37038
36454 31124 -18468
-34769 31125 -50458
67102 31126 39813
60107 31127 -72470
-59526 31128 -83938
-10337 31129 -73223
-63869 31130 -57730
50513 31131 80003
-55182 31132 -61415
-89325 31133 37946
-4146 31134 25729
-30736 31135 39856
85444 31136 20339
-90357 31137 28572
-48651 31138 70140
98677 31139 -9341
-32398 31140 5580
35017 31141 -67980
-56587 31142 -76235
27397 31143 -74654
-18921 31144 42249
19690 31145 6397
15852 31146 -78224
-32501 31147 -86415
-59739 31148 40010
-65974 31149 -88303
11387 31150 27475
-595 31151 -74100
27559 31152 -80253
70363 31153 99408
51711 31154 63776
90053 31155 72282
-35402 31156 -23956
75701 31157 -19116
-37949 31158 -75104
69606 31159 -64463
-89068 31160 9326
-34431 31161 -57208
98512 31162 -39184
-73671 31163 96554
-32631 31164 78744
53804 31165 -79052
-26846 31166 -48430
49057 31167 -22874
-12817 31168 -72535
61631 31169 68475
34008 31170 74769
28017 31171 -18715
37238 31172 11858
-7874 31173 45304
-15904 31174 9064
-58724 31175 54996
15444 31176 -51321
-35552 31177 -1940
-27214 31178 -40951
51159 31179 -90646
91244 31180 24741
27011 31181 34589
-76193 31182 -60842
-5343 31183 24650
-56500 31184 -63104
58172 31185 -91806
-52900 31186 -36121
8228 31187 -58177
28828 31188 -59326
79635 31189 -64789
-79604 31190 -12354
-29106 31191 60359
-93626 31192 27888
94698 31193 -2818
38041 31194 60164
87811 31195 10653
17706 31196 -93407
14521 31197 -93185
-6436 31198 83036
82623 31199 -79565
54004 31200 -93988
-72927 31201 10112
87422 31202 -40053
42330 31203 -3030
-39348 31204 32123
48721 31205 72787
1888 31206 95107
95836 31207 -39830
89292 31208 52266
-24537 31209 35789
-17427 31210 -78728
-12814 31211 -90504
-53125 31212 -84477
-48618 31213 -86366
-32337 31214 -84226
-2562 31215 -91318
58362 31216 -66600
33549 31217 33570
37383 31218 -44008
5105 31219 -55139
-46789 31220 -96820
51876 31221 33463
3448 31222 -8986
88686 31223 -64173
-99258 31224 -78094
-93813 31225 -88973
19702 31226 38123
-29517 31227 -67244
-59436 31228 -34158
-43196 31229 14784
37589 31230 -90671
50160 31231 74241
-79533 31232 99223
50109 31233 72310
-93246 31234 -30817
7283 31235 -56158
-59844 31236 -27015
-95896 31237 77639
18660 31238 -1649
-27412 31239 -89146
89517 31240 53999
-21345 31241 49458
51675 31242 97403
80745 31243 76297
-49699 31244 37932
49533 31245 22545
16756 31246 8449
-72550 31247 33771
-69502 31248 -85756
-57387 31249 76743
13396 31250 82380
83943 31251 17358
65132 31252 -99304
69649 31253 81851
2305 31254 58890
95824 31255 -25396
19023 31256 -31032
-58449 31257 -16997
64472 31258 64420
81537 31259 -9813
-60818 31260 -42148
81844 31261 -26496
-27872 31262 34699
-55567 31263 -74079
83742 31264 34865
9150 31265 27827
88238 31266 63266
18242 31267 -51591
75561 31268 -4989
61268 31269 93281
-58014 31270 -42347
-16908 31271 -82336
49988 31272 31547
42850 31273 35952
-66907 31274 48168
45443 31275 47665
76977 31276 463
-68008 31277 9027
70085 31278 -78790
31049 31279 -80208
16644 31280 25429
49827 31281 86282
-20829 31282 -87492
81187 31283 -38648
95736 31284 -95470
64893 31285 76172
94137 31286 11277
8648 31287 -49543
-12725 31288 29912
48466 31289 -43055
97602 31290 30265
-986 31291 53752
58801 31292 20782
-12622 31293 62656
81662 31294 -65085
-97732 31295 40847
96990 31296 66782
90311 31297 61449
-1693 31298 46371
-28933 31299 -5978
36260 31300 -32077
86494 31301 79169
-77945 31302 -24334
-97512 31303 -71639
-36464 31304 23306
80662 31305 31931
-24288 31306 -48629
14982 31307 86370
-63303 31308 -26826
-94077 31309 -47156
32303 31310 -47657
-29931 31311 -76514
81864 31312 -90297
10165 31313 -18699
-61006 31314 40780
88561 31315 42168
5713 31316 -10697
-76010 31317 -37425
-22788 31318 42861
75105 31319 -47987
-66444 31320 13203
-38110 31321 47152
35170 31322 -92298
-75617 31323 -15056
67271 31324 -90114
94185 31325 -3302
50430 31326 -91413
-49948 31327 34405
5678 31328 -97425
61825 31329 10675
-70613 31330 23348
56041 31331 5106
12705 31332 -80346
61052 31333 89989
-30833 31334 -55938
-12935 31335 -62022
-50424 31336 67068
-53669 31337 -81850
-16823 31338 -33938
-31539 31339 64206
-48401 31340 61619
15742 31341 27062
42469 31342 -96604
-7640 31343 -23662
-5570 31344 64223
-64562 31345 69039
-47672 31346 36986
-37831 31347 67954
-35169 31348 95180
-45567 31349 9685
31536 31350 -37236
-85956 31351 1895
-48392 31352 20165
45622 31353 -28946
95034 31354 -9144
1980 31355 96184
2619 31356 -61846
43750 31357 70655
85011 31358 -54951
-8052 31359 87678
38619 31360 63421
-37535 31361 -87692
70891 31362 63921
-47861 31363 -11993
22372 31364 28270
-63003 31365 -70453
-33806 31366 4448
-19652 31367 99918
12457 31368 40049
67081 31369 -10196
-11239 31370 32315
35990 31371 -49949
-53777 31372 82716
73308 31373 57995
72606 31374 -80624
-40505 31375 37809
-83788 31376 93082
-94255 31377 -34989
92135 31378 36914
67735 31379 -20834
-26917 31380 -1800
79765 31381 -26902
59647 31382 35957
20019 31383 38231
38720 31384 20877
-56970 31385 53287
-11226 31386 45861
-78872 31387 -74994
29383 31388 74317
-25483 31389 -35535
41033 31390 10050
67581 31391 34303
-87193 31392 -31896
-75079 31393 55331
-1121 31394 -64396
33206 31395 -74823
78822 31396 62148
70777 31397 -35608
-24043 31398 -53580
-77191 31399 97047
-89259 31400 24494
-89065 31401 -93370
28995 31402 1039
-7649 31403 56480
94217 31404 -68629
-60512 31405 -28124
15945 31406 82438
-75691 31407 60521
24313 31408 -55007
-90863 31409 -44287
-30881 31410 57678
-46783 31411 38786
-24360 31412 -3811
-41648 31413 3424
86458 31414 6578
97607 31415 -21030
-13290 31416 64241
29919 31417 -33347
40489 31418 1786
-87853 31419 -1306
84815 31420 -37978
28435 31421 59219
45929 31422 28671
-86404 31423 26096
70785 31424 -62334
-59738 31425 18555
88145 31426 -92088
41157 31427 6214
41844 31428 40902
81570 31429 -24907
-74646 31430 -18972
74085 31431 69661
-2849 31432 -71949
30934 31433 42517
62495 31434 18310
-11826 31435 -32154
74777 31436 24810
-14930 31437 -30769
98782 31438 57509
-28708 31439 17112
-58773 31440 -94748
89738 31441 55635
95337 31442 65591
2562 31443 44733
19484 31444 56030
-47166 31445 -21722
-53560 31446 94571
-21037 31447 47185
14010 31448 -38033
82869 31449 273
2762 31450 -3547
67415 31451 -2800
-50987 31452 -12529
-83785 31453 -21823
-17880 31454 -96101
75618 31455 -64822
-72258 31456 20758
-34137 31457 -46333
-62061 31458 15763
-99506 31459 -39666
-70415 31460 -48605
44026 31461 76989
40152 31462 86818
-89751 31463 6130
-61990 31464 -11394
20541 31465 59072
-85056 31466 -5536
82389 31467 79665
-2377 31468 -85046
37922 31469 -93728
649 31470 -44775
36700 31471 -92143
86749 31472 -66297
40694 31473 23147
71554 31474 24116
77855 31475 -61493
13498 31476 74602
47901 31477 59229
40893 31478 19058
-50440 31479 97373
82654 31480 75289
65004 31481 46212
99902 31482 26659
-17455 31483 -94925
-63772 31484 -99878
-43117 31485 -62948
-66356 31486 69123
-46916 31487 46333
-34323 31488 67120
-67176 31489 -8541
24796 31490 98621
58295 31491 -72887
-47416 31492 -91514
65617 31493 48727
71053 31494 16870
99530 31495 86661
-6533 31496 -23053
-45818 31497 -35316
-26000 31498 63757
-1635 31499 -91470
46980 31500 -67190
-27898 31501 62414
-82139 31502 38375
12183 31503 28414
18978 31504 17348
-90403 31505 71231
-63412 31506 -35649
-94019 31507 69926
19424 31508 -90307
9023 31509 -96715
-23030 31510 -80448
-91922 31511 11201
62350 31512 -97188
-38562 31513 -82998
-11808 31514 38392
90905 31515 34995
57211 31516 97319
70454 31517 -41328
-83797 31518 -40186
-49558 31519 135
26911 31520 -9336
93626 31521 68057
-94275 31522 -24234
-42174 31523 -44768
-80025 31524 51014
-40167 31525 38625
-96627 31526 -22109
50076 31527 94577
94001 31528 -33228
-6852 31529 31017
47048 31530 -21036
-28097 31531 78622
-46012 31532 -85766
-22424 31533 -42021
-24385 31534 80710
-75705 31535 -93588
-39125 31536 63028
-11178 31537 36407
-60631 31538 26380
-21512 31539 -59576
53956 31540 35397
-5785 31541 95845
-17076 31542 32149
-68767 31543 -23248
-22973 31544 50940
84054 31545 14381
68765 31546 -92657
-24021 31547 26292
96430 31548 -75906
275 31549 -9657
-92197 31550 -42489
14046 31551 17090
-21951 31552 -31821
29965 31553 42640
-48941 31554 82487
75043 31555 -67658
-96101 31556 -64099
69998 31557 -38237
55678 31558 77253
81433 31559 79441
-28999 31560 6921
-36858 31561 -52147
29129 31562 -67174
91672 31563 -48067
96505 31564 15114
-13390 31565 84533
90767 31566 41582
-86937 31567 -51760
-67410 31568 -94473
-26333 31569 -19769
67083 31570 82052
34721 31571 -46732
1386 31572 -6729
76266 31573 -1864
63167 31574 1823
-33123 31575 40931
-43296 31576 78349
-12768 31577 -46723
97751 31578 -82439
97708 31579 -50786
11395 31580 -67095
-32351 31581 -23595
34294 31582 -56060
-73802 31583 80731
271 31584 62875
-67268 31585 13373
-97290 31586 -92266
82128 31587 43417
75434 31588 -34016
546 31589 -358
-63411 31590 -27663
95098 31591 -59700
21684 31592 85047
11805 31593 35348
-87859 31594 32686
-3454 31595 24528
76456 31596 8861
37957 31597 -64858
67816 31598 -16668
30131 31599 -699
33452 31600 -11167
87988 31601 -96742
97489 31602 73521
14292 31603 -68690
15776 31604 1547
-66467 31605 -20828
15966 31606 -40081
55000 31607 73628
37679 31608 -63063
-90588 31609 95410
-20190 31610 3270
10632 31611 -51871
71336 31612 99904
-23712 31613 52927
31908 31614 -12280
-21025 31615 80222
-40680 31616 50284
-39347 31617 77385
-61208 31618 -25816
-96351 31619 99535
-7039 31620 67105
-3597 31621 35772
41161 31622 -41430
-44125 31623 -3735
74666 31624 -63443
61985 31625 34183
-72454 31626 27265
66496 31627 -48733
49584 31628 -57235
-93993 31629 96792
71609 31630 26188
-38179 31631 79903
15477 31632 90720
914 31633 26071
-79925 31634 -16947
21508 31635 83002
8109 31636 -51000
-19498 31637 34155
-11502 31638 18808
-75664 31639 -46136
52383 31640 -48915
-53870 31641 -94703
31458 31642 -57127
74763 31643 93073
-56591 31644 -71299
92707 31645 71355
-26298 31646 67720
-57638 31647 -36930
79245 31648 -1882
-66863 31649 -32741
-53326 31650 59070
-92269 31651 -93387
-46943 31652 15444
-23691 31653 -88467
-25382 31654 74753
-4153 31655 -79395
-20613 31656 -69347
-99462 31657 33591
-25946 31658 -73097
-49043 31659 -69955
28813 31660 54774
75445 31661 -6824
69848 31662 -42126
16990 31663 -69146
1138 31664 -76161
-65828 31665 -73358
-14814 31666 -85602
92089 31667 89712
95158 31668 95392
67314 31669 -79126
-68569 31670 72197
25872 31671 -39718
-33676 31672 86694
-49807 31673 16676
-73235 31674 23444
8210 31675 -28136
-73907 31676 -69880
94871 31677 -85597
-17845 31678 85332
-90942 31679 -21319
-81933 31680 -86303
25788 31681 87752
86200 31682 81323
-44590 31683 89777
505 31684 5723
-39009 31685 99398
-5608 31686 42090
27508 31687 -13170
73632 31688 65349
63435 31689 -58099
11573 31690 65144
15220 31691 -3706
60943 31692 16355
-34137 31693 8096
11816 31694 2617
-4848 31695 6619
-82223 31696 -67863
35941 31697 -77324
-72423 31698 -50994
-8718 31699 82306
17131 31700 -40491
76947 31701 56063
-66260 31702 97148
4053 31703 15895
-86052 31704 -41618
36085 31705 20153
-26222 31706 -66229
73234 31707 -60936
69150 31708 -57345
-57989 31709 -90326
85901 31710 -3107
48289 31711 29019
94653 31712 -98143
-6125 31713 74680
22796 31714 -42634
-1877 31715 -53786
-2249 31716 -77535
-39362 31717 -14461
-14927 31718 -61348
-63680 31719 -53241
-5675 31720 -33218
97854 31721 -93140
-89259 31722 -63351
-3594 31723 11333
87038 31724 -66689
-83581 31725 -75493
-58975 31726 18405
26821 31727 -85778
70669 31728 -95079
26267 31729 7387
37862 31730 67619
-31766 31731 70922
12215 31732 8456
9982 31733 49989
45745 31734 -49348
-9988 31735 -87781
82308 31736 41412
95142 31737 -14121
-56416 31738 -9628
-59107 31739 -82473
-58693 31740 84603
-85376 31741 -39781
-27133 31742 -64735
-5731 31743 -88593
-52325 31744 -743
-9241 31745 -11533
28748 31746 68600
63878 31747 -95545
-93633 31748 -52663
-55635 31749 -61582
16390 31750 45274
-32061 31751 69199
34103 31752 -27992
-54121 31753 76022
72188 31754 55775
79511 31755 75595
-56764 31756 58500
64709 31757 -63577
-10875 31758 60863
39569 31759 -14447
-65340 31760 -12968
-95990 31761 70760
-30745 31762 -71109
-30857 31763 53335
80230 31764 17244
-24420 31765 -90267
-80578 31766 -74586
-30635 31767 -82693
-3160 31768 -30920
56014 31769 -31842
-49125 31770 55269
-55102 31771 -13400
82924 31772 30594
-83739 31773 -31192
-79841 31774 23483
-12260 31775 95776
29268 31776 -47977
93660 31777 29719
-85311 31778 -2785
-50532 31779 96137
-44971 31780 -68589
-63938 31781 -38993
-85706 31782 36708
82237 31783 1766
55988 31784 20186
67837 31785 42728
20936 31786 92372
-75949 31787 11630
81480 31788 -70559
71976 31789 95530
10802 31790 75813
38314 31791 -79035
-3747 31792 -6420
48377 31793 19146
89385 31794 -81377
81974 31795 39726
-43106 31796 -41895
-19305 31797 48658
36487 31798 -84745
-36285 31799 -47657
-55347 31800 23475
-93410 31801 6467
-28312 31802 24214
62668 31803 14168
26569 31804 -55398
-21631 31805 -78651
-48493 31806 -16718
22585 31807 -76836
90022 31808 -50589
61513 31809 -83350
36907 31810 493
45666 31811 -58176
-25046 31812 -69797
97670 31813 -14375
95220 31814 94644
43488 31815 54244
2782 31816 43313
-39839 31817 99795
35275 31818 -69171
19179 31819 -38122
-6726 31820 62921
-95402 31821 -83428
32948 31822 -45147
-65785 31823 96367
45765 31824 64017
-52440 31825 -37152
-42948 31826 1845
-76010 31827 4899
-65753 31828 69007
-35066 31829 7170
71699 31830 40051
-52962 31831 19966
98014 31832 2270
-81390 31833 -92618
58157 31834 65653
-20758 31835 38264
-13329 31836 26782
84671 31837 54525
-84679 31838 22325
50556 31839 9903
-67671 31840 -14586
45043 31841 -85625
23464 31842 -82452
-42946 31843 -82340
-56383 31844 72990
27460 31845 20426
17268 31846 -57973
92647 31847 91808
44349 31848 89512
-20111 31849 90906
49116 31850 -12209
-36063 31851 -16966
99602 31852 -42577
19066 31853 -91328
-70704 31854 99466
30875 31855 -28419
5441 31856 -73360
16298 31857 -54297
57052 31858 17062
96807 31859 -39600
-26398 31860 25809
-33670 31861 80518
-18646 31862 95018
-21522 31863 -54235
-72484 31864 55954
45992 31865 -20152
-28066 31866 -92799
7988 31867 -11371
-96566 31868 -86316
-66590 31869 77489
43768 31870 41166
-27339 31871 -22003
43139 31872 -57534
-27750 31873 73490
-67971 31874 -18546
54152 31875 74395
-5936 31876 48312
-68689 31877 2952
36497 31878 87296
32488 31879 -98335
-97476 31880 -2070
-74536 31881 69653
-56690 31882 77446
4707 31883 -33429
-55376 31884 -91517
84223 31885 -80269
3629 31886 -67196
-46365 31887 -37527
43004 31888 -96518
-9468 31889 -90086
-8916 31890 -28158
-24273 31891 -9172
-48622 31892 88991
-16311 31893 -47233
48604 31894 -81396
31193 31895 -2528
92283 31896 71323
-28210 31897 67617
-53358 31898 37202
42841 31899 42710
-72251 31900 28706
-76200 31901 -15404
89580 31902 -73923
22050 31903 -8789
-40467 31904 -7451
-61584 31905 87732
47776 31906 -88934
91362 31907 -77967
71452 31908 -25816
-27983 31909 -92403
62380 31910 -60032
-16006 31911 18917
77703 31912 84838
40799 31913 -48905
57524 31914 -95225
33197 31915 20899
89798 31916 -35536
-33171 31917 -86555
-98258 31918 -74955
-52733 31919 23994
-20631 31920 17106
-80174 31921 47543
-53391 31922 59498
-54172 31923 -25846
-50935 31924 -17320
-53061 31925 -20806
47493 31926 96914
3752 31927 53091
69818 31928 8142
36481 31929 38094
49382 31930 -4997
-68106 31931 15549
92346 31932 -84905
5475 31933 -4896
4220 31934 69011
10709 31935 90818
-40181 31936 75142
-47977 31937 -52550
-82969 31938 -33052
-96716 31939 33640
35399 31940 67405
55979 31941 -1508
14934 31942 78788
-71874 31943 57574
15364 31944 -55833
14754 31945 95525
-74569 31946 22781
60624 31947 32249
-36433 31948 48121
76987 31949 7268
-57155 31950 39267
19374 31951 17946
-7611 31952 -11899
-30047 31953 -31714
-88175 31954 75075
-32201 31955 98234
11553 31956 56216
7651 31957 95349
-5974 31958 -56718
88611 31959 -68692
-43580 31960 93695
87622 31961 -76433
88762 31962 30817
59171 31963 -30589
-36276 31964 36298
-17770 31965 60808
-89107 31966 52901
66164 31967 17347
12300 31968 -64875
-73189 31969 11709
90600 31970 96650
20450 31971 21930
11284 31972 48568
-8225 31973 42008
-17206 31974 82369
56468 31975 -93999
-43109 31976 -65240
58459 31977 -8031
95443 31978 -95428
-39736 31979 99809
-60381 31980 -40840
-47731 31981 7430
-42340 31982 42275
49586 31983 60996
-28109 31984 31007
-41092 31985 27406
32604 31986 -80863
-86099 31987 -24468
-34674 31988 -2997
-61856 31989 1531
-55700 31990 -30837
32007 31991 -21051
74170 31992 41109
16686 31993 19576
35212 31994 6704
-82556 31995 -39360
-42959 31996 -90613
-5260 31997 -58210
-90957 31998 -63168
82638 31999 8542
-60389 32000 -11684
-38599 32001 89971
20876 32002 -97699
49956 32003 8953
-55461 32004 -62190
14292 32005 -28441
8203 32006 46454
11956 32007 7390
-23102 32008 77847
-11562 32009 6054
-41778 32010 69344
-3860 32011 -78440
-5639 32012 38611
3333 32013 21733
63579 32014 -12794
15037 32015 48020
-79523 32016 19149
-81549 32017 22969
45914 32018 27427
44191 32019 95904
91488 32020 33616
-4288 32021 -2740
-5622 32022 -90632
-94721 32023 87208
-19423 32024 83016
13465 32025 99181
-78003 32026 -30738
-95114 32027 49695
-70264 32028 78298
69186 32029 18032
33421 32030 68919
-34422 32031 25179
10335 32032 94138
86009 32033 -68683
93740 32034 63875
-31158 32035 -70164
-87717 32036 -36488
-3398 32037 7479
548 32038 -42945
77631 32039 29730
97420 32040 76390
55164 32041 58347
-80795 32042 59302
66189 32043 62003
88193 32044 -64091
-38711 32045 7422
-2492 32046 15906
-69034 32047 58152
85457 32048 -85474
90379 32049 72966
69903 32050 46196
-41568 32051 -94450
-24757 32052 -92873
63233 32053 90190
-6713 32054 75404
-7253 32055 12572
20374 32056 -12893
96144 32057 -76095
-98565 32058 63642
70007 32059 28236
-68376 32060 -92797
49959 32061 41026
7768 32062 4946
11188 32063 35448
31208 32064 -28855
-64202 32065 14572
-86951 32066 -93168
16887 32067 40261
-26325 32068 81256
75235 32069 -44580
18833 32070 -53418
-86939 32071 73952
-22480 32072 10982
72599 32073 -70233
-13444 32074 44976
-78149 32075 19926
-30183 32076 1405
-24908 32077 70260
14384 32078 4926
-53280 32079 92409
-19836 32080 -11277
-93088 32081 -39990
50834 32082 4047
-36180 32083 99835
-17494 32084 25267
96348 32085 -64691
49369 32086 56230
-35684 32087 -6652
-24490 32088 -10613
41877 32089 44082
-67505 32090 20633
-89671 32091 33135
-71015 32092 -80153
59464 32093 -26295
-49154 32094 -69147
-46416 32095 -50927
-76771 32096 -75426
99533 32097 99982
19326 32098 -56729
-77896 32099 69169
93226 32100 -50049
28322 32101 -72789
47896 32102 -23462
1278 32103 52731
39781 32104 62959
90723 32105 81289
-97892 32106 2576
6714 32107 29527
65045 32108 -20294
98187 32109 17848
18004 32110 1899
237 32111 -59920
-31819 32112 -19406
44313 32113 -57036
16717 32114 -9790
-32388 32115 14116
61231 32116 -46792
44249 32117 -46753
-36371 32118 -94184
-1443 32119 19651
-49899 32120 66748
-31809 32121 -7355
-58309 32122 -72312
-23395 32123 90946
-21127 32124 -51082
65756 32125 17666
58418 32126 -64533
-4527 32127 -38461
51029 32128 73003
-20018 32129 -73293
-26502 32130 -28078
92337 32131 2234
-89268 32132 -50712
-29145 32133 14710
-63391 32134 60341
-12090 32135 92496
8353 32136 -99897
-15407 32137 27616
-53144 32138 -16499
-95520 32139 14423
74956 32140 9962
-54432 32141 -41091
-19590 32142 5975
36769 32143 68027
66679 32144 41565
58549 32145 -10067
48395 32146 31512
18543 32147 -68924
-18776 32148 -60294
-65894 32149 -13118
-32829 32150 32102
82113 32151 -30572
77542 32152 91616
94440 32153 76391
7127 32154 63972
32875 32155 -27618
-86951 32156 -2950
-72980 32157 -38633
-33464 32158 -75006
-68990 32159 -70246
75099 32160 4866
64844 32161 69478
-81233 32162 -67019
-22032 32163 80455
-71070 32164 -90199
27428 32165 39378
-68660 32166 22820
56311 32167 -18569
-54349 32168 5585
-69068 32169 19277
-73122 32170 -74993
-40870 32171 1135
6335 32172 82501
83684 32173 -69636
-63987 32174 77320
50419 32175 22441
82071 32176 9461
-56560 32177 47691
-25223 32178 -78757
-3438 32179 -86277
33702 32180 -30876
33414 32181 -6527
-68037 32182 -28277
-5754 32183 2810
-63280 32184 60333
81792 32185 -85657
-81762 32186 -62259
-99924 32187 47036
-72206 32188 -7393
-44618 32189 20485
52483 32190 97306
87727 32191 93602
-69755 32192 7532
-54240 32193 81991
-80244 32194 -32268
-96347 32195 67177
92316 32196 -42829
-64124 32197 46877
-89612 32198 53591
-5881 32199 79230
-79728 32200 -76702
85847 32201 -95034
-2759 32202 -96631
-22646 32203 -73680
-39653 32204 -83884
-25222 32205 -48134
72518 32206 -38456
69362 32207 83464
17456 32208 57182
81016 32209 7722
93979 32210 -74333
86019 32211 -21049
-51541 32212 -42090
27334 32213 -75536
26232 32214 -43212
-98389 32215 -39579
15790 32216 -96837
70469 32217 -84952
-16476 32218 -14777
-73399 32219 6374
-50501 32220 26695
52750 32221 -48645
51095 32222 -56273
-52376 32223 -98632
27076 32224 -48088
-21116 32225 81875
-74441 32226 69207
-35958 32227 -11772
44556 32228 77519
16916 32229 -88959
-86949 32230 -27288
-64677 32231 2243
-31700 32232 89614
-55638 32233 78359
31213 32234 -26236
-67984 32235 62322
-63613 32236 78979
12522 32237 80711
11703 32238 54368
-57526 32239 33878
49695 32240 -24969
-23134 32241 -68846
-60783 32242 92579
-54869 32243 91199
41448 32244 -72548
-5485 32245 90424
76957 32246 -60783
85775 32247 -35440
21915 32248 21915
-40041 32249 -94436
52963 32250 47743
-11919 32251 76282
-20351 32252 -89036
14217 32253 96271
-62891 32254 75192
-19706 32255 92005
-41559 32256 29204
16700 32257 -91502
-28908 32258 -18498
39385 32259 55845
-96395 32260 -5050
-73414 32261 18906
-14285 32262 55432
3940 32263 -42593
414 32264 47041
-65629 32265 61001
-80072 32266 -7937
71810 32267 -74067
-36419 32268 8122
72758 32269 99557
-8490 32270 -58665
69462 32271 -93636
-5626 32272 -87901
86811 32273 -44825
74113 32274 13149
-16786 32275 -34994
-78404 32276 51227
38514 32277 -52559
50594 32278 -7646
-48358 32279 96831
-48133 32280 23951
91944 32281 27537
-8424 32282 -42483
-86162 32283 30320
-76774 32284 2121
46395 32285 -83215
-54813 32286 74835
14854 32287 40636
-47275 32288 -17572
95038 32289 -53955
-63533 32290 -96005
47656 32291 73678
20790 32292 -70994
-9260 32293 16330
-63683 32294 -81833
57656 32295 39087
-99187 32296 76104
57943 32297 -72147
47686 32298 -1446
89486 32299 33558
44978 32300 -81492
86688 32301 -88209
-46088 32302 49744
-63116 32303 -50222
23998 32304 -30764
91756 32305 5463
-95723 32306 54379
-13277 32307 80798
-59548 32308 56164
41965 32309 -5127
-64410 32310 -3026
-27581 32311 23939
-56819 32312 -67556
12353 32313 41885
40798 32314 64307
-99208 32315 61418
18126 32316 11923
-77759 32317 70327
11560 32318 -25165
-21034 32319 -5667
-2201 32320 48714
69890 32321 -75143
73303 32322 83891
-60152 32323 -4713
59446 32324 -83092
11938 32325 -2305
-16475 32326 74229
-3867 32327 -11062
-45189 32328 41470
11936 32329 9548
78331 32330 54219
-14964 32331 24699
-88218 32332 27690
97563 32333 9991
31367 32334 82253
-13396 32335 89192
-31297 32336 -77925
48590 32337 55325
94479 32338 -97308
-23872 32339 -87533
49382 32340 28432
-31139 32341 -64397
-42072 32342 -11406
-40396 32343 -87410
30279 32344 -22807
-93350 32345 67912
-36883 32346 54958
97966 32347 93558
-21546 32348 -10855
78328 32349 -32246
52108 32350 54341
10189 32351 77743
-63138 32352 18996
30414 32353 9225
-86608 32354 63768
-84953 32355 81266
-51224 32356 93537
-47390 32357 71980
-91377 32358 -32267
64350 32359 -38549
72482 32360 -61578
-93958 32361 -61961
54858 32362 94342
-34039 32363 -98387
-30728 32364 -29471
72731 32365 -27081
-47841 32366 32541
-75978 32367 -32070
48268 32368 49577
27835 32369 -38289
43414 32370 -79943
-91654 32371 -51903
47632 32372 -1890
37819 32373 61751
-6744 32374 36698
-10919 32375 -35867
-95596 32376 -48657
-69384 32377 -59032
-37967 32378 35380
-92797 32379 -84148
25338 32380 51844
55070 32381 -73114
-23464 32382 28070
83663 32383 75858
67093 32384 -10452
-84723 32385 -21914
99232 32386 24942
-99963 32387 48761
-43660 32388 18051
-98252 32389 -10578
-56800 32390 60110
97476 32391 -20929
36356 32392 17807
71291 32393 61001
-9416 32394 -9992
44390 32395 -31130
-26556 32396 6774
-60237 32397 -35237
75906 32398 19001
-97085 32399 58369
-3215 32400 69534
-94890 32401 78930
-86277 32402 -80155
-43423 32403 -1542
34447 32404 -60984
69005 32405 39937
-26835 32406 23747
35685 32407 52350
-23775 32408 -47081
-63346 32409 -87544
38176 32410 27109
54115 32411 -71613
-81774 32412 -27158
-4293 32413 35074
-16741 32414 -44904
-90059 32415 -27985
55534 32416 58668
30265 32417 -45741
24615 32418 44182
-4747 32419 98354
-42764 32420 12058
22844 32421 -68044
-75921 32422 -58007
-88960 32423 -75377
-37247 32424 38392
-30952 32425 -58441
9179 32426 58781
91183 32427 -75738
-90751 32428 67362
29013 32429 -41539
-92523 32430 -38068
-32160 32431 78884
55512 32432 50818
-48950 32433 67484
-48986 32434 -13816
70232 32435 -85214
82220 32436 78160
-97121 32437 97163
41591 32438 -42787
99567 32439 46589
49854 32440 -24031
-35789 32441 -8648
-24751 32442 -53253
-15051 32443 -80989
-77347 32444 74193
-40721 32445 -53139
-28880 32446 80618
44174 32447 84366
-43852 32448 49427
-82003 32449 51050
-61873 32450 -54022
77337 32451 9972
-19643 32452 72189
-16775 32453 27446
40457 32454 96188
-15850 32455 -44173
-61996 32456 -57947
95544 32457 82029
99722 32458 -81075
-92344 32459 51668
-24970 32460 16526
15196 32461 9871
76794 32462 -1716
22107 32463 20082
-49444 32464 99470
18672 32465 -15605
46430 32466 -67798
55530 32467 -11606
12697 32468 13511
73257 32469 -80505
54437 32470 43836
-57168 32471 -61559
78796 32472 52963
-44507 32473 -23997
75467 32474 -72495
57711 32475 86546
93203 32476 76234
-91402 32477 28596
-36878 32478 -54332
-74541 32479 46548
-70823 32480 -96307
87311 32481 -44365
80528 32482 -49465
-25258 32483 -48570
4651 32484 -49888
99562 32485 2633
-28600 32486 -79916
47729 32487 -34022
-42729 32488 70659
-99474 32489 -96311
40948 32490 67064
16548 32491 -9554
-76732 32492 -91590
-72420 32493 -68504
-36358 32494 71085
18141 32495 -25
1961 32496 75282
37251 32497 47581
739 32498 1248
36404 32499 48065
75937 32500 -3277
-3988 32501 -23005
39390 32502 25264
-6574 32503 11193
36567 32504 58579
84418 32505 20490
89059 32506 -69361
81022 32507 -31669
86579 32508 68253
-63152 32509 -28574
-77210 32510 -91252
57930 32511 21606
82782 32512 -72892
-17360 32513 58811
-5717 32514 95933
-43131 32515 31440
-88811 32516 53223
28347 32517 34902
-52714 32518 -52487
78513 32519 -5670
-61476 32520 -60918
-41598 32521 -48170
43918 32522 -57920
-83991 32523 58821
-19370 32524 -21231
76793 32525 79214
-76680 32526 -28668
-31092 32527 -58003
-22566 32528 -46593
-21896 32529 -13741
-20917 32530 87937
20387 32531 57898
-31113 32532 35678
40130 32533 -23517
43115 32534 -20480
32629 32535 99139
38789 32536 1040
-61158 32537 15077
34293 32538 55918
89654 32539 -87352
12028 32540 34608
-96097 32541 56684
27023 32542 10925
-91732 32543 57351
70121 32544 -44303
896 32545 -98554
8580 32546 24710
27467 32547 -17066
63240 32548 4959
-26945 32549 38370
21165 32550 -3722
-94885 32551 56819
-4508 32552 -82381
-76576 32553 52788
-15468 32554 -32538
40133 32555 -59794
-84487 32556 67861
-40536 32557 40750
-3445 32558 -46228
-96441 32559 69142
25331 32560 -90161
-26850 32561 -27099
61005 32562 -43024
-12660 32563 55166
49766 32564 84595
-33305 32565 -98529
-43367 32566 -33648
41163 32567 2917
46530 32568 -52517
51568 32569 -81910
11463 32570 48725
19991 32571 -37333
26508 32572 11985
56847 32573 71290
-50774 32574 3311
-60878 32575 -92491
-83198 32576 -64328
-53565 32577 78282
-92836 32578 -40314
-12860 32579 -11173
13188 32580 -6408
17445 32581 21283
53703 32582 71452
58715 32583 10441
66158 32584 -75289
-83580 32585 85826
43148 32586 4593
61948 32587 29288
-41129 32588 42730
-16067 32589 44222
41520 32590 3474
-41783 32591 62531
13173 32592 16538
-31221 32593 49315
8676 32594 66093
-94559 32595 -54468
-71829 32596 -75269
89887 32597 24305
-86920 32598 -17403
43842 32599 -24921
53465 32600 -28527
90077 32601 12619
-7209 32602 -37610
-8800 32603 71412
-6051 32604 -33842
33526 32605 -70283
-6462 32606 24476
-39949 32607 -30280
-68863 32608 44754
-62633 32609 12474
54318 32610 -84141
-91680 32611 37274
-71301 32612 51260
77569 32613 10265
-47364 32614 86885
-6405 32615 -13418
85375 32616 -77037
-12937 32617 -84110
-62780 32618 -69344
59480 32619 -36685
-12677 32620 35375
16572 32621 -87293
-98285 32622 96631
34172 32623 -65555
-63796 32624 -7615
-77585 32625 -75394
-51867 32626 21569
73787 32627 82834
-76792 32628 -9933
24848 32629 -83682
81881 32630 92469
-78406 32631 33259
-39336 32632 -27800
21395 32633 59297
2361 32634 89375
26595 32635 -25821
71523 32636 86390
28514 32637 -2547
12383 32638 -89359
-78806 32639 -78046
40335 32640 -10473
73883 32641 -20912
97479 32642 81006
85898 32643 -68783
74403 32644 -22222
-94319 32645 -97770
91173 32646 3732
-85012 32647 -85111
-75908 32648 -6154
62709 32649 -98970
76344 32650 -63709
74769 32651 -48054
13760 32652 2606
24944 32653 73886
-78275 32654 62281
-47035 32655 52554
-17379 32656 -37842
75468 32657 -67244
-79058 32658 11796
-18838 32659 64113
-19109 32660 55267
62905 32661 -59906
80808 32662 39908
-42459 32663 72983
-3419 32664 -80669
-38842 32665 -73322
81386 32666 45905
57887 32667 -410
-18557 32668 -94589
95314 32669 -40066
80456 32670 -87521
80947 32671 -72048
-13941 32672 -62703
63254 32673 62770
53611 32674 3043
18509 32675 23249
-24877 32676 -77738
-56021 32677 57269
52861 32678 10649
91674 32679 -58653
19998 32680 -7758
-14485 32681 13000
40183 32682 -74776
-37211 32683 -39519
-42889 32684 81653
-79752 32685 16034
50588 32686 7067
30529 32687 -43210
-25693 32688 -16873
-27549 32689 4296
-59682 32690 6569
-38450 32691 10983
42365 32692 32533
23175 32693 -63177
40425 32694 50124
-8937 32695 61698
-62042 32696 -57155
21208 32697 -1948
59581 32698 -39327
20038 32699 -97421
83641 32700 -32378
-93244 32701 18895
-59776 32702 -62508
31014 32703 -27165
-26127 32704 38059
25721 32705 -31075
-64443 32706 -57857
-28710 32707 22809
-92642 32708 5765
-39470 32709 -75019
62698 32710 49384
38514 32711 -51040
19523 32712 -49270
-24075 32713 46839
92807 32714 -73412
-66421 32715 16675
-43196 32716 31032
-70102 32717 -11089
-77185 32718 -45825
84094 32719 -34769
14245 32720 -6134
-3113 32721 -96102
45751 32722 -59373
38147 32723 4622
-22036 32724 -65658
-31820 32725 52553
-87898 32726 -58240
-95366 32727 52537
97908 32728 89349
9149 32729 -50861
-78770 32730 32083
60956 32731 -28666
38801 32732 -75488
27699 32733 10179
-75971 32734 -79920
-99244 32735 9442
79025 32736 68385
57662 32737 62699
50349 32738 70558
7594 32739 -1053
-50533 32740 -3501
23184 32741 35579
32129 32742 336
72259 32743 -78593
-70474 32744 27552
-87177 32745 -8247
55209 32746 -84490
-13335 32747 96131
17088 32748 -84682
-19390 32749 58177
48311 32750 12599
84302 32751 23185
53005 32752 -22791
-19125 32753 -60647
-20248 32754 32482
-57528 32755 81599
44285 32756 -2880
7496 32757 -71073
-61355 32758 25777
-11921 32759 -46221
93385 32760 -21689
-94278 32761 -54877
5552 32762 40875
51120 32763 -48655
45971 32764 86621
-68277 32765 52900
-23718 32766 3408
-46018 32767 82479
-61959 32768 -25321
-72259 32769 -16867
-27934 32770 76885
52692 32771 81219
2634 32772 -26761
-6801 32773 52605
88082 32774 89023
-11221 32775 -76397
55908 32776 19198
3534 32777 30792
86061 32778 82395
-64267 32779 -12983
-97667 32780 34919
-9455 32781 -89117
-30781 32782 -7965
-5661 32783 -7533
79597 32784 53175
-15928 32785 -74799
19371 32786 -33317
97379 32787 -87167
-46086 32788 -55177
-69825 32789 5070
-54270 32790 11509
56756 32791 -6364
-5973 32792 -16535
85071 32793 48350
6627 32794 -13640
-48651 32795 52860
43028 32796 58622
-65336 32797 32070
-7797 32798 -93126
-7146 32799 94721
71775 32800 30759
-21999 32801 -93621
-55573 32802 9960
-61916 32803 89519
-86089 32804 69914
10244 32805 770
64661 32806 -11837
-10756 32807 -41817
-53711 32808 -37714
42943 32809 92546
94084 32810 2346
-53770 32811 75400
-34369 32812 69729
-99538 32813 3653
66726 32814 -57195
-37253 32815 70639
-8276 32816 -79084
55325 32817 88663
-79277 32818 -56918
53044 32819 93468
-56319 32820 -86949
2865 32821 -88152
-18685 32822 -96264
48408 32823 -18845
4587 32824 -19710
-30201 32825 67230
23279 32826 39788
87190 32827 -87618
80025 32828 -64107
-38793 32829 -66349
-19053 32830 27581
4262 32831 73688
56440 32832 66909
99283 32833 -51650
33037 32834 72509
45414 32835 18742
1932 32836 60138
74744 32837 -18669
59675 32838 84736
74270 32839 99071
2485 32840 -83019
-5123 32841 79186
-84218 32842 -59156
31108 32843 93480
23841 32844 -73343
-28708 32845 -33471
86614 32846 -98689
-58274 32847 -24545
88094 32848 51541
-21635 32849 -35285
-33645 32850 55652
-39326 32851 55698
23344 32852 31331
45860 32853 -73038
-97771 32854 11058
17121 32855 -11068
-70582 32856 -96686
-79706 32857 -59813
-39870 32858 -23307
74797 32859 35505
-12960 32860 -85412
-91317 32861 -41220
34314 32862 70232
86394 32863 50271
67887 32864 24641
63057 32865 -68143
-70567 32866 84291
-86033 32867 33572
33400 32868 7676
8304 32869 76563
4676 32870 40980
74117 32871 -78419
-71174 32872 15819
-5043 32873 -2816
27046 32874 -76614
-61238 32875 47539
-69884 32876 7387
40764 32877 -88242
80622 32878 -1659
-19928 32879 -98408
-46033 32880 -80589
25280 32881 -3278
93162 32882 -24464
92949 32883 69812
25127 32884 91021
26479 32885 -86309
-85907 32886 25993
96463 32887 -94627
66471 32888 -57055
-56509 32889 21166
97881 32890 -29534
-7766 32891 77486
22679 32892 -19162
8163 32893 -45172
-29885 32894 97361
-96233 32895 65450
93346 32896 66153
-34376 32897 51887
89176 32898 68904
23249 32899 37897
83307 32900 -84645
36240 32901 -31662
34738 32902 330
56438 32903 63978
-19599 32904 17
-63174 32905 80435
-77202 32906 22782
52200 32907 68961
90027 32908 27354
21627 32909 35058
-72010 32910 23718
-74309 32911 -89012
-93802 32912 94354
16728 32913 -81214
54439 32914 37289
69595 32915 61030
61476 32916 -44172
86822 32917 95142
-98552 32918 36587
-42726 32919 -63489
58515 32920 -5565
-52586 32921 45427
64900 32922 51954
89200 32923 76175
-55079 32924 82559
72114 32925 -51691
66627 32926 72507
-50180 32927 -526
-14464 32928 -72269
-26732 32929 -68180
-60444 32930 -30651
55016 32931 60963
-47570 32932 71518
-6415 32933 -28929
49696 32934 -70604
54408 32935 3000
30486 32936 90488
58890 32937 75120
-77170 32938 77521
54993 32939 2841
-25906 32940 63614
-56157 32941 62812
-57151 32942 -47539
94967 32943 -90723
53442 32944 -6167
-57418 32945 41934
77660 32946 62102
58536 32947 -15217
29496 32948 44297
-40855 32949 -46837
-9636 32950 32444
-35330 32951 -81782
9865 32952 65569
-1417 32953 -81578
8631 32954 -385
-9718 32955 -48600
-32156 32956 55345
-37515 32957 66253
-48035 32958 82410
34279 32959 -91328
11382 32960 65877
-40150 32961 -78749
5219 32962 -53935
2511 32963 94484
-24440 32964 -69020
-7038 32965 -60016
20385 32966 4381
14319 32967 -82129
-26920 32968 3202
-50395 32969 -66644
1338 32970 -2564
68982 32971 -24148
-87038 32972 -52621
25611 32973 288
47293 32974 2176
99884 32975 49463
83941 32976 67624
33890 32977 -73
-91196 32978 -16916
-44796 32979 -49704
13699 32980 -57849
1542 32981 -89304
-86439 32982 97147
46415 32983 15087
15463 32984 -11230
-97882 32985 76616
5062 32986 -87246
51968 32987 -65199
69543 32988 -50651
-10962 32989 69800
85638 32990 -80142
45359 32991 64907
-97669 32992 -69551
-25561 32993 24330
64848 32994 33417
-209 32995 -85651
-72408 32996 -81396
-92647 32997 -8636
5575 32998 25850
29563 32999 -33096
62031 33000 -34825
-16587 33001 60736
94424 33002 -10798
-12240 33003 -18378
64471 33004 -3084
71457 33005 55076
56859 33006 25815
-92442 33007 -58721
-80197 33008 32684
-18049 33009 14664
95287 33010 94493
-12510 33011 -79125
-47451 33012 99931
-18921 33013 75544
-76308 33014 9513
21124 33015 -7888
-30946 33016 -48248
16231 33017 -32636
-31191 33018 14630
-17485 33019 -62519
37109 33020 -93518
65708 33021 97888
11040 33022 19323
98240 33023 -88663
-86395 33024 78819
-61705 33025 56213
9997 33026 52595
-41772 33027 87002
-87243 33028 -53744
-10327 33029 -88112
32314 33030 -46581
-12012 33031 -68465
-32816 33032 79845
67063 33033 86802
81774 33034 -28389
90668 33035 -4320
9364 33036 -13706
13096 33037 97288
82055 33038 20194
21095 33039 54635
-24402 33040 57392
61397 33041 -36069
11994 33042 -92792
-51974 33043 -40396
-3462 33044 -17694
91171 33045 27310
-13588 33046 78340
-77838 33047 -38779
-31065 33048 99104
-59746 33049 14005
57060 33050 -60762
43137 33051 -77659
-87054 33052 38424
6235 33053 -84526
-24856 33054 -12750
-44491 33055 -91624
60151 33056 -80410
-6976 33057 -23953
-42442 33058 -82298
-43218 33059 -67269
-89086 33060 94049
-9924 33061 3767
-56264 33062 -56611
-65254 33063 -81460
34015 33064 96805
-98787 33065 50377
49085 33066 -9377
-17089 33067 -69663
-85132 33068 53630
41861 33069 66078
39709 33070 -28896
43965 33071 -9644
-3077 33072 18311
31984 33073 66691
-4449 33074 23376
-85480 33075 16794
-62677 33076 15465
-72862 33077 95294
76888 33078 -9149
-18965 33079 37760
20147 33080 40327
50614 33081 -4177
23103 33082 68630
-72962 33083 51063
-67715 33084 -21690
-38173 33085 -47004
-66441 33086 48814
42551 33087 35204
-83253 33088 46400
-62397 33089 78947
66052 33090 -48115
-36488 33091 -42339
30854 33092 44765
77473 33093 -77645
1454 33094 6233
1136 33095 -611
-22219 33096 -19810
-58765 33097 -95992
-14780 33098 -88164
-93243 33099 73925
-55364 33100 -66506
-72795 33101 -94512
63583 33102 4071
-94965 33103 41833
-81365 33104 -37754
43581 33105 -98394
42468 33106 -5891
-40420 33107 11624
51029 33108 17269
54848 33109 38403
-26498 33110 35238
-66020 33111 80567
6633 33112 -82507
-70244 33113 23994
-82082 33114 -69639
96318 33115 9813
-2708 33116 -44283
-67532 33117 -6732
99595 33118 10965
3518 33119 10524
-70836 33120 49239
16920 33121 98716
316 33122 -99259
99196 33123 -3975
6798 33124 30445
-60647 33125 31259
-48989 33126 69635
78389 33127 83982
-5694 33128 877
-31355 33129 87431
93059 33130 -38199
-14109 33131 39757
78257 33132 41966
-23730 33133 12249
63708 33134 -47006
71840 33135 69643
-89775 33136 -5104
16416 33137 21123
41043 33138 2525
70510 33139 -29389
88151 33140 41143
-23078 33141 97397
-20137 33142 -10390
43411 33143 -99392
24477 33144 63559
86526 33145 -59800
-75366 33146 -90075
60115 33147 89138
4278 33148 70587
88185 33149 78397
-780 33150 -46731
63163 33151 -50928
-46574 33152 -56267
-11827 33153 -64273
47770 33154 -36489
-10622 33155 31002
65838 33156 -37691
91479 33157 -87611
-78477 33158 3760
20688 33159 -21028
-3484 33160 -28049
-7057 33161 18911
19749 33162 -63255
-60420 33163 -68305
-65173 33164 -91313
-24523 33165 98271
-33579 33166 32801
-9543 33167 -1270
-74876 33168 -26597
9129 33169 -55387
55985 33170 -32553
-16253 33171 -50411
85233 33172 37579
44435 33173 90411
30446 33174 48759
-486 33175 -67510
87108 33176 -81696
68520 33177 -10580
-53586 33178 50796
99179 33179 -83380
-77693 33180 -28756
-78046 33181 -26513
68511 33182 29541
-19192 33183 -62418
29714 33184 -34256
-70869 33185 93827
42747 33186 -85609
-39832 33187 -7388
86610 33188 -68396
21376 33189 -82994
-14490 33190 -10390
65287 33191 -64739
-42658 33192 11514
69977 33193 86289
56585 33194 -53259
47159 33195 -37675
56906 33196 50792
93296 33197 -43830
66225 33198 -73250
40293 33199 54532
68791 33200 54914
-74816 33201 48218
44584 33202 73830
-29481 33203 -22675
51571 33204 -13238
15502 33205 -63712
-58748 33206 -87355
-11710 33207 69756
-37672 33208 57434
-83550 33209 -87484
43712 33210 86840
-75428 33211 78652
-42231 33212 13382
-50332 33213 28867
68682 33214 5759
4460 33215 -44472
-4155 33216 -12978
2583 33217 -19453
-83048 33218 -85703
98919 33219 -56242
65191 33220 -52881
32445 33221 -1866
46113 33222 93589
36956 33223 63858
-46363 33224 -82271
51242 33225 -32325
-31423 33226 55314
-81720 33227 37808
55599 33228 26909
73261 33229 -64958
-83617 33230 -59916
76258 33231 -32014
-65009 33232 -48363
19741 33233 -34851
-45806 33234 52563
-75344 33235 74865
-79316 33236 8093
-8448 33237 -10086
-98147 33238 36243
-87318 33239 60677
-52240 33240 -73927
54957 33241 64309
-88548 33242 98710
-43106 33243 94215
-73293 33244 -18641
-92124 33245 -72716
-99157 33246 77215
-22000 33247 -30592
-14122 33248 38943
-44697 33249 -31916
-75320 33250 16343
-38597 33251 -19724
19046 33252 -97080
79414 33253 -65553
-84109 33254 26556
-48868 33255 -11600
28539 33256 45887
-94681 33257 -88421
-15043 33258 -55783
-55945 33259 30223
-39359 33260 26753
-21099 33261 64355
97557 33262 74088
-51222 33263 17556
20662 33264 78739
-88015 33265 7474
44960 33266 23638
-69003 33267 58017
-60712 33268 -38531
52043 33269 85615
-22804 33270 -68342
623 33271 -8693
59708 33272 -22484
56143 33273 58125
-36109 33274 25791
-55395 33275 -87608
66227 33276 -8169
80666 33277 25548
-40088 33278 71380
-12824 33279 11217
-52186 33280 65390
-47045 33281 58992
-14737 33282 -21566
-9194 33283 32578
-10866 33284 38132
-77665 33285 -3964
56667 33286 -9492
-86082 33287 -50903
-7968 33288 34658
-71729 33289 -88652
-15721 33290 37478
-64102 33291 1063
-2494 33292 96328
-21134 33293 -98671
-98379 33294 12396
-6385 33295 -84613
-1738 33296 70064
63560 33297 73258
-13846 33298 -1768
-99184 33299 -32315
58696 33300 -44450
79550 33301 54082
35348 33302 -17977
60780 33303 88261
6404 33304 74861
-4348 33305 56360
51151 33306 19471
23187 33307 11492
83006 33308 -29778
90186 33309 70038
-47534 33310 42274
37086 33311 -37832
75849 33312 -90603
67466 33313 -75112
-62328 33314 -43722
-44368 33315 3434
6441 33316 -8133
-32721 33317 79632
36665 33318 38276
70186 33319 -63288
59140 33320 -69637
-61861 33321 92858
23476 33322 16544
-84712 33323 37839
-98114 33324 -43267
-20349 33325 -45459
-43586 33326 -76100
95049 33327 -52537
-92216 33328 87634
-80759 33329 45471
-6268 33330 -58684
72966 33331 -82522
34432 33332 80988
77820 33333 89918
36383 33334 59190
-91545 33335 -80551
-95758 33336 97872
44760 33337 -8308
-47667 33338 -15615
-19624 33339 -66789
75617 33340 10393
-14569 33341 -31853
-6528 33342 -4360
-23829 33343 84437
96391 33344 -17103
-4744 33345 93101
44630 33346 -51758
55423 33347 92238
-5177 33348 -94292
-77950 33349 -33055
12942 33350 70029
-5241 33351 82419
73482 33352 27949
-75992 33353 23648
-68614 33354 25113
41663 33355 -86653
96672 33356 -81974
93746 33357 -25200
64334 33358 92596
-21398 33359 -81574
-51126 33360 -95718
51899 33361 -12560
78472 33362 -55677
2909 33363 75876
-22837 33364 4010
1366 33365 -15395
-99215 33366 91113
13101 33367 -15093
63543 33368 35258
98273 33369 -53871
-3963 33370 85104
-20950 33371 -64410
740 33372 -57151
95275 33373 77787
93333 33374 37218
-87126 33375 40204
-74756 33376 -97537
90413 33377 -88039
95567 33378 2939
97796 33379 -20205
62234 33380 7546
-78907 33381 -28594
50281 33382 44505
66291 33383 -1091
-84883 33384 64419
-91187 33385 -30739
9950 33386 -75646
74007 33387 -74317
-26575 33388 -67038
-70199 33389 -78194
-77289 33390 96523
40679 33391 -66508
30809 33392 48788
42618 33393 23356
69225 33394 79372
-66818 33395 -24300
-85695 33396 72541
40323 33397 -99100
3084 33398 -8835
-51484 33399 17359
-49291 33400 7098
-64854 33401 -10050
66486 33402 65487
-62933 33403 -77613
-34240 33404 63865
-68851 33405 70070
88245 33406 -55367
28068 33407 -63309
-60677 33408 -38981
-67677 33409 -4884
47387 33410 16183
83492 33411 78216
74051 33412 72328
45585 33413 36583
-74250 33414 68559
1739 33415 90918
17248 33416 -60452
52398 33417 -47437
-72748 33418 -28570
-17876 33419 -92695
-67163 33420 -75378
35526 33421 67500
49463 33422 29129
-67405 33423 91581
32658 33424 -98523
78113 33425 -43786
42006 33426 -86549
-42732 33427 -13004
68264 33428 -22537
59401 33429 12449
-73705 33430 63050
38338 33431 -40007
78072 33432 -73680
-39809 33433 -56409
33805 33434 -26096
-9307 33435 9109
-38226 33436 9856
16699 33437 3923
-25689 33438 -67820
81156 33439 -5948
-61807 33440 -9543
69784 33441 -25911
-11755 33442 -39970
-27193 33443 40818
-73108 33444 36926
-36583 33445 56069
19677 33446 73726
-73021 33447 -1696
-46319 33448 78338
-90687 33449 4973
-1006 33450 92661
-90526 33451 -90281
9313 33452 -33936
21913 33453 -98568
-44791 33454 28268
-85423 33455 -33494
87999 33456 -51148
1101 33457 67298
-51307 33458 54820
8801 33459 67679
-19938 33460 14909
-61539 33461 -35008
-92148 33462 -39707
56529 33463 67301
-23266 33464 24093
63741 33465 -21351
-15142 33466 -6538
-90192 33467 93101
54957 33468 -63024
-12724 33469 -20267
91492 33470 99945
53216 33471 30657
-6556 33472 -86616
51155 33473 10088
781 33474 -91128
76542 33475 -42972
45547 33476 60466
46953 33477 -28905
78949 33478 -22745
96608 33479 41469
-81419 33480 -7466
12313 33481 -31904
53028 33482 46921
65095 33483 -61020
-97229 33484 -75587
9506 33485 78275
20602 33486 85220
57102 33487 -12960
-36557 33488 24511
-63650 33489 63867
34797 33490 86411
-72273 33491 11874
-30513 33492 -22943
65311 33493 46348
-47315 33494 58440
-52406 33495 4382
1004 33496 70615
44187 33497 80651
-77885 33498 -60605
-94515 33499 26243
98214 33500 -61375
-46908 33501 35290
51638 33502 -2182
-9822 33503 76388
-32698 33504 -59140
73638 33505 71407
24133 33506 91237
25194 33507 42787
-6133 33508 -84192
62414 33509 65703
-19909 33510 99491
72178 33511 -28662
-57626 33512 -38070
69992 33513 17871
-1566 33514 -97867
-60056 33515 -25871
28853 33516 76425
64777 33517 -37249
-42403 33518 -59398
72128 33519 -14225
71997 33520 86251
94018 33521 -26492
-53567 33522 -14678
2551 33523 -43219
-6604 33524 69250
12 33525 38603
14192 33526 -54100
74939 33527 58634
-86798 33528 -50406
-1183 33529 12367
72995 33530 51567
-86926 33531 -30564
-76750 33532 79739
-74992 33533 60597
-25337 33534 -44404
80609 33535 -66727
-8390 33536 48958
2089 33537 5689
95565 33538 -55300
-50842 33539 -64714
37386 33540 -42041
84036 33541 -41727
20530 33542 -66967
-47442 33543 72937
-59253 33544 86639
-38762 33545 -65118
-33218 33546 9715
84233 33547 -18655
37656 33548 -53136
-51751 33549 90266
65066 33550 59872
-25570 33551 -90020
45463 33552 -6858
6763 33553 99003
86727 33554 -21786
-29331 33555 -77073
-85819 33556 -39766
35646 33557 59296
-80857 33558 -72891
78898 33559 51055
85754 33560 29607
-46092 33561 91336
-40338 33562 -15879
46952 33563 -54745
-6056 33564 1742
57485 33565 -95450
93541 33566 -33636
57291 33567 -33765
19962 33568 -70664
65306 33569 -31861
-53082 33570 -75175
88672 33571 38655
23762 33572 15339
-9213 33573 5757
84478 33574 -6887
88518 33575 95581
50059 33576 51480
-4797 33577 52784
-95176 33578 33389
-47876 33579 -48983
-86216 33580 -78207
82542 33581 -70937
80306 33582 -42563
30014 33583 -81460
-40598 33584 43934
58144 33585 -41485
6464 33586 46560
-89286 33587 -22321
20446 33588 -20190
-66911 33589 11714
-56762 33590 -60884
10632 33591 5880
-3056 33592 24318
-45103 33593 90460
73607 33594 16028
-57841 33595 -14827
-77959 33596 66565
-96738 33597 88575
-29270 33598 -98698
15729 33599 -58500
34675 33600 -70132
-42466 33601 -35412
28308 33602 -64406
-21471 33603 17851
-29572 33604 14507
-73526 33605 -77903
-67700 33606 22615
-8828 33607 -64554
11893 33608 35731
97983 33609 -22247
75553 33610 -91578
-91469 33611 -67012
-27953 33612 -43975
79167 33613 50057
-26070 33614 -68527
-38803 33615 -15229
97423 33616 91278
-59858 33617 26767
-70482 33618 -76466
-14824 33619 -51212
60451 33620 58396
-91712 33621 -19707
58800 33622 -78344
90940 33623 4498
-15927 33624 48536
-87002 33625 -50542
-79276 33626 57986
-35917 33627 -51656
64792 33628 81335
84787 33629 -80788
89774 33630 82992
52886 33631 46158
-15747 33632 -19764
-20664 33633 34143
71800 33634 23728
32075 33635 53473
-39734 33636 77795
-74546 33637 90412
-55006 33638 -19592
-16197 33639 87461
-41795 33640 -13004
35194 33641 54876
-14159 33642 94045
-91249 33643 13250
33069 33644 -95456
22269 33645 32065
-2294 33646 -89013
-91169 33647 84639
-65871 33648 87647
-91750 33649 -22222
-47716 33650 64870
26430 33651 -22009
87721 33652 -52529
-18309 33653 57367
96480 33654 -63542
-81872 33655 27130
57358 33656 -78542
85172 33657 -94053
28850 33658 68074
-39888 33659 94301
-25271 33660 12240
80485 33661 73521
8642 33662 -59477
-47384 33663 41152
-87208 33664 -49802
7698 33665 -39269
-80199 33666 -18407
-70125 33667 13924
-67569 33668 -77297
-44189 33669 -88751
-63006 33670 -48251
-2933 33671 -1186
-29265 33672 -96558
81229 33673 -52331
-72975 33674 -76883
46147 33675 -97869
8030 33676 45443
-29970 33677 5384
-24546 33678 40962
-16399 33679 82486
-95564 33680 39071
60514 33681 -95481
82611 33682 30421
-54988 33683 30102
-58053 33684 -38579
73379 33685 -3399
-6496 33686 -30941
-47166 33687 -92912
-13836 33688 33237
-70372 33689 74417
-18258 33690 -82269
52539 33691 75795
-37386 33692 70885
74757 33693 -92683
41137 33694 85183
-42722 33695 -23106
35652 33696 -3338
-94204 33697 83729
25963 33698 -5842
43077 33699 -18191
93680 33700 -50130
4032 33701 55045
16931 33702 97018
97277 33703 -36791
-25486 33704 -35100
-52253 33705 8875
-61895 33706 -38556
8904 33707 13595
-48925 33708 55380
97820 33709 10311
-5868 33710 63179
13608 33711 80650
14767 33712 40895
48315 33713 67004
-15280 33714 49654
37372 33715 2399
27186 33716 -89730
-45224 33717 -79798
-96804 33718 86249
-50441 33719 36283
-9756 33720 30909
8208 33721 46828
33511 33722 -14014
-94663 33723 25534
-15546 33724 63866
11361 33725 60034
35901 33726 77546
-56622 33727 67259
60430 33728 -86458
-79980 33729 -70063
71685 33730 -5291
16535 33731 21157
-70655 33732 -95890
-56387 33733 40312
-39287 33734 -1647
-67251 33735 -96035
83655 33736 -14639
-26201 33737 42829
-69880 33738 -56574
78146 33739 26528
-37125 33740 -95972
89722 33741 60276
-93664 33742 -75539
23568 33743 -73823
39265 33744 50541
7972 33745 -12034
84496 33746 94036
-39246 33747 74178
-64040 33748 82432
-10783 33749 -74884
-52828 33750 -93940
94367 33751 -91185
-55709 33752 -44858
-83609 33753 29806
-27361 33754 21347
-21682 33755 -60464
97873 33756 -85917
84311 33757 20709
29840 33758 -21721
-63460 33759 -24935
-30477 33760 -46624
-45914 33761 -35153
92909 33762 -82084
57152 33763 95510
-11466 33764 95239
-33425 33765 56773
43013 33766 1138
-94390 33767 30743
82989 33768 9427
-68640 33769 68762
-17993 33770 15020
-37275 33771 -33531
-88490 33772 1805
-73496 33773 19838
-14511 33774 -51555
79355 33775 94564
67694 33776 -64727
-81936 33777 79666
-44307 33778 24763
46622 33779 51423
-18013 33780 34568
14820 33781 11922
10831 33782 -64441
-62409 33783 -89778
-98072 33784 86060
-23631 33785 -44775
-59451 33786 42326
-59471 33787 -45970
-41684 33788 15900
38612 33789 -6509
34209 33790 55879
-91166 33791 -33009
52294 33792 -17622
60482 33793 39451
-47385 33794 42170
-61994 33795 45041
-48322 33796 -75221
4608 33797 37917
-40639 33798 -96052
-74799 33799 -32121
83549 33800 -2064
25087 33801 52858
89626 33802 60038
82840 33803 5390
-56308 33804 84150
31080 33805 -79066
23101 33806 -47771
-71604 33807 -11055
-52193 33808 -79115
-22882 33809 10404
-28808 33810 97845
-49684 33811 15920
-63177 33812 24831
47753 33813 -34205
-79021 33814 -65697
-1929 33815 97822
-92811 33816 90239
-24911 33817 -76954
-35943 33818 -66726
36112 33819 16623
6232 33820 -55896
66608 33821 57745
25043 33822 58062
-82474 33823 -67078
40895 33824 94209
17526 33825 76208
-66020 33826 -50632
86639 33827 90828
-97271 33828 69960
-99687 33829 -50078
-375 33830 -14805
-53106 33831 30457
-65342 33832 -45247
-93746 33833 -66979
-50455 33834 -17725
28817 33835 -36706
78343 33836 -37248
39036 33837 -95233
72007 33838 23036
-33691 33839 -42521
89802 33840 -36875
81258 33841 -15596
4493 33842 28754
55226 33843 -49492
90227 33844 11670
2143 33845 10748
-83561 33846 -85822
63585 33847 -11996
24865 33848 32204
-75744 33849 3355
-34926 33850 -38259
82907 33851 16952
-19019 33852 -79904
-52925 33853 -28591
89520 33854 9387
-38929 33855 46390
-67432 33856 35538
-27671 33857 80104
45984 33858 61000
-88308 33859 71124
-75475 33860 59992
33246 33861 -90106
92773 33862 -4167
86714 33863 92023
-48459 33864 21127
16126 33865 -47989
35763 33866 -73150
21205 33867 -57823
-26135 33868 -62535
-33372 33869 -78597
-72676 33870 -16984
59790 33871 6989
24484 33872 -21104
-45801 33873 -67992
-5445 33874 -49427
2931 33875 95802
-46045 33876 86756
-39294 33877 -47478
56565 33878 -46753
-99712 33879 -91930
-54854 33880 22866
29857 33881 -20967
-2359 33882 74485
16702 33883 -26740
-90259 33884 -75368
-51928 33885 -38505
74619 33886 14786
-31227 33887 51474
18091 33888 -22456
-21945 33889 76539
5606 33890 92990
2392 33891 -50688
25990 33892 15229
2206 33893 -88876
11455 33894 33072
43622 33895 26413
-57786 33896 60869
-54340 33897 79703
-47078 33898 -53631
-95842 33899 -75092
95110 33900 72462
-26035 33901 5203
-88685 33902 95321
67199 33903 -52519
-5028 33904 95292
56108 33905 47193
87719 33906 -19658
-47989 33907 -64238
-20948 33908 -21520
-49488 33909 -85982
70784 33910 -48243
24101 33911 11356
-29415 33912 -71788
-4566 33913 5605
34482 33914 62405
69028 33915 79053
-92556 33916 -91845
48871 33917 65716
-79245 33918 24089
95454 33919 -4983
-95361 33920 -44200
-42476 33921 -48805
85319 33922 32613
-7637 33923 -6077
39042 33924 52239
-26307 33925 -65746
25605 33926 18897
89573 33927 53035
-81367 33928 -97595
-45574 33929 61562
-37881 33930 -17966
-14836 33931 -45945
-26532 33932 -96481
57410 33933 88009
-35601 33934 2881
-16821 33935 70187
93833 33936 27361
94782 33937 -57230
79304 33938 -20142
61204 33939 6334
6414 33940 -13951
24263 33941 69713
79249 33942 36687
-18692 33943 52174
-60517 33944 55056
-99437 33945 -13060
-99737 33946 -5000
-53624 33947 -5900
79695 33948 96917
26735 33949 -64933
-8972 33950 30956
96959 33951 52869
83546 33952 -27099
67165 33953 69461
-6528 33954 -11650
-77012 33955 24767
66966 33956 20403
-18731 33957 -19419
-15169 33958 93676
-14854 33959 -9977
-90829 33960 -80281
17002 33961 -53756
-87302 33962 -90281
-19849 33963 -80847
-79847 33964 88346
-11360 33965 -29607
-4349 33966 16326
-40862 33967 5455
88890 33968 51028
64618 33969 4118
50394 33970 -94176
-36336 33971 -33258
61886 33972 -59119
-35187 33973 1698
49101 33974 46822
41579 33975 26113
18634 33976 -73627
15174 33977 36185
25 33978 34416
87700 33979 -61275
74181 33980 49218
-18093 33981 -20911
13324 33982 -1440
31427 33983 21271
42479 33984 -16030
-17709 33985 -56719
-70251 33986 -61191
-66072 33987 12564
-22295 33988 54589
69198 33989 -29680
-53493 33990 -65094
-42924 33991 29050
-47844 33992 -33390
-12943 33993 -34362
4456 33994 12639
-6159 33995 30115
-88408 33996 -83270
-60389 33997 95686
-23137 33998 80983
73449 33999 52772
10361 34000 23455
-26968 34001 24649
799 34002 52771
32870 34003 20724
-7720 34004 -97499
-2460 34005 -23633
1715 34006 -41647
-42323 34007 -89371
-32530 34008 96215
-85601 34009 58741
-95943 34010 -28592
89632 34011 97817
4222 34012 66554
8755 34013 18758
-58112 34014 -56395
24584 34015 82419
84103 34016 6635
-37227 34017 -12142
31315 34018 -86189
76973 34019 -50818
-36485 34020 52304
55556 34021 -16231
35484 34022 25765
29048 34023 48212
1465 34024 97401
23919 34025 -94913
-22863 34026 7112
68457 34027 53442
-40335 34028 49278
50916 34029 872
-29242 34030 -65209
82459 34031 -24864
38855 34032 -41721
1760 34033 37026
-32791 34034 -29019
33987 34035 96250
-90761 34036 11
22174 34037 72169
-66929 34038 8186
-48481 34039 -72148
-40854 34040 16467
-41944 34041 41476
-78942 34042 -18804
-83406 34043 -68892
29634 34044 -78851
81526 34045 -51142
60392 34046 3187
-62297 34047 -7677
-23665 34048 -27791
-50262 34049 38161
-41328 34050 -46562
-56861 34051 -7152
62000 34052 -75012
48465 34053 -43595
-81310 34054 33377
-98204 34055 -55394
5203 34056 -96947
-2777 34057 83454
92132 34058 1557
53241 34059 20046
-46796 34060 18897
34122 34061 60612
99361 34062 -60664
-24938 34063 86422
82826 34064 -12868
-25714 34065 -58963
68540 34066 63826
-17389 34067 90337
40310 34068 40230
82934 34069 72521
-97267 34070 84015
-81287 34071 87736
-93224 34072 -96915
94356 34073 -95630
20396 34074 -29318
-69519 34075 -494
-31448 34076 81341
-13481 34077 -82408
-14875 34078 35388
31246 34079 32443
-17250 34080 -49136
-36422 34081 -70523
-54279 34082 -44025
-10105 34083 68686
99639 34084 -54615
-37280 34085 82108
18112 34086 93727
21187 34087 -6012
94850 34088 15277
-89591 34089 -9264
-4498 34090 85475
66976 34091 -56402
-94573 34092 19422
-65725 34093 -27547
-79973 34094 -68567
-83383 34095 24966
-99995 34096 -76626
-65677 34097 83993
-14360 34098 91151
-45645 34099 1651
-2189 34100 37701
5521 34101 67496
-55510 34102 63843
-74079 34103 96949
-26561 34104 -89049
8014 34105 -10171
15321 34106 13276
-31941 34107 2729
30356 34108 -81660
-65059 34109 2300
29171 34110 35015
30515 34111 93889
-41216 34112 -16707
46966 34113 -77429
18391 34114 31411
28246 34115 -65612
92811 34116 -69913
-53718 34117 -36493
-88928 34118 70863
39676 34119 -63332
-48012 34120 81371
36655 34121 75290
41993 34122 86653
89231 34123 -53832
-36698 34124 77820
-68735 34125 -54062
-36869 34126 -39467
54643 34127 -42064
841 34128 -93945
86905 34129 -27759
94675 34130 61678
57874 34131 18280
67882 34132 -98261
55852 34133 16923
49641 34134 -17254
-12132 34135 32052
-38790 34136 30170
-86242 34137 -76752
-64807 34138 89143
88281 34139 -98795
-77209 34140 -88902
96214 34141 -29391
-7608 34142 -79746
-65014 34143 -63845
25024 34144 -34774
-48152 34145 19091
-90136 34146 49795
-17892 34147 16262
-9005 34148 -6681
65936 34149 -68344
-51036 34150 72030
78787 34151 34351
93421 34152 -31342
-84152 34153 52114
10612 34154 -70089
69081 34155 -80606
27538 34156 53706
-3980 34157 74582
11620 34158 58551
-20783 34159 4774
73729 34160 80594
-33410 34161 -74060
7729 34162 -31447
-86250 34163 -95083
4806 34164 -81297
-42776 34165 19495
-68303 34166 65560
15979 34167 62935
-42277 34168 -84582
12297 34169 -7885
46033 34170 45810
-34874 34171 -87063
49389 34172 -75993
-45340 34173 93212
90377 34174 -63007
99447 34175 39574
-33320 34176 -53549
-34210 34177 -49894
93580 34178 17120
32458 34179 27543
-45363 34180 83424
69037 34181 -52544
28034 34182 2351
14082 34183 -74335
-87133 34184 -6025
-67717 34185 -58137
75550 34186 -66047
17253 34187 -52872
-20310 34188 36011
-30051 34189 59762
-87237 34190 -43231
-97299 34191 9921
2148 34192 -34756
36716 34193 -79886
79575 34194 -92522
15157 34195 -16837
98513 34196 78243
-47741 34197 -36417
15457 34198 77695
-97947 34199 -61640
-80790 34200 42803
36312 34201 -55318
52722 34202 -34451
-55949 34203 44302
-44552 34204 -20674
-76354 34205 98379
80221 34206 24244
-16122 34207 -99457
-30677 34208 24139
-61490 34209 30802
-63673 34210 44252
-87961 34211 87569
-50247 34212 -72243
-94684 34213 2610
48868 34214 68154
-93820 34215 -12137
53914 34216 -98437
72014 34217 69077
-48977 34218 -14990
91544 34219 -37093
-47793 34220 -55428
59870 34221 52547
-31422 34222 -27213
86267 34223 73850
-90010 34224 -73822
-99512 34225 -58998
-30891 34226 95278
83521 34227 2542
64811 34228 -60090
-34891 34229 19300
-74145 34230 -91921
-85567 34231 -67040
4181 34232 -86026
-45992 34233 -13704
25634 34234 -44476
33437 34235 73868
-82938 34236 -4946
-20450 34237 -72530
-79577 34238 -57159
-42759 34239 77988
52314 34240 26593
19031 34241 47512
-95654 34242 -67867
45561 34243 67625
52437 34244 -91921
19805 34245 -79127
-56125 34246 65271
47286 34247 -97805
2539 34248 54364
-731 34249 -43874
-86794 34250 -9322
34104 34251 -87267
-69360 34252 50890
-85501 34253 18146
27336 34254 -94849
-26734 34255 34973
79203 34256 -38101
93680 34257 -34972
67924 34258 -31529
20450 34259 -97494
75628 34260 6199
-26533 34261 33619
-57521 34262 57833
63522 34263 37750
97657 34264 -90627
-11326 34265 -45424
-58049 34266 93181
82334 34267 -19645
19581 34268 14766
24751 34269 36033
21822 34270 -95466
7728 34271 -2302
-73714 34272 -51863
-68428 34273 92082
78192 34274 42466
-67213 34275 9353
-47350 34276 -38175
-48185 34277 8894
14146 34278 49286
-22511 34279 -55212
-51020 34280 77177
-38163 34281 -22900
42408 34282 22987
99375 34283 -15043
-49832 34284 -73191
40668 34285 -56436
92240 34286 61301
-3009 34287 -87659
92387 34288 -63607
-20256 34289 79317
14290 34290 20008
70874 34291 24924
-56905 34292 95607
50144 34293 73880
13851 34294 -71949
-10553 34295 -68350
-19213 34296 80366
-315 34297 96629
796 34298 -58667
17533 34299 -92195
-37851 34300 -6229
75066 34301 -8688
-76241 34302 31400
30243 34303 35111
11489 34304 -72221
75349 34305 25598
-86090 34306 -46830
70470 34307 -19254
2744 34308 59042
-52552 34309 -50988
79831 34310 65649
-54005 34311 -50754
-81686 34312 -67611
-87339 34313 45943
-98787 34314 -45299
46728 34315 96456
-56731 34316 -52270
-75659 34317 -92599
96301 34318 43626
8592 34319 -12644
-54994 34320 85654
41609 34321 21017
61649 34322 -61635
58839 34323 9726
74909 34324 82238
-84623 34325 -13038
-28238 34326 -27713
-96153 34327 55601
-80817 34328 -3850
24070 34329 -90915
-16523 34330 25931
-40939 34331 -26742
-36200 34332 -80923
13591 34333 27406
-37036 34334 -72236
-60368 34335 70766
-36633 34336 90197
81820 34337 -24928
-76325 34338 -93529
81273 34339 -5285
-3125 34340 -42938
-16146 34341 8727
-61543 34342 70865
62775 34343 -67732
-40349 34344 1334
17719 34345 73744
46465 34346 98237
88187 34347 -80467
96723 34348 85095
38990 34349 -66907
8483 34350 -90356
43670 34351 22404
55734 34352 17487
70406 34353 62879
66823 34354 -80257
83693 34355 130
-80639 34356 -70421
73671 34357 64030
5529 34358 -98895
67972 34359 25719
44451 34360 31399
-54506 34361 71841
-41135 34362 -26371
51224 34363 -64998
20683 34364 57836
-39903 34365 69865
56221 34366 79762
89112 34367 -69406
28781 34368 78159
-99253 34369 -58361
-49644 34370 1843
11725 34371 33007
-12183 34372 -37162
-25002 34373 -1208
22794 34374 -12452
88727 34375 35662
-19025 34376 10257
81045 34377 -8778
18805 34378 -72588
-99120 34379 -93823
-960 34380 14038
75577 34381 15386
-74759 34382 -50172
-39443 34383 85977
-75249 34384 33569
64912 34385 -46356
36012 34386 -50725
42558 34387 10288
3478 34388 69757
-92295 34389 -8735
63751 34390 34322
-23576 34391 90424
-50080 34392 -68084
-30842 34393 -84437
8134 34394 -83082
7628 34395 -4455
-98261 34396 51286
-74680 34397 -63985
31412 34398 -60158
95590 34399 -63160
4948 34400 -37692
10144 34401 -35330
82797 34402 -71566
-79201 34403 -97492
-65406 34404 -16221
-3746 34405 75580
4527 34406 -38763
-50622 34407 71275
27916 34408 -32177
28806 34409 -35782
-38247 34410 -15104
-69167 34411 -48871
-92836 34412 62105
-33096 34413 -94823
-14901 34414 28460
33884 34415 25347
-76326 34416 24948
13076 34417 -29045
-11085 34418 35068
-68054 34419 -41909
146 34420 59286
-5344 34421 -3259
60766 34422 42038
-85203 34423 62992
-51517 34424 -96159
-53608 34425 61241
-94559 34426 -76535
7666 34427 -31852
74728 34428 41630
-33204 34429 15534
51096 34430 -64833
-10320 34431 74969
-25099 34432 52604
-34168 34433 -29049
75798 34434 -90486
7333 34435 -69452
-88650 34436 32295
-83787 34437 -11385
-81915 34438 62908
-35396 34439 -11530
-14711 34440 27032
56485 34441 39401
-86048 34442 -80052
73138 34443 -75465
-58399 34444 30269
-73070 34445 -42757
10033 34446 36447
-81192 34447 -5695
48377 34448 -74168
46592 34449 -94500
-24961 34450 18001
36264 34451 71472
91676 34452 -38191
77423 34453 -56142
-28906 34454 95703
-1797 34455 92750
29942 34456 79294
39878 34457 -82234
-92188 34458 92215
-37728 34459 84264
-16295 34460 26879
95779 34461 8741
-88069 34462 -77236
-5695 34463 26071
-61417 34464 48835
-45607 34465 -57108
47092 34466 -41011
14970 34467 -5221
61777 34468 -96095
-65485 34469 -97672
52302 34470 -50482
42090 34471 54563
-62539 34472 14850
62055 34473 -92393
46179 34474 52065
-74487 34475 51342
-63035 34476 -16010
78784 34477 -16963
19732 34478 -15965
-73708 34479 92779
52980 34480 -57385
70672 34481 -91695
-58419 34482 -75147
55471 34483 -21351
58329 34484 9319
96041 34485 93802
-4921 34486 25902
-75296 34487 -15330
-50574 34488 -41845
-8486 34489 63515
-36669 34490 -21738
47814 34491 45419
-98762 34492 -36633
-88202 34493 55849
4568 34494 -32730
63381 34495 45629
-99718 34496 -36427
-14451 34497 65827
63863 34498 -78640
13099 34499 74134
-49815 34500 -23566
95172 34501 26341
16654 34502 46458
63341 34503 66982
-45690 34504 40148
-67115 34505 80588
-9469 34506 81425
-87642 34507 51193
-90923 34508 -56090
-39887 34509 65485
53243 34510 85138
-33917 34511 -10111
25184 34512 65584
38107 34513 -6110
-89437 34514 40151
-28350 34515 -94622
-30757 34516 21066
-22356 34517 12693
64840 34518 -1074
-54550 34519 27288
-13151 34520 -584
79745 34521 12863
-65872 34522 40714
98876 34523 43883
8003 34524 -11080
-19318 34525 96593
35171 34526 -59019
-2843 34527 -54982
77640 34528 97267
-66526 34529 -25882
-17442 34530 48635
4489 34531 -75481
-53286 34532 79110
59948 34533 -77052
18110 34534 38551
32214 34535 -51741
-31564 34536 -64849
92558 34537 -43163
72831 34538 -19188
-46800 34539 51888
91905 34540 -69960
-86800 34541 -82395
-8489 34542 -65005
-45861 34543 2480
-44336 34544 40762
54900 34545 68210
-99642 34546 51397
25275 34547 75652
55610 34548 25212
-84246 34549 -79061
-19622 34550 5103
73879 34551 -40578
10721 34552 -746
64795 34553 23213
86564 34554 -67910
-27809 34555 98021
77314 34556 24801
24675 34557 75231
-14057 34558 98757
38833 34559 -17201
-34089 34560 11997
-59859 34561 -64992
-70535 34562 -31158
18120 34563 14946
-29979 34564 78501
-36781 34565 -81916
32386 34566 76395
-47977 34567 36637
64487 34568 -54500
37777 34569 11951
15150 34570 60232
-75847 34571 -45692
-36525 34572 21083
86852 34573 -70547
-76002 34574 76634
-45791 34575 30859
-13212 34576 -59345
4275 34577 -81450
30695 34578 56046
-83601 34579 76097
-81672 34580 -86984
5451 34581 83013
52506 34582 -17442
68328 34583 -88753
24067 34584 76589
-92083 34585 -80104
-16826 34586 -82476
53105 34587 -10905
95913 34588 91343
-21309 34589 -67516
3542 34590 34877
-56748 34591 8539
28988 34592 -36451
-54358 34593 28768
-7013 34594 41529
-92938 34595 7344
-10359 34596 -27970
99666 34597 -98394
12198 34598 94955
-46830 34599 -6640
7191 34600 92487
-47396 34601 -70740
-49524 34602 86884
-76494 34603 -99833
70407 34604 -79773
-70788 34605 89265
-63261 34606 -701
51098 34607 75894
90973 34608 -11485
15823 34609 4250
24318 34610 26245
-52929 34611 51082
96819 34612 -96053
-30060 34613 55344
-68412 34614 -10338
-93062 34615 -34506
-30907 34616 56153
-94571 34617 72078
-64471 34618 9042
83313 34619 -52343
35352 34620 53999
-89963 34621 27931
-26054 34622 53894
46400 34623 -28147
80968 34624 44127
-86593 34625 87601
82341 34626 65886
-36602 34627 90516
76638 34628 78116
-17111 34629 95995
-60425 34630 59111
-65711 34631 7755
97151 34632 46198
-51287 34633 79494
-77919 34634 93730
13653 34635 71160
-73937 34636 98165
71458 34637 21669
54106 34638 38303
14008 34639 -48602
33300 34640 30468
-58453 34641 -40266
37980 34642 -3457
86557 34643 79866
18966 34644 -60558
-2133 34645 -87606
-74869 34646 89446
27078 34647 -67611
-74345 34648 -36493
-93580 34649 84752
75980 34650 -97993
-25070 34651 26847
-3568 34652 94774
67642 34653 320
19523 34654 39286
-10401 34655 21158
-94862 34656 3865
-27554 34657 -89622
15410 34658 -29652
-49374 34659 17339
79510 34660 70584
23838 34661 59407
-35771 34662 -60119
-33308 34663 -3818
-88423 34664 42147
51000 34665 7626
56266 34666 65840
40854 34667 30628
60043 34668 -85572
28582 34669 34294
-81844 34670 25134
80202 34671 66665
43398 34672 99798
-94323 34673 81561
-48442 34674 97297
75856 34675 -32261
49796 34676 -75018
67293 34677 89710
98470 34678 40001
-91953 34679 -15330
-60152 34680 83465
92150 34681 -35419
14506 34682 74365
-88649 34683 -35360
3486 34684 -36547
-44675 34685 97784
50078 34686 90813
29424 34687 -52333
-66636 34688 27942
38632 34689 67275
62672 34690 -67001
-74535 34691 49790
15532 34692 -71862
-30037 34693 -94882
-65744 34694 -54661
-41517 34695 36962
92307 34696 -3483
-38927 34697 -96299
-13584 34698 -10330
-60523 34699 -78498
-74581 34700 -87601
-249 34701 85467
44178 34702 -39865
31949 34703 1342
-17376 34704 61914
-64861 34705 639
-67360 34706 -33141
-58314 34707 -85355
-2754 34708 77981
-2226 34709 -85897
-95841 34710 60877
29605 34711 12408
58641 34712 33496
-41459 34713 65602
-52562 34714 34032
-75953 34715 -10492
25765 34716 -61380
90272 34717 31851
-6826 34718 14840
11067 34719 85003
-22567 34720 -1774
-76387 34721 50605
-31249 34722 97371
-32582 34723 68192
75830 34724 -61890
-40830 34725 71053
81224 34726 11777
30723 34727 -37208
-21695 34728 -77670
-43567 34729 36803
-93855 34730 45136
-58919 34731 -87200
-71097 34732 -59038
-19337 34733 -52604
6279 34734 94650
73244 34735 -24418
18625 34736 54691
-92969 34737 42061
-32802 34738 6665
-90143 34739 68013
66295 34740 -81362
97881 34741 16999
-73437 34742 -61046
66463 34743 -86338
-11720 34744 40157
52475 34745 -89925
-7184 34746 71598
48153 34747 -42061
-68168 34748 -93469
-2817 34749 -60867
14336 34750 90905
72125 34751 77935
90107 34752 -51326
84173 34753 15507
-16450 34754 30317
27511 34755 -20092
46196 34756 79616
14380 34757 99358
-1879 34758 -21344
5147 34759 -76751
73404 34760 -26014
-20455 34761 8167
58516 34762 -90610
76038 34763 -35129
76323 34764 4135
-5915 34765 -35023
-94584 34766 -92085
66403 34767 -97498
14506 34768 78177
-92609 34769 27082
26467 34770 34764
67620 34771 -6210
-2152 34772 -67530
45586 34773 59146
84083 34774 -42479
60002 34775 -7392
85937 34776 -51753
84458 34777 43517
-47962 34778 -60939
-58810 34779 2243
82070 34780 -47802
-68887 34781 -23584
84636 34782 -66354
23781 34783 -78310
76220 34784 -68647
60891 34785 -944
60380 34786 33972
68415 34787 82878
42120 34788 958
4031 34789 29247
60008 34790 9731
64601 34791 -89511
77492 34792 -2019
-82441 34793 48388
-15489 34794 95056
86935 34795 30481
66192 34796 57790
23973 34797 -59910
-68400 34798 -8344
44089 34799 45320
-34513 34800 6449
-32045 34801 -51936
58057 34802 87105
-28738 34803 -17758
-26346 34804 -28945
81275 34805 12783
-50351 34806 -36557
48648 34807 -71902
-96768 34808 -63838
41752 34809 46572
90618 34810 -7309
56003 34811 78125
53101 34812 54801
-59737 34813 48026
21891 34814 -74289
9591 34815 83651
29595 34816 47546
77248 34817 -31946
81041 34818 76668
-66900 34819 93284
55369 34820 1035
21082 34821 -6760
89458 34822 10726
91011 34823 -2624
27010 34824 52791
33661 34825 -81144
-46389 34826 49377
6535 34827 47240
-52511 34828 36136
-86890 34829 -86790
59897 34830 -90118
81896 34831 74738
25850 34832 92278
87490 34833 92445
-87297 34834 15780
-13548 34835 -24922
68166 34836 22046
-46493 34837 -52129
-50320 34838 -64352
-23357 34839 -35716
-17644 34840 14341
-85005 34841 -99153
81543 34842 -18772
15588 34843 -15860
-77891 34844 66073
19229 34845 -89684
46052 34846 94521
-22419 34847 59833
-18306 34848 1779
-41989 34849 51403
-17383 34850 -50726
-54335 34851 47493
-57581 34852 34979
-91157 34853 -60301
82494 34854 -95962
72970 34855 77811
-94680 34856 -78956
70345 34857 50349
95568 34858 42639
-42979 34859 69624
94153 34860 -95599
-79448 34861 -92306
84416 34862 -48379
34497 34863 35906
43486 34864 -14518
-11853 34865 -90406
62425 34866 -10248
6620 34867 -12674
28364 34868 11393
-44321 34869 42299
45283 34870 67667
-57546 34871 87667
59961 34872 -64868
18574 34873 -8579
-14056 34874 74861
-74894 34875 62370
-23418 34876 -240
79803 34877 -74325
16478 34878 -17401
13683 34879 -7920
1116 34880 19209
-39286 34881 81606
-5314 34882 -30882
57033 34883 45060
-39291 34884 39758
3553 34885 -46990
10226 34886 -43186
-37221 34887 67025
80808 34888 76852
57184 34889 68151
-76966 34890 -1061
-29615 34891 89841
-11882 34892 -74583
-93787 34893 40075
84933 34894 90066
90420 34895 33270
44824 34896 34239
-83172 34897 -74537
48067 34898 -47281
-64786 34899 -80415
-47124 34900 -47300
52027 34901 57102
-60525 34902 55620
-69372 34903 55561
-37170 34904 47260
-60054 34905 -36354
82995 34906 -95639
60213 34907 39931
51477 34908 34781
41685 34909 94957
10896 34910 72668
-80275 34911 9946
69320 34912 11986
-56477 34913 -33534
-41737 34914 67663
-89548 34915 -94066
-23284 34916 16789
31876 34917 -57549
10345 34918 86076
-75346 34919 60162
11102 34920 85490
-6624 34921 -22047
-72914 34922 -42347
-68594 34923 88431
-38123 34924 -55487
-53231 34925 -70437
21712 34926 -70500
-67295 34927 60584
13483 34928 34838
-34388 34929 79829
-85588 34930 -56084
69263 34931 -24782
69544 34932 -2928
64681 34933 -43525
-23413 34934 30994
-79324 34935 86265
47866 34936 14613
-24633 34937 63055
-81274 34938 81508
-98904 34939 -58931
-54287 34940 -58405
-77208 34941 -61225
99423 34942 15853
5090 34943 -40720
-72780 34944 53001
-23505 34945 6828
-2213 34946 97193
-29454 34947 50868
-63715 34948 46630
486 34949 84586
-78836 34950 47056
60445 34951 -15478
-69714 34952 30376
35512 34953 -71302
76656 34954 55057
12559 34955 89393
-12203 34956 -9288
96613 34957 -90355
75599 34958 63702
64839 34959 -65309
55032 34960 -21831
-18451 34961 -98190
20825 34962 -67903
-8837 34963 85774
28021 34964 55841
-91472 34965 4838
67705 34966 589
84722 34967 86182
-13146 34968 98795
59374 34969 -63035
-66548 34970 23736
-75508 34971 11142
-59773 34972 10418
57303 34973 53391
95771 34974 -71778
4606 34975 46557
28182 34976 -61765
95140 34977 18640
-83895 34978 -27305
3496 34979 -59062
27253 34980 -7333
-31099 34981 -3551
-64038 34982 -60285
-30163 34983 -87213
76061 34984 -48449
7483 34985 77660
92261 34986 -53156
-99861 34987 -36863
74330 34988 35806
55140 34989 -51868
-97140 34990 62666
-19945 34991 85461
-71009 34992 71105
47914 34993 -13950
81497 34994 37477
-56491 34995 29598
-46252 34996 5468
91301 34997 21303
71423 34998 -24984
43150 34999 -85361
12957 35000 -37304
-75501 35001 -86046
-45941 35002 -20002
-85372 35003 -15785
-67564 35004 7957
50713 35005 -94222
42860 35006 -76797
15509 35007 85002
-27434 35008 51207
-1653 35009 1324
-24993 35010 2024
71082 35011 -99552
-41297 35012 -84926
50867 35013 -3797
8072 35014 -40284
1934 35015 39477
39560 35016 8864
64063 35017 -35331
21245 35018 65160
39073 35019 -94634
54797 35020 -23034
-80292 35021 2947
-77481 35022 -14139
51853 35023 -30503
469 35024 -33238
12761 35025 6447
76636 35026 -82327
50818 35027 38033
-70862 35028 -22335
-73065 35029 -85516
84598 35030 80141
72617 35031 75733
-15135 35032 -61345
-34183 35033 66922
-19392 35034 51338
-1954 35035 -97213
-20499 35036 40476
-73997 35037 52307
59424 35038 59273
-6479 35039 36720
-54124 35040 -20165
41555 35041 51727
63117 35042 32420
89971 35043 43088
-62303 35044 -64399
47082 35045 -59109
5875 35046 44922
-4428 35047 55059
19553 35048 24625
62697 35049 -8846
17480 35050 91760
-7845 35051 23406
-87490 35052 -34198
76856 35053 -84475
89344 35054 -22219
-76549 35055 -85013
58161 35056 -31614
-68261 35057 -94567
70954 35058 86991
31140 35059 -92899
-70763 35060 -19718
-30474 35061 31130
23858 35062 -3715
-25242 35063 -43413
74723 35064 -65932
33481 35065 33624
-69957 35066 -40538
15864 35067 -36316
99188 35068 -45149
24895 35069 15839
-55352 35070 71148
597 35071 -51600
-8415 35072 64109
60864 35073 32016
77112 35074 75519
-49541 35075 -64883
6903 35076 19442
94708 35077 97086
71593 35078 88422
-15581 35079 26776
13475 35080 60380
-39457 35081 -15811
82476 35082 -61286
-11359 35083 -7301
27577 35084 -15299
-24974 35085 -75952
44147 35086 -20442
-73914 35087 -77050
20070 35088 76167
-4604 35089 -27592
-59802 35090 58618
57382 35091 95526
43674 35092 -29838
-52310 35093 -47895
-54740 35094 -41658
87973 35095 -6523
19519 35096 -84236
-82632 35097 29283
57592 35098 82355
-79570 35099 -90103
51914 35100 -67961
55077 35101 57154
5822 35102 42463
-30405 35103 -12248
-80768 35104 76641
36781 35105 -16125
-31799 35106 72931
-14753 35107 -25309
-40794 35108 87145
51823 35109 -54385
73601 35110 94128
-55038 35111 5392
70459 35112 98477
-49382 35113 8212
47238 35114 49157
14593 35115 -83430
14875 35116 98938
80593 35117 -84881
-29815 35118 36528
21187 35119 71285
80719 35120 -87818
76679 35121 37614
-68148 35122 -30474
92437 35123 2612
13247 35124 75401
10692 35125 59567
73511 35126 -65641
40873 35127 50622
-8946 35128 -97375
-77687 35129 -92953
41788 35130 -50344
94341 35131 -1828
-47638 35132 -25052
90568 35133 35244
-8074 35134 -87190
-10568 35135 -67672
57602 35136 56913
-92878 35137 96844
74419 35138 49710
20294 35139 98441
28656 35140 86238
12844 35141 -86802
97169 35142 -95297
-26373 35143 80093
27349 35144 -77242
-17827 35145 92430
-26670 35146 19632
-75124 35147 94134
-4848 35148 79653
41083 35149 -13886
-82071 35150 87325
-16068 35151 -41489
-31383 35152 -52608
-67421 35153 99158
-39676 35154 11950
82373 35155 58418
85659 35156 62403
-668 35157 73101
48297 35158 -17843
-74532 35159 -69635
53211 35160 97019
72637 35161 -63527
76288 35162 -53281
-83156 35163 48812
25876 35164 -89157
59541 35165 -90406
-92803 35166 -73354
34706 35167 54046
76742 35168 30592
61644 35169 -89887
-5661 35170 -33670
43457 35171 62522
-81991 35172 40456
-6508 35173 23386
-86847 35174 61258
-98990 35175 53160
-99724 35176 40324
39259 35177 -76836
83793 35178 -1607
-79168 35179 -15960
-42718 35180 91734
-12071 35181 17101
-99684 35182 80458
-74704 35183 70456
97231 35184 88573
-62954 35185 80688
12343 35186 -46203
95887 35187 34037
-46713 35188 25277
-7879 35189 -61357
62468 35190 82097
-46322 35191 -40183
331 35192 -4972
33469 35193 -90704
-13156 35194 -58234
-22582 35195 97837
-31854 35196 474
6816 35197 -78627
-48016 35198 -44487
47432 35199 61069
-12006 35200 66782
46718 35201 -76522
39780 35202 6023
-21035 35203 -84503
63652 35204 -43819
43615 35205 -90057
98759 35206 -3827
22531 35207 -61977
72321 35208 -96182
-89469 35209 58354
65900 35210 25417
-78430 35211 -57971
-4051 35212 -22675
-9010 35213 18326
39621 35214 52644
-92820 35215 72172
85335 35216 81137
-38924 35217 -75013
47875 35218 63182
-5807 35219 -30635
46700 35220 57454
-27300 35221 43609
1850 35222 6125
-47217 35223 77763
-47000 35224 70788
47484 35225 -30755
57923 35226 -31756
4453 35227 67090
9988 35228 -9230
68006 35229 29948
94854 35230 -15279
-38416 35231 -68807
74322 35232 70099
61046 35233 57841
15371 35234 17949
77789 35235 -51593
30651 35236 32346
47397 35237 31100
69001 35238 90218
-28293 35239 -7778
4956 35240 -88558
54277 35241 59968
87748 35242 -16963
-39518 35243 20405
9510 35244 -40411
18696 35245 71282
-20155 35246 2418
-83819 35247 -52812
-81913 35248 -80941
19385 35249 -62866
-95810 35250 -39710
83491 35251 -95962
16049 35252 60009
-17989 35253 -32714
-10859 35254 -59950
23751 35255 56373
86904 35256 -60002
-31467 35257 -23485
-74190 35258 -91824
20612 35259 39565
-27044 35260 -90048
92593 35261 -20503
91349 35262 -32350
-45338 35263 91298
-29942 35264 -70549
13029 35265 -11332
78930 35266 12681
69587 35267 -99364
50765 35268 84489
24266 35269 8628
34812 35270 -21202
-26825 35271 -64494
-20449 35272 75444
54097 35273 16223
-77564 35274 -85546
-20758 35275 -44325
56220 35276 -2272
-19942 35277 89399
83693 35278 2257
64276 35279 -85455
29645 35280 -71406
-82435 35281 92294
-59884 35282 27158
75367 35283 79110
-98979 35284 48551
88509 35285 61955
-92929 35286 56588
-8838 35287 -37032
27779 35288 -75739
-25872 35289 20005
-41552 35290 -15842
15205 35291 79340
-50746 35292 -29039
-21599 35293 -16200
-50757 35294 -27176
-85939 35295 -97852
-27877 35296 -70996
92387 35297 26883
67942 35298 -37525
-93838 35299 -84748
65698 35300 -60494
-36766 35301 50363
-53466 35302 13537
57240 35303 -51697
-20355 35304 19837
-70047 35305 -49587
-94534 35306 19040
63962 35307 6956
-72131 35308 -99899
11840 35309 72905
36207 35310 46313
65225 35311 85134
-7843 35312 -86374
-58605 35313 -73693
-93411 35314 82185
-47950 35315 -86806
-17690 35316 -4178
-51395 35317 47073
63418 35318 -4601
96234 35319 63679
-68987 35320 83925
-31915 35321 11487
-52851 35322 30400
68 35323 17404
83468 35324 -99861
-66985 35325 -41892
80112 35326 -27122
89385 35327 -93650
88131 35328 17945
-6060 35329 -94077
-1514 35330 40999
-15485 35331 5414
71714 35332 56514
-22157 35333 45118
-96501 35334 -35930
83250 35335 -23723
-53680 35336 21040
-61630 35337 -26949
-70233 35338 32352
-92889 35339 29338
-75753 35340 -3925
82647 35341 -19844
-79788 35342 -30174
-51729 35343 91166
-63208 35344 94248
-79884 35345 -79090
-95107 35346 69114
41876 35347 -91458
52360 35348 -69029
-4296 35349 90474
6045 35350 42244
-11477 35351 -69292
-12408 35352 61639
-47157 35353 -5236
-88340 35354 23418
61573 35355 96370
55320 35356 30224
-61069 35357 82993
10136 35358 36996
77682 35359 -65785
-33742 35360 -27119
-9337 35361 46354
-79655 35362 -29054
-34954 35363 -72240
53811 35364 -73298
-47285 35365 -80744
-43277 35366 57969
14349 35367 -89193
-60800 35368 85924
9800 35369 -24780
-24256 35370 41123
61441 35371 -45726
-87809 35372 -59781
-3622 35373 -54742
-27551 35374 -50079
-28071 35375 10624
-54442 35376 -50498
10643 35377 97811
-80114 35378 -55680
-24785 35379 -6335
-24890 35380 -24877
82171 35381 14111
96433 35382 257
-27221 35383 -91255
5894 35384 12977
-31339 35385 -96236
-74465 35386 -45434
-80698 35387 16372
81299 35388 78780
240 35389 -62415
-7674 35390 88096
-71386 35391 -50021
16942 35392 58887
9284 35393 55896
25167 35394 -28317
3834 35395 11949
31608 35396 34959
-79825 35397 40167
96010 35398 9319
50589 35399 -87845
-55423 35400 -74695
-94843 35401 57612
-89902 35402 45290
15163 35403 -30159
-47150 35404 87912
23099 35405 9911
-64505 35406 84869
45335 35407 -46421
12646 35408 -40197
-90447 35409 99377
-40662 35410 54725
84215 35411 -4353
-18128 35412 59403
45148 35413 -27529
-50518 35414 -39331
71057 35415 17592
-70082 35416 26862
-20044 35417 36378
51296 35418 -30727
66062 35419 -34575
-27379 35420 67595
-80408 35421 -86120
-63198 35422 -80336
-87770 35423 -57719
50414 35424 23448
-32590 35425 80443
-83363 35426 97433
-44418 35427 40507
-4883 35428 -32915
31855 35429 4290
-90838 35430 -85045
66953 35431 -63429
-62625 35432 72093
-21837 35433 44768
-65722 35434 17444
-77845 35435 -58360
-59866 35436 -90730
-98776 35437 26955
-9269 35438 -10455
67907 35439 14773
-63508 35440 37890
58664 35441 76044
75252 35442 14446
-38577 35443 68025
-39414 35444 76922
27753 35445 25102
-47780 35446 -41705
-76506 35447 47116
40928 35448 -44237
-9598 35449 91927
15754 35450 -82647
-7091 35451 -84580
23249 35452 17085
-67859 35453 849
-2085 35454 64628
-92625 35455 -47004
-21320 35456 21097
18220 35457 12510
-35855 35458 2440
-35617 35459 5418
-90982 35460 -11193
10764 35461 -53261
-99070 35462 36879
8883 35463 -24416
9610 35464 -12271
-25059 35465 -98800
27629 35466 -94931
-47007 35467 -45521
62756 35468 -32139
-73091 35469 -46478
49585 35470 -49580
-51503 35471 35259
-82596 35472 87712
55478 35473 87501
-80284 35474 231
60009 35475 61718
76819 35476 73320
77783 35477 -65619
72164 35478 -5067
-94306 35479 -14999
-88590 35480 -47187
82090 35481 62873
-40818 35482 3499
77109 35483 -10687
2998 35484 -79103
-66094 35485 34474
-47724 35486 19736
-15354 35487 -56773
81044 35488 5579
-73510 35489 83867
49168 35490 -77484
-7095 35491 -46118
29737 35492 -21169
-83410 35493 75973
-72782 35494 97443
-32431 35495 74116
27417 35496 -91734
-37733 35497 51946
-3643 35498 -24857
9084 35499 -43321
-15346 35500 -83604
-54218 35501 -88049
75305 35502 85785
-79286 35503 -18373
4593 35504 -40869
75935 35505 -87284
21057 35506 37398
-14603 35507 -72907
-12845 35508 42717
-88075 35509 82208
14826 35510 -77649
-32847 35511 76227
-73041 35512 -23676
66955 35513 24113
1413 35514 94503
54976 35515 -39377
-64221 35516 40581
-82420 35517 -7075
14171 35518 -54078
-94022 35519 -22760
-14252 35520 76678
-8589 35521 -29987
-43675 35522 6351
51902 35523 672
-62971 35524 57498
-73435 35525 23604
-84193 35526 -98789
85681 35527 -48325
62322 35528 17865
36230 35529 83519
48836 35530 -40816
96825 35531 -35151
63429 35532 -4259
-1829 35533 -18166
-84696 35534 80937
34957 35535 17825
-94498 35536 58113
-23786 35537 98571
-55158 35538 31921
-3755 35539 43231
87384 35540 -88625
-30639 35541 -20428
-46722 35542 78452
-19118 35543 93172
-66107 35544 7955
-36429 35545 -87185
93599 35546 -54073
-26420 35547 -68094
92443 35548 56868
99604 35549 -17948
79894 35550 60430
-26291 35551 -61148
76817 35552 65070
-96658 35553 -53738
-24491 35554 -97731
41444 35555 21778
12902 35556 -50078
-78048 35557 86227
42168 35558 -1023
66459 35559 -31069
45625 35560 6823
-68706 35561 91376
70266 35562 93039
-8286 35563 72523
-51534 35564 -38880
-22926 35565 19739
65950 35566 62809
-95307 35567 -83981
3521 35568 8734
94094 35569 75451
94772 35570 33078
66993 35571 90669
-36022 35572 83961
15256 35573 70538
47220 35574 -46752
8412 35575 -2431
8730 35576 49822
67791 35577 12058
-623 35578 87339
18203 35579 -87175
-19726 35580 -82138
11101 35581 -73787
22102 35582 -84100
90284 35583 -65385
-58070 35584 -42717
-52462 35585 -30433
-85261 35586 -58062
-28770 35587 -42263
-98601 35588 52678
-13858 35589 -70931
93226 35590 -84477
-21943 35591 43131
-99937 35592 71569
-35651 35593 -30591
-90807 35594 -21435
63737 35595 -5772
60688 35596 -30017
-94716 35597 19970
-14533 35598 74701
11434 35599 -9632
-95545 35600 89218
-76708 35601 -61170
-70310 35602 55362
-64627 35603 -53979
5893 35604 -474
10176 35605 57935
-7104 35606 -23689
22858 35607 -50999
-49543 35608 2421
17981 35609 -74962
93360 35610 74019
-86913 35611 79119
-36669 35612 51674
60156 35613 -58712
18151 35614 -87539
61091 35615 28519
77437 35616 31100
-77730 35617 16302
-8162 35618 -14897
-5090 35619 -95858
-91017 35620 37283
14511 35621 91346
43161 35622 -61233
-98020 35623 90961
-25220 35624 -8093
-70930 35625 -49703
33812 35626 74126
-35631 35627 99404
95538 35628 -45952
-76593 35629 -64377
-20205 35630 -93898
90257 35631 -50210
79443 35632 -40026
-26499 35633 -39783
-65008 35634 61841
-45566 35635 -15816
93008 35636 92671
52658 35637 -93273
-53210 35638 -54514
-56093 35639 -55457
-64635 35640 21987
91459 35641 93873
253 35642 -52069
-1694 35643 22606
72372 35644 -33815
44883 35645 49514
-99858 35646 -52229
12168 35647 -55111
-29034 35648 -33285
-93851 35649 -22666
13572 35650 27462
-41559 35651 -99075
72877 35652 9810
-69553 35653 -14140
-52248 35654 28275
19145 35655 -23211
74152 35656 -13950
-21972 35657 34934
15831 35658 -17565
-97289 35659 89990
55565 35660 -43446
-11027 35661 86756
-2409 35662 69374
84564 35663 -29448
43411 35664 99273
-19784 35665 -40236
-22378 35666 -56248
23937 35667 -45262
-24835 35668 -32778
-30241 35669 79142
-39336 35670 -20745
26071 35671 -66162
99864 35672 -91617
-59102 35673 33519
28516 35674 26815
-48142 35675 32658
-36787 35676 -75435
-659 35677 34754
17589 35678 21630
24738 35679 -39220
-96471 35680 -74927
-5392 35681 -40835
77204 35682 -5723
36502 35683 61547
-28466 35684 -84573
-49124 35685 7803
-19513 35686 -25693
26355 35687 22970
-87735 35688 33256
-98825 35689 98524
46773 35690 -74432
-83286 35691 65733
-46808 35692 61680
70285 35693 27503
59875 35694 -24017
-18838 35695 45618
2498 35696 90013
-29279 35697 68622
74995 35698 -98915
-23038 35699 8858
-46215 35700 70252
-44811 35701 24921
-38769 35702 -24653
63463 35703 -46923
82589 35704 20975
73056 35705 89789
68349 35706 -52682
-71305 35707 67714
64534 35708 -76855
37459 35709 79132
-81886 35710 82730
68158 35711 91691
-98142 35712 -91255
97111 35713 -63744
-56812 35714 -73430
73538 35715 -13407
54106 35716 -78456
-84363 35717 -10738
-12034 35718 -74598
-46867 35719 -51413
-52981 35720 92884
-46293 35721 60583
-4576 35722 78061
55558 35723 -30147
-43804 35724 34319
-76093 35725 59702
-57091 35726 75504
12637 35727 -38699
38262 35728 -82388
15846 35729 -84419
-85521 35730 97364
97008 35731 37003
7765 35732 35581
37393 35733 34618
-78046 35734 223
-17556 35735 19451
98252 35736 96767
96170 35737 -32726
-36442 35738 -69515
-90669 35739 -89662
-80772 35740 -35411
-73038 35741 -76454
64065 35742 -21046
-83785 35743 81265
-90513 35744 77680
47387 35745 23184
22873 35746 24926
-39935 35747 43160
-104 35748 90147
31202 35749 -13750
13835 35750 16950
69008 35751 -22063
65826 35752 43474
16342 35753 49733
-1965 35754 -21320
6476 35755 60298
50936 35756 91071
-31716 35757 -82919
60646 35758 68318
-69495 35759 3865
72691 35760 -74710
34513 35761 66751
95305 35762 -67181
-74909 35763 63134
84354 35764 77344
-72822 35765 55585
84082 35766 67208
54398 35767 -9223
-98690 35768 -42898
-94737 35769 -66232
84837 35770 -76524
44206 35771 87609
-15435 35772 -42378
-15052 35773 -81695
40367 35774 32387
-90992 35775 -50720
-6046 35776 -71663
-95660 35777 91456
97686 35778 -99223
-13791 35779 -63997
-71508 35780 -48708
-40023 35781 -10297
39933 35782 -73184
-58765 35783 15064
-83095 35784 99341
59942 35785 -83175
-7281 35786 -41195
64291 35787 36917
-25764 35788 36736
64705 35789 -36995
-26151 35790 76807
85528 35791 68723
-30773 35792 91509
-20609 35793 18702
-31022 35794 88990
99480 35795 66818
-31439 35796 26816
-22205 35797 -45296
59031 35798 -19423
-36779 35799 36451
-20327 35800 33636
86795 35801 -62134
46628 35802 -48996
96303 35803 52761
83733 35804 -80271
69212 35805 -66219
7943 35806 -17315
14971 35807 -4035
-4770 35808 -5333
-22104 35809 -30925
-68119 35810 40748
-4325 35811 -69945
84521 35812 -45601
