4964
-15651 10749 79452
-15650 -38975 -87313
-15649 -88908 34076
-15648 -41350 -70889
-15647 -81247 -97240
-15646 31150 -79624
-15645 -93857 7677
-15644 34623 -96158
-15643 76379 16648
-15642 18303 -9275
-15641 -17673 -51300
-15640 39783 -3167
-15639 46392 -45040
-15638 -66964 -97661
-15637 19744 39475
-15636 -2330 74095
-15635 -62146 96921
-15634 85821 -99219
-15633 8898 -59902
-15632 44200 6135
-15631 -60291 -6801
-15630 80204 50924
-15629 77430 5589
-15628 30116 -9755
-15627 38419 79562
-15626 39934 46902
-15625 -72540 -89578
-15624 -3047 -16478
-15623 -22589 15165
-15622 42193 -91049
-15621 -83833 7831
-15620 -88213 80664
-15619 -1858 19712
-15618 27740 -82899
-15617 -17025 28475
-15616 -18058 -43602
-15615 49119 78211
-15614 -33487 14018
-15613 -18645 9308
-15612 -32389 9508
-15611 -94679 -18107
-15610 -42357 98899
-15609 -84432 86918
-15608 -40057 4453
-15607 -5349 55787
-15606 73875 70323
-15605 67146 -72323
-15604 -98350 704
-15603 73506 -46096
-15602 53824 -42029
-15601 -68945 -83247
-15600 -36799 54966
-15599 87529 -29654
-15598 -49331 -36342
-15597 -12888 72740
-15596 71173 74607
-15595 93595 18789
-15594 6955 -12219
-15593 41131 -58498
-15592 99697 56813
-15591 -33031 36484
-15590 14072 28988
-15589 -68201 -42454
-15588 -71351 -2852
-15587 -23745 1416
-15586 -39964 7323
-15585 81471 -37204
-15584 -55916 -45923
-15583 43324 54880
-15582 -38651 -56111
-15581 -70684 -8015
-15580 51528 78707
-15579 -17650 -45768
-15578 84917 -89300
-15577 78841 -91088
-15576 -1875 -52690
-15575 59833 43385
-15574 93938 -24988
-15573 -62079 65555
-15572 -3819 -25581
-15571 38347 -13863
-15570 94425 64198
-15569 -97005 -45624
-15568 18756 -68033
-15567 48708 86758
-15566 77985 -86913
-15565 36589 -30454
-15564 -60214 11442
-15563 40573 -31667
-15562 17452 -77036
-15561 95714 -67005
-15560 -4541 38392
-15559 83656 46275
-15558 -27274 28164
-15557 19750 -15499
-15556 -16091 -89231
-15555 62048 -28291
-15554 17712 69822
-15553 84105 44662
-15552 48721 -59045
-15551 33334 32439
-15550 16281 -98853
-15549 84485 7563
-15548 -18254 87733
-15547 -99215 -32812
-15546 -26144 -94335
-15545 -45826 -3348
-15544 -14723 -35069
-15543 -25916 73525
-15542 -163 -24728
-15541 81271 99799
-15540 -84094 -74130
-15539 69895 41702
-15538 17298 -63370
-15537 53506 -59093
-15536 87802 1501
-15535 -88146 -44222
-15534 -69079 87939
-15533 -25367 -58610
-15532 -35598 79488
-15531 4591 57760
-15530 -31799 -84324
-15529 -43431 -21449
-15528 61876 36862
-15527 86286 60098
-15526 -56367 57605
-15525 5000 8317
-15524 74292 54698
-15523 91775 -83608
-15522 -30794 -5103
-15521 -53069 -67450
-15520 9262 -38478
-15519 -32697 90245
-15518 51788 -13052
-15517 -44610 -21744
-15516 -3 -80642
-15515 -25495 5845
-15514 28502 68451
-15513 -45232 89716
-15512 90978 87098
-15511 -32729 -21279
-15510 -63947 85030
-15509 -35678 -23420
-15508 -65235 99273
-15507 18600 40509
-15506 42230 -87850
-15505 15298 -83056
-15504 57238 -25319
-15503 98947 -13139
-15502 44931 -21339
-15501 -65511 -72137
-15500 -27694 -40105
-15499 -74946 73754
-15498 -80854 -39636
-15497 -55374 -81527
-15496 70906 -30620
-15495 29964 -44551
-15494 72684 41039
-15493 76986 40657
-15492 -64517 -2583
-15491 -23302 37107
-15490 -41190 -32126
-15489 -21463 -55908
-15488 -98943 -92863
-15487 48720 -24737
-15486 -91324 -97751
-15485 53386 88414
-15484 -234 -96874
-15483 26996 5396
-15482 -40230 8651
-15481 73273 -54484
-15480 66638 51797
-15479 -71835 -16938
-15478 -66462 68666
-15477 25950 -27040
-15476 -38202 49710
-15475 -44531 24089
-15474 94967 70432
-15473 -42135 7916
-15472 -80272 -13180
-15471 -91984 -81014
-15470 -70991 46926
-15469 -68570 13592
-15468 -65653 21049
-15467 -1758 -88305
-15466 -31104 28306
-15465 -47745 11258
-15464 -94488 -83892
-15463 -54982 32158
-15462 70891 -86087
-15461 -37311 50675
-15460 -94223 -25692
-15459 -29497 67292
-15458 -6834 76723
-15457 -39696 -69567
-15456 70501 -86100
-15455 5895 41926
-15454 13637 -29350
-15453 50244 31184
-15452 -40496 -22268
-15451 -56881 65408
-15450 12558 91548
-15449 -11846 25005
-15448 -86319 14833
-15447 33753 -81001
-15446 11842 23662
-15445 -10681 41323
-15444 28074 71565
-15443 -23216 -70950
-15442 -85975 23436
-15441 99431 87338
-15440 -34513 -26740
-15439 -39 -74371
-15438 -29738 -85160
-15437 -79040 18252
-15436 27579 22621
-15435 36026 -57544
-15434 -80365 -18771
-15433 -55565 -24311
-15432 -52230 73959
-15431 -16947 7730
-15430 99569 -62224
-15429 37898 96581
-15428 20781 -83804
-15427 -88712 75982
-15426 14276 -71849
-15425 -78150 8805
-15424 -36424 -78311
-15423 -24583 -31229
-15422 -64956 65145
-15421 306 -91215
-15420 -71274 -38143
-15419 70137 -34760
-15418 -18237 36435
-15417 -30559 44288
-15416 38331 99232
-15415 34155 -4763
-15414 44696 -2191
-15413 86181 69025
-15412 61692 64004
-15411 48481 3897
-15410 -30507 70516
-15409 73630 56827
-15408 -28612 -78637
-15407 -73391 -10584
-15406 95474 43674
-15405 -46344 -61775
-15404 -87895 27969
-15403 -94039 -31206
-15402 -73992 15401
-15401 70000 23909
-15400 -19079 43547
-15399 -36366 8558
-15398 20587 24535
-15397 -4854 -32922
-15396 64938 -80134
-15395 99806 -80712
-15394 27667 -70567
-15393 -40414 -45805
-15392 -74466 19026
-15391 63636 -3710
-15390 77675 -93066
-15389 -30569 54405
-15388 -37874 16410
-15387 10514 -937
-15386 -4707 -51223
-15385 -31425 92078
-15384 7200 -54307
-15383 -60982 -1638
-15382 -36788 82353
-15381 89395 82870
-15380 33419 -7071
-15379 -41068 8472
-15378 52210 -39365
-15377 99366 -56059
-15376 27521 -41865
-15375 -49701 62516
-15374 83002 1349
-15373 -44944 80472
-15372 -61845 -78256
-15371 27073 12809
-15370 -80575 -15325
-15369 -32893 -34831
-15368 -97136 52016
-15367 -8506 -37661
-15366 -12333 -77071
-15365 -75081 66174
-15364 -4156 69955
-15363 78162 -23342
-15362 91729 -17168
-15361 78110 -42973
-15360 -23874 -39833
-15359 66766 -33750
-15358 20523 -10964
-15357 -40246 89431
-15356 63830 -61811
-15355 27480 78182
-15354 -78498 55120
-15353 -27089 87351
-15352 -92590 -30189
-15351 -70776 50162
-15350 -45427 -19816
-15349 96667 -76377
-15348 -51535 35514
-15347 -44800 -38404
-15346 -80714 -34839
-15345 -82694 9940
-15344 97030 96729
-15343 -54327 16542
-15342 -24693 8904
-15341 98236 66829
-15340 15229 70278
-15339 91903 -81187
-15338 -35532 25656
-15337 -20339 -8378
-15336 -60728 -21837
-15335 55407 81822
-15334 10829 10664
-15333 21436 75218
-15332 13131 9210
-15331 -92416 -87692
-15330 -98522 58050
-15329 -84583 -6883
-15328 25366 31468
-15327 -31079 -89725
-15326 75836 -50900
-15325 34055 73642
-15324 27126 -29331
-15323 -57135 -1189
-15322 46473 -98074
-15321 53065 -61409
-15320 -25800 22106
-15319 81783 82033
-15318 -38187 -95213
-15317 83554 -46786
-15316 63291 -8953
-15315 -77877 14803
-15314 -28391 -91087
-15313 -3612 -24055
-15312 70527 6395
-15311 33253 57900
-15310 -1363 63606
-15309 66399 4684
-15308 49522 61914
-15307 -56900 38511
-15306 -75153 -74761
-15305 -99253 -29400
-15304 86818 64897
-15303 9500 -65696
-15302 41832 -49732
-15301 34282 -62891
-15300 -82461 34820
-15299 -41903 -63321
-15298 -97895 -56286
-15297 -12837 77916
-15296 42533 -20555
-15295 -55681 98625
-15294 81262 -2740
-15293 75774 -83976
-15292 46703 -90193
-15291 92805 -76233
-15290 -97468 -12326
-15289 -6172 58317
-15288 -3762 6480
-15287 89375 41653
-15286 56877 34848
-15285 12964 80248
-15284 15649 -78047
-15283 -30320 25149
-15282 99404 -50972
-15281 -35580 18084
-15280 -48627 -28107
-15279 -42763 41596
-15278 -49080 10013
-15277 -38869 57909
-15276 -78514 34089
-15275 -86042 49375
-15274 -23470 14525
-15273 -24686 -99276
-15272 -17604 6498
-15271 -4250 -16243
-15270 43683 25718
-15269 63550 -80228
-15268 -7280 19989
-15267 21621 94346
-15266 91448 -55700
-15265 57456 -72601
-15264 30137 19423
-15263 -73777 -76785
-15262 -33033 -49884
-15261 -9412 89163
-15260 73713 -8960
-15259 15218 17822
-15258 75704 -49952
-15257 -63545 51267
-15256 98043 15078
-15255 70438 -82308
-15254 -32948 -20180
-15253 -83218 -35039
-15252 -34410 63935
-15251 30197 -51201
-15250 77533 25782
-15249 -89394 -45516
-15248 -57065 24040
-15247 -93420 -5515
-15246 22634 18248
-15245 67677 22405
-15244 68661 61219
-15243 19028 8275
-15242 -89086 40207
-15241 62612 -26891
-15240 27308 -59395
-15239 72070 -51478
-15238 66599 52586
-15237 -56529 -27821
-15236 59536 70300
-15235 18269 -38461
-15234 -64263 54522
-15233 35042 -61265
-15232 -24051 32926
-15231 -9896 -20313
-15230 92134 -13129
-15229 69407 62198
-15228 -80649 26741
-15227 -93098 -4837
-15226 -31926 -62247
-15225 -41639 -59454
-15224 62422 -57279
-15223 52126 -43144
-15222 24326 89660
-15221 77767 60291
-15220 55931 -15008
-15219 -74085 81125
-15218 -51312 83708
-15217 3174 24939
-15216 54589 14941
-15215 70116 -91616
-15214 39785 -90999
-15213 82671 29363
-15212 -48056 -22150
-15211 60599 67149
-15210 -92960 -72028
-15209 67593 77431
-15208 -80096 21398
-15207 89365 44062
-15206 97462 -98083
-15205 32089 -42190
-15204 10624 -15692
-15203 76144 79853
-15202 -35203 19371
-15201 -72059 -61296
-15200 -72792 19658
-15199 41441 -21741
-15198 -10514 -35247
-15197 35995 70476
-15196 92220 43842
-15195 83472 24222
-15194 -96419 59449
-15193 84253 -71805
-15192 69724 -89037
-15191 -87222 90136
-15190 22326 -14616
-15189 -15463 78123
-15188 -28044 17808
-15187 58423 -96113
-15186 -10480 55943
-15185 -1025 5949
-15184 -60810 12262
-15183 42061 -65429
-15182 22901 -63850
-15181 -21729 -33891
-15180 64610 2227
-15179 -25439 99520
-15178 -24271 -10651
-15177 28962 -71510
-15176 -18441 83104
-15175 -21024 -21313
-15174 42637 -1458
-15173 83076 43360
-15172 -44534 -24835
-15171 19668 -65235
-15170 69590 60117
-15169 -76590 58408
-15168 96607 -56819
-15167 25140 53198
-15166 8075 99635
-15165 49292 -69285
-15164 -91745 73791
-15163 96385 44225
-15162 48403 -38101
-15161 -70109 -1234
-15160 28109 -15028
-15159 72308 -61414
-15158 -6282 81904
-15157 -79429 -86323
-15156 91092 7270
-15155 -46870 -74587
-15154 -62431 40816
-15153 53764 -52166
-15152 -76393 -35677
-15151 -25528 2131
-15150 -48382 35795
-15149 16840 -78066
-15148 97506 63731
-15147 76587 -54466
-15146 69352 -57827
-15145 -46934 80602
-15144 -29408 -27826
-15143 -75153 9955
-15142 -19405 -14171
-15141 60136 -51357
-15140 96495 -86052
-15139 -81192 29229
-15138 65182 -93223
-15137 -53170 -94681
-15136 24031 -49639
-15135 -31245 -48184
-15134 -63155 48439
-15133 -7575 456
-15132 35769 -71792
-15131 -86430 -20574
-15130 -27680 -90833
-15129 -52212 -13917
-15128 13981 27325
-15127 -81890 34733
-15126 -31802 84268
-15125 8544 7365
-15124 -80961 -9402
-15123 46817 -86066
-15122 76902 -844
-15121 -75383 54649
-15120 -30289 -99137
-15119 59987 -88684
-15118 -67092 84164
-15117 56710 -61545
-15116 -74287 -63695
-15115 71715 6866
-15114 3077 83241
-15113 33335 -54013
-15112 -78194 -3409
-15111 32975 18517
-15110 62966 -45319
-15109 -57110 -27468
-15108 5998 -87219
-15107 -13882 41456
-15106 -58565 65502
-15105 22710 -67583
-15104 53716 -30969
-15103 -60000 69745
-15102 -36220 -8870
-15101 -96962 69337
-15100 -22511 60247
-15099 85790 -42427
-15098 94959 -99790
-15097 -90656 -64410
-15096 -53189 -97939
-15095 26182 89937
-15094 -2113 -90116
-15093 28601 40607
-15092 98957 -37800
-15091 37681 -14790
-15090 -4501 -11018
-15089 55071 -44746
-15088 15985 3408
-15087 20272 51692
-15086 98387 10958
-15085 19870 -87022
-15084 -25132 -40737
-15083 55930 -74738
-15082 27135 82385
-15081 79256 50662
-15080 -43014 85430
-15079 -63848 33660
-15078 -1687 -86925
-15077 -32763 -22357
-15076 -1786 -60921
-15075 89317 45196
-15074 89654 89456
-15073 -95885 -455
-15072 13382 91414
-15071 19371 -38470
-15070 30534 82468
-15069 32652 24325
-15068 66378 41756
-15067 10859 21566
-15066 1954 43025
-15065 14898 15990
-15064 19107 -86485
-15063 63639 -79381
-15062 -36104 -44239
-15061 -11693 87787
-15060 -30796 -45988
-15059 -1149 69181
-15058 5452 91533
-15057 -62365 -21080
-15056 14116 14692
-15055 -97917 39447
-15054 59647 -46539
-15053 -87302 52535
-15052 61051 -24123
-15051 -54201 50901
-15050 75801 91434
-15049 -30806 -66568
-15048 -5115 -47129
-15047 -55582 17307
-15046 58482 42439
-15045 37589 -17845
-15044 -6650 -15734
-15043 -32431 -65282
-15042 98403 -8395
-15041 -71056 17908
-15040 -79196 -40482
-15039 68473 -33369
-15038 -62508 -44174
-15037 33610 -11633
-15036 -58820 -30519
-15035 -88149 45081
-15034 -90190 -92084
-15033 66492 -63718
-15032 -85865 12852
-15031 -13121 -70976
-15030 58830 78934
-15029 4855 28887
-15028 26544 1757
-15027 -17812 -98634
-15026 31951 32862
-15025 -7386 35323
-15024 32216 -39559
-15023 -63356 -38906
-15022 -80825 35114
-15021 88346 -27752
-15020 51353 -63210
-15019 -97837 -31151
-15018 35127 21792
-15017 55139 -90480
-15016 98322 47959
-15015 9881 -13710
-15014 54575 9936
-15013 -63552 -26154
-15012 -38146 90206
-15011 8411 -79129
-15010 59399 -9527
-15009 -51117 58209
-15008 -26344 7417
-15007 29608 -56366
-15006 27664 -48037
-15005 -62812 -19483
-15004 -23713 -25682
-15003 11370 -66204
-15002 -13087 26254
-15001 51011 -32700
-15000 30421 -83548
-14999 23437 57954
-14998 60943 -17695
-14997 80700 -26934
-14996 24132 -90629
-14995 92372 -1546
-14994 -48847 52854
-14993 -28998 17010
-14992 -20351 4491
-14991 -85448 17039
-14990 60735 24328
-14989 52927 -76345
-14988 -95238 -90831
-14987 -31456 -9684
-14986 -533 -97381
-14985 98654 68319
-14984 -95230 25739
-14983 96785 -18491
-14982 -80459 62691
-14981 79249 17439
-14980 -51188 -20257
-14979 -96067 -58278
-14978 7514 66548
-14977 82774 -52565
-14976 -78805 -40519
-14975 63480 -21172
-14974 -71846 10611
-14973 45349 -76881
-14972 71264 -60739
-14971 80468 18759
-14970 13628 60784
-14969 15158 57603
-14968 86571 -82194
-14967 -89086 -53710
-14966 47262 -92627
-14965 -55064 -16426
-14964 12698 27445
-14963 -56918 42123
-14962 87386 94711
-14961 -74001 -63464
-14960 39902 -56756
-14959 67703 -74506
-14958 23696 -68066
-14957 53318 11153
-14956 80737 -22561
-14955 8332 -87727
-14954 9948 -96562
-14953 -67610 -25874
-14952 27362 31078
-14951 -89314 -7576
-14950 51370 -75592
-14949 46687 -82914
-14948 -37992 99323
-14947 -98776 -58708
-14946 42204 93356
-14945 -38604 -73109
-14944 58300 -15392
-14943 60718 -58432
-14942 -84532 -25501
-14941 87585 56842
-14940 -86783 -81284
-14939 90155 52255
-14938 69743 4821
-14937 46915 38673
-14936 11249 -57667
-14935 77041 -49278
-14934 6971 32672
-14933 81354 -84113
-14932 -4571 55087
-14931 92476 -26853
-14930 2403 -60368
-14929 42408 96097
-14928 -69542 -88010
-14927 -99909 -56631
-14926 -93597 69479
-14925 81213 29958
-14924 -26190 -62231
-14923 23556 48964
-14922 -76449 -43742
-14921 8936 -52989
-14920 -36292 -3724
-14919 -28715 64874
-14918 -31658 45503
-14917 -74334 -86445
-14916 77957 -51963
-14915 43515 -28321
-14914 -484 -94037
-14913 766 -39336
-14912 32202 -62214
-14911 43712 60262
-14910 2599 21173
-14909 -142 11644
-14908 14326 -83038
-14907 -78501 -24405
-14906 -38344 58824
-14905 8382 63291
-14904 -33119 16474
-14903 21074 16545
-14902 85394 60865
-14901 -6333 94901
-14900 44419 54898
-14899 -10005 -64744
-14898 73983 -30636
-14897 -72549 -5949
-14896 4989 -51829
-14895 63867 -56573
-14894 8778 -50820
-14893 -37002 -13059
-14892 20222 -67942
-14891 16432 93305
-14890 -35550 30309
-14889 95828 11984
-14888 -18814 62944
-14887 93457 10501
-14886 -29303 -97852
-14885 -57903 8610
-14884 -17456 77259
-14883 79767 -46601
-14882 25710 -72913
-14881 88008 -74217
-14880 -42830 -63572
-14879 91982 54419
-14878 61335 22064
-14877 27152 -63068
-14876 78979 41099
-14875 -41720 -73774
-14874 50225 1383
-14873 -82879 69769
-14872 -83514 81427
-14871 -7419 -14896
-14870 -64915 67216
-14869 -82210 -16397
-14868 21800 -54868
-14867 -45508 65182
-14866 45597 93224
-14865 25966 -81223
-14864 -34749 23615
-14863 98308 56006
-14862 -32707 25431
-14861 12676 63595
-14860 -86876 -4315
-14859 39649 49462
-14858 47134 48384
-14857 -25816 -95533
-14856 16641 -59240
-14855 36863 -42149
-14854 -6228 56585
-14853 88963 40739
-14852 -43061 -5354
-14851 90462 -84392
-14850 54991 -40470
-14849 41794 82294
-14848 9775 88557
-14847 13216 54635
-14846 -38412 -41634
-14845 73089 -35953
-14844 14844 -8605
-14843 -20858 3477
-14842 29075 -54093
-14841 -2889 16530
-14840 -84254 -52873
-14839 27816 -63726
-14838 67860 43046
-14837 30518 -50105
-14836 62253 81062
-14835 -98282 -78513
-14834 40311 -84805
-14833 -7575 -47535
-14832 -17212 -82371
-14831 -74430 37481
-14830 28109 -90369
-14829 -86385 -80366
-14828 63398 16077
-14827 -80453 78322
-14826 5057 22781
-14825 -86666 -86496
-14824 -64849 -7899
-14823 14490 -99613
-14822 -90815 40182
-14821 -42819 -56738
-14820 21617 -45401
-14819 -7196 93603
-14818 -33581 79182
-14817 -57058 -69065
-14816 -51802 -44907
-14815 -90566 56389
-14814 91029 87854
-14813 -75076 65850
-14812 -84286 -25109
-14811 69451 -92711
-14810 65092 57705
-14809 -86654 -34829
-14808 -23926 -8622
-14807 -70018 -1661
-14806 -78147 -66938
-14805 49621 18148
-14804 -61643 -72519
-14803 54930 14775
-14802 35693 92962
-14801 44470 -46169
-14800 83768 23513
-14799 99653 -45221
-14798 -87620 -41675
-14797 412 17913
-14796 38855 -63929
-14795 -45384 -7612
-14794 -90951 -18702
-14793 33955 -65422
-14792 52617 53483
-14791 -47968 -86805
-14790 65129 -47598
-14789 71487 96550
-14788 90311 -57680
-14787 33130 -48717
-14786 99845 -56048
-14785 -75360 50895
-14784 48788 14326
-14783 1890 6086
-14782 26745 67053
-14781 -77833 -60737
-14780 21744 54213
-14779 -75325 -45587
-14778 13287 -81961
-14777 -43754 -2368
-14776 -35855 67731
-14775 -26500 9138
-14774 -78028 -18401
-14773 -26173 76070
-14772 57595 88238
-14771 22484 -62543
-14770 97240 43174
-14769 -20451 83272
-14768 -65636 13396
-14767 11831 -99214
-14766 -79455 20875
-14765 90312 -31663
-14764 -57545 -30439
-14763 86353 -45727
-14762 80783 -80236
-14761 67614 84609
-14760 88983 24646
-14759 -97087 36430
-14758 -16827 -37201
-14757 67527 -83210
-14756 -19829 -69686
-14755 63950 13409
-14754 -765 88402
-14753 -30179 99934
-14752 25131 -59811
-14751 24181 31641
-14750 92056 -14016
-14749 -84514 71781
-14748 28304 -34427
-14747 72510 -57874
-14746 88143 39015
-14745 66820 -81014
-14744 51734 55320
-14743 63945 25155
-14742 34537 32449
-14741 47887 33710
-14740 -16580 -22647
-14739 38646 -48875
-14738 86631 50157
-14737 -80267 -970
-14736 -83943 -52093
-14735 -34225 -4791
-14734 -75376 43889
-14733 46742 43929
-14732 -24228 -4901
-14731 24956 -81129
-14730 33862 11932
-14729 32442 18217
-14728 28903 41710
-14727 48644 51550
-14726 22655 -27464
-14725 22486 -37160
-14724 48446 99510
-14723 89438 65162
-14722 -95740 -60704
-14721 -13833 -94677
-14720 -63760 -66514
-14719 -29720 -23782
-14718 -33877 3040
-14717 -89989 85825
-14716 76501 43148
-14715 67969 -27231
-14714 49222 -52454
-14713 45527 92837
-14712 -47285 -41502
-14711 2243 -99309
-14710 30197 -35866
-14709 -25668 -5376
-14708 -98566 -99563
-14707 -82848 96152
-14706 -49105 -92019
-14705 -62989 91516
-14704 57656 39655
-14703 76603 -54619
-14702 30804 -25455
-14701 953 -75263
-14700 42725 -25175
-14699 29905 -73561
-14698 81706 -43885
-14697 -74171 -27362
-14696 -63306 62241
-14695 62348 -90655
-14694 -38446 95951
-14693 -67648 79528
-14692 53051 -54703
-14691 23552 -39892
-14690 -82405 -5357
-14689 -54636 -69261
-14688 43742 -18224
-14687 -5239 -65443
-14686 59706 47423
-14685 -17890 46740
-14684 47243 53809
-14683 75219 51892
-14682 54029 -65625
-14681 36272 -97304
-14680 40552 62408
-14679 66396 -18676
-14678 -41471 71662
-14677 38622 -20997
-14676 62974 46095
-14675 -84566 39682
-14674 69832 -63741
-14673 36161 -59218
-14672 -99784 -60612
-14671 59126 15177
-14670 7398 -19798
-14669 55119 -92403
-14668 11929 58042
-14667 57838 -15791
-14666 -1581 97263
-14665 50584 24092
-14664 56049 52788
-14663 42235 81524
-14662 65249 2257
-14661 70294 45175
-14660 82687 56188
-14659 12442 -3092
-14658 54027 -92732
-14657 -25928 21551
-14656 64785 22080
-14655 -93074 30085
-14654 90860 60908
-14653 67412 958
-14652 69102 -93652
-14651 -67443 58828
-14650 99519 -39271
-14649 -65583 -90333
-14648 -28481 34841
-14647 56585 15470
-14646 -18265 21050
-14645 2207 -16254
-14644 94880 -59252
-14643 -81070 34067
-14642 84983 -3322
-14641 63852 -12392
-14640 7352 14792
-14639 46666 35838
-14638 55869 -8139
-14637 -23642 35235
-14636 4628 79003
-14635 -85521 -2399
-14634 8833 -12028
-14633 -59742 -884
-14632 9104 -2016
-14631 49437 -73742
-14630 33206 55170
-14629 -22814 -24249
-14628 13426 -39883
-14627 -70966 -65388
-14626 -22875 66211
-14625 90102 -55833
-14624 -64834 14805
-14623 99694 -8075
-14622 -51726 99985
-14621 85678 29096
-14620 12840 -34952
-14619 33416 97272
-14618 -65785 -91906
-14617 -46831 -2344
-14616 -93383 1003
-14615 -7918 -10452
-14614 -9037 -60620
-14613 -96056 75735
-14612 68341 30333
-14611 98313 -18846
-14610 -15673 41115
-14609 85518 -19182
-14608 -25807 67684
-14607 3160 56906
-14606 -44428 -38426
-14605 -4797 10742
-14604 -19666 -63353
-14603 96301 -98462
-14602 12485 34761
-14601 -4221 -40454
-14600 8508 -78682
-14599 98195 -95277
-14598 82201 24292
-14597 53346 -5916
-14596 11366 -12198
-14595 -56185 -83934
-14594 -8654 -1461
-14593 -35380 -82112
-14592 47044 69994
-14591 38270 -12863
-14590 -42492 27081
-14589 -64067 -35090
-14588 -89161 55267
-14587 45467 48498
-14586 -24361 -52899
-14585 42958 90736
-14584 -21856 11172
-14583 18027 91261
-14582 -68397 95592
-14581 10089 -42902
-14580 -87248 55339
-14579 -77763 74404
-14578 38215 93005
-14577 -71959 22463
-14576 -17475 -52720
-14575 -82085 -65580
-14574 12190 87213
-14573 49830 14746
-14572 88692 -78206
-14571 71958 83942
-14570 -1426 10881
-14569 -98387 47196
-14568 77062 41194
-14567 55909 2551
-14566 -34904 -28839
-14565 42969 -8120
-14564 97792 -33080
-14563 -57018 54104
-14562 -26457 -46044
-14561 86205 -83593
-14560 58869 -9593
-14559 14629 32809
-14558 -65361 -62917
-14557 48802 -89539
-14556 72444 21229
-14555 50402 26899
-14554 62061 17941
-14553 -74831 37873
-14552 -22852 77434
-14551 -71978 -45112
-14550 22638 -31394
-14549 -62942 -97356
-14548 12089 -67253
-14547 33553 30492
-14546 18569 41794
-14545 -87047 -72573
-14544 3841 -44230
-14543 -78653 57165
-14542 1803 26659
-14541 45700 72649
-14540 13228 -99458
-14539 36710 23011
-14538 -47159 -19714
-14537 15077 -30880
-14536 59301 -86212
-14535 97693 42223
-14534 -17098 -60370
-14533 3707 71827
-14532 23070 -60591
-14531 -81566 -38556
-14530 -85405 20293
-14529 -69960 -2546
-14528 -19149 -25913
-14527 -92381 -56048
-14526 14878 61547
-14525 -81244 74637
-14524 -9016 25196
-14523 -27411 -94608
-14522 -87039 -35868
-14521 -17052 74215
-14520 81124 -31999
-14519 -81443 -60103
-14518 -17604 -83080
-14517 -11686 -47715
-14516 52901 18111
-14515 25340 -14326
-14514 -3037 16507
-14513 80921 51892
-14512 -56562 72216
-14511 90672 -89478
-14510 -59245 47995
-14509 -95148 53108
-14508 -63047 -35853
-14507 -37042 24953
-14506 -82373 -91308
-14505 70843 -2908
-14504 -20670 83564
-14503 -7203 -17002
-14502 82630 53074
-14501 -99462 18330
-14500 2455 9414
-14499 -94766 -19936
-14498 -57045 44515
-14497 -24217 87101
-14496 7064 73731
-14495 59086 -77201
-14494 74943 96675
-14493 -35993 -7947
-14492 -44130 -13104
-14491 -5567 -80938
-14490 88568 29003
-14489 -77281 -28941
-14488 -83004 -9392
-14487 -73405 -45466
-14486 -91803 59779
-14485 -4664 -48898
-14484 -31075 61824
-14483 -36359 -24435
-14482 -33694 -45743
-14481 15513 34460
-14480 68079 38904
-14479 54416 34697
-14478 -23809 -17023
-14477 -7677 -93570
-14476 20658 -72815
-14475 17753 44553
-14474 38837 21751
-14473 27405 -12771
-14472 63843 -11867
-14471 1936 -89923
-14470 -74621 -17842
-14469 -70335 -92476
-14468 -10203 -36340
-14467 93926 -1011
-14466 -54737 -13477
-14465 -23230 -89491
-14464 34225 -38839
-14463 59425 87978
-14462 -85644 14250
-14461 -19922 -74042
-14460 -73637 -14056
-14459 72159 -56688
-14458 -12345 97955
-14457 -95166 38120
-14456 -9499 52218
-14455 -65882 84536
-14454 -42961 98307
-14453 24815 -23728
-14452 -56600 54977
-14451 74999 51076
-14450 13820 -31322
-14449 -26152 70653
-14448 -30484 20091
-14447 -88106 5587
-14446 -37514 73375
-14445 83382 60675
-14444 -5637 34841
-14443 -8351 37021
-14442 -85226 42291
-14441 -55952 62150
-14440 -82739 -11464
-14439 -93288 -65142
-14438 94695 -66944
-14437 -12339 -76182
-14436 -60479 10911
-14435 80036 -39707
-14434 -77912 39250
-14433 -79303 -59041
-14432 -98546 -48780
-14431 -18687 -36436
-14430 25683 69510
-14429 -9823 29930
-14428 67735 -42676
-14427 -54391 -31383
-14426 89598 -12300
-14425 50176 38059
-14424 83695 -62011
-14423 56220 -74130
-14422 -31633 -18780
-14421 -96367 -45433
-14420 -43626 20535
-14419 4350 -58248
-14418 15765 95685
-14417 38650 87391
-14416 -1463 -54024
-14415 37376 51474
-14414 -7079 -42946
-14413 10925 -39861
-14412 -52249 -66482
-14411 -42589 -53092
-14410 -71321 52120
-14409 75107 22986
-14408 59231 -75003
-14407 93769 -56303
-14406 -2831 -72779
-14405 -82770 -24333
-14404 -24570 -23576
-14403 -12218 -52346
-14402 -17654 -81507
-14401 -85654 -75107
-14400 -25651 -36956
-14399 40883 91254
-14398 -18676 -24517
-14397 -14208 63305
-14396 40933 11582
-14395 -84159 -74875
-14394 94929 53965
-14393 -31834 87984
-14392 -65300 -92953
-14391 -59185 79111
-14390 94745 66226
-14389 83077 -16474
-14388 -47288 -73265
-14387 11990 84128
-14386 91073 -5781
-14385 54193 13185
-14384 58707 -40547
-14383 18674 -11175
-14382 47415 -93591
-14381 15979 -69288
-14380 -80710 64041
-14379 3682 9312
-14378 -63089 78646
-14377 -87916 -40096
-14376 8937 -7850
-14375 -73204 -24706
-14374 -18512 47054
-14373 94845 84992
-14372 20217 1039
-14371 -50918 -13593
-14370 55881 -34290
-14369 87727 75026
-14368 -17902 -21109
-14367 -57317 -67831
-14366 2787 95894
-14365 -89185 -10797
-14364 53674 -35326
-14363 -33054 86778
-14362 23082 -7917
-14361 20111 38594
-14360 -20031 -80169
-14359 84426 12025
-14358 29212 -85131
-14357 -44547 58881
-14356 -96585 -43526
-14355 -72445 56331
-14354 59733 48482
-14353 60479 -67843
-14352 -6704 -97793
-14351 68133 -64948
-14350 48559 37845
-14349 78807 -65763
-14348 99257 -45840
-14347 -83859 -20476
-14346 28101 -65411
-14345 45165 -62744
-14344 72523 -28237
-14343 53958 98468
-14342 55602 22251
-14341 -76674 -68111
-14340 59120 -40689
-14339 -63311 -98175
-14338 19701 -71744
-14337 71263 26857
-14336 -20968 -68902
-14335 35657 41301
-14334 -60309 55681
-14333 60600 58980
-14332 -40999 33956
-14331 92098 -95194
-14330 24926 39230
-14329 7728 -81930
-14328 -94896 -81360
-14327 -75776 59678
-14326 -87392 85965
-14325 84976 95877
-14324 3486 65388
-14323 -32760 -89466
-14322 32178 85796
-14321 94990 -76867
-14320 81896 33128
-14319 95799 52437
-14318 94821 68072
-14317 -43476 -84052
-14316 77727 5368
-14315 66249 43647
-14314 23970 64916
-14313 19704 50732
-14312 79258 -92969
-14311 1111 -94729
-14310 48264 16038
-14309 15068 87109
-14308 32500 -35516
-14307 -55784 -83351
-14306 68926 -55511
-14305 -609 -89711
-14304 78278 -8084
-14303 -88681 65183
-14302 -45266 50458
-14301 35762 26334
-14300 -78290 -73193
-14299 80870 74159
-14298 3211 -3363
-14297 37865 -79728
-14296 80950 94997
-14295 -89316 -9041
-14294 -65167 66233
-14293 26606 43533
-14292 45437 -60779
-14291 -80544 -51189
-14290 -29299 -36004
-14289 -61497 -74646
-14288 47095 -36048
-14287 -90171 92958
-14286 50028 -2861
-14285 70171 95559
-14284 -3443 -641
-14283 -90632 -16400
-14282 92655 50061
-14281 63948 -31687
-14280 96506 21820
-14279 -41429 14549
-14278 5488 11689
-14277 22385 -94819
-14276 -71117 32428
-14275 -94240 69605
-14274 39004 17318
-14273 22558 20198
-14272 -29064 43100
-14271 -95839 32722
-14270 55919 90725
-14269 22215 23966
-14268 -28037 3157
-14267 30940 -67922
-14266 22304 -60663
-14265 60761 -78031
-14264 74762 -33019
-14263 57465 54879
-14262 -80455 -37538
-14261 -40483 73534
-14260 -20802 47827
-14259 -2978 66331
-14258 -91423 -38163
-14257 -52159 -15946
-14256 -74476 -15098
-14255 -66489 24718
-14254 55501 35674
-14253 42454 32732
-14252 -91900 21451
-14251 -8760 -8473
-14250 -34561 -20010
-14249 -3107 -76430
-14248 -67397 24860
-14247 -93829 77980
-14246 34524 76790
-14245 43768 92091
-14244 -64990 43416
-14243 25109 29401
-14242 60048 -33212
-14241 -21371 77510
-14240 -10175 -74979
-14239 72762 -68437
-14238 -51401 7685
-14237 -55944 67127
-14236 61231 -54334
-14235 26078 64267
-14234 78516 38744
-14233 -5946 65382
-14232 -47113 68337
-14231 75598 32694
-14230 -92465 39217
-14229 -67532 -50806
-14228 96455 98231
-14227 62752 30010
-14226 85143 8742
-14225 92731 97468
-14224 -5580 61368
-14223 48907 -13127
-14222 -13428 -74810
-14221 50904 60
-14220 -24069 72172
-14219 -18236 15367
-14218 -64032 -61820
-14217 23358 -49128
-14216 -14614 12473
-14215 -41742 -98155
-14214 63712 5209
-14213 -16079 -20871
-14212 8389 -29604
-14211 -94758 -57171
-14210 -41313 9373
-14209 66038 27376
-14208 -11753 61090
-14207 95469 -51522
-14206 -98099 -86126
-14205 -33333 -90055
-14204 57700 30966
-14203 -4770 7398
-14202 -55696 50598
-14201 -59538 37436
-14200 3668 -56966
-14199 -41312 -84898
-14198 91676 80587
-14197 -21844 -26343
-14196 -81307 52354
-14195 69204 -6999
-14194 -51427 15662
-14193 8589 -13564
-14192 -77512 -60546
-14191 -31777 40306
-14190 53769 -70382
-14189 92198 76217
-14188 -11968 -30568
-14187 27749 -10478
-14186 81736 -77246
-14185 27639 -14875
-14184 52240 62111
-14183 -39624 56523
-14182 82145 44580
-14181 99003 -21725
-14180 -55834 95705
-14179 -38273 -35823
-14178 26914 -71191
-14177 36260 52804
-14176 99412 -99192
-14175 80329 22558
-14174 78088 28143
-14173 90359 19631
-14172 2803 -65994
-14171 -61994 41236
-14170 -67034 -84102
-14169 39396 -66063
-14168 -99771 -77566
-14167 19579 -34909
-14166 -53511 32971
-14165 -93590 -61893
-14164 81165 -87525
-14163 -53327 42463
-14162 -8566 -11929
-14161 55683 -65788
-14160 93177 96101
-14159 -47346 74902
-14158 37133 -62936
-14157 -44266 89400
-14156 -27754 -91856
-14155 79750 17888
-14154 -77510 -66669
-14153 -59446 90624
-14152 -21789 -31272
-14151 42045 -28878
-14150 10414 -30391
-14149 -83106 84825
-14148 83357 -25910
-14147 -97841 -98075
-14146 4402 96076
-14145 -93652 -64330
-14144 36111 -17215
-14143 -22736 2117
-14142 -95616 -87816
-14141 73680 62256
-14140 -22104 -65978
-14139 51012 32772
-14138 -57585 33424
-14137 21384 99970
-14136 81955 90137
-14135 51800 19244
-14134 -30112 -29025
-14133 68585 23234
-14132 82354 96342
-14131 -21489 96119
-14130 -33207 57359
-14129 -15467 56348
-14128 -83467 -76233
-14127 70222 -7275
-14126 59216 75758
-14125 -85288 -19763
-14124 17055 -68782
-14123 22819 -30943
-14122 -31477 -33971
-14121 78193 -47192
-14120 -49990 39022
-14119 -2834 50898
-14118 -5514 -21466
-14117 -45132 -99348
-14116 21322 -85868
-14115 -11649 43193
-14114 14000 -39546
-14113 33450 51403
-14112 34753 -96733
-14111 -17015 32835
-14110 94368 19420
-14109 -49126 -9972
-14108 83444 -10962
-14107 35657 -93822
-14106 -84273 64977
-14105 -62390 -79738
-14104 -96236 -22547
-14103 70840 -89547
-14102 20167 -35604
-14101 -15870 66708
-14100 71565 16471
-14099 -59070 90468
-14098 -89668 -82101
-14097 28426 -52675
-14096 84092 46908
-14095 -5729 -65106
-14094 80683 22216
-14093 75753 -10016
-14092 98617 -72572
-14091 79272 -12527
-14090 77908 -41582
-14089 -9402 -39914
-14088 52839 -84510
-14087 25929 49230
-14086 95576 63757
-14085 -22992 -82518
-14084 -70668 -20851
-14083 22024 -46472
-14082 -88527 -21298
-14081 -59440 21919
-14080 51646 -56856
-14079 -62315 -18917
-14078 -82304 28297
-14077 43808 -96063
-14076 -23438 29452
-14075 66698 -42561
-14074 230 89257
-14073 -56329 -25899
-14072 64573 83705
-14071 -74552 -24317
-14070 -82867 9380
-14069 81479 12973
-14068 -8822 -82892
-14067 -11280 2621
-14066 -75361 85317
-14065 -83578 -95788
-14064 70508 -36544
-14063 -11406 -59416
-14062 69266 -13289
-14061 66321 -85847
-14060 90621 16775
-14059 10241 20909
-14058 -46635 30235
-14057 -93888 -3679
-14056 -67500 84284
-14055 -21699 42145
-14054 56643 31617
-14053 -37113 -33065
-14052 22712 74908
-14051 -15374 12663
-14050 -46970 -85977
-14049 -44933 63607
-14048 -74848 -48135
-14047 29825 -99913
-14046 17712 -29995
-14045 97491 -17680
-14044 28006 -14792
-14043 48630 -49507
-14042 99638 62985
-14041 12404 29836
-14040 -31617 34062
-14039 -9112 -42752
-14038 5727 -33118
-14037 -72050 66366
-14036 -26436 -41917
-14035 44936 95207
-14034 80950 -71951
-14033 43630 -76992
-14032 -43042 38281
-14031 78577 34129
-14030 -38596 -68578
-14029 20563 -43718
-14028 82310 54585
-14027 -78106 13924
-14026 -50319 -31558
-14025 -92219 -17928
-14024 17106 -2250
-14023 -41763 -59033
-14022 6362 96077
-14021 -87969 -81490
-14020 21256 95839
-14019 -51886 -46890
-14018 -64327 -15721
-14017 66867 59513
-14016 -27145 99913
-14015 -75984 86688
-14014 -36639 -96177
-14013 32755 -79152
-14012 -33984 80781
-14011 -46365 -62037
-14010 23622 74530
-14009 23726 31689
-14008 64086 -95915
-14007 60426 77714
-14006 47642 93051
-14005 -91368 66656
-14004 34607 27222
-14003 -51205 -15508
-14002 98530 -45044
-14001 69382 46450
-14000 7789 -67381
-13999 42482 -45385
-13998 -40492 -8319
-13997 -1175 -93967
-13996 -42673 71525
-13995 -19136 -64717
-13994 -70489 12004
-13993 46801 -47318
-13992 84549 -88045
-13991 -95207 34052
-13990 79170 -59437
-13989 -21687 41498
-13988 56754 -20263
-13987 -51732 -25575
-13986 -40265 -16397
-13985 97174 -13692
-13984 -37577 -42274
-13983 -85601 -53046
-13982 68034 65189
-13981 24613 81300
-13980 71341 50682
-13979 -69204 -18213
-13978 -67698 76673
-13977 56803 -52148
-13976 -82095 -53619
-13975 -45240 53143
-13974 -48722 -90626
-13973 19070 27553
-13972 31138 51759
-13971 16722 30816
-13970 -76895 -27036
-13969 -38339 -26477
-13968 -20330 71242
-13967 -99253 40430
-13966 14213 -42836
-13965 19282 54778
-13964 34655 -1960
-13963 -38013 44573
-13962 93519 73478
-13961 -17749 -70280
-13960 86812 63706
-13959 -16586 -24338
-13958 869 47752
-13957 -94151 -81003
-13956 -15229 29416
-13955 54216 63108
-13954 46783 -59976
-13953 38132 -34203
-13952 98588 -95150
-13951 76761 -81633
-13950 2101 3216
-13949 30737 61229
-13948 -2494 34981
-13947 32789 48995
-13946 20769 79884
-13945 -81603 29331
-13944 55220 -37473
-13943 -17298 34524
-13942 -49540 45249
-13941 14906 -51958
-13940 9347 83316
-13939 54078 -14663
-13938 -368 -29021
-13937 86235 27243
-13936 74291 24780
-13935 20134 -84372
-13934 -6255 89901
-13933 -99375 79071
-13932 82806 -9409
-13931 -79656 -91843
-13930 -24211 34615
-13929 -52609 -76015
-13928 51210 19597
-13927 84305 -51142
-13926 -78026 66213
-13925 -37947 -83651
-13924 15890 23121
-13923 39588 -24540
-13922 4954 49726
-13921 90637 -32774
-13920 -7278 78281
-13919 -67585 -32265
-13918 -44624 -3492
-13917 53561 -65167
-13916 84419 49637
-13915 -62956 -60298
-13914 -3315 25372
-13913 94638 -33335
-13912 -99521 76333
-13911 -19352 32716
-13910 25602 -20877
-13909 -74223 49303
-13908 -11965 38658
-13907 -6809 14189
-13906 26521 -92251
-13905 -37626 -30039
-13904 74648 -61200
-13903 32058 -23164
-13902 77081 -66323
-13901 70620 87529
-13900 -58206 71484
-13899 1637 61929
-13898 -35693 -6465
-13897 -66125 47411
-13896 85921 13402
-13895 33291 -74802
-13894 8393 56277
-13893 68312 40717
-13892 18323 7659
-13891 -59902 27181
-13890 69920 -59003
-13889 50501 38928
-13888 -20367 59552
-13887 -62024 71855
-13886 95923 -31928
-13885 -18327 94631
-13884 94035 37248
-13883 71603 31193
-13882 95713 30217
-13881 4117 -86295
-13880 55201 -12309
-13879 -39719 89973
-13878 -5103 -34982
-13877 -24549 66732
-13876 -64410 -79826
-13875 55016 31156
-13874 44722 16298
-13873 21547 51638
-13872 -63103 -58770
-13871 96079 11569
-13870 -17425 -9996
-13869 -70910 59167
-13868 25897 -59493
-13867 3876 -82298
-13866 -17563 36422
-13865 2663 93572
-13864 81518 35837
-13863 6292 -17658
-13862 -57863 -76161
-13861 -21463 -1131
-13860 77354 54908
-13859 25615 -67437
-13858 53384 5052
-13857 -4696 -50860
-13856 12752 -69458
-13855 -50001 13877
-13854 -84320 58701
-13853 -9504 -9540
-13852 -86137 31256
-13851 29947 -53887
-13850 2917 -29065
-13849 -78210 61390
-13848 40125 -17848
-13847 -30547 -15153
-13846 -96889 -15837
-13845 -66851 -32914
-13844 -5572 -97609
-13843 17733 36492
-13842 -70069 -59189
-13841 27188 -41122
-13840 82809 -32702
-13839 -80655 59922
-13838 28582 53597
-13837 44253 10999
-13836 -1983 -44008
-13835 -18078 -72378
-13834 -35725 -48215
-13833 -98808 -15991
-13832 2991 13981
-13831 90439 -4239
-13830 25949 -58754
-13829 22106 -36769
-13828 89136 44849
-13827 -63383 80793
-13826 70939 8082
-13825 -21541 42222
-13824 55020 -39044
-13823 25997 39554
-13822 92512 95188
-13821 -92776 -30742
-13820 -67167 -51788
-13819 -59663 52929
-13818 55091 -41213
-13817 27738 -21325
-13816 56108 43141
-13815 -40147 64103
-13814 -64934 56306
-13813 39840 -84922
-13812 25984 -13533
-13811 12223 -39585
-13810 -48606 -31714
-13809 -62572 -49366
-13808 -6805 -17010
-13807 70287 27292
-13806 -8466 89155
-13805 17077 18633
-13804 -57476 69345
-13803 29686 92780
-13802 -41031 -39585
-13801 -49749 -97526
-13800 46208 71945
-13799 32588 89463
-13798 -44409 -18045
-13797 44492 -15834
-13796 89948 24617
-13795 -84295 -17234
-13794 -51001 -66318
-13793 -7724 14298
-13792 -59595 78395
-13791 6156 73021
-13790 -29547 -90499
-13789 82721 -49203
-13788 -78430 76723
-13787 6624 77088
-13786 95662 -80559
-13785 -79296 -28941
-13784 63644 65943
-13783 46989 -41913
-13782 -92701 -39650
-13781 -45508 21481
-13780 -27222 -7709
-13779 83915 45731
-13778 -34577 -34512
-13777 32741 20616
-13776 -17944 15087
-13775 -86916 70277
-13774 65381 -50797
-13773 57731 77825
-13772 -24535 -55548
-13771 -37898 -23772
-13770 73111 50339
-13769 63893 43534
-13768 -53015 23336
-13767 70029 61037
-13766 82013 -62980
-13765 58655 99494
-13764 -93922 51721
-13763 28437 -93756
-13762 -32943 50090
-13761 28970 47456
-13760 -31776 76668
-13759 31264 54372
-13758 31727 -8430
-13757 13657 -5452
-13756 -33362 -14866
-13755 -22145 -71391
-13754 25532 -84324
-13753 -9890 63604
-13752 49224 24896
-13751 35194 87021
-13750 6126 38049
-13749 66049 -45592
-13748 -9913 53094
-13747 1192 -93942
-13746 86586 11531
-13745 58763 9860
-13744 -64119 53626
-13743 -14750 15773
-13742 51240 -55752
-13741 50847 26539
-13740 24910 1304
-13739 -78798 28235
-13738 -8982 -74872
-13737 -8434 62498
-13736 -19532 23870
-13735 32499 -51632
-13734 -43722 98343
-13733 -84841 -56710
-13732 27392 70027
-13731 -79081 45250
-13730 52626 12017
-13729 35419 70784
-13728 -34469 90880
-13727 13308 -89364
-13726 76057 -59849
-13725 59444 33842
-13724 -78704 56243
-13723 -93318 29727
-13722 51383 53675
-13721 -31381 58715
-13720 -32401 88857
-13719 52173 -2034
-13718 92627 -21431
-13717 -55486 55616
-13716 -9194 -6105
-13715 45051 -21966
-13714 -11645 -88043
-13713 6260 77397
-13712 -88714 94780
-13711 -38771 45873
-13710 -33555 -26036
-13709 12512 -96005
-13708 -84444 29695
-13707 -48454 73593
-13706 -59347 -38360
-13705 -23011 58916
-13704 21615 39992
-13703 -15960 -69213
-13702 16122 93123
-13701 32704 -25591
-13700 -72681 15318
-13699 50246 10549
-13698 -47730 -97255
-13697 11616 -51435
-13696 -65511 79065
-13695 25210 54299
-13694 -34364 -45213
-13693 91660 29290
-13692 49091 89170
-13691 43605 -29571
-13690 -38792 -81708
-13689 -34848 -64232
-13688 65209 -83212
-13687 -37532 81399
-13686 -75096 -47258
-13685 -90770 -35849
-13684 -87821 59352
-13683 41412 85792
-13682 24 8086
-13681 50263 27934
-13680 -86877 64565
-13679 96996 -60772
-13678 89714 41150
-13677 -24620 46715
-13676 94300 -64333
-13675 53136 84981
-13674 -18197 -42412
-13673 73021 30072
-13672 43987 61231
-13671 34195 -7071
-13670 49543 -52832
-13669 -81350 79177
-13668 83189 58711
-13667 -33977 86858
-13666 42167 -72037
-13665 47057 -81846
-13664 21985 84038
-13663 -91817 -8453
-13662 -90851 -39372
-13661 53881 75175
-13660 25195 23551
-13659 66450 75108
-13658 -65007 -52168
-13657 -60087 -33523
-13656 -72895 54929
-13655 71898 -25428
-13654 -45374 99767
-13653 26449 18182
-13652 -99947 -82780
-13651 -55129 18063
-13650 -23671 91219
-13649 2041 -6275
-13648 -47941 -96476
-13647 -50620 -82414
-13646 -58686 8512
-13645 -40136 91262
-13644 -6487 -47513
-13643 -67683 15566
-13642 21428 -45284
-13641 -85713 -55917
-13640 83901 45402
-13639 -99349 -10530
-13638 -98828 -90361
-13637 2142 35008
-13636 59343 33317
-13635 -41706 29455
-13634 -67763 -61391
-13633 -89150 4000
-13632 -32031 35975
-13631 59133 -30483
-13630 95332 -44625
-13629 59294 -50780
-13628 77223 59487
-13627 -80713 -69984
-13626 -71246 -5380
-13625 38321 10079
-13624 -77784 -28619
-13623 26498 -84371
-13622 48228 -1539
-13621 -28755 -27563
-13620 32389 17273
-13619 -7172 -51883
-13618 -394 -53249
-13617 69472 44367
-13616 35166 -1025
-13615 -46134 -94066
-13614 -15599 -89786
-13613 -24373 -25731
-13612 -99013 -49882
-13611 -95770 82680
-13610 85805 -16135
-13609 25695 54716
-13608 -35944 89568
-13607 -15742 24358
-13606 21311 69516
-13605 36577 -79571
-13604 -93310 -88946
-13603 93020 -78028
-13602 83855 -18222
-13601 78830 95331
-13600 -88962 -31678
-13599 60619 -21610
-13598 21248 12703
-13597 48951 -21007
-13596 -48172 -86839
-13595 -51126 -10193
-13594 84358 2337
-13593 -80393 88713
-13592 28276 -49127
-13591 20189 -77565
-13590 46837 -70183
-13589 -37539 95451
-13588 79804 93436
-13587 23881 96589
-13586 84723 -24029
-13585 -85269 33905
-13584 -42708 -49553
-13583 26196 -32572
-13582 99046 84860
-13581 13976 29157
-13580 91467 -35790
-13579 -19172 25738
-13578 82800 -94628
-13577 39870 82231
-13576 -22575 75169
-13575 45738 17172
-13574 37290 -31594
-13573 96905 58497
-13572 20507 7244
-13571 -84898 62972
-13570 24182 -6244
-13569 -15032 73625
-13568 -28770 -21365
-13567 -15150 -55448
-13566 21152 -30814
-13565 -92810 -33734
-13564 -65579 47002
-13563 -96735 93796
-13562 -6932 -16560
-13561 -54225 -35650
-13560 24804 75110
-13559 -22659 2353
-13558 22551 2016
-13557 92786 -4963
-13556 -32048 -46632
-13555 -95159 10944
-13554 -70854 79545
-13553 -41231 81405
-13552 -9534 55346
-13551 75531 73709
-13550 -30700 970
-13549 56987 -70247
-13548 80030 28580
-13547 -11856 66848
-13546 -82178 -66527
-13545 6844 -59898
-13544 -46661 23666
-13543 41758 17187
-13542 -69909 -58172
-13541 -48528 -98807
-13540 26372 -88530
-13539 55040 74515
-13538 -83289 -89241
-13537 -24608 -57688
-13536 68905 -60571
-13535 -20388 68208
-13534 34129 42454
-13533 -29571 -6909
-13532 -45756 42552
-13531 16414 89202
-13530 93695 -93938
-13529 -94967 -93274
-13528 -11825 -34213
-13527 -99682 62145
-13526 66179 38283
-13525 95603 -82791
-13524 -47862 1946
-13523 -17927 23827
-13522 -99105 10260
-13521 -26532 -79525
-13520 -33987 85733
-13519 -81619 -32929
-13518 82818 -52190
-13517 -87728 -15000
-13516 -19011 95855
-13515 -2183 -7107
-13514 -46299 76193
-13513 59948 -96128
-13512 90796 -6164
-13511 25195 -87988
-13510 67962 33558
-13509 78149 16252
-13508 -94359 -66224
-13507 71687 -36796
-13506 26051 -89101
-13505 14002 7167
-13504 64942 68809
-13503 50657 81504
-13502 57888 22412
-13501 10346 -82483
-13500 -1170 20183
-13499 -4063 -65918
-13498 22117 -93063
-13497 52511 -58675
-13496 -20166 90765
-13495 70159 47909
-13494 -61542 -67435
-13493 10318 -80171
-13492 -50777 -49770
-13491 79419 -56243
-13490 91303 -18105
-13489 73541 -38360
-13488 -79204 27135
-13487 46274 -83115
-13486 89123 -52332
-13485 -75661 -1589
-13484 39507 34574
-13483 66363 4841
-13482 33149 -12320
-13481 -92107 29661
-13480 3777 75226
-13479 -31086 -82463
-13478 55063 18261
-13477 34405 56429
-13476 50071 -19085
-13475 10442 -15386
-13474 98162 -4471
-13473 -58157 95501
-13472 73862 -79002
-13471 -9764 -4794
-13470 29106 -63971
-13469 -10904 -29217
-13468 -18226 -37174
-13467 -75247 -50901
-13466 86911 -1226
-13465 22930 38606
-13464 79362 84868
-13463 82082 8978
-13462 21513 -9900
-13461 -61995 89590
-13460 -41941 -81675
-13459 85853 1563
-13458 -48060 -36361
-13457 73317 70944
-13456 -11633 -39583
-13455 -97149 20141
-13454 -98237 49389
-13453 74819 -29160
-13452 -1347 -3591
-13451 29494 -29542
-13450 5571 -56034
-13449 80107 39863
-13448 -99318 92802
-13447 -57893 10931
-13446 78106 91371
-13445 -21456 33779
-13444 49114 -40290
-13443 -97104 -1444
-13442 94584 97789
-13441 89375 -86239
-13440 86367 25791
-13439 -49538 43155
-13438 41033 -636
-13437 95585 -8501
-13436 -17136 3064
-13435 -28319 16568
-13434 -70716 -21081
-13433 -80474 -98719
-13432 -43319 -64600
-13431 86532 48284
-13430 54671 -47400
-13429 -54384 28645
-13428 -93171 -61293
-13427 -29206 25132
-13426 2607 -67820
-13425 -56342 48301
-13424 67036 55819
-13423 -2293 -95195
-13422 37013 78956
-13421 -19867 70842
-13420 6578 -45208
-13419 97273 4750
-13418 -90551 61655
-13417 73164 30343
-13416 -90406 65442
-13415 49152 92630
-13414 79380 -11921
-13413 -49144 13796
-13412 -12711 75545
-13411 12881 78502
-13410 -78830 -60285
-13409 97722 87519
-13408 69288 26578
-13407 -66855 51061
-13406 41756 25376
-13405 -70497 -13658
-13404 51268 -11712
-13403 -30859 30024
-13402 85400 -53853
-13401 7915 46681
-13400 63646 -59592
-13399 7713 -96219
-13398 -20402 -91588
-13397 55237 -92862
-13396 -42573 19019
-13395 16086 55229
-13394 -31708 -34553
-13393 2959 14184
-13392 52239 73579
-13391 -78641 68409
-13390 -40150 79479
-13389 98763 36110
-13388 -79065 39866
-13387 99244 -72934
-13386 7228 98822
-13385 -8102 -63808
-13384 -43468 93872
-13383 62671 -86062
-13382 -46156 -65080
-13381 12839 -14031
-13380 64818 -29995
-13379 12088 51103
-13378 -49890 32889
-13377 87822 -10513
-13376 -80844 53841
-13375 97332 88980
-13374 -84478 60992
-13373 86347 -52607
-13372 65020 27074
-13371 -74444 84060
-13370 28355 31262
-13369 -42037 51619
-13368 71800 77451
-13367 -74551 61694
-13366 -95611 28516
-13365 84171 -97140
-13364 -85497 -52678
-13363 -37815 80755
-13362 -54351 40152
-13361 86679 -60276
-13360 -26528 83627
-13359 -12223 38576
-13358 69659 -95895
-13357 20661 50256
-13356 78993 47500
-13355 87816 -45328
-13354 -43276 -82084
-13353 -53314 62341
-13352 94052 878
-13351 9154 10939
-13350 61303 -54282
-13349 -65630 -1528
-13348 88941 33868
-13347 49502 49710
-13346 -28762 -88184
-13345 -18870 82457
-13344 68518 2969
-13343 67608 61654
-13342 65519 41642
-13341 88916 -45136
-13340 32295 69499
-13339 -23065 -17044
-13338 -70064 24703
-13337 85037 25855
-13336 74066 -56619
-13335 55035 -99696
-13334 27865 33233
-13333 -76817 95841
-13332 -21137 -31728
-13331 -37337 -33067
-13330 -50847 -31784
-13329 -48320 71353
-13328 -54405 45244
-13327 -87995 74125
-13326 -32923 36786
-13325 51249 -92809
-13324 -81136 -61838
-13323 36780 -43361
-13322 -73851 49079
-13321 -16319 -18602
-13320 67499 -71904
-13319 99387 -82817
-13318 80728 52061
-13317 30990 -95888
-13316 24048 82385
-13315 52701 26375
-13314 98844 -91956
-13313 58370 -91890
-13312 73159 40163
-13311 -32046 -32607
-13310 21203 -78275
-13309 -49543 -67714
-13308 -28709 9358
-13307 -34 -69129
-13306 -65069 26790
-13305 89472 -46208
-13304 7723 -29584
-13303 97632 -77838
-13302 40303 -35227
-13301 78618 -52730
-13300 23247 -33765
-13299 47680 -54531
-13298 89030 -63676
-13297 57521 -93569
-13296 -15940 -7387
-13295 31335 96961
-13294 71690 72000
-13293 -93596 27219
-13292 -69745 -42613
-13291 -6026 79260
-13290 -65401 89332
-13289 66555 -40864
-13288 -84588 -84969
-13287 92990 16693
-13286 -51346 -29020
-13285 -60718 -14027
-13284 49588 7999
-13283 -91819 -25028
-13282 -37067 99515
-13281 -52222 -74724
-13280 61204 71525
-13279 -66447 -42823
-13278 72754 13722
-13277 -3744 -61900
-13276 -17634 -82000
-13275 43407 96768
-13274 78320 -9799
-13273 -65004 -7392
-13272 -93291 -94662
-13271 -65681 -69182
-13270 -66765 84332
-13269 -6409 15376
-13268 -35248 99035
-13267 62413 -11089
-13266 33269 79631
-13265 -17098 22162
-13264 72469 89230
-13263 -55096 19301
-13262 91986 88492
-13261 -88629 98034
-13260 -88301 16627
-13259 37164 25523
-13258 -31028 58856
-13257 80367 40234
-13256 86108 54539
-13255 3663 4377
-13254 66409 -27008
-13253 -55679 87271
-13252 -79331 55489
-13251 25732 7262
-13250 -2198 -71564
-13249 -24884 76794
-13248 20220 9601
-13247 -29324 28522
-13246 -95327 -11103
-13245 66635 -44905
-13244 31667 -16501
-13243 -95567 33345
-13242 -73626 57455
-13241 90173 52113
-13240 13543 48295
-13239 45429 -5623
-13238 -38269 -16185
-13237 16738 -37464
-13236 43003 35557
-13235 48934 -71977
-13234 -19645 -69471
-13233 -55082 -1758
-13232 25630 -54061
-13231 45722 30137
-13230 -61956 21389
-13229 93326 8604
-13228 -94176 -39866
-13227 42682 -66924
-13226 62116 25862
-13225 -44110 -238
-13224 55274 50399
-13223 -83260 -68500
-13222 -71923 -73423
-13221 -90071 -30272
-13220 83067 -83009
-13219 85438 -50311
-13218 -57078 85043
-13217 -17553 53388
-13216 33029 23551
-13215 -37269 49224
-13214 29846 81654
-13213 -22825 13900
-13212 45107 39095
-13211 23045 -75667
-13210 62494 -51897
-13209 19811 48515
-13208 -21015 -64085
-13207 32883 -11829
-13206 -13185 -4693
-13205 -34357 -56316
-13204 -9946 -882
-13203 -87209 94090
-13202 6824 40803
-13201 70601 45580
-13200 -48068 12321
-13199 -12253 -49616
-13198 -65350 -5960
-13197 -43229 -36324
-13196 21283 37509
-13195 68270 -84938
-13194 -92494 17299
-13193 91972 34210
-13192 11552 69465
-13191 56042 73947
-13190 30965 -7166
-13189 -92906 34691
-13188 -67848 94399
-13187 49544 -43990
-13186 79433 55970
-13185 -71499 -99120
-13184 -46607 -91828
-13183 -35646 -67228
-13182 2284 57198
-13181 71187 50693
-13180 33006 89879
-13179 87879 5626
-13178 8064 -17761
-13177 70967 37924
-13176 43034 34988
-13175 -39449 -59609
-13174 93370 26641
-13173 -5207 -68243
-13172 87199 -67106
-13171 2899 -77941
-13170 98222 -93634
-13169 -66702 -35984
-13168 -78316 73922
-13167 -3448 -2755
-13166 -60365 82215
-13165 -32812 79641
-13164 -94903 -55362
-13163 42569 36549
-13162 -40511 14267
-13161 88864 -83572
-13160 58204 -29701
-13159 37301 84361
-13158 -89785 9821
-13157 94229 48519
-13156 12836 39192
-13155 -39200 58266
-13154 58503 36059
-13153 92499 26675
-13152 -95179 -21943
-13151 -96730 -90799
-13150 17423 -77923
-13149 -59062 43745
-13148 -88912 -54562
-13147 -42179 -52502
-13146 58410 -2766
-13145 73128 -55872
-13144 73163 82000
-13143 -14733 -90451
-13142 85445 42525
-13141 -37310 -36012
-13140 916 76313
-13139 -1023 26052
-13138 27128 -6782
-13137 -92836 -54057
-13136 11865 -71326
-13135 62368 46506
-13134 -46448 11005
-13133 15025 -67090
-13132 -77148 91819
-13131 74669 -87164
-13130 24143 79103
-13129 -24868 97991
-13128 -99322 61888
-13127 -69017 -35757
-13126 -98361 -65402
-13125 -54129 -3970
-13124 39204 -21466
-13123 17632 -8495
-13122 -31510 70737
-13121 -32766 71470
-13120 -1456 23601
-13119 49066 46404
-13118 21593 -86899
-13117 -31134 -13185
-13116 59670 -62731
-13115 40285 5231
-13114 -86720 62415
-13113 -39512 65653
-13112 -92488 -37824
-13111 26935 -10071
-13110 -92013 25506
-13109 80219 90769
-13108 53021 57930
-13107 -36669 20425
-13106 -50820 39743
-13105 -92480 60681
-13104 65704 92399
-13103 -50337 -22737
-13102 496 23188
-13101 -72633 -49440
-13100 27951 68524
-13099 26819 98110
-13098 89155 -96850
-13097 75086 -29206
-13096 -28334 80846
-13095 64475 15300
-13094 55857 98784
-13093 -75561 -59845
-13092 24935 57978
-13091 51768 -13782
-13090 -18998 60699
-13089 -98865 -58692
-13088 -25258 57638
-13087 -98388 89822
-13086 -58968 24422
-13085 84701 79852
-13084 56219 -64396
-13083 73798 93982
-13082 16233 -21659
-13081 45571 12982
-13080 80150 -7323
-13079 39955 82557
-13078 41269 95523
-13077 -55217 17754
-13076 93297 -73589
-13075 -44148 94536
-13074 89139 -23512
-13073 30706 61753
-13072 92010 78832
-13071 -16459 8953
-13070 -7747 38561
-13069 -76416 -60300
-13068 8351 69627
-13067 -73375 18780
-13066 53326 99767
-13065 60503 -41453
-13064 -98151 29232
-13063 34416 -50248
-13062 65971 98432
-13061 30371 -45036
-13060 -88552 91450
-13059 57640 -60727
-13058 -30410 54810
-13057 32796 35812
-13056 -22018 53795
-13055 64249 42467
-13054 65661 65345
-13053 -28960 -12990
-13052 80809 -9272
-13051 86472 61693
-13050 91457 -5455
-13049 61100 81744
-13048 68952 -58996
-13047 -54813 -79633
-13046 -72478 33449
-13045 -52823 18355
-13044 -82762 -24991
-13043 28065 -90539
-13042 -16379 -22137
-13041 91033 98792
-13040 58820 56358
-13039 91754 55870
-13038 84173 55465
-13037 -51970 42664
-13036 -66894 -68617
-13035 74189 82568
-13034 -67428 51879
-13033 98644 73913
-13032 -86095 -97261
-13031 20745 65588
-13030 -99286 -16560
-13029 -4202 -75114
-13028 -5041 -39226
-13027 -54338 -9636
-13026 -78830 20322
-13025 -18922 -21826
-13024 31213 -17377
-13023 4037 96362
-13022 -41141 -18146
-13021 -59949 -34779
-13020 -61162 -54511
-13019 59188 92412
-13018 -11605 96208
-13017 60455 -27586
-13016 -48317 3230
-13015 -16915 -50865
-13014 94119 10648
-13013 66869 49799
-13012 -99909 -55470
-13011 69395 70894
-13010 -53634 -52459
-13009 -36977 68111
-13008 24813 -28791
-13007 81930 36939
-13006 -57909 -58613
-13005 56667 23933
-13004 24459 -72835
-13003 -92912 52330
-13002 -37598 -77038
-13001 -21219 -96079
-13000 91412 -67528
-12999 12732 22259
-12998 -37796 -46252
-12997 43367 84748
-12996 -16589 80540
-12995 -82962 -55450
-12994 69880 -80721
-12993 98004 -29924
-12992 -25291 14011
-12991 -33252 18812
-12990 -5700 -49357
-12989 -7074 -81458
-12988 -96458 -15642
-12987 -6307 94241
-12986 53997 61886
-12985 -7417 -26438
-12984 44460 -81469
-12983 59741 -10892
-12982 -36853 -75897
-12981 6750 -59035
-12980 66279 14622
-12979 -10560 5070
-12978 -89509 -73555
-12977 -3170 9356
-12976 -32461 24880
-12975 -12087 -42952
-12974 -57241 31585
-12973 -57354 39126
-12972 18708 56797
-12971 -43712 22848
-12970 24243 -82162
-12969 95257 41642
-12968 -30211 -59833
-12967 99037 80471
-12966 59892 -49776
-12965 -90173 -66421
-12964 74234 -51870
-12963 62323 -71091
-12962 -53028 79228
-12961 40706 -14672
-12960 77299 43853
-12959 51929 -79385
-12958 58147 -60077
-12957 97348 40261
-12956 51984 49563
-12955 16993 -64681
-12954 -61726 -7947
-12953 -51423 -69929
-12952 93471 -53380
-12951 18446 60497
-12950 -31575 -10416
-12949 -33227 -50771
-12948 1731 87853
-12947 -37799 -30955
-12946 -8690 26730
-12945 -69495 -41590
-12944 -36769 -9580
-12943 79934 41102
-12942 57379 -31297
-12941 -71178 73978
-12940 12937 25542
-12939 -58660 -59603
-12938 62509 -9431
-12937 -78133 15089
-12936 -90723 -97489
-12935 51758 98621
-12934 3358 -43635
-12933 26982 -13699
-12932 12361 -59820
-12931 2228 -37109
-12930 97145 -87240
-12929 -27232 99697
-12928 78092 -92969
-12927 -34482 78307
-12926 -75242 -81246
-12925 32061 -20934
-12924 87342 24224
-12923 61210 38811
-12922 72458 -32873
-12921 -82030 28475
-12920 37271 -10953
-12919 55776 -87412
-12918 -58270 -7394
-12917 -53810 18117
-12916 62328 -82396
-12915 -87374 -93813
-12914 54047 -92165
-12913 -98586 84229
-12912 -18081 60765
-12911 82879 18278
-12910 39137 -79539
-12909 12871 -72053
-12908 3858 -55808
-12907 -15305 -94324
-12906 72797 -30208
-12905 -13058 -22449
-12904 4345 87553
-12903 72089 -70272
-12902 -38346 263
-12901 85591 91936
-12900 -45349 26921
-12899 -93419 95847
-12898 67905 85793
-12897 -81433 12753
-12896 -26819 -45732
-12895 -77984 6190
-12894 -1900 59030
-12893 -7582 52923
-12892 1588 -42579
-12891 26041 -29360
-12890 74175 -98626
-12889 -16753 50781
-12888 5158 80859
-12887 74632 -10308
-12886 -15748 55223
-12885 -25508 -80522
-12884 -72197 -2121
-12883 -38344 -18810
-12882 58943 -79408
-12881 -14324 11152
-12880 99864 696
-12879 83763 -40397
-12878 -66753 -45819
-12877 37529 -81819
-12876 -59795 49357
-12875 31348 -65030
-12874 50421 49301
-12873 99357 12388
-12872 -15684 82562
-12871 27090 -50741
-12870 49049 -19133
-12869 15994 -46123
-12868 71508 72453
-12867 -69126 -76204
-12866 18045 -41234
-12865 15896 3806
-12864 -6377 22256
-12863 4352 10548
-12862 -22195 -44413
-12861 19817 -69518
-12860 46415 -44960
-12859 60468 -76082
-12858 26936 40261
-12857 5949 -50192
-12856 -83883 -29645
-12855 -86574 -4146
-12854 -76158 -26811
-12853 -66456 -69026
-12852 22259 -26194
-12851 7190 -31302
-12850 18976 -48308
-12849 -18831 -27091
-12848 -89986 19095
-12847 -72250 50651
-12846 66562 -81122
-12845 -93359 -13102
-12844 78676 -79267
-12843 53257 73243
-12842 -16366 33292
-12841 -85501 -41393
-12840 86298 -47572
-12839 76898 -9198
-12838 68384 45739
-12837 -22075 -10725
-12836 99204 -7632
-12835 -74016 19046
-12834 -33892 -8045
-12833 70662 50336
-12832 -62126 -78169
-12831 -88602 36763
-12830 69403 83946
-12829 31323 -86220
-12828 -14498 -24557
-12827 -69006 46320
-12826 -16521 95154
-12825 3819 -34401
-12824 -82484 39795
-12823 -8925 -27835
-12822 -96709 -14253
-12821 96491 845
-12820 -24692 39339
-12819 -19990 -57274
-12818 66333 -45546
-12817 -30981 25953
-12816 81902 -35660
-12815 71287 85079
-12814 48180 16193
-12813 88895 -81583
-12812 88394 56403
-12811 -44638 15069
-12810 20855 -4360
-12809 57793 6900
-12808 -81763 -55079
-12807 61509 50792
-12806 -85227 -81552
-12805 -73796 -21403
-12804 97308 55976
-12803 -19510 60805
-12802 -20704 -90522
-12801 -40211 -28408
-12800 -31468 61100
-12799 -2791 66167
-12798 -6218 -44979
-12797 -75261 86852
-12796 63250 96077
-12795 85553 11764
-12794 79140 -38583
-12793 -88567 -58780
-12792 -24884 52923
-12791 2404 81819
-12790 -12105 -56466
-12789 4573 2709
-12788 -95094 -87095
-12787 19727 -13271
-12786 41418 80361
-12785 59019 25157
-12784 -9986 66634
-12783 -99155 -87434
-12782 1129 50178
-12781 -40315 -82581
-12780 -33166 -81929
-12779 43348 48905
-12778 -15231 -8090
-12777 81551 60575
-12776 17300 81765
-12775 -78865 44642
-12774 -65305 14084
-12773 -99527 -17383
-12772 3072 -3634
-12771 26676 29322
-12770 -36520 13892
-12769 88089 -90212
-12768 24683 86922
-12767 -25010 -12359
-12766 -50020 93141
-12765 -13297 10749
-12764 98962 -93542
-12763 -56417 83846
-12762 83004 -97129
-12761 -75018 -95631
-12760 37507 36908
-12759 -59396 -99253
-12758 -24592 35838
-12757 -63943 -7240
-12756 -8394 -29923
-12755 29266 62951
-12754 23985 -6124
-12753 -26128 -11069
-12752 -15437 59536
-12751 73269 -77034
-12750 -87344 5461
-12749 67866 45327
-12748 -71690 -37891
-12747 57132 77162
-12746 -71718 -42546
-12745 -27340 96408
-12744 15569 -65253
-12743 -67369 96157
-12742 -25126 -87526
-12741 42700 -3705
-12740 1161 -58658
-12739 -14164 46599
-12738 870 -95137
-12737 5750 70845
-12736 -85109 -92159
-12735 -8565 -34253
-12734 73844 8844
-12733 -50350 48504
-12732 25726 -13357
-12731 -75480 47790
-12730 34885 -79980
-12729 88184 2800
-12728 -37589 44530
-12727 -57841 -86204
-12726 90266 59146
-12725 89901 85228
-12724 68815 76227
-12723 -39598 20563
-12722 -3243 25692
-12721 56145 86761
-12720 -65263 99810
-12719 -19563 -20188
-12718 -13155 -3377
-12717 58999 -66600
-12716 -66978 8098
-12715 22195 48862
-12714 18969 -45179
-12713 -99993 6089
-12712 -399 -82070
-12711 -73652 75957
-12710 -89850 -63048
-12709 -18640 -7456
-12708 -18419 54320
-12707 24135 27406
-12706 -82701 -21452
-12705 -98187 31767
-12704 20530 27025
-12703 -91620 73007
-12702 -35358 -82404
-12701 -65483 75167
-12700 94044 34091
-12699 -51356 -36801
-12698 -65467 88523
-12697 10762 96491
-12696 52535 -57667
-12695 52020 21061
-12694 56669 61267
-12693 -92102 -20755
-12692 82126 15532
-12691 -78405 1018
-12690 3661 84957
-12689 -98363 -33124
-12688 -20694 -40937
-12687 -52164 -73649
-12686 -73792 -85056
-12685 95902 71725
-12684 68513 28608
-12683 -74996 -18741
-12682 77203 -77880
-12681 15836 -62390
-12680 -65548 -61988
-12679 -65757 -63617
-12678 -62830 4290
-12677 -72721 79812
-12676 68934 56761
-12675 -91913 3348
-12674 -1629 -98430
-12673 94926 -80407
-12672 -55188 39780
-12671 74783 86541
-12670 2198 74515
-12669 -8383 61950
-12668 -9173 71424
-12667 76944 -62532
-12666 -63577 51056
-12665 48923 91616
-12664 -98140 -83993
-12663 55395 33657
-12662 -34717 12917
-12661 25734 -26422
-12660 80432 43393
-12659 -87369 60461
-12658 -82054 96857
-12657 49729 26056
-12656 58464 -40934
-12655 66718 64951
-12654 35705 58881
-12653 41017 8300
-12652 -47401 98499
-12651 63100 37472
-12650 87685 -66760
-12649 -2294 10072
-12648 -12246 87714
-12647 55567 20131
-12646 30393 80610
-12645 -36650 -37396
-12644 41533 7674
-12643 -98007 -56774
-12642 -40353 -45625
-12641 -9791 63157
-12640 -77694 6834
-12639 -44024 81768
-12638 -38344 -70010
-12637 -80534 -51280
-12636 -40823 97773
-12635 83649 -97649
-12634 57374 -89830
-12633 95887 10973
-12632 -31851 -93309
-12631 -80953 -55403
-12630 44104 56097
-12629 91533 -29573
-12628 -92639 -96552
-12627 51679 63223
-12626 -45195 -15125
-12625 91135 -28228
-12624 600 -78015
-12623 17559 86967
-12622 81206 86496
-12621 77636 -69612
-12620 78252 497
-12619 23516 50686
-12618 -74503 -52780
-12617 23768 93840
-12616 7437 -11053
-12615 -92080 59405
-12614 -12606 75747
-12613 -29664 93118
-12612 -76628 63042
-12611 67765 33452
-12610 -15824 79690
-12609 13735 86496
-12608 22987 -69469
-12607 -2638 55069
-12606 18864 13333
-12605 14844 1217
-12604 -5825 -41117
-12603 -80308 60399
-12602 43388 -30248
-12601 41021 -90321
-12600 73241 58167
-12599 53964 -23393
-12598 -58484 40121
-12597 -26122 -77854
-12596 -65067 70233
-12595 -14885 5212
-12594 11367 -1609
-12593 -80271 -34321
-12592 1112 11244
-12591 39937 26513
-12590 -52325 -8601
-12589 -2807 42508
-12588 49764 71235
-12587 88740 -87275
-12586 79643 -70779
-12585 -22073 55443
-12584 77856 78394
-12583 76859 -29538
-12582 76965 41587
-12581 68671 -86733
-12580 49881 -69923
-12579 68853 -2149
-12578 6822 -35132
-12577 33907 51591
-12576 23642 -29009
-12575 20179 12915
-12574 -32566 -86758
-12573 14410 -31257
-12572 95534 -31886
-12571 -79881 -92022
-12570 -33352 52947
-12569 66866 -91539
-12568 95774 -78386
-12567 95157 71439
-12566 -85947 -467
-12565 30825 -95299
-12564 91450 -24597
-12563 -46489 -77723
-12562 -74999 -60369
-12561 -24194 15482
-12560 23702 -58578
-12559 -65377 65297
-12558 -11080 -18408
-12557 -80282 -35086
-12556 -18089 67082
-12555 -22185 -18005
-12554 -36252 -52297
-12553 28910 -72070
-12552 -68544 16389
-12551 -71771 -16568
-12550 48602 13325
-12549 64030 40184
-12548 92278 -75938
-12547 69400 -29124
-12546 33483 43467
-12545 98918 -99411
-12544 -29763 -14013
-12543 -40095 -30140
-12542 31020 -43267
-12541 90633 36587
-12540 77807 -47089
-12539 -76697 -88137
-12538 -1428 -58055
-12537 45844 39617
-12536 30077 74150
-12535 89402 70694
-12534 -34964 62484
-12533 69702 22563
-12532 39702 42067
-12531 -71065 -51354
-12530 84641 -47716
-12529 36613 -84190
-12528 67969 -26720
-12527 -73040 -56737
-12526 15372 -69119
-12525 18084 -95359
-12524 -24549 91938
-12523 60011 -21577
-12522 -89154 14766
-12521 63366 23835
-12520 -91466 -55311
-12519 -16447 54016
-12518 36959 73485
-12517 -2456 -53489
-12516 -60210 -71192
-12515 34512 -24341
-12514 -95693 54131
-12513 -98051 -6215
-12512 -13679 -68487
-12511 18358 -75251
-12510 10262 23897
-12509 87496 89883
-12508 -25825 39106
-12507 -43219 -23934
-12506 65953 -2919
-12505 88908 -79671
-12504 26019 -48827
-12503 11355 -79160
-12502 37472 77650
-12501 -57508 27537
-12500 -51255 -32346
-12499 -77189 95801
-12498 73685 -92611
-12497 -94861 -72642
-12496 37510 -10455
-12495 28942 -56069
-12494 27205 48690
-12493 -98197 14140
-12492 35844 91719
-12491 17166 26449
-12490 45220 56693
-12489 77052 -56498
-12488 84758 38392
-12487 98836 -74058
-12486 -25466 48646
-12485 69796 30162
-12484 -73176 63359
-12483 49232 -29018
-12482 18859 55068
-12481 70228 72108
-12480 -45459 -17404
-12479 49301 -91239
-12478 -96282 -64442
-12477 -27275 65616
-12476 80160 -45814
-12475 95181 46553
-12474 -75987 61162
-12473 -36618 -14108
-12472 -26067 -9918
-12471 45276 -8931
-12470 98478 61167
-12469 -99157 -14781
-12468 97189 98934
-12467 26798 90593
-12466 -54013 47883
-12465 9259 15434
-12464 -90722 7443
-12463 -38251 -71465
-12462 -49479 -94393
-12461 83262 36254
-12460 -42217 -92680
-12459 -43285 96795
-12458 11728 37214
-12457 -31815 -75420
-12456 -15574 -91926
-12455 -71607 62971
-12454 -52491 12836
-12453 -95921 49940
-12452 17307 -2918
-12451 -99845 28462
-12450 59421 -68691
-12449 48840 93609
-12448 35074 92303
-12447 47828 20709
-12446 -26305 93159
-12445 -56811 85518
-12444 368 -59580
-12443 -48131 -14926
-12442 39459 -69257
-12441 26892 -39093
-12440 -84745 -16196
-12439 11488 71836
-12438 47796 4427
-12437 -61767 43930
-12436 -37272 9320
-12435 -91993 83858
-12434 -15588 93938
-12433 -67613 50809
-12432 -59155 -99412
-12431 -22970 46266
-12430 -54672 32965
-12429 35681 -16290
-12428 -39056 -32774
-12427 75552 40496
-12426 -78416 -47891
-12425 -30943 -7849
-12424 21714 -97141
-12423 80398 -95302
-12422 80589 41781
-12421 -35354 -64821
-12420 -139 43530
-12419 -84891 65198
-12418 -47138 44768
-12417 5024 41946
-12416 91385 52600
-12415 35366 -66664
-12414 53933 14384
-12413 -30008 -56870
-12412 538 91556
-12411 81444 -94984
-12410 12275 81176
-12409 60510 -11740
-12408 -18864 2940
-12407 65309 -11777
-12406 -91005 -24143
-12405 -95193 -95588
-12404 -88817 49538
-12403 60897 27201
-12402 61187 -18261
-12401 -22916 35781
-12400 36032 49816
-12399 -14452 -30491
-12398 36932 98324
-12397 -12650 -42681
-12396 -24549 61624
-12395 -7353 48265
-12394 -72386 -41257
-12393 -44588 -80990
-12392 90309 -54399
-12391 35073 43280
-12390 94946 78865
-12389 -79770 84378
-12388 68616 -479
-12387 -8420 37505
-12386 -30128 -63989
-12385 -3279 -40663
-12384 17989 5566
-12383 -3692 -67311
-12382 46329 76205
-12381 -63919 21252
-12380 55388 -86945
-12379 -81471 -38673
-12378 -25400 -1171
-12377 73320 -86631
-12376 91728 93754
-12375 81433 85768
-12374 -41592 -55411
-12373 -89927 50555
-12372 56554 -85558
-12371 -59849 -56962
-12370 41913 -74100
-12369 64508 -25550
-12368 55702 34162
-12367 -95951 -43862
-12366 35425 3408
-12365 -41912 20093
-12364 -57201 94838
-12363 -69832 71005
-12362 -67982 -47026
-12361 -96797 57466
-12360 87699 84428
-12359 -24566 80378
-12358 -5228 34834
-12357 -69986 14261
-12356 -53930 75225
-12355 34267 42975
-12354 48081 82072
-12353 1880 39940
-12352 -50091 79508
-12351 -48248 -24251
-12350 -80907 -14109
-12349 11572 6097
-12348 -80873 -3442
-12347 -1353 -9289
-12346 23513 58844
-12345 64222 40292
-12344 42140 -28979
-12343 -39673 28726
-12342 -5126 -45532
-12341 -20086 -47921
-12340 -81206 -24266
-12339 39658 -11703
-12338 -11616 15714
-12337 -44284 -18963
-12336 -49218 28507
-12335 17129 -94095
-12334 -9310 60765
-12333 72462 75452
-12332 63885 16906
-12331 41025 7617
-12330 -54346 -91551
-12329 30345 18579
-12328 -80431 96194
-12327 95330 -7299
-12326 -68333 -80029
-12325 53086 74206
-12324 60313 -73355
-12323 -81457 76547
-12322 96758 -55180
-12321 7753 79434
-12320 31575 -80137
-12319 -85312 62650
-12318 -14814 62304
-12317 -60359 20692
-12316 -3723 9531
-12315 32552 -19940
-12314 46959 -82185
-12313 48856 -95706
-12312 53035 82995
-12311 -46313 -4280
-12310 -29614 32198
-12309 -1156 -47751
-12308 45470 20969
-12307 31603 64280
-12306 -10700 8070
-12305 -92883 15093
-12304 81062 84048
-12303 -9655 89486
-12302 86373 -48104
-12301 94411 65900
-12300 97252 -45585
-12299 -29693 79028
-12298 -17113 -74951
-12297 -16540 -69756
-12296 83429 83399
-12295 22636 17080
-12294 -63604 75073
-12293 76918 70772
-12292 -54222 98692
-12291 9226 56467
-12290 97758 -43178
-12289 -85389 83314
-12288 -25978 -78694
-12287 -61065 99578
-12286 -2018 -52379
-12285 8653 34684
-12284 66258 39354
-12283 54457 60519
-12282 95829 -84503
-12281 79120 -29934
-12280 -87564 -11600
-12279 49108 -59008
-12278 -92082 -60134
-12277 -82398 -32385
-12276 -95518 99782
-12275 32972 26719
-12274 9733 84128
-12273 -67439 -73546
-12272 -16119 47515
-12271 -68666 93403
-12270 8257 82224
-12269 -64691 584
-12268 38146 -83286
-12267 81571 -42004
-12266 49352 68731
-12265 -78360 -4484
-12264 -47020 72066
-12263 42398 -41479
-12262 -42183 -32692
-12261 -87571 -48576
-12260 45848 -99763
-12259 -1527 11939
-12258 -83110 -75932
-12257 76008 37669
-12256 -99184 86514
-12255 -16826 -6051
-12254 -40037 41558
-12253 33522 97983
-12252 -35658 59522
-12251 -35129 -23388
-12250 27834 -35198
-12249 -30981 -30112
-12248 20930 -43419
-12247 7736 60509
-12246 71056 59357
-12245 40916 65448
-12244 -65715 8627
-12243 80837 -34297
-12242 -43955 30507
-12241 -53260 -856
-12240 -4033 71700
-12239 81589 92874
-12238 54934 -72895
-12237 -7881 19545
-12236 25446 -42887
-12235 -28173 23095
-12234 -32791 -11024
-12233 13033 25538
-12232 -14073 -42129
-12231 50582 -6867
-12230 29745 12773
-12229 20542 -47525
-12228 -30145 -75356
-12227 -88442 93194
-12226 -18467 60074
-12225 -91039 57935
-12224 51869 -193
-12223 -69382 -63424
-12222 13453 32856
-12221 -84346 25526
-12220 20189 10063
-12219 90606 52938
-12218 -99607 -2161
-12217 56613 94850
-12216 -89038 -63095
-12215 63506 51224
-12214 82729 -94344
-12213 -89840 57407
-12212 -10875 64384
-12211 39239 2051
-12210 -79318 20219
-12209 -93143 -63175
-12208 -22022 -484
-12207 65803 -50737
-12206 -3986 -24974
-12205 91569 -94563
-12204 70585 86773
-12203 -56807 29380
-12202 48642 8318
-12201 -72589 62679
-12200 -14488 -28786
-12199 45063 36515
-12198 11695 90127
-12197 -34239 -50773
-12196 56682 -70119
-12195 16326 -90205
-12194 17258 83558
-12193 26639 7045
-12192 72866 68575
-12191 -95122 28899
-12190 -90395 -45169
-12189 19436 81571
-12188 37794 40882
-12187 -40373 37116
-12186 53839 -71402
-12185 48304 -49138
-12184 -9632 85734
-12183 -85812 89669
-12182 -50759 3955
-12181 94516 55198
-12180 -25914 -37724
-12179 27493 93448
-12178 29242 -40934
-12177 -67617 -84492
-12176 46694 -18269
-12175 -74089 -12708
-12174 50696 -54719
-12173 7029 2574
-12172 39995 -69779
-12171 -4610 -25300
-12170 -60461 26940
-12169 1771 20007
-12168 75743 8564
-12167 -54399 4001
-12166 62504 83582
-12165 85580 -48497
-12164 6286 98255
-12163 -51660 -23123
-12162 80434 87130
-12161 28447 17556
-12160 97764 26385
-12159 46003 12800
-12158 66663 -58774
-12157 -89066 82180
-12156 -55702 -38749
-12155 90469 -81131
-12154 7423 4603
-12153 -30219 -4712
-12152 89421 -68993
-12151 89124 -61708
-12150 -1881 94997
-12149 -36281 -72939
-12148 -21033 -54319
-12147 -97293 -70211
-12146 6106 36852
-12145 -89805 -68175
-12144 -37603 78444
-12143 88252 40405
-12142 -25374 19949
-12141 64350 22738
-12140 -26904 38200
-12139 38062 -77714
-12138 37075 -31157
-12137 10168 71264
-12136 69141 -73288
-12135 52512 19067
-12134 58284 28449
-12133 11609 59683
-12132 79079 -3444
-12131 61056 40493
-12130 -44690 -71874
-12129 30917 -17687
-12128 -70079 64853
-12127 -28383 -26156
-12126 -66899 -55991
-12125 67312 75437
-12124 -6112 76968
-12123 -30853 4556
-12122 60555 95714
-12121 -2384 92777
-12120 -76284 -18683
-12119 70190 69037
-12118 20694 33669
-12117 69990 -30220
-12116 14817 11529
-12115 63279 1040
-12114 86220 83960
-12113 35873 -95973
-12112 -75759 -20885
-12111 13999 -27806
-12110 83179 -70788
-12109 95116 -92508
-12108 66255 -73070
-12107 96278 -5126
-12106 -747 74438
-12105 223 50057
-12104 61760 -6888
-12103 -40859 66546
-12102 -91702 -84028
-12101 39456 -28079
-12100 91376 -36114
-12099 35709 -13529
-12098 -60967 -70225
-12097 74446 52974
-12096 -24683 74592
-12095 33404 28711
-12094 -94835 95527
-12093 63118 -80367
-12092 99184 -32719
-12091 18258 -75315
-12090 -49039 83991
-12089 15229 99277
-12088 -31803 -28540
-12087 -63708 9588
-12086 -14678 48691
-12085 -31667 -2769
-12084 96688 27391
-12083 52275 -90228
-12082 -55252 97125
-12081 74781 40524
-12080 -52682 -7391
-12079 -42614 91727
-12078 -37125 21441
-12077 75550 -84604
-12076 89726 -79594
-12075 80199 -70142
-12074 4992 54524
-12073 -13616 33641
-12072 -17703 53065
-12071 52878 5587
-12070 68275 -62615
-12069 -2091 -2571
-12068 79926 -74918
-12067 28763 -43560
-12066 54563 -67688
-12065 -52923 60430
-12064 58863 -76172
-12063 49237 -32178
-12062 -56500 -90802
-12061 -17213 49280
-12060 59348 11639
-12059 81306 38322
-12058 -58065 -89776
-12057 86651 11581
-12056 -43811 74546
-12055 68917 98861
-12054 24075 41830
-12053 -64228 -76114
-12052 -65054 -14607
-12051 22262 10335
-12050 89159 73234
-12049 -44687 3223
-12048 -26475 -49394
-12047 -99094 -11350
-12046 -54798 -10089
-12045 99553 -18261
-12044 54574 90921
-12043 43123 -7399
-12042 -63151 84555
-12041 1917 11788
-12040 91958 24646
-12039 71807 -92071
-12038 21127 39835
-12037 -84828 91785
-12036 -24606 -79473
-12035 60210 6277
-12034 -7906 -73120
-12033 -97874 12940
-12032 -81489 -98549
-12031 -94193 7043
-12030 91782 -84419
-12029 3274 -67448
-12028 14860 56098
-12027 -64127 -86966
-12026 84945 -94092
-12025 29502 -24174
-12024 -89659 65541
-12023 26482 -69307
-12022 323 -63689
-12021 -73335 29574
-12020 -8128 47886
-12019 -68284 27544
-12018 317 57607
-12017 34970 74440
-12016 15292 -36301
-12015 -191 68460
-12014 67531 -40238
-12013 85155 19217
-12012 -23135 33323
-12011 16445 -58511
-12010 -24914 -78970
-12009 -4539 -625
-12008 15203 88818
-12007 -7629 -61690
-12006 -21815 -84164
-12005 23337 -24597
-12004 53891 -54876
-12003 36771 -15053
-12002 2095 4727
-12001 -85790 19158
-12000 27510 17347
-11999 -3699 57999
-11998 52317 -15331
-11997 43763 -35042
-11996 87432 24002
-11995 78627 21156
-11994 -75114 87671
-11993 -11484 -56802
-11992 -32637 -21174
-11991 96697 32853
-11990 24378 5278
-11989 24712 -55502
-11988 24582 -97406
-11987 -58972 68107
-11986 37314 -75962
-11985 96982 -50268
-11984 -335 -4576
-11983 -49283 83850
-11982 -6564 -55737
-11981 -89405 -82933
-11980 5565 97880
-11979 28468 66030
-11978 59435 16406
-11977 42016 -26735
-11976 -37641 -83555
-11975 69323 -59752
-11974 57352 42181
-11973 -66000 23555
-11972 -93681 -7969
-11971 -45683 10405
-11970 61614 18054
-11969 275 -20626
-11968 7637 83079
-11967 64983 36967
-11966 -54412 -72807
-11965 -2244 -86713
-11964 97520 -18539
-11963 94225 1859
-11962 -56965 -74942
-11961 -15135 92118
-11960 56491 -97402
-11959 -21333 -6315
-11958 -8754 21521
-11957 -30050 93259
-11956 86785 -34892
-11955 -36921 -74274
-11954 -3087 -76567
-11953 -19899 63593
-11952 -14389 -4085
-11951 -72932 -54319
-11950 43850 86440
-11949 76110 57602
-11948 -75712 -90167
-11947 32682 92981
-11946 805 90958
-11945 19896 31838
-11944 95854 80486
-11943 23264 -13400
-11942 1627 -44006
-11941 -65960 -69828
-11940 -28720 22668
-11939 -92648 -67063
-11938 47615 -86397
-11937 89724 -55383
-11936 78394 3433
-11935 -30008 55966
-11934 -39882 -31349
-11933 -56305 50111
-11932 -87933 64234
-11931 -98830 86642
-11930 -65879 -21758
-11929 91689 41673
-11928 -21484 -70556
-11927 -89716 68389
-11926 -58947 -15911
-11925 -4126 95556
-11924 -43976 -60712
-11923 -89543 84700
-11922 99940 -53849
-11921 4468 6661
-11920 -52107 -30763
-11919 64509 87236
-11918 32400 -3479
-11917 64339 -15572
-11916 -72589 19540
-11915 87503 -40667
-11914 -7982 -85779
-11913 17711 -50330
-11912 -68400 55732
-11911 88998 37069
-11910 92752 -18897
-11909 76038 -53242
-11908 28342 -10691
-11907 4653 53043
-11906 -56201 1742
-11905 38546 -94231
-11904 -71644 88984
-11903 99519 -30918
-11902 38646 -78825
-11901 -70134 14927
-11900 -17080 -87598
-11899 96093 41122
-11898 -12199 -40560
-11897 -82553 171
-11896 -72838 -54668
-11895 -994 -96691
-11894 -66751 9572
-11893 -54254 -1548
-11892 29281 -41965
-11891 12463 -61788
-11890 -54891 -8215
-11889 78235 60423
-11888 70547 -45726
-11887 -37622 49894
-11886 9653 98155
-11885 31212 -5152
-11884 50443 69230
-11883 23696 16306
-11882 88184 71185
-11881 781 -54735
-11880 8381 -25561
-11879 -70884 -34549
-11878 51625 17625
-11877 -20273 -76902
-11876 81188 8420
-11875 97259 -99141
-11874 -56146 -51854
-11873 84149 57529
-11872 40621 36203
-11871 -16257 91440
-11870 -59303 -41310
-11869 -81221 52900
-11868 -99822 72726
-11867 -64879 83142
-11866 466 2251
-11865 55762 317
-11864 -91226 -6381
-11863 -9418 59127
-11862 85586 -33700
-11861 -98736 -33881
-11860 -92153 -19440
-11859 -28159 79602
-11858 -20615 80521
-11857 59804 18718
-11856 40422 70938
-11855 4491 55996
-11854 -53926 52738
-11853 -63825 74968
-11852 27029 -8817
-11851 -99624 89020
-11850 -92361 95897
-11849 6025 -68314
-11848 -15590 16138
-11847 96296 -5124
-11846 57115 -30863
-11845 -64215 -56838
-11844 -59990 -54380
-11843 44847 68628
-11842 -70673 -8764
-11841 -66026 24955
-11840 22645 -20449
-11839 -24827 16427
-11838 -36209 -96822
-11837 96744 -49964
-11836 2802 -37979
-11835 -42312 -65058
-11834 50007 -46639
-11833 -88071 17656
-11832 51734 -60735
-11831 -57176 7228
-11830 84806 1263
-11829 77950 66924
-11828 8888 94714
-11827 -84907 -81031
-11826 98210 66894
-11825 11737 -51899
-11824 -57560 55703
-11823 27228 -75773
-11822 59992 -213
-11821 -98335 -14019
-11820 31162 31627
-11819 7531 -45789
-11818 -86023 82118
-11817 -99720 91903
-11816 -59210 55703
-11815 99708 -93471
-11814 24609 -14060
-11813 -74827 -8035
-11812 74056 19419
-11811 -33263 -95383
-11810 81660 81453
-11809 85561 -26168
-11808 98797 25124
-11807 33225 -27617
-11806 36112 47217
-11805 -94670 97417
-11804 99743 -65063
-11803 77792 90298
-11802 -33091 83879
-11801 -66031 95118
-11800 -24979 38097
-11799 13054 -89686
-11798 -53234 -43968
-11797 68803 -18226
-11796 69819 16918
-11795 -39275 62251
-11794 -16625 -10708
-11793 17586 -79852
-11792 -81746 35489
-11791 -59457 -29426
-11790 88753 84962
-11789 -45520 -46226
-11788 -27077 79396
-11787 83374 54078
-11786 48492 -45905
-11785 90117 -18054
-11784 -52465 93939
-11783 23874 28956
-11782 84909 -1695
-11781 -83525 71616
-11780 -40402 -27730
-11779 -53697 -24939
-11778 94776 -67842
-11777 90656 -70392
-11776 -46931 28440
-11775 73460 -97882
-11774 77397 87670
-11773 31411 27025
-11772 -44524 -83909
-11771 23411 -91799
-11770 -44945 98723
-11769 9042 -16276
-11768 48554 11176
-11767 10942 17295
-11766 -88880 -64817
-11765 -13621 3112
-11764 69399 42792
-11763 92597 54179
-11762 -4113 36711
-11761 48023 -10865
-11760 -93426 89620
-11759 29148 -87518
-11758 60045 -17050
-11757 53249 45745
-11756 93074 75990
-11755 75771 84758
-11754 -87976 83454
-11753 -59363 92320
-11752 50671 -12343
-11751 48039 -13319
-11750 -67503 11529
-11749 -1952 -48290
-11748 -75878 81966
-11747 -64957 -53719
-11746 5936 18895
-11745 594 -25960
-11744 8882 75412
-11743 -83348 -16274
-11742 34389 92483
-11741 -40937 -79382
-11740 -72869 65907
-11739 49253 -13913
-11738 -4594 5392
-11737 -62119 -93406
-11736 -57324 53548
-11735 36795 25726
-11734 84194 83577
-11733 -94390 -68589
-11732 -37614 39039
-11731 -58336 26285
-11730 57447 27764
-11729 33052 -29407
-11728 -29782 81296
-11727 -6283 7348
-11726 78856 66523
-11725 76083 96542
-11724 7148 68252
-11723 -95072 -66954
-11722 78049 19546
-11721 25959 58099
-11720 -30197 -54549
-11719 -28472 -24564
-11718 20333 -50135
-11717 61358 80443
-11716 38496 25661
-11715 40754 -39585
-11714 -78627 -44497
-11713 -14561 -17602
-11712 46622 -98291
-11711 87699 75530
-11710 -4758 -37245
-11709 19346 8496
-11708 -76228 -45199
-11707 97491 -11074
-11706 49539 -67678
-11705 43268 54028
-11704 82485 -92510
-11703 16142 60251
-11702 30266 49650
-11701 -12680 36863
-11700 2820 -25482
-11699 26566 -15460
-11698 50902 68466
-11697 -46181 58207
-11696 26442 -68649
-11695 -31691 -55883
-11694 36294 -89535
-11693 3151 92235
-11692 -67119 -12281
-11691 -82666 75283
-11690 -24369 -27541
-11689 78513 12530
-11688 -17024 89135
-11687 -43485 -79727
-11686 -71406 -66433
-11685 6590 -21025
-11684 -51723 -68472
-11683 -35527 -49017
-11682 13552 48513
-11681 18449 -95836
-11680 63615 -4255
-11679 31409 15995
-11678 -61518 -13202
-11677 -38937 75918
-11676 -20881 -2832
-11675 13895 88759
-11674 -17214 -34435
-11673 26591 43057
-11672 78926 35550
-11671 30444 -68253
-11670 -73710 -58708
-11669 -24259 24272
-11668 -74567 -9879
-11667 -21538 -91824
-11666 76840 46289
-11665 75379 -33124
-11664 41952 13557
-11663 75097 -43494
-11662 -83477 36529
-11661 20754 -69041
-11660 93309 -71047
-11659 50741 -27712
-11658 58964 20816
-11657 -20376 -52409
-11656 -93251 -4392
-11655 82047 -73547
-11654 -59319 36756
-11653 47351 -16443
-11652 97473 55179
-11651 -22465 -89405
-11650 91104 -9014
-11649 49453 54814
-11648 -73856 -37079
-11647 -36072 20946
-11646 52399 68621
-11645 9651 -9911
-11644 75102 56622
-11643 36109 -96762
-11642 7932 81065
-11641 -46335 38235
-11640 -29641 -21506
-11639 -5466 57426
-11638 -74828 46150
-11637 -94045 -49454
-11636 41741 20438
-11635 -82161 90997
-11634 -84048 1134
-11633 65041 -78156
-11632 31978 63174
-11631 99425 40902
-11630 62494 88516
-11629 -10591 -75751
-11628 36455 -5918
-11627 -37764 -58707
-11626 81127 47245
-11625 37960 -7344
-11624 -43791 -18598
-11623 68898 -60225
-11622 -18662 -31048
-11621 -76111 -30681
-11620 -72445 -37539
-11619 -65443 -41696
-11618 -12486 -38117
-11617 99098 21401
-11616 41704 -68084
-11615 -10621 98560
-11614 -12434 -47308
-11613 -85974 -8130
-11612 93353 -34753
-11611 4700 -59634
-11610 -74098 7740
-11609 3559 -13079
-11608 -11108 8017
-11607 75081 -16801
-11606 -96975 10495
-11605 95253 82209
-11604 73283 -75079
-11603 -13785 67441
-11602 -89889 -78044
-11601 8783 -12549
-11600 38579 -4336
-11599 -16642 7604
-11598 -93979 89258
-11597 5454 -93832
-11596 -31522 -50076
-11595 20141 -13462
-11594 13133 -53330
-11593 99184 -76358
-11592 80830 -96571
-11591 86277 67236
-11590 -42936 40480
-11589 23417 -30470
-11588 -65110 -36491
-11587 8282 56868
-11586 79559 -42717
-11585 -49758 -54663
-11584 99316 54486
-11583 -8976 24
-11582 -36515 -940
-11581 -38873 -62859
-11580 23206 42196
-11579 -83214 -19468
-11578 68083 -67353
-11577 39391 -85540
-11576 -13090 22906
-11575 65341 -38721
-11574 96645 31490
-11573 1414 65920
-11572 -23436 91363
-11571 -23214 -59542
-11570 89661 -67348
-11569 -73609 -60142
-11568 58263 83294
-11567 24284 -6432
-11566 -80511 23626
-11565 42389 -32378
-11564 -72512 25760
-11563 17252 30470
-11562 -99011 55918
-11561 3280 -25333
-11560 -30974 10120
-11559 -55428 61647
-11558 87388 93711
-11557 -52484 -15532
-11556 2474 74129
-11555 -58183 -35418
-11554 -98221 62411
-11553 28059 6516
-11552 -65559 -69208
-11551 86346 75621
-11550 -77739 -34341
-11549 -43256 27930
-11548 -29715 -90891
-11547 -97483 36703
-11546 -27561 94851
-11545 87861 39433
-11544 11665 55608
-11543 44737 -44947
-11542 72500 -30615
-11541 96500 -71933
-11540 -89949 79745
-11539 42764 75510
-11538 -83581 38153
-11537 91782 -76058
-11536 8017 -55722
-11535 -21772 57649
-11534 41161 67888
-11533 -44228 -21401
-11532 15010 83680
-11531 42424 50673
-11530 92427 -92098
-11529 -4678 -37751
-11528 49486 62869
-11527 -68113 33369
-11526 -84069 -73262
-11525 -44885 25232
-11524 87458 -12012
-11523 59947 66421
-11522 -68092 -11750
-11521 43426 -49311
-11520 -41082 -82750
-11519 22195 22024
-11518 -72142 93131
-11517 -21369 -89439
-11516 51511 -86336
-11515 -81517 2528
-11514 -34954 13354
-11513 21338 98629
-11512 -7460 -84046
-11511 72640 -61919
-11510 64022 84356
-11509 -34355 -53396
-11508 54238 61046
-11507 16598 -35787
-11506 -83543 -58888
-11505 -6037 99328
-11504 -36752 76884
-11503 10742 -14548
-11502 21516 -17167
-11501 24861 -1185
-11500 -22661 21120
-11499 -24670 -26320
-11498 -47691 8627
-11497 49521 62271
-11496 -4017 -20415
-11495 -48116 -5411
-11494 -60677 24905
-11493 -5176 55733
-11492 -188 63214
-11491 -42597 55372
-11490 23140 46436
-11489 -29100 -82518
-11488 -40769 -70595
-11487 -14812 -70911
-11486 -16197 18938
-11485 36478 -67485
-11484 66150 -59491
-11483 76477 73084
-11482 -6229 19535
-11481 -28483 37431
-11480 -55460 81395
-11479 -8510 45880
-11478 -37013 -73224
-11477 81886 31992
-11476 14848 -72954
-11475 -78229 16325
-11474 80962 -62952
-11473 -33186 12451
-11472 76704 -97773
-11471 -80020 25869
-11470 74599 87517
-11469 41916 40514
-11468 87819 -25109
-11467 -5410 -39159
-11466 13430 -88529
-11465 47341 13788
-11464 34824 94734
-11463 -21421 -17443
-11462 13833 60583
-11461 -53318 93293
-11460 -15178 20506
-11459 -88385 8931
-11458 -6567 38485
-11457 -95587 35162
-11456 -10694 69738
-11455 59870 -75098
-11454 29724 9200
-11453 -96999 -84286
-11452 -50366 98207
-11451 -11019 -62180
-11450 73113 25938
-11449 20652 -55507
-11448 17101 -61055
-11447 23032 -41649
-11446 -52884 64984
-11445 -31149 -34512
-11444 -31164 20338
-11443 64562 -14291
-11442 -53840 -63414
-11441 35440 -34967
-11440 -6224 49788
-11439 -90254 -3917
-11438 44229 47069
-11437 -53014 -42260
-11436 -11677 -95447
-11435 -72865 83745
-11434 80403 92801
-11433 -89677 6171
-11432 90604 -25333
-11431 31008 64469
-11430 77434 18458
-11429 80775 52629
-11428 -80615 77807
-11427 77176 -76635
-11426 97732 11133
-11425 -674 -33927
-11424 -47071 33688
-11423 -62280 -42876
-11422 -14377 72014
-11421 21025 11834
-11420 72657 99490
-11419 -94913 -8395
-11418 70116 -23406
-11417 48396 23408
-11416 -7568 -55974
-11415 -82538 96135
-11414 40006 -61451
-11413 46636 1130
-11412 70248 72527
-11411 32512 48863
-11410 70230 57280
-11409 12798 8138
-11408 56783 -33233
-11407 -79568 15902
-11406 -73535 -97986
-11405 87423 -58832
-11404 48042 -40609
-11403 91960 -16713
-11402 78081 22915
-11401 57336 -39437
-11400 -83780 17096
-11399 2038 4067
-11398 -6176 -7204
-11397 -27274 9095
-11396 -44683 48584
-11395 -32614 8016
-11394 9869 -38132
-11393 -18501 -99897
-11392 89647 36544
-11391 45400 -64888
-11390 79098 22292
-11389 -72474 62677
-11388 77286 82013
-11387 -2371 -23552
-11386 -46163 91255
-11385 -84876 68739
-11384 28217 -90675
-11383 -94462 -7813
-11382 37822 -73905
-11381 -41034 -84354
-11380 -88023 22705
-11379 -38668 -17356
-11378 93988 69419
-11377 -49483 30650
-11376 12428 -11136
-11375 -31905 -4483
-11374 -69480 47507
-11373 28983 25411
-11372 -93550 -32400
-11371 58232 -52781
-11370 -79043 4098
-11369 -3536 26589
-11368 -68504 -95681
-11367 29318 72359
-11366 -51467 -56702
-11365 6293 -24494
-11364 89469 17214
-11363 -22332 38219
-11362 51163 95130
-11361 51225 93167
-11360 55901 43174
-11359 -19683 -59324
-11358 -20757 24735
-11357 66352 34341
-11356 -25059 -30675
-11355 26192 75650
-11354 -156 -57735
-11353 -22353 -11897
-11352 -89535 -89501
-11351 39795 57306
-11350 74933 46375
-11349 -24660 -54962
-11348 20174 72289
-11347 67812 61946
-11346 25990 -23897
-11345 -2882 -33696
-11344 23617 85274
-11343 71413 -36517
-11342 24357 -34755
-11341 15501 65983
-11340 -32726 -22260
-11339 47485 27508
-11338 4300 -99738
-11337 -3434 36946
-11336 52272 -59830
-11335 12749 94735
-11334 74079 96215
-11333 -91665 11309
-11332 38479 56428
-11331 -54179 53675
-11330 -78882 4734
-11329 60971 -29625
-11328 75469 60860
-11327 -30563 50344
-11326 88280 -83780
-11325 -42589 38041
-11324 -74306 -94050
-11323 49499 33048
-11322 20948 25433
-11321 -79485 -79631
-11320 76718 14917
-11319 73202 -31877
-11318 -64001 -46639
-11317 -58417 -19225
-11316 -77719 -49271
-11315 83971 -32545
-11314 97327 9205
-11313 90699 33326
-11312 -80161 -21630
-11311 -20691 99758
-11310 83302 -32855
-11309 40206 -6782
-11308 64306 -61290
-11307 85368 -29570
-11306 12448 58595
-11305 -38321 35761
-11304 -56908 -61824
-11303 -30338 -867
-11302 -89197 11512
-11301 -91635 -40058
-11300 -25394 23543
-11299 -2040 93021
-11298 13393 -33866
-11297 -40005 84914
-11296 -95083 -49923
-11295 28029 79128
-11294 36069 -52897
-11293 -38677 56487
-11292 8373 19737
-11291 13853 -24415
-11290 18923 4918
-11289 -36860 68884
-11288 7959 -41114
-11287 12691 23730
-11286 48313 -30266
-11285 -42585 -68023
-11284 -17119 25271
-11283 74581 -93283
-11282 -23250 86246
-11281 1943 5299
-11280 63328 29300
-11279 -93284 -23164
-11278 51489 64348
-11277 73829 55033
-11276 38447 27364
-11275 63510 71493
-11274 68097 -18261
-11273 2261 -90472
-11272 97862 -87987
-11271 -86389 22858
-11270 -36094 55172
-11269 47411 85697
-11268 -94795 -1334
-11267 19127 34718
-11266 73546 3418
-11265 -75365 59244
-11264 -23509 95404
-11263 -37631 15454
-11262 -52339 -92771
-11261 -57016 53331
-11260 72097 58533
-11259 -74608 16919
-11258 53698 -37951
-11257 -56302 -36341
-11256 -66171 -40618
-11255 3571 -21
-11254 69206 -16104
-11253 81899 -8214
-11252 -83684 -42776
-11251 -46742 -10755
-11250 60324 80415
-11249 -99592 65360
-11248 -12212 63549
-11247 41029 66505
-11246 60340 -48856
-11245 -17595 47905
-11244 33051 -56525
-11243 77163 57304
-11242 -90066 96050
-11241 45510 -23149
-11240 -16386 93950
-11239 -55163 -66068
-11238 95379 55109
-11237 -25295 25514
-11236 -23657 33072
-11235 -83644 6822
-11234 -71289 1710
-11233 -95330 -1381
-11232 47551 46425
-11231 75797 -84852
-11230 61070 -75480
-11229 46732 -78817
-11228 66858 -28992
-11227 47939 52101
-11226 55329 34655
-11225 30296 -51802
-11224 67861 98370
-11223 81197 93548
-11222 78625 68122
-11221 -3508 -45087
-11220 -10957 52319
-11219 -17598 48196
-11218 30483 3689
-11217 -38307 61586
-11216 96609 35233
-11215 -18832 817
-11214 -48555 -25248
-11213 -93541 45602
-11212 -16924 53675
-11211 -73217 92717
-11210 -8124 -52313
-11209 -14650 -69132
-11208 -66349 25660
-11207 37755 33658
-11206 7555 68373
-11205 45739 -17450
-11204 -69789 -46154
-11203 -21475 -11071
-11202 58772 -37697
-11201 -28814 20817
-11200 -85298 -4289
-11199 99004 -50973
-11198 -5143 -9819
-11197 -63282 -26359
-11196 77066 55707
-11195 2098 40078
-11194 -60682 36992
-11193 78006 34245
-11192 -23151 -56513
-11191 27647 56142
-11190 -77588 70055
-11189 -66120 16356
-11188 17864 78521
-11187 36191 -65071
-11186 75554 -99854
-11185 74501 -96990
-11184 -3793 -84516
-11183 -59534 44498
-11182 88043 39477
-11181 -38977 57310
-11180 -97640 94499
-11179 -45837 -80197
-11178 60538 77199
-11177 88368 65753
-11176 -30518 11331
-11175 22579 -784
-11174 49246 -62907
-11173 27787 1094
-11172 -77505 34968
-11171 56020 -67825
-11170 98691 -74354
-11169 57889 -59921
-11168 -67675 55143
-11167 85133 45643
-11166 67336 -89589
-11165 -22105 67918
-11164 52220 19814
-11163 97748 62260
-11162 49704 -24180
-11161 -13660 83021
-11160 45106 15744
-11159 5852 30274
-11158 45340 94486
-11157 -25934 -4774
-11156 78359 -53733
-11155 25781 -79959
-11154 -51255 58039
-11153 29228 9922
-11152 71709 24654
-11151 -4617 92270
-11150 -88840 -93492
-11149 18745 40711
-11148 6835 26551
-11147 -93234 59468
-11146 77435 78670
-11145 60222 6084
-11144 92777 -39886
-11143 -92603 66903
-11142 69376 -74760
-11141 42996 -36861
-11140 -93429 79446
-11139 -10589 -29074
-11138 -78142 1911
-11137 35147 -98160
-11136 -58417 -94719
-11135 -16985 -24002
-11134 37941 58753
-11133 -12050 -59876
-11132 36456 -28331
-11131 -56822 -45777
-11130 40129 13535
-11129 94166 82354
-11128 -36132 80132
-11127 91908 96620
-11126 17739 -99006
-11125 37582 23267
-11124 -66562 43250
-11123 -11816 -27359
-11122 -127 -56370
-11121 -9441 9863
-11120 -17026 -37004
-11119 -89507 -48469
-11118 -48380 -97507
-11117 -75585 -19470
-11116 78743 15980
-11115 -43799 3950
-11114 -48693 -54779
-11113 67014 60525
-11112 97626 -15450
-11111 80200 -86883
-11110 -91253 60407
-11109 42410 40902
-11108 -18196 -14490
-11107 93363 75901
-11106 56004 27572
-11105 -24133 38466
-11104 -33450 -53605
-11103 -22928 51966
-11102 -591 93631
-11101 7536 -89115
-11100 89350 -95934
-11099 -40254 88901
-11098 -9998 13818
-11097 -31072 3631
-11096 90857 -57183
-11095 -41467 70055
-11094 -76820 -75158
-11093 18931 -73405
-11092 -48572 71632
-11091 -82784 -27656
-11090 45086 -33425
-11089 37530 93110
-11088 61959 -62264
-11087 -67143 -80645
-11086 66502 -70528
-11085 -74125 46755
-11084 -35489 -68096
-11083 -39320 -13703
-11082 63978 91093
-11081 97125 -12504
-11080 35303 -94922
-11079 -29497 67578
-11078 32346 63982
-11077 76668 95351
-11076 20178 -70168
-11075 42590 84472
-11074 38214 47224
-11073 55143 5695
-11072 50568 -58599
-11071 -3874 73498
-11070 56874 -20296
-11069 37694 36307
-11068 83124 32341
-11067 90670 7329
-11066 94452 -23172
-11065 40411 62097
-11064 84293 -38352
-11063 -95261 -9181
-11062 -7540 -89848
-11061 -2087 -47585
-11060 25361 -96549
-11059 74312 -93364
-11058 -63908 11752
-11057 84271 37606
-11056 -97682 -61194
-11055 24583 -30987
-11054 -84281 -51145
-11053 -82760 12900
-11052 45504 7482
-11051 34393 81463
-11050 -32836 78392
-11049 -34366 -23551
-11048 -98745 -9922
-11047 -95037 -41373
-11046 -9878 -34370
-11045 -44813 -49565
-11044 9596 42381
-11043 24920 54249
-11042 2761 21995
-11041 21115 -77019
-11040 -20217 -43551
-11039 -99157 17601
-11038 6469 60889
-11037 84411 39414
-11036 -32382 -5302
-11035 -26808 11061
-11034 -77430 -93352
-11033 13064 -81820
-11032 83152 -47284
-11031 86584 58751
-11030 -56364 -50218
-11029 -16734 -3781
-11028 -82491 -90770
-11027 89343 -78617
-11026 36373 -5722
-11025 -77506 -68823
-11024 -79928 80856
-11023 93672 26712
-11022 -38211 56226
-11021 64798 23456
-11020 -13233 -92537
-11019 2664 -93110
-11018 47849 27676
-11017 -32131 15986
-11016 -87665 -54804
-11015 21696 -45361
-11014 -35826 70653
-11013 -32470 55885
-11012 -69278 -3422
-11011 -66029 -24180
-11010 93485 -53427
-11009 42200 14288
-11008 97800 -68887
-11007 -75379 93549
-11006 -78326 -19621
-11005 8515 19110
-11004 50314 -95360
-11003 87384 76011
-11002 -15862 33139
-11001 56946 -87257
-11000 49580 -36627
-10999 49678 -74581
-10998 -65258 -90044
-10997 -25993 -75264
-10996 -99246 -75942
-10995 -38375 62592
-10994 18677 -18692
-10993 8087 55519
-10992 -46394 21477
-10991 34705 10952
-10990 86617 69147
-10989 -64186 24502
-10988 -92118 10956
-10987 -31192 68651
-10986 96235 37047
-10985 53009 71114
-10984 29278 -84308
-10983 11630 -52884
-10982 -58106 -17642
-10981 97556 7448
-10980 18295 80421
-10979 31744 -61089
-10978 51363 -1793
-10977 74239 -61668
-10976 90396 -80922
-10975 -50295 71297
-10974 -25135 -74262
-10973 -95652 82207
-10972 -55484 72038
-10971 34307 -1152
-10970 26465 96431
-10969 33225 -79888
-10968 -25439 -6986
-10967 64842 39321
-10966 183 -10016
-10965 -90562 74023
-10964 -55176 87
-10963 -19015 -20125
-10962 58553 -38362
-10961 -74607 -14537
-10960 -18980 -86599
-10959 69745 75334
-10958 -84921 -86116
-10957 -4872 -21042
-10956 72838 80256
-10955 57683 -33931
-10954 -12317 69205
-10953 81224 42213
-10952 -66091 19306
-10951 31015 -16672
-10950 -65318 -25712
-10949 -41024 25171
-10948 30196 -68436
-10947 -27349 -79770
-10946 -70032 56400
-10945 6572 -98797
-10944 -48259 87106
-10943 -5905 29195
-10942 20914 -59165
-10941 40072 -90246
-10940 41615 15185
-10939 -26173 69309
-10938 -42768 -24992
-10937 -38467 67120
-10936 15898 -42845
-10935 55269 -37338
-10934 -80085 40673
-10933 -74783 -59941
-10932 -63313 23252
-10931 11736 -53003
-10930 24706 -13732
-10929 53500 -51134
-10928 -18307 -51672
-10927 53198 -96414
-10926 61713 -46202
-10925 -25472 -72494
-10924 -53049 -49469
-10923 -93357 -76147
-10922 -79629 -84234
-10921 84923 51522
-10920 52567 53647
-10919 27819 -7434
-10918 36170 -39449
-10917 68148 -23755
-10916 -13534 91770
-10915 41307 -41760
-10914 -25831 24269
-10913 -39737 34030
-10912 -12293 -49522
-10911 -39043 93062
-10910 -80409 -49951
-10909 56472 -863
-10908 -58077 -12156
-10907 -64940 89389
-10906 84732 -63365
-10905 -24603 -27187
-10904 444 -10370
-10903 85294 60710
-10902 -53794 22645
-10901 98826 -62117
-10900 -31408 29352
-10899 95882 17360
-10898 -74077 -99850
-10897 -62347 -97007
-10896 24074 71060
-10895 -861 73226
-10894 -30616 24509
-10893 93217 17336
-10892 90412 -79447
-10891 -53578 -85178
-10890 -438 -11219
-10889 75078 69736
-10888 24218 1839
-10887 92392 37936
-10886 -68826 91695
-10885 99995 29543
-10884 16162 -47022
-10883 -62598 92286
-10882 -21318 -94425
-10881 -51856 48086
-10880 -32838 2437
-10879 -15339 68365
-10878 60978 39661
-10877 24816 -62049
-10876 96137 -54637
-10875 -14383 21909
-10874 94137 43151
-10873 54338 -90457
-10872 13292 -52898
-10871 38423 64470
-10870 85568 -26397
-10869 72684 -24189
-10868 -51520 52541
-10867 -46133 78723
-10866 -45198 73912
-10865 -3864 -95959
-10864 -36078 -23677
-10863 -36231 -99931
-10862 32739 -41687
-10861 95263 -81944
-10860 35223 74933
-10859 83680 69838
-10858 -56981 90330
-10857 -41512 3023
-10856 -98980 86844
-10855 -39783 -88396
-10854 27379 82156
-10853 -43019 -73238
-10852 -88482 -21485
-10851 -12531 -42960
-10850 37392 -96607
-10849 64353 23809
-10848 85818 69443
-10847 -59952 -52318
-10846 -87548 -39113
-10845 74795 72765
-10844 -52963 59751
-10843 59886 -58254
-10842 -8080 -92517
-10841 -78531 2981
-10840 97603 -87546
-10839 -86357 -15006
-10838 43577 -57074
-10837 11395 -16583
-10836 -3377 -95445
-10835 -66318 69096
-10834 -79115 28923
-10833 17975 -87625
-10832 -21951 -74091
-10831 73068 52640
-10830 -22713 -33357
-10829 1103 91191
-10828 25158 84191
-10827 68357 68285
-10826 85892 -39990
-10825 29892 -89433
-10824 51365 23661
-10823 63406 34191
-10822 51 -33826
-10821 -64926 -80903
-10820 11528 -81176
-10819 65050 86083
-10818 6389 35738
-10817 -12186 42891
-10816 75849 85190
-10815 32624 10333
-10814 -53840 20555
-10813 -31167 67360
-10812 -36198 -11228
-10811 -50585 15176
-10810 -90526 -44261
-10809 -40105 79709
-10808 4399 -49060
-10807 -84335 97588
-10806 -73881 -54431
-10805 -56350 -22164
-10804 -31666 63922
-10803 63430 -89275
-10802 -33529 18957
-10801 -69723 11655
-10800 63815 -64551
-10799 -55981 68656
-10798 68962 15342
-10797 46479 38427
-10796 41162 -45136
-10795 -73726 42689
-10794 -90798 1634
-10793 4328 -74789
-10792 -70203 -54368
-10791 -66497 99272
-10790 -32692 -99161
-10789 97859 65257
-10788 -15178 -54251
-10787 -38198 -776
-10786 -97419 3142
-10785 33904 8451
-10784 826 54143
-10783 18758 58464
-10782 -22661 68727
-10781 -91143 -2626
-10780 70014 -87078
-10779 -96332 42883
-10778 -6545 35908
-10777 -58180 53187
-10776 -26096 -88592
-10775 31979 22132
-10774 -49455 -67481
-10773 8280 -44970
-10772 -93399 -3919
-10771 56342 -46630
-10770 -40292 26622
-10769 -69695 59631
-10768 -98514 -49894
-10767 -60003 48535
-10766 4369 92613
-10765 -21241 52794
-10764 46765 70977
-10763 -77935 -65745
-10762 -46547 86096
-10761 15796 -11457
-10760 -41992 -36393
-10759 62929 -73515
-10758 72867 -4874
-10757 73977 -67560
-10756 -77693 59271
-10755 74886 -44659
-10754 123 -72039
-10753 -2864 37858
-10752 89447 94477
-10751 3143 50659
-10750 -7707 65834
-10749 -69160 -55911
-10748 -88613 75432
-10747 68821 56690
-10746 -54116 -60475
-10745 47589 -12280
-10744 43015 90987
-10743 2099 -80581
-10742 30157 28084
-10741 59573 79535
-10740 7319 -45595
-10739 77245 18966
-10738 -25809 16460
-10737 33372 -95873
-10736 88960 -80412
-10735 -22968 79970
-10734 -47221 -74761
-10733 7557 25308
-10732 -30309 -46983
-10731 -43347 38044
-10730 12362 19941
-10729 -78535 26846
-10728 -4094 72007
-10727 -46033 -98765
-10726 11302 -51138
-10725 82664 80908
-10724 4005 -17629
-10723 -57115 -13665
-10722 79362 -82137
-10721 68079 -80574
-10720 41026 72858
-10719 -46983 -72978
-10718 -28188 33594
-10717 4356 24170
-10716 89639 -47341
-10715 -56658 12898
-10714 -93647 -66662
-10713 52062 36668
-10712 -39682 16591
-10711 67549 88551
-10710 28697 -68924
-10709 99713 15595
-10708 -79719 10966
-10707 -23516 1319
-10706 10315 77743
-10705 98162 -90606
-10704 27233 -52986
-10703 560 -74222
-10702 55333 63220
-10701 65531 -82509
-10700 77584 87749
-10699 70396 75731
-10698 -42833 1266
-10697 -61466 69894
-10696 19546 -87410
-10695 -63727 35647
-10694 -90880 92922
-10693 73307 -99696
-10692 -22809 87890
-10691 -3341 -45725
-10690 25794 83563
-10689 69834 43919
-10688 -44392 -94786
