4975
-21051 -96761 5514
-21050 -67034 53444
-21049 74755 58942
-21048 72030 -54449
-21047 8595 -37765
-21046 83447 56943
-21045 -25667 39388
-21044 37340 93309
-21043 -52345 62449
-21042 87244 -21637
-21041 -74716 70627
-21040 82720 40829
-21039 64289 75612
-21038 -28863 -10572
-21037 19194 -7156
-21036 78629 31841
-21035 38470 35480
-21034 46468 -43434
-21033 17370 -76943
-21032 59239 93583
-21031 -63977 -75643
-21030 45455 3701
-21029 -255 -10018
-21028 -4216 -93317
-21027 -28634 -60645
-21026 45901 52176
-21025 42604 -53389
-21024 89763 -92600
-21023 19426 73824
-21022 -70998 -19624
-21021 -11295 -30128
-21020 -17612 5899
-21019 48284 -39384
-21018 -60702 -397
-21017 62226 90117
-21016 98454 25570
-21015 38145 15654
-21014 30899 79149
-21013 18634 2567
-21012 -86245 -27996
-21011 -12052 44505
-21010 -39680 38795
-21009 -2198 78911
-21008 -12715 -74916
-21007 15673 27491
-21006 37800 -16756
-21005 -43475 -27294
-21004 -12934 -3221
-21003 -60538 7730
-21002 -10672 95874
-21001 34117 -79773
-21000 38147 7687
-20999 38923 -97699
-20998 9881 4526
-20997 -12731 -70614
-20996 -49011 53709
-20995 -97914 41318
-20994 94352 -37297
-20993 12692 89175
-20992 -387 46214
-20991 -89965 -77823
-20990 54574 -35070
-20989 92682 -90264
-20988 -3469 19296
-20987 27503 -80261
-20986 -48195 88944
-20985 -8327 -65378
-20984 61512 21691
-20983 86889 91664
-20982 30176 -3528
-20981 59121 83819
-20980 -99597 19689
-20979 38656 24186
-20978 50370 -19641
-20977 96115 -99334
-20976 -74641 -82126
-20975 -17308 -61590
-20974 -29830 -47786
-20973 71394 53079
-20972 -23292 26731
-20971 74183 5705
-20970 51986 -61886
-20969 -30617 40560
-20968 -99736 -8328
-20967 85048 -29156
-20966 33163 -69789
-20965 25940 -75607
-20964 -23143 28409
-20963 -13167 3333
-20962 90224 -66687
-20961 -4596 -1063
-20960 -72764 15037
-20959 32304 -3163
-20958 -46017 -80160
-20957 -5638 72884
-20956 93935 -96736
-20955 24930 70492
-20954 16850 85709
-20953 -2988 -38937
-20952 -74312 -79101
-20951 29518 -27111
-20950 43606 -67763
-20949 39250 -4387
-20948 94647 -29508
-20947 -13355 -19340
-20946 -6217 51247
-20945 40534 77760
-20944 10527 9184
-20943 16020 40504
-20942 41084 -79452
-20941 -25439 -9347
-20940 -17204 75298
-20939 20249 47565
-20938 47838 -9058
-20937 -1884 6522
-20936 56858 63340
-20935 87130 72096
-20934 -43933 75094
-20933 17415 -34869
-20932 -66658 -73082
-20931 63028 -36124
-20930 71936 89461
-20929 45296 -78701
-20928 -73661 79353
-20927 46836 12872
-20926 55069 11240
-20925 8755 45349
-20924 14332 -66872
-20923 -92214 -1401
-20922 25154 35889
-20921 -41907 32859
-20920 -96459 30350
-20919 75966 -87391
-20918 95770 70712
-20917 -56869 16628
-20916 -4096 32169
-20915 52837 -6422
-20914 8535 -8606
-20913 98775 37281
-20912 21787 85429
-20911 90105 -69673
-20910 44898 -30223
-20909 -24541 -47588
-20908 98935 -49346
-20907 62378 -56906
-20906 -3350 -50301
-20905 603 97432
-20904 -94167 -20343
-20903 71365 -13525
-20902 -74200 -58961
-20901 -61153 46903
-20900 -68031 -95436
-20899 -31326 -1933
-20898 78800 -14631
-20897 -24186 77841
-20896 75949 73208
-20895 -73381 -20636
-20894 -34076 9402
-20893 67823 -4922
-20892 -45584 -1085
-20891 -61085 10596
-20890 85510 -83190
-20889 86276 -45434
-20888 82927 42837
-20887 -21032 69873
-20886 -15754 91037
-20885 -63454 -38408
-20884 96193 -32293
-20883 -26791 -64772
-20882 95119 76719
-20881 -91340 41082
-20880 45169 94097
-20879 71773 3488
-20878 -65847 26217
-20877 21280 37436
-20876 -47265 28085
-20875 -14047 8201
-20874 -37989 -66824
-20873 -32039 20640
-20872 -81337 -58354
-20871 42777 16352
-20870 -24856 32378
-20869 41538 28469
-20868 -859 91106
-20867 97214 90579
-20866 76486 -72848
-20865 -99135 76545
-20864 26290 -63523
-20863 -81323 -95271
-20862 65882 -33963
-20861 -62770 29358
-20860 24437 13007
-20859 -33905 10979
-20858 -6477 63241
-20857 -76132 52892
-20856 94352 -71005
-20855 8611 -5604
-20854 -64829 -11197
-20853 4405 14926
-20852 -64041 -72792
-20851 -61767 83439
-20850 -57313 -7008
-20849 10040 -98155
-20848 -7734 -71875
-20847 8357 42598
-20846 -36280 -94481
-20845 45189 83446
-20844 25939 47764
-20843 -37430 35709
-20842 38338 -954
-20841 -10715 -66531
-20840 97659 -50070
-20839 -33093 -1240
-20838 -51753 -78443
-20837 61233 -19963
-20836 60004 -72801
-20835 2690 -57545
-20834 35555 -36559
-20833 62525 4716
-20832 10332 75876
-20831 -64637 -86485
-20830 26572 -3682
-20829 86656 8069
-20828 80454 -20407
-20827 -31463 -95466
-20826 -56454 -82894
-20825 -12825 -12724
-20824 85796 88185
-20823 84020 49850
-20822 -21213 53943
-20821 -99305 -88985
-20820 67404 67811
-20819 -72262 62962
-20818 69587 -54286
-20817 -85444 -96792
-20816 -83508 -58125
-20815 39151 79156
-20814 32185 29220
-20813 -81793 55014
-20812 88365 -97955
-20811 43278 -91633
-20810 -71613 16713
-20809 59647 -46629
-20808 59283 70892
-20807 63116 97834
-20806 -68357 28114
-20805 -77026 4873
-20804 -19608 -303
-20803 -18973 29801
-20802 -2293 -91933
-20801 10820 91938
-20800 -96254 -72733
-20799 -84298 -94522
-20798 -18870 -96502
-20797 -94816 -10413
-20796 -50050 -86020
-20795 61539 -18985
-20794 25998 -92583
-20793 98750 -37381
-20792 42700 -36097
-20791 59622 10060
-20790 -45462 53224
-20789 -15777 25596
-20788 -29551 37997
-20787 -63708 -15136
-20786 -67022 -56913
-20785 -42243 -3212
-20784 18137 -76280
-20783 -4239 -8928
-20782 -15296 36654
-20781 -75324 -85354
-20780 32719 97281
-20779 44741 -96787
-20778 -68987 -95349
-20777 33274 -33551
-20776 56087 39905
-20775 30448 21985
-20774 88450 -99406
-20773 95157 -25633
-20772 69822 -66451
-20771 37269 -33351
-20770 52255 -14364
-20769 -59754 89287
-20768 72787 -87007
-20767 -60510 -63424
-20766 66048 45148
-20765 -95039 -10387
-20764 -60226 -39629
-20763 79002 -74186
-20762 -58716 76871
-20761 -82659 41867
-20760 79910 55632
-20759 -57211 98088
-20758 -62598 -80766
-20757 -83674 -65777
-20756 -68072 -78801
-20755 91076 -83543
-20754 32999 10811
-20753 93760 15334
-20752 7219 92051
-20751 -74168 -45990
-20750 1697 -60470
-20749 41039 67418
-20748 -27234 32220
-20747 47240 -8119
-20746 88772 78404
-20745 -45359 -33589
-20744 36056 95491
-20743 54644 60464
-20742 -22800 -75086
-20741 -47124 2738
-20740 -10442 86049
-20739 -55680 1784
-20738 -35365 87709
-20737 -41984 -10865
-20736 11115 59763
-20735 4495 89237
-20734 59445 -53730
-20733 -19934 -42608
-20732 20800 45042
-20731 -35064 12578
-20730 89820 60103
-20729 -99978 75651
-20728 -71560 48021
-20727 61658 -9384
-20726 46611 14136
-20725 -36627 -34820
-20724 -63452 -49496
-20723 85925 -11957
-20722 15925 -17305
-20721 51683 -71758
-20720 29801 -21100
-20719 -4893 4131
-20718 -31908 66000
-20717 -76381 -41358
-20716 -34865 -45826
-20715 -11183 -2486
-20714 75290 -63451
-20713 -67852 -19321
-20712 -52952 -34069
-20711 -26485 33087
-20710 49826 -54898
-20709 45193 -99652
-20708 -67105 -22213
-20707 8848 90453
-20706 -77585 -79921
-20705 -72140 -25861
-20704 -51371 55145
-20703 -36356 56118
-20702 -63584 -78122
-20701 -7215 10484
-20700 44898 -54038
-20699 39400 -65872
-20698 22576 -40391
-20697 -90772 -36980
-20696 -39474 45929
-20695 -81432 -93004
-20694 -44230 -60446
-20693 -23263 18019
-20692 -48451 -5512
-20691 87350 -58773
-20690 -27444 -15623
-20689 54159 -3515
-20688 -70507 -90851
-20687 34389 67551
-20686 -66218 97879
-20685 92018 80394
-20684 28651 -49674
-20683 -48616 89304
-20682 60488 -62781
-20681 9970 13278
-20680 -1430 -47044
-20679 -68196 -16920
-20678 -4395 95501
-20677 -87225 -40579
-20676 -98735 64588
-20675 77314 94773
-20674 -71141 -45150
-20673 4322 29296
-20672 64824 -34303
-20671 11578 105
-20670 14443 -75886
-20669 -47096 -2464
-20668 -34111 61185
-20667 48251 47158
-20666 27846 31078
-20665 22261 92629
-20664 -74478 4987
-20663 65285 -50236
-20662 -79668 -96371
-20661 20798 93406
-20660 27895 -148
-20659 -41357 71897
-20658 -53038 65513
-20657 59260 26203
-20656 44898 -65050
-20655 -71923 -57683
-20654 -51668 -40716
-20653 97536 99164
-20652 16359 -81010
-20651 -73956 74921
-20650 -64547 -26486
-20649 27677 73618
-20648 80969 90914
-20647 -44286 13098
-20646 23787 -20668
-20645 21576 8601
-20644 -51058 -56109
-20643 61448 23334
-20642 -36741 36186
-20641 57049 -49957
-20640 4083 3899
-20639 -85423 -6724
-20638 25464 11102
-20637 -66704 -17485
-20636 -65552 -76162
-20635 -55543 49254
-20634 -97950 42196
-20633 -5033 -42568
-20632 97857 14169
-20631 31482 79592
-20630 -43528 43001
-20629 64069 71745
-20628 -44496 -56009
-20627 3642 95571
-20626 -76025 -14077
-20625 29238 -30281
-20624 -67015 -78368
-20623 -75052 -5097
-20622 88889 -62372
-20621 64448 -46215
-20620 64239 -74193
-20619 34087 -81697
-20618 -97981 69130
-20617 -92669 15829
-20616 88492 -99863
-20615 -12591 -23275
-20614 -29271 26924
-20613 -16232 -38804
-20612 69793 -96040
-20611 -39879 82725
-20610 1305 75852
-20609 25320 -29652
-20608 75584 19813
-20607 74452 81259
-20606 -19752 50826
-20605 -98604 19614
-20604 -53574 67830
-20603 -59759 -87825
-20602 -17256 88657
-20601 27014 -31470
-20600 -57406 -12457
-20599 -30952 -46064
-20598 -90089 -78042
-20597 -18891 -22652
-20596 -40376 68768
-20595 -81699 1590
-20594 -23662 48388
-20593 89583 -4386
-20592 -36020 -71908
-20591 -71634 -55581
-20590 24682 70690
-20589 25203 -64137
-20588 -1938 38497
-20587 93573 -23371
-20586 1995 -58741
-20585 75130 -12896
-20584 64203 15766
-20583 3404 -56354
-20582 87489 -57288
-20581 -93974 82237
-20580 -81665 -38492
-20579 -73786 -87701
-20578 40019 72329
-20577 62195 38681
-20576 89764 48344
-20575 -19053 -5541
-20574 -64744 15436
-20573 63506 44193
-20572 39704 -83686
-20571 55679 66050
-20570 -18407 -17700
-20569 -31683 67654
-20568 -77892 -53328
-20567 -96451 -28057
-20566 25552 -57793
-20565 38253 92132
-20564 -69942 -34876
-20563 88491 -63940
-20562 36920 -62488
-20561 -72536 -59141
-20560 97417 -45821
-20559 8415 98746
-20558 -9130 -75119
-20557 -26845 -89114
-20556 22915 -57837
-20555 -48448 -1522
-20554 -46484 -71258
-20553 -61100 42656
-20552 -18641 94252
-20551 -15551 -27888
-20550 20901 -73388
-20549 43986 92397
-20548 -57964 -81815
-20547 79527 18172
-20546 12664 67851
-20545 -72334 -5202
-20544 70025 -70922
-20543 93173 12739
-20542 -65891 -81867
-20541 43727 71837
-20540 95467 17943
-20539 39330 43315
-20538 6848 32999
-20537 78487 56149
-20536 -57939 -17497
-20535 -79418 -28287
-20534 56920 70608
-20533 13930 -49064
-20532 85739 -93831
-20531 -23519 -53083
-20530 4458 91285
-20529 45755 40323
-20528 -50553 -23807
-20527 -58744 40861
-20526 -16467 -37118
-20525 34454 -42884
-20524 -9306 -88189
-20523 98558 76340
-20522 90847 74774
-20521 99215 37852
-20520 -12431 45011
-20519 60268 -30053
-20518 -48874 -26723
-20517 96904 12185
-20516 56145 91195
-20515 -81292 37212
-20514 93531 -38098
-20513 -15862 -68125
-20512 -30954 -61056
-20511 -34974 75710
-20510 46698 96582
-20509 -23267 64975
-20508 -17693 48340
-20507 -61909 74931
-20506 -55520 -90861
-20505 -6680 35747
-20504 -36906 -61359
-20503 -14960 27709
-20502 -16416 83047
-20501 -5835 -28064
-20500 29141 74714
-20499 -65636 31654
-20498 57371 -60932
-20497 27248 -92972
-20496 -10867 97641
-20495 -75667 33607
-20494 -374 -45205
-20493 -65564 -82213
-20492 90481 12129
-20491 -32442 72207
-20490 -74946 -1030
-20489 -49239 67782
-20488 36831 12152
-20487 592 -72920
-20486 74214 -98009
-20485 89376 -55564
-20484 -40094 -16125
-20483 -75225 -13387
-20482 -85310 -80976
-20481 -18465 -63661
-20480 -30393 -25676
-20479 62829 82840
-20478 -3537 -36029
-20477 -61240 -856
-20476 81839 55533
-20475 2888 84682
-20474 -38107 -39120
-20473 -92754 -46969
-20472 45276 32851
-20471 -46449 31526
-20470 59026 49876
-20469 46959 89038
-20468 86151 74251
-20467 58612 79890
-20466 41915 3776
-20465 23038 46891
-20464 -66951 35236
-20463 26300 -31249
-20462 -10255 52680
-20461 30773 -51086
-20460 58165 -2784
-20459 -52192 8081
-20458 13698 -88245
-20457 81640 -41606
-20456 -47265 -70969
-20455 88013 -64310
-20454 -50359 20917
-20453 67033 -96695
-20452 75288 -86166
-20451 -2072 -81698
-20450 81363 81185
-20449 11656 -5088
-20448 -30102 -84939
-20447 -37654 -93906
-20446 35381 -69264
-20445 22907 47387
-20444 60620 90836
-20443 -12326 -72074
-20442 14272 -49412
-20441 -8190 -19948
-20440 -23260 -18327
-20439 -59077 74680
-20438 -33 -54681
-20437 -56132 20597
-20436 92051 68368
-20435 -10103 1325
-20434 -9997 -72377
-20433 76949 -88289
-20432 84851 -37650
-20431 48469 -18324
-20430 50497 90033
-20429 -95082 -80934
-20428 -80555 59933
-20427 91968 70814
-20426 -95794 -63370
-20425 7887 -82791
-20424 2835 -79738
-20423 52756 3344
-20422 39209 14816
-20421 -95802 -22222
-20420 -47408 82870
-20419 -41655 -44856
-20418 33227 -95253
-20417 -37606 7279
-20416 -97171 -13724
-20415 -93985 -31904
-20414 -49237 74034
-20413 -47255 -63677
-20412 -83244 76357
-20411 48533 -88619
-20410 -13911 -52354
-20409 -67614 -66042
-20408 -41441 -50368
-20407 -47639 8192
-20406 28950 20113
-20405 87226 34824
-20404 15705 93209
-20403 34336 58370
-20402 76032 28587
-20401 68140 -91882
-20400 97647 -40950
-20399 96147 14254
-20398 -2510 -72806
-20397 -50877 73309
-20396 -23596 -10212
-20395 -1051 97498
-20394 82651 93297
-20393 -10693 48255
-20392 73832 -99875
-20391 -59354 -23476
-20390 69871 -79691
-20389 39589 -22741
-20388 -17217 -31820
-20387 -57728 -63588
-20386 -45344 11666
-20385 70816 -826
-20384 97759 -32489
-20383 52724 8453
-20382 69809 -71009
-20381 98610 -85258
-20380 32911 63860
-20379 -59335 36167
-20378 -18336 14010
-20377 44827 2540
-20376 14218 -83283
-20375 23265 -27039
-20374 -62464 73590
-20373 78346 -76309
-20372 16776 99932
-20371 240 -61296
-20370 252 -50539
-20369 61054 -90758
-20368 11876 -89096
-20367 -98962 -69448
-20366 -51853 -1440
-20365 -26446 96408
-20364 89050 56089
-20363 60547 -30951
-20362 3385 34637
-20361 20165 31097
-20360 -84123 37377
-20359 -31448 -90300
-20358 -26299 -77881
-20357 -45477 -97033
-20356 38801 -17649
-20355 -65235 58237
-20354 61037 53689
-20353 58301 -16732
-20352 -43320 -21399
-20351 82249 -26776
-20350 -14584 -19039
-20349 37324 -64446
-20348 80939 -1416
-20347 75581 -63757
-20346 34569 -46639
-20345 48948 23091
-20344 -48351 96091
-20343 -87177 -5526
-20342 -77292 1448
-20341 30969 76923
-20340 23575 -59249
-20339 74796 -5139
-20338 12650 36453
-20337 -39868 -32234
-20336 69149 17819
-20335 23881 -46262
-20334 87597 63502
-20333 -99856 21303
-20332 -3764 -73675
-20331 -19488 67757
-20330 87998 83602
-20329 55068 -1158
-20328 -61318 37116
-20327 65074 87435
-20326 -11072 -61021
-20325 -7015 33511
-20324 -37338 60340
-20323 59033 45900
-20322 46679 87348
-20321 57985 -2939
-20320 -76018 50876
-20319 -86122 -37952
-20318 -43096 -5334
-20317 -52712 -4525
-20316 -25800 6217
-20315 -10133 59552
-20314 -27673 -11776
-20313 74694 -60367
-20312 -78419 7026
-20311 15501 -7823
-20310 96812 -97699
-20309 75414 -89115
-20308 10701 40978
-20307 -85154 75371
-20306 15171 -17241
-20305 22173 51270
-20304 -2217 13754
-20303 65226 2992
-20302 -72572 -5006
-20301 -49136 -49224
-20300 46178 -71619
-20299 -17331 92999
-20298 95792 84122
-20297 -7620 15123
-20296 -31191 -37306
-20295 -40095 62309
-20294 -16598 24815
-20293 78941 -48571
-20292 20726 -76960
-20291 -93633 45367
-20290 -47127 -86763
-20289 -16102 94535
-20288 84155 32098
-20287 -23778 -75007
-20286 82269 -15198
-20285 -92008 -64626
-20284 63651 -78783
-20283 69010 43861
-20282 1160 -43752
-20281 36191 -59772
-20280 -56884 -77164
-20279 -683 -31140
-20278 75997 -43655
-20277 -84682 23686
-20276 -14961 3466
-20275 -86929 -80402
-20274 53941 -71975
-20273 47881 -850
-20272 -39320 -95583
-20271 -3490 -90842
-20270 -20922 -98344
-20269 71609 -8997
-20268 -30979 -53685
-20267 804 64115
-20266 8634 31710
-20265 19252 -24185
-20264 -99598 66196
-20263 41230 -96658
-20262 15546 35526
-20261 23687 89636
-20260 47619 44051
-20259 -53879 2698
-20258 53431 -74498
-20257 -58664 21632
-20256 79507 -22710
-20255 -64155 34904
-20254 40182 -56179
-20253 53912 90162
-20252 -74161 37688
-20251 65466 -79879
-20250 22487 -42950
-20249 72616 -86593
-20248 99181 33431
-20247 -67238 -73617
-20246 39957 38337
-20245 -84878 -11599
-20244 -6051 -8232
-20243 12260 -83322
-20242 3058 -36767
-20241 63522 27867
-20240 58221 11103
-20239 -61202 -37441
-20238 -44675 -2169
-20237 96987 -27081
-20236 19809 38246
-20235 57189 -49003
-20234 95201 6093
-20233 -53859 24771
-20232 -76667 63163
-20231 -41680 29235
-20230 -27737 -59160
-20229 -30187 -87695
-20228 -5030 21755
-20227 -15065 50119
-20226 -83672 -99319
-20225 -73806 68580
-20224 17027 -51553
-20223 96200 -6806
-20222 95694 43757
-20221 15228 -54954
-20220 91953 63661
-20219 92113 10505
-20218 54456 55017
-20217 2710 96800
-20216 -74221 38604
-20215 -25051 -93823
-20214 -60821 -52163
-20213 -61047 -38407
-20212 93850 93870
-20211 58014 46629
-20210 5655 -30406
-20209 -32251 -62975
-20208 -51566 41379
-20207 -61227 51871
-20206 55011 35120
-20205 -45824 76900
-20204 -93551 79787
-20203 73550 -36955
-20202 -95433 15476
-20201 -78357 80916
-20200 78545 -65655
-20199 41010 7168
-20198 -16407 -84820
-20197 68644 -90711
-20196 21730 69797
-20195 35626 29599
-20194 80821 -896
-20193 39344 -45245
-20192 -71541 84765
-20191 77951 199
-20190 -39572 -13207
-20189 -59939 75291
-20188 67881 -14749
-20187 7585 59493
-20186 -96385 -91022
-20185 -19243 -55660
-20184 -79051 56259
-20183 -67754 98586
-20182 -1118 -50687
-20181 49437 4524
-20180 87417 72691
-20179 -80560 -84834
-20178 -20047 -266
-20177 61076 77931
-20176 -73115 -69908
-20175 88972 99173
-20174 -31933 -74876
-20173 -9868 -86783
-20172 6976 -74404
-20171 -19512 -40164
-20170 21931 -52269
-20169 74560 -32221
-20168 -57143 42581
-20167 65006 -42504
-20166 61554 -77479
-20165 40062 23279
-20164 -24143 19145
-20163 8693 68257
-20162 -18597 -11846
-20161 41844 73914
-20160 99217 -52687
-20159 -23508 -31883
-20158 77044 39793
-20157 -76923 28120
-20156 -67100 -28722
-20155 67750 93267
-20154 -41567 7260
-20153 -75110 95384
-20152 47803 -56574
-20151 -26593 -6625
-20150 -84415 6775
-20149 -78777 -8029
-20148 3338 -94853
-20147 -75694 -78581
-20146 95736 37029
-20145 50958 -6366
-20144 46625 -10299
-20143 -71510 2853
-20142 -36041 58158
-20141 -11930 51691
-20140 87306 -82411
-20139 -70673 48895
-20138 13823 13499
-20137 -48012 71677
-20136 -91459 2267
-20135 3447 -22060
-20134 -58811 75454
-20133 21653 42430
-20132 50141 26827
-20131 -89031 -58804
-20130 -1239 51409
-20129 -87074 48528
-20128 13261 97501
-20127 -61988 -56179
-20126 -87019 57987
-20125 89714 17226
-20124 43834 -20744
-20123 -90708 58029
-20122 -47963 -27327
-20121 26863 -27932
-20120 29069 39609
-20119 44777 -65664
-20118 33614 97184
-20117 -73584 58048
-20116 18525 -51639
-20115 77062 89795
-20114 31717 4992
-20113 86773 -4980
-20112 66833 -94206
-20111 -60038 36400
-20110 -8409 -11552
-20109 84406 -50736
-20108 16952 39491
-20107 -87279 27487
-20106 94907 88693
-20105 -79043 90757
-20104 6087 -45503
-20103 -63866 -98273
-20102 -49348 8894
-20101 -56969 5171
-20100 -25673 78838
-20099 -39110 24259
-20098 -73628 94313
-20097 48324 88467
-20096 -44605 -39166
-20095 -28613 73944
-20094 62375 -2255
-20093 18462 56844
-20092 -60877 38527
-20091 -18627 71576
-20090 -19330 -72670
-20089 59789 -8914
-20088 89074 -83204
-20087 -35449 -58503
-20086 41393 50963
-20085 -10974 77505
-20084 -29836 -95006
-20083 44356 10653
-20082 -81259 -39920
-20081 -31131 42759
-20080 -99209 95430
-20079 -56881 -44641
-20078 65654 81878
-20077 32415 66359
-20076 -77639 62897
-20075 -26462 -90342
-20074 3281 83700
-20073 -87477 -76202
-20072 24677 33589
-20071 78764 -54707
-20070 25521 -51035
-20069 -98609 -59748
-20068 35056 61475
-20067 -96020 -59140
-20066 -72226 -40646
-20065 29640 17
-20064 -3934 46966
-20063 12849 -5861
-20062 -63867 2036
-20061 -54577 -53928
-20060 -35124 19666
-20059 83052 4217
-20058 15467 -16885
-20057 -12837 -20636
-20056 -35763 -18797
-20055 61318 -99968
-20054 7006 -44378
-20053 19203 -90569
-20052 11659 1089
-20051 46536 7026
-20050 16985 -94390
-20049 24900 -39945
-20048 -96899 -5692
-20047 6309 48766
-20046 72308 85910
-20045 18340 -99694
-20044 -19289 -80455
-20043 -20361 98801
-20042 -71990 -44315
-20041 -53569 79985
-20040 -1215 -11731
-20039 -86922 -48396
-20038 -13157 83635
-20037 29552 26615
-20036 6728 -38609
-20035 27702 -88380
-20034 2292 86888
-20033 34509 98714
-20032 24760 36321
-20031 92842 5400
-20030 -79097 59854
-20029 -94901 -93575
-20028 81174 85765
-20027 -27197 -18571
-20026 -84606 98411
-20025 83651 -46730
-20024 97560 31457
-20023 53694 53067
-20022 59248 -681
-20021 -34582 62466
-20020 -7255 4619
-20019 -56689 84343
-20018 -70629 -17508
-20017 -40130 91980
-20016 -52452 -5101
-20015 -53482 -67415
-20014 93170 17966
-20013 36691 -59141
-20012 82860 19729
-20011 -63852 -35005
-20010 -53458 72529
-20009 -60060 78313
-20008 9600 -92153
-20007 89690 -97002
-20006 -56676 83278
-20005 26905 62295
-20004 -96987 -54974
-20003 -26863 -50778
-20002 -57860 16018
-20001 58386 72519
-20000 -74606 -8527
-19999 -19471 70802
-19998 13615 9442
-19997 42391 47171
-19996 -40080 19428
-19995 -6602 59025
-19994 -75756 -45415
-19993 -40635 -68647
-19992 76075 37122
-19991 58 79398
-19990 80793 -18113
-19989 48197 78267
-19988 22566 -91589
-19987 79825 34322
-19986 36324 92597
-19985 -70653 17454
-19984 -69258 -17200
-19983 66927 -15634
-19982 -94534 50560
-19981 -29855 -58427
-19980 21113 -37280
-19979 -53513 44652
-19978 99875 86506
-19977 87844 -47443
-19976 -98257 92267
-19975 -13570 -55597
-19974 -80163 -73338
-19973 17530 65269
-19972 -45246 -58118
-19971 -99746 -46618
-19970 28827 -92195
-19969 93996 86461
-19968 58511 74252
-19967 64911 -79535
-19966 -11870 -99082
-19965 -11229 60289
-19964 -97177 -26221
-19963 84665 -20032
-19962 -17863 -31984
-19961 -67092 -12266
-19960 -24498 -83078
-19959 -41003 41311
-19958 71223 -33572
-19957 -86793 -19377
-19956 63318 75278
-19955 1624 -49565
-19954 74442 -50278
-19953 -13770 17820
-19952 -17799 -58401
-19951 87944 7083
-19950 -76529 26882
-19949 -95055 -41242
-19948 56001 -3970
-19947 59257 -89433
-19946 62881 98049
-19945 90597 47480
-19944 -1607 -10637
-19943 83537 -26039
-19942 -36519 51645
-19941 10523 76917
-19940 60718 48098
-19939 -14272 -4753
-19938 60467 -78824
-19937 -47749 -88028
-19936 -60320 79815
-19935 91690 37218
-19934 85917 50042
-19933 -71944 -83879
-19932 -58555 -12410
-19931 3876 64923
-19930 -76308 -70983
-19929 -50187 5251
-19928 18108 -71293
-19927 -77538 1604
-19926 -86174 20159
-19925 88425 80234
-19924 19186 -42088
-19923 18067 -12247
-19922 -25614 -85540
-19921 9448 92606
-19920 -2892 6470
-19919 -34749 -79573
-19918 29597 68958
-19917 -30402 -49941
-19916 -4987 23253
-19915 36244 -12174
-19914 9840 19632
-19913 67674 53602
-19912 -89089 -60207
-19911 -31107 61811
-19910 -40834 70994
-19909 98441 11035
-19908 43340 3408
-19907 40920 -45388
-19906 -34861 -24934
-19905 -90722 -37929
-19904 -40141 32378
-19903 -17385 55606
-19902 3493 -31599
-19901 -43068 -49529
-19900 35651 -19730
-19899 85444 -4998
-19898 -53429 -41562
-19897 48872 63627
-19896 33533 33532
-19895 -46300 50075
-19894 -97505 77268
-19893 -22485 -15177
-19892 70618 -62771
-19891 -77960 16575
-19890 -6976 77881
-19889 74521 47527
-19888 -96177 90203
-19887 21796 94657
-19886 15072 -63709
-19885 71979 -57172
-19884 9007 -54036
-19883 -35831 27790
-19882 27765 52850
-19881 86185 19071
-19880 -30433 -97602
-19879 36255 52329
-19878 -89239 -21665
-19877 -85363 21870
-19876 -10934 -41914
-19875 86249 9176
-19874 -37509 69952
-19873 49505 -5854
-19872 30837 30385
-19871 57143 -19819
-19870 86175 39248
-19869 -89226 39397
-19868 84271 18978
-19867 -49420 -3673
-19866 2181 -97081
-19865 -64184 -36301
-19864 97674 69574
-19863 -42490 71237
-19862 -54710 96933
-19861 42390 -73625
-19860 12124 57489
-19859 -72093 85948
-19858 67294 77950
-19857 -61957 37943
-19856 -18536 48595
-19855 -83554 -14040
-19854 64768 28535
-19853 33699 -6963
-19852 67576 -75029
-19851 71356 -26647
-19850 31326 -40173
-19849 -92083 6049
-19848 62582 50198
-19847 -71433 -93904
-19846 81393 -46585
-19845 -68513 86521
-19844 -46963 17171
-19843 49953 82545
-19842 -22723 52891
-19841 39743 59558
-19840 -31438 -42681
-19839 4664 28352
-19838 -33505 -1738
-19837 -39595 -52534
-19836 -98435 -79996
-19835 45995 48743
-19834 28041 -39193
-19833 70862 -26564
-19832 26891 2923
-19831 77319 -52415
-19830 -74795 82532
-19829 -39873 -97145
-19828 -2498 -39283
-19827 -30129 -7187
-19826 -33464 30958
-19825 -80935 -30222
-19824 -77625 40845
-19823 97826 -26169
-19822 -98606 -53285
-19821 -31582 -71679
-19820 -93344 -1412
-19819 -66665 55195
-19818 55306 63962
-19817 73935 24983
-19816 -59793 29819
-19815 66742 68534
-19814 -54018 63773
-19813 -22294 -98837
-19812 8269 -69879
-19811 23827 55117
-19810 71685 -56921
-19809 -50541 83187
-19808 -62377 -13954
-19807 -62914 -27897
-19806 49324 -40858
-19805 82038 82224
-19804 85038 -69914
-19803 -39636 -35086
-19802 -9721 -22215
-19801 12542 -25363
-19800 86468 -81615
-19799 99897 -95601
-19798 -13511 31295
-19797 54415 41056
-19796 2132 -52781
-19795 91215 -21439
-19794 -55351 94728
-19793 -754 -72173
-19792 55572 -99395
-19791 -35277 68199
-19790 82066 9951
-19789 -12707 66077
-19788 26691 87817
-19787 -17609 -67526
-19786 -35001 9113
-19785 -5648 -18874
-19784 -90197 -96522
-19783 -11930 901
-19782 25422 13621
-19781 58019 -57706
-19780 81550 91873
-19779 97529 -4369
-19778 1102 98628
-19777 94107 22396
-19776 53016 -67758
-19775 3038 -71872
-19774 -49630 17005
-19773 -82035 -93681
-19772 -56420 21137
-19771 34121 64529
-19770 39423 -95063
-19769 67683 -44331
-19768 -48767 -91623
-19767 1536 90686
-19766 -183 -78748
-19765 12636 26820
-19764 -45682 -16813
-19763 -30183 75942
-19762 -76061 14027
-19761 -78543 81273
-19760 74500 22472
-19759 44805 -83706
-19758 50495 -99743
-19757 -77260 31529
-19756 -56768 -17567
-19755 -56714 -4645
-19754 -92002 85493
-19753 8611 69712
-19752 -86633 96129
-19751 55655 90079
-19750 33713 4341
-19749 -34209 66813
-19748 11243 64524
-19747 65521 -20127
-19746 -31198 -71651
-19745 -53011 -82043
-19744 31379 -34169
-19743 -15913 89510
-19742 -28315 82283
-19741 93376 35892
-19740 87762 18585
-19739 -98887 22196
-19738 -13561 68396
-19737 -48839 17811
-19736 42628 -31032
-19735 -25080 57675
-19734 -82308 88200
-19733 -3008 -74060
-19732 52256 55660
-19731 29392 73701
-19730 -67602 60918
-19729 98421 -32407
-19728 73638 -68073
-19727 73514 -13706
-19726 -67161 -68610
-19725 69656 46368
-19724 32660 53466
-19723 -805 59461
-19722 -2147 -4815
-19721 47423 51186
-19720 -53053 -9923
-19719 81687 41216
-19718 21656 -24877
-19717 38133 26663
-19716 43050 -35927
-19715 -67788 -71671
-19714 3925 52712
-19713 -82293 91573
-19712 -59754 -18417
-19711 2855 7220
-19710 -66602 38514
-19709 -70552 -26839
-19708 39659 57536
-19707 -17056 93516
-19706 -32106 42166
-19705 -51943 12909
-19704 50082 -92521
-19703 -42262 7854
-19702 81701 -87193
-19701 18675 30459
-19700 94260 97125
-19699 37605 55806
-19698 16848 -60536
-19697 -63233 29913
-19696 -68974 -53571
-19695 -74274 -7367
-19694 32074 12063
-19693 -29937 -77328
-19692 13244 -86040
-19691 -14075 53747
-19690 75606 94044
-19689 -26 -72954
-19688 -41845 24249
-19687 -24927 95899
-19686 -40558 26148
-19685 24781 42859
-19684 -83900 28375
-19683 22630 60553
-19682 8745 -47152
-19681 -34951 -61668
-19680 22954 -86718
-19679 38897 42877
-19678 96711 20487
-19677 -45652 95716
-19676 -75156 96727
-19675 66250 -5944
-19674 15704 -44362
-19673 28908 -86848
-19672 -40763 40436
-19671 17152 -26910
-19670 99085 85833
-19669 -79166 -31676
-19668 -83204 4810
-19667 -39130 -25815
-19666 45385 38839
-19665 26304 93595
-19664 77708 -54376
-19663 41651 -35866
-19662 96496 59202
-19661 -29004 -42452
-19660 31039 -77092
-19659 99613 -21851
-19658 16942 29931
-19657 -38973 -55180
-19656 90200 -97661
-19655 12438 40866
-19654 -10155 -5156
-19653 83277 50587
-19652 19550 -2612
-19651 75747 66662
-19650 -43104 -37670
-19649 -49283 -84944
-19648 -39554 -15727
-19647 83034 57722
-19646 33945 -62820
-19645 -3182 -42178
-19644 -59896 34660
-19643 53994 -93370
-19642 47222 -75348
-19641 -97524 62348
-19640 67018 -13663
-19639 84433 -78549
-19638 -76961 12958
-19637 53173 -77839
-19636 -77506 43756
-19635 97715 -51432
-19634 23764 -60423
-19633 -98884 97405
-19632 37651 -33552
-19631 46690 -33830
-19630 -59710 -65695
-19629 29405 -71135
-19628 12073 -76256
-19627 -53641 40869
-19626 -94277 30822
-19625 -93657 40510
-19624 6352 37538
-19623 -43705 15875
-19622 -64807 -20497
-19621 40352 1488
-19620 77247 -25422
-19619 -54372 -31123
-19618 14036 19056
-19617 25125 -24624
-19616 -98334 -94969
-19615 39293 58977
-19614 96675 -95489
-19613 91545 654
-19612 39749 91259
-19611 29923 87966
-19610 -10163 74439
-19609 -6073 92697
-19608 -17305 -56615
-19607 -5786 -90124
-19606 26795 -47440
-19605 -62957 -69860
-19604 -61785 31300
-19603 7991 95715
-19602 47411 50984
-19601 -28788 -76362
-19600 75427 -7231
-19599 12699 -44007
-19598 -24259 -76756
-19597 26101 -69388
-19596 -18136 4769
-19595 -52774 89236
-19594 29377 73991
-19593 41903 -14403
-19592 -78096 77369
-19591 74662 38414
-19590 -90563 80131
-19589 -395 -75482
-19588 40281 78455
-19587 -62717 3874
-19586 71018 85214
-19585 -74126 -46684
-19584 68621 -32315
-19583 98508 56678
-19582 -9899 57547
-19581 41808 71681
-19580 86220 70036
-19579 -81225 47133
-19578 -81174 -1331
-19577 83537 1626
-19576 -24087 -48674
-19575 -25383 18462
-19574 15756 -43547
-19573 -91788 -6420
-19572 55272 43058
-19571 85170 -20696
-19570 49433 -58876
-19569 31096 -29930
-19568 21163 -3229
-19567 -94775 79192
-19566 74978 -38881
-19565 40174 -21884
-19564 49617 -31912
-19563 -98472 35413
-19562 70907 -14205
-19561 88879 82995
-19560 -12950 50574
-19559 12840 -3556
-19558 -73977 -1438
-19557 -38285 86762
-19556 79964 -88497
-19555 -86835 -22172
-19554 -70741 86438
-19553 37808 -61793
-19552 57340 -2955
-19551 -52350 88242
-19550 46239 -33727
-19549 -26545 68495
-19548 -69768 -68832
-19547 -7159 -53609
-19546 -97407 -83188
-19545 32173 57509
-19544 75167 68233
-19543 90330 78222
-19542 64430 -54812
-19541 -79813 -22620
-19540 -19936 82547
-19539 45578 -55352
-19538 79381 48738
-19537 -29582 99917
-19536 24851 -31847
-19535 36127 -11514
-19534 -86770 59369
-19533 -6269 97273
-19532 4522 8860
-19531 81338 35861
-19530 18397 -34014
-19529 88118 30963
-19528 -69997 -23624
-19527 -14569 -87142
-19526 -60278 -35195
-19525 31955 98261
-19524 -51246 -5685
-19523 -39768 34712
-19522 2830 67775
-19521 17195 -56625
-19520 23707 -90091
-19519 -26952 96770
-19518 29307 89130
-19517 -81922 -63485
-19516 9142 -4623
-19515 25296 -99472
-19514 -30372 -91379
-19513 31044 -30000
-19512 -87082 -50696
-19511 5224 -32439
-19510 -6272 95348
-19509 -69425 19711
-19508 97793 -58301
-19507 -43650 54827
-19506 -86154 -94500
-19505 -64373 -83101
-19504 87017 32840
-19503 64564 38206
-19502 -93744 -99378
-19501 -966 -16374
-19500 -95208 -92507
-19499 -85785 -28310
-19498 40859 82980
-19497 33878 -32164
-19496 82864 -35886
-19495 10649 -75082
-19494 -16663 89185
-19493 -39855 15299
-19492 -39160 16571
-19491 -63278 79916
-19490 -78692 -51404
-19489 -42047 28055
-19488 73579 -36161
-19487 -88430 -28915
-19486 93630 27666
-19485 92683 37701
-19484 -67792 25185
-19483 57242 -5520
-19482 65629 2562
-19481 -15251 40484
-19480 -35441 -19546
-19479 -8380 91658
-19478 85745 -22914
-19477 51750 10371
-19476 -10939 48063
-19475 9991 -69267
-19474 81262 8467
-19473 -77507 -56130
-19472 -23393 -21930
-19471 -83350 33034
-19470 76527 -39358
-19469 -81725 -28750
-19468 -76027 15305
-19467 25905 -45482
-19466 -69538 -2179
-19465 14697 67671
-19464 84371 27795
-19463 31128 -26607
-19462 -38549 62511
-19461 -24654 27798
-19460 -81615 85920
-19459 59738 -76464
-19458 76018 -15255
-19457 -8901 72824
-19456 -57735 -94169
-19455 35018 61478
-19454 76158 -23775
-19453 -52534 -49312
-19452 -39752 -85407
-19451 -93039 -75361
-19450 82060 -56641
-19449 -88867 -92319
-19448 93768 46287
-19447 -4533 82778
-19446 9804 41349
-19445 15308 19436
-19444 10196 -93682
-19443 46018 48313
-19442 52974 -99925
-19441 90055 -10745
-19440 74661 -3883
-19439 -71114 23081
-19438 -22016 -58789
-19437 84596 -97607
-19436 74258 41950
-19435 75690 -71576
-19434 15128 59264
-19433 36756 45430
-19432 -28338 216
-19431 76811 29412
-19430 -48488 -20490
-19429 21723 -91177
-19428 -5801 81001
-19427 -37443 84991
-19426 -2284 88069
-19425 96147 32806
-19424 -97296 55592
-19423 -33975 -37107
-19422 20661 -80114
-19421 5433 -99770
-19420 -12276 -38585
-19419 65311 -13008
-19418 -49376 63692
-19417 54318 36159
-19416 16078 -73009
-19415 -30017 -3364
-19414 55458 -17701
-19413 -95383 65617
-19412 85466 90947
-19411 -91815 -46339
-19410 -1151 -96334
-19409 -98553 -22833
-19408 86065 34904
-19407 83150 -7787
-19406 42410 -38852
-19405 -863 94462
-19404 20938 28528
-19403 49136 -73319
-19402 1432 -58831
-19401 -82723 -3334
-19400 96271 -55699
-19399 8060 83950
-19398 56440 -23092
-19397 -73391 64773
-19396 -9226 18695
-19395 -1073 47014
-19394 56081 90819
-19393 24975 -96682
-19392 -87809 -11020
-19391 -3452 8144
-19390 5627 -65451
-19389 -75074 45253
-19388 -92744 -86797
-19387 -26746 -24279
-19386 -39328 -28543
-19385 79493 6411
-19384 22797 62251
-19383 92125 -96269
-19382 -31543 -44032
-19381 23016 -21021
-19380 -72918 -52352
-19379 77028 16334
-19378 -73556 -28479
-19377 -65125 2975
-19376 22506 -78994
-19375 -10180 -56982
-19374 -57979 -2146
-19373 -50411 -26436
-19372 -69215 57595
-19371 -79383 35588
-19370 -38404 -65294
-19369 -63901 -83756
-19368 -64685 12081
-19367 -52091 94262
-19366 68714 60940
-19365 -43964 -97707
-19364 82872 44384
-19363 -4372 94085
-19362 -99231 -25249
-19361 13057 91859
-19360 -60631 -86905
-19359 -94759 88289
-19358 58020 75331
-19357 8936 22431
-19356 -95336 -62456
-19355 23215 -78327
-19354 21215 46051
-19353 63889 53837
-19352 -72822 -90901
-19351 -31306 -95668
-19350 -16263 75103
-19349 -65432 71189
-19348 90799 -1095
-19347 46143 89911
-19346 39768 69871
-19345 9802 -28502
-19344 -21489 -20781
-19343 -22434 36680
-19342 -74750 -23254
-19341 76284 -49961
-19340 18704 76488
-19339 -35161 96098
-19338 72000 47559
-19337 -31695 -57774
-19336 -22298 -27314
-19335 -10974 -55612
-19334 -22836 83231
-19333 39507 45276
-19332 33498 -2733
-19331 -28917 61025
-19330 -19927 -21095
-19329 61481 -38251
-19328 51983 -4246
-19327 -4781 12284
-19326 -43184 58854
-19325 93031 -71234
-19324 -91018 46401
-19323 45852 29401
-19322 8362 99324
-19321 -79982 -27395
-19320 76009 -77723
-19319 -63057 89776
-19318 -12121 -53596
-19317 85167 -88125
-19316 -52768 93120
-19315 92961 90834
-19314 -30987 11114
-19313 95003 -66436
-19312 91275 46480
-19311 94784 -97973
-19310 -37302 -77233
-19309 97928 18579
-19308 -42316 77855
-19307 61777 -30944
-19306 -20568 52705
-19305 -59131 59688
-19304 -96066 -16360
-19303 50341 -50183
-19302 -75060 -56224
-19301 -12483 -13392
-19300 -20381 94340
-19299 53995 -10356
-19298 57056 11693
-19297 86510 57397
-19296 -5015 21624
-19295 -29622 70946
-19294 51905 26298
-19293 15017 -34303
-19292 -13534 35846
-19291 -13604 71893
-19290 -51573 -83568
-19289 99578 1843
-19288 -56244 -26398
-19287 -68365 37250
-19286 13215 71875
-19285 -42439 -50231
-19284 -41672 3581
-19283 -87559 63109
-19282 -78329 -4040
-19281 -6662 -29144
-19280 46077 47444
-19279 55450 6997
-19278 -18359 72661
-19277 62954 14386
-19276 14020 -29865
-19275 -5077 -23504
-19274 61712 -10191
-19273 -67936 14147
-19272 29662 8110
-19271 -52257 31028
-19270 -37790 26372
-19269 60987 92223
-19268 -58501 72988
-19267 -69304 -99234
-19266 -23800 -90366
-19265 74669 -33873
-19264 53601 -68766
-19263 52711 59218
-19262 -94542 99821
-19261 14826 -84917
-19260 82066 96927
-19259 -62485 47066
-19258 -72383 -41150
-19257 69592 -85881
-19256 -67578 23365
-19255 97181 54174
-19254 35897 -44871
-19253 -31587 -12411
-19252 -65815 17191
-19251 -35312 -19001
-19250 80017 -42311
-19249 -52744 4441
-19248 -71996 -4206
-19247 19126 -24805
-19246 88769 38485
-19245 -81688 7878
-19244 -24861 -55405
-19243 -22753 -69306
-19242 84113 -25313
-19241 66933 -17635
-19240 -61574 -1985
-19239 -29605 -57761
-19238 22400 -63708
-19237 25246 98954
-19236 -41942 -13241
-19235 -30226 53604
-19234 65841 51994
-19233 -37058 36569
-19232 -30799 -67292
-19231 47044 -96995
-19230 -36376 -52690
-19229 10570 60754
-19228 40735 -84590
-19227 5985 -81649
-19226 -99360 -61967
-19225 -62300 -230
-19224 51184 51329
-19223 91819 19863
-19222 40471 -1652
-19221 67288 -82582
-19220 65801 -2319
-19219 -67415 -13885
-19218 79505 4501
-19217 21613 68661
-19216 51461 -43039
-19215 85905 36724
-19214 -37374 65073
-19213 -67081 -71792
-19212 40455 95215
-19211 17306 -57563
-19210 -42744 -14728
-19209 -8292 20069
-19208 39563 71807
-19207 6617 4747
-19206 59892 28862
-19205 11641 29337
-19204 79994 92464
-19203 -45016 66773
-19202 55348 30439
-19201 85826 36571
-19200 79820 -30923
-19199 -71771 34918
-19198 -97506 -81298
-19197 12057 6680
-19196 -468 59855
-19195 79334 -91118
-19194 36377 91236
-19193 77416 55547
-19192 16782 -22998
-19191 -86862 -83675
-19190 27150 33820
-19189 27691 -28887
-19188 98602 43811
-19187 75745 85677
-19186 -30548 -66343
-19185 -26878 53119
-19184 -76821 23224
-19183 75510 -95060
-19182 -68407 72611
-19181 96773 92043
-19180 -2694 -48515
-19179 -3378 99685
-19178 -67371 -34698
-19177 -61794 -14463
-19176 12531 -13313
-19175 -42480 82330
-19174 95435 71700
-19173 -93202 77607
-19172 51512 89247
-19171 38651 -93263
-19170 -60579 -35279
-19169 -24009 90063
-19168 -54334 73553
-19167 -7059 37680
-19166 98764 -31358
-19165 -24333 -9581
-19164 -19927 -55970
-19163 63770 -21055
-19162 18834 -39274
-19161 -28489 -21478
-19160 -52578 -32682
-19159 85334 97041
-19158 -46040 -37330
-19157 -57898 39794
-19156 -91078 -96527
-19155 -22702 73966
-19154 -1232 14236
-19153 30009 19652
-19152 -24420 53197
-19151 28807 60461
-19150 26651 92137
-19149 61907 -23650
-19148 62546 -28336
-19147 -59307 69211
-19146 -5510 33731
-19145 85350 -79115
-19144 48545 22817
-19143 82527 10387
-19142 80982 80338
-19141 19886 -92456
-19140 88493 -53726
-19139 38084 -68944
-19138 -78895 1833
-19137 -43930 12218
-19136 -71362 3897
-19135 25577 89036
-19134 -91304 21858
-19133 13842 11825
-19132 -33364 -48636
-19131 55149 -25066
-19130 -84397 52297
-19129 -89131 -43246
-19128 56801 -66171
-19127 55696 78052
-19126 -86875 -10327
-19125 83005 90528
-19124 16531 20653
-19123 29172 46354
-19122 -68621 54419
-19121 75240 -53935
-19120 -62900 -82472
-19119 -51089 70011
-19118 7717 -74074
-19117 -40864 51608
-19116 84554 84159
-19115 14165 -79847
-19114 -94003 -83874
-19113 -34304 -21536
-19112 -60565 26680
-19111 -14932 91176
-19110 -7516 -40225
-19109 -88867 75297
-19108 50989 67230
-19107 -7324 -60182
-19106 74980 41220
-19105 20079 -24222
-19104 87813 -34391
-19103 72042 -91022
-19102 -8357 47938
-19101 65887 -44922
-19100 25222 18469
-19099 -76343 -90892
-19098 37702 -50639
-19097 -5752 14305
-19096 -90956 -21791
-19095 92902 15087
-19094 -66957 59455
-19093 6951 -67144
-19092 61601 -65102
-19091 -1451 46042
-19090 -13944 89731
-19089 -59516 -50450
-19088 31125 -10305
-19087 96628 44184
-19086 65198 -38593
-19085 -3924 51585
-19084 56139 -1304
-19083 7511 97341
-19082 17093 -13894
-19081 -75118 46771
-19080 10811 56121
-19079 30269 -94845
-19078 96164 60034
-19077 16589 4906
-19076 -56385 -67353
-19075 93640 -44313
-19074 20066 -20515
-19073 46978 -34800
-19072 -56697 -61223
-19071 10122 73327
-19070 66445 61228
-19069 79818 -94048
-19068 87233 -63135
-19067 -18451 -76932
-19066 62525 78062
-19065 59302 62965
-19064 -53493 -97534
-19063 -73412 -71717
-19062 95901 -59949
-19061 -66299 -93055
-19060 44104 15681
-19059 97070 -87496
-19058 92372 -58234
-19057 -38550 7560
-19056 7588 -55157
-19055 -20447 -27483
-19054 -20256 -61743
-19053 -59077 -33132
-19052 65117 12586
-19051 55968 47157
-19050 -59929 -38616
-19049 58938 -78616
-19048 38001 -94211
-19047 10987 -96957
-19046 -62658 -41261
-19045 -91658 -43511
-19044 45209 -94174
-19043 -84628 43221
-19042 16236 60581
-19041 51091 6336
-19040 -69281 26854
-19039 31661 -87508
-19038 88203 -16517
-19037 -90370 29581
-19036 -34135 -55396
-19035 92547 27965
-19034 83022 93803
-19033 2576 -55523
-19032 -20588 -56483
-19031 37799 6577
-19030 -10076 50776
-19029 -24788 39871
-19028 31163 83820
-19027 -95574 81034
-19026 -60976 29256
-19025 -83241 -50887
-19024 92941 23913
-19023 -93518 12850
-19022 61462 -30389
-19021 998 -39725
-19020 90945 -68625
-19019 43283 -59430
-19018 81467 91906
-19017 -49879 -65696
-19016 -73126 3545
-19015 -17965 -98225
-19014 -70682 -15713
-19013 87187 60387
-19012 17943 -28168
-19011 -8819 52711
-19010 -66445 -69402
-19009 39640 21234
-19008 9367 30048
-19007 -89348 9610
-19006 93189 -55676
-19005 37932 -40154
-19004 -96395 93280
-19003 76599 49407
-19002 -66752 -3145
-19001 -36011 3640
-19000 -55962 91775
-18999 41535 30036
-18998 -47073 9748
-18997 43444 37987
-18996 28222 -77490
-18995 -90657 -84790
-18994 -93371 -82268
-18993 33808 -9904
-18992 -77795 -36089
-18991 -31110 -85506
-18990 32090 47268
-18989 81620 93575
-18988 -77404 -73088
-18987 76727 -39964
-18986 58499 -67003
-18985 -88947 60598
-18984 68446 -3509
-18983 687 64607
-18982 -57836 -1398
-18981 -61344 13138
-18980 -93075 17503
-18979 130 21146
-18978 -71121 51490
-18977 -84714 -90239
-18976 -95893 85958
-18975 5085 -83827
-18974 -79940 -20363
-18973 -2914 69464
-18972 96305 -84100
-18971 27680 -18522
-18970 48240 -60441
-18969 83228 13865
-18968 -69709 -60870
-18967 95125 40582
-18966 74213 -88568
-18965 95891 -54649
-18964 -59237 -85526
-18963 97403 37069
-18962 16251 -22372
-18961 -6401 97820
-18960 -62388 14129
-18959 6536 -30892
-18958 73455 -27983
-18957 75499 80204
-18956 97465 -98219
-18955 71568 90072
-18954 12783 9766
-18953 -56986 -50497
-18952 75073 -55705
-18951 -88923 -99658
-18950 -73497 -96901
-18949 -23986 -86633
-18948 16793 -72176
-18947 49796 1296
-18946 64726 -93356
-18945 -24411 98226
-18944 76919 63055
-18943 21880 1070
-18942 -88528 79653
-18941 -51033 53306
-18940 15315 93074
-18939 -89328 -69128
-18938 30110 -53544
-18937 -7502 -20204
-18936 -27397 -59591
-18935 39044 -20828
-18934 -60764 -84022
-18933 -85102 47812
-18932 3158 -59614
-18931 -96463 36010
-18930 -74559 49352
-18929 -5045 -88586
-18928 -60498 70199
-18927 -59529 84588
-18926 27675 -66971
-18925 -95861 95414
-18924 32395 -65639
-18923 25842 -93366
-18922 38830 67268
-18921 63076 60834
-18920 -42125 -27211
-18919 52459 -48898
-18918 -13986 87575
-18917 98618 74352
-18916 16715 -64090
-18915 76045 14797
-18914 -31598 -38131
-18913 61711 86198
-18912 -58099 -25638
-18911 -36351 -96911
-18910 63367 -83351
-18909 -47133 -99436
-18908 36222 76511
-18907 44075 71662
-18906 78660 75617
-18905 89923 -20457
-18904 52254 -37568
-18903 -26705 85251
-18902 -22244 -17006
-18901 -3606 28544
-18900 47464 -98147
-18899 -1105 12638
-18898 24278 92885
-18897 71152 -63431
-18896 -83514 -68051
-18895 82301 36474
-18894 -48505 -38763
-18893 69593 49233
-18892 -2022 -60701
-18891 19323 55131
-18890 -62307 91850
-18889 69622 93542
-18888 97461 84590
-18887 -85261 58410
-18886 18697 66253
-18885 42394 -99829
-18884 -66263 -42751
-18883 -75553 98468
-18882 75906 -54184
-18881 80272 66757
-18880 68804 66748
-18879 40966 -51984
-18878 38362 -73533
-18877 -55285 -7824
-18876 44617 57801
-18875 82365 30754
-18874 58074 -23844
-18873 4287 62714
-18872 18256 -82148
-18871 81056 -34352
-18870 72097 -60603
-18869 -81813 -51904
-18868 -50445 -91163
-18867 -21814 -19171
-18866 55731 -79910
-18865 2844 25778
-18864 -67671 54848
-18863 15958 -74111
-18862 -44625 97322
-18861 -11297 15210
-18860 72291 52004
-18859 -9877 -52755
-18858 80275 85362
-18857 94559 -90428
-18856 -5828 59609
-18855 -70464 -36159
-18854 -55210 87517
-18853 -756 -29116
-18852 89427 -11910
-18851 49550 -39354
-18850 14421 -94745
-18849 98826 20661
-18848 35381 76045
-18847 -18178 -49066
-18846 -16963 -60475
-18845 -96661 -72613
-18844 83741 96371
-18843 2320 -3275
-18842 22229 -92073
-18841 82687 94733
-18840 -31155 -19374
-18839 -67213 -72516
-18838 -75237 15657
-18837 -8905 80842
-18836 -51876 43461
-18835 10006 30231
-18834 34764 -95847
-18833 -71097 -89146
-18832 43145 -79598
-18831 -32406 61807
-18830 -17592 31582
-18829 82498 83227
-18828 78864 28366
-18827 -32412 30899
-18826 97848 17094
-18825 -81501 85613
-18824 41286 18536
-18823 -69884 -85969
-18822 -66374 -80891
-18821 -71948 94598
-18820 46192 -5929
-18819 35890 69575
-18818 74079 4500
-18817 -2549 44608
-18816 73858 -9183
-18815 16209 -10048
-18814 -23658 -17291
-18813 -96604 -45877
-18812 94811 -31217
-18811 -95754 133
-18810 -20232 -40047
-18809 77390 14666
-18808 64595 39038
-18807 72664 -78631
-18806 -6082 82257
-18805 -53804 93914
-18804 78830 -72252
-18803 14505 21087
-18802 -66190 -10758
-18801 9626 26162
-18800 93283 -92251
-18799 87352 -81206
-18798 98284 94702
-18797 -8757 63113
-18796 46230 87281
-18795 93560 -39466
-18794 -64295 -83761
-18793 96054 47616
-18792 -22235 -57641
-18791 62978 39819
-18790 -72942 -83049
-18789 -10585 67351
-18788 -39053 -82030
-18787 4380 -89707
-18786 39095 -10016
-18785 41129 -96628
-18784 43589 -34360
-18783 -29365 -89278
-18782 322 16138
-18781 19032 -13519
-18780 7492 -91912
-18779 -10716 -18409
-18778 -51080 97014
-18777 -30479 77808
-18776 -90252 27815
-18775 31568 41699
-18774 -49253 45607
-18773 8828 46707
-18772 75163 -51313
-18771 64628 56255
-18770 -70945 43355
-18769 31585 6323
-18768 -58230 14812
-18767 -36599 -43384
-18766 54363 -98886
-18765 71209 -95992
-18764 -8007 -4252
-18763 84760 87484
-18762 99817 -59846
-18761 -19950 -91457
-18760 -81333 -92002
-18759 -38500 -93926
-18758 -16191 76803
-18757 90242 -91123
-18756 -32646 86480
-18755 -18600 42039
-18754 -4885 -33079
-18753 -88115 -76484
-18752 -61143 -54891
-18751 -12285 87235
-18750 56641 26178
-18749 -31937 -66104
-18748 90730 -74494
-18747 -74123 13637
-18746 -87991 81851
-18745 -57989 -59579
-18744 71608 94690
-18743 -48201 -80591
-18742 -82036 11083
-18741 -52010 -76076
-18740 19994 22165
-18739 -24965 -66761
-18738 -14069 -31074
-18737 -94184 -24603
-18736 93734 -10350
-18735 32121 -14943
-18734 78038 91945
-18733 -61506 30794
-18732 41131 38522
-18731 45433 30883
-18730 -31066 -85150
-18729 71340 -3338
-18728 -40930 -34853
-18727 -19002 -26946
-18726 56648 -55791
-18725 -84653 -278
-18724 -19696 97433
-18723 -80823 -94857
-18722 -70375 83115
-18721 47651 -10149
-18720 57669 -46583
-18719 83096 88816
-18718 -58443 18116
-18717 81988 17205
-18716 16474 -41934
-18715 -73361 46348
-18714 24537 70608
-18713 -93269 -41254
-18712 -43481 -3606
-18711 96203 36967
-18710 -832 56940
-18709 -12377 62745
-18708 90216 -94667
-18707 83879 -16926
-18706 79103 -49294
-18705 9469 -24863
-18704 54778 -84061
-18703 -90308 13627
-18702 60129 865
-18701 -80696 10498
-18700 -93988 -66220
-18699 46189 -87300
-18698 -97421 20384
-18697 -74060 39769
-18696 -6692 -62960
-18695 -59567 -16505
-18694 44685 43848
-18693 477 -72063
-18692 -89342 82367
-18691 82101 48478
-18690 -67741 9925
-18689 69440 -49926
-18688 5484 -21276
-18687 60548 69049
-18686 -73634 37295
-18685 49287 -93016
-18684 -57853 -44258
-18683 -81095 92882
-18682 -80937 31140
-18681 35216 51754
-18680 -26515 -97995
-18679 86507 95063
-18678 -14767 54676
-18677 -6127 -83277
-18676 -93847 74231
-18675 51382 47157
-18674 74783 -2261
-18673 -54737 -15578
-18672 36681 -28042
-18671 69513 -16089
-18670 43091 -70055
-18669 -58842 -9159
-18668 -79377 -70249
-18667 44581 98351
-18666 63836 -9783
-18665 25888 -6526
-18664 16017 -80453
-18663 25157 12896
-18662 -21532 20110
-18661 3841 29391
-18660 -925 -46422
-18659 -63893 -45317
-18658 63166 38187
-18657 -3071 -83077
-18656 49466 52436
-18655 51035 60964
-18654 64908 86163
-18653 -44555 -45987
-18652 73553 -75291
-18651 -86170 31247
-18650 98169 -30657
-18649 97867 24612
-18648 -71768 19197
-18647 -26589 29025
-18646 -97776 -24247
-18645 -36778 -29051
-18644 92212 -18464
-18643 64097 84674
-18642 2756 78620
-18641 93641 66164
-18640 -33338 -58631
-18639 74039 56240
-18638 74582 -56473
-18637 -25136 27458
-18636 52501 -20645
-18635 55449 60413
-18634 -16822 -27331
-18633 2688 17316
-18632 -45890 87102
-18631 93674 -99257
-18630 -88840 53564
-18629 -10216 -48654
-18628 -66700 -7273
-18627 -60199 26711
-18626 -38313 -36007
-18625 83697 22512
-18624 72956 80759
-18623 -20289 86136
-18622 -77939 -22335
-18621 -51197 -84343
-18620 -11948 38903
-18619 -90963 80634
-18618 -67782 -13524
-18617 55291 35561
-18616 88768 -16221
-18615 54897 -63307
-18614 3282 85071
-18613 -51366 53162
-18612 53628 -40767
-18611 33269 -12165
-18610 -46105 -23605
-18609 -52648 -67774
-18608 -16212 44448
-18607 -87478 79328
-18606 -71413 -55934
-18605 64114 -10500
-18604 19806 5600
-18603 14285 23991
-18602 -87786 94405
-18601 31568 57994
-18600 -28121 34860
-18599 89337 -40082
-18598 -4118 15178
-18597 -71006 -60721
-18596 -5942 -35715
-18595 -59831 37845
-18594 76011 -73194
-18593 -88596 27799
-18592 -25714 -15830
-18591 41912 4417
-18590 59525 47023
-18589 -29504 25441
-18588 34120 27715
-18587 81050 -59323
-18586 -76308 -46952
-18585 -44768 37597
-18584 32888 -37833
-18583 38383 67572
-18582 24123 39359
-18581 -42178 -33548
-18580 -13169 -86790
-18579 29014 -37719
-18578 1774 2990
-18577 74352 -11377
-18576 12350 -86036
-18575 1841 -38157
-18574 38117 -10755
-18573 4059 22609
-18572 -79244 -74226
-18571 65349 88286
-18570 -71119 37291
-18569 -83910 4196
-18568 -95334 -37738
-18567 -62759 -15320
-18566 74846 30874
-18565 28587 -97145
-18564 -92292 44887
-18563 -47899 93006
-18562 96722 -18028
-18561 31680 7297
-18560 -51388 464
-18559 -12841 -34051
-18558 -5856 75995
-18557 -53709 -99580
-18556 6522 -63083
-18555 58215 -55980
-18554 -47090 69663
-18553 40865 -16683
-18552 54437 69105
-18551 -41675 -38052
-18550 12906 1417
-18549 96379 98891
-18548 -50422 99330
-18547 -96540 -12613
-18546 -68069 25216
-18545 37079 -69487
-18544 -9056 87639
-18543 -57863 70149
-18542 -28816 -18644
-18541 52269 -34068
-18540 90742 -36569
-18539 76916 68091
-18538 67871 77622
-18537 -80994 72477
-18536 -963 -54566
-18535 19850 -9176
-18534 -22055 -41113
-18533 -55112 -84559
-18532 -57068 -11117
-18531 69587 79055
-18530 11827 21952
-18529 -83872 30665
-18528 61746 -30568
-18527 31690 -67664
-18526 -29319 -18886
-18525 74361 -15937
-18524 98655 -62436
-18523 36868 -60388
-18522 69921 73869
-18521 68221 18506
-18520 88039 42639
-18519 33322 46258
-18518 91747 -12349
-18517 -16138 81592
-18516 44545 10496
-18515 52143 25860
-18514 -8031 -63378
-18513 34814 -4012
-18512 -90527 19889
-18511 -28837 4635
-18510 66403 -34651
-18509 -2102 -26160
-18508 -99767 -72358
-18507 -47035 -60215
-18506 37896 64585
-18505 -79719 46225
-18504 -33335 49543
-18503 39277 -47954
-18502 33188 -30915
-18501 87200 29037
-18500 99439 -65939
-18499 -2732 -66151
-18498 -83400 63785
-18497 -24022 32500
-18496 -52255 19096
-18495 -35248 64599
-18494 99378 -48099
-18493 84139 72343
-18492 60443 -26977
-18491 -4177 20389
-18490 -87046 -34615
-18489 -65933 -35970
-18488 92986 46701
-18487 65632 31432
-18486 51303 7645
-18485 77485 -17156
-18484 -21152 -41600
-18483 -84979 -66449
-18482 92723 63657
-18481 -46287 12341
-18480 99190 -18459
-18479 32003 -76322
-18478 66441 -45571
-18477 -6435 913
-18476 4467 28098
-18475 -70231 -28912
-18474 -33790 55365
-18473 37017 51075
-18472 -65685 3854
-18471 -21530 24289
-18470 -25267 -65102
-18469 53426 -2353
-18468 40904 40907
-18467 66989 36754
-18466 84545 -87655
-18465 -19978 -89371
-18464 78305 -60208
-18463 18363 -67007
-18462 -24104 83250
-18461 21386 10882
-18460 -24868 3614
-18459 13381 -61147
-18458 -52754 35401
-18457 -43710 15692
-18456 -68130 -25238
-18455 -62479 -3707
-18454 -44390 18799
-18453 54026 62520
-18452 26423 68159
-18451 -91510 36990
-18450 -40462 -83368
-18449 -22973 12834
-18448 45012 -55509
-18447 93189 19295
-18446 33879 49441
-18445 11838 -52530
-18444 44476 -2107
-18443 99313 52580
-18442 67013 43937
-18441 -76668 -30128
-18440 24390 -77842
-18439 57209 -96443
-18438 -751 33064
-18437 -85310 72387
-18436 -97555 42393
-18435 -97199 60968
-18434 -17324 7432
-18433 48870 -41340
-18432 23546 -92550
-18431 35138 -78254
-18430 -5037 -76492
-18429 -73862 -39142
-18428 -82337 -2544
-18427 81084 66016
-18426 -14311 30680
-18425 55771 51154
-18424 -59873 1044
-18423 41930 -77928
-18422 88536 -77064
-18421 79376 27452
-18420 -60741 63071
-18419 -77047 53476
-18418 9376 35663
-18417 38338 38173
-18416 -53778 -27445
-18415 61570 77455
-18414 -85764 -10479
-18413 6046 98601
-18412 -10717 31604
-18411 59903 -1861
-18410 7315 -50274
-18409 79447 8842
-18408 -53069 79510
-18407 95851 93537
-18406 88948 -84597
-18405 -9613 -14540
-18404 -46363 -9169
-18403 86328 47694
-18402 -45276 16119
-18401 5049 -74577
-18400 76917 -20299
-18399 36390 -58201
-18398 -76303 -28474
-18397 32770 3465
-18396 22106 49544
-18395 57823 64919
-18394 -4027 27933
-18393 -67424 -91059
-18392 37975 -47106
-18391 66491 -13789
-18390 -30721 93895
-18389 -93744 81423
-18388 50468 -27742
-18387 -48410 54612
-18386 -45347 -70970
-18385 19412 97608
-18384 36302 -83273
-18383 44591 4191
-18382 -80725 17006
-18381 25501 29118
-18380 46134 41081
-18379 66361 25522
-18378 42103 -59360
-18377 -13957 8541
-18376 11472 -73168
-18375 26662 89015
-18374 -21084 -11534
-18373 -29300 -26694
-18372 11654 84264
-18371 41736 12641
-18370 57893 -35161
-18369 18335 49207
-18368 14461 75913
-18367 34705 66891
-18366 -4658 -54215
-18365 -7571 41587
-18364 91676 -21826
-18363 94677 42331
-18362 -95969 -88914
-18361 -56141 -19883
-18360 -20743 99631
-18359 3779 11633
-18358 -58939 -2797
-18357 -69983 63130
-18356 73264 -87220
-18355 91305 68994
-18354 78107 -54017
-18353 -62406 -93457
-18352 85134 40158
-18351 77386 -99776
-18350 43812 69308
-18349 -78228 -89800
-18348 -59752 -24486
-18347 -4931 -51204
-18346 -75611 86545
-18345 -3196 20369
-18344 54161 71779
-18343 -57162 -69233
-18342 -70863 -74401
-18341 68113 81347
-18340 -64476 24320
-18339 48275 -37118
-18338 29332 56979
-18337 59713 -55482
-18336 -41707 -12503
-18335 -13922 59298
-18334 -96247 67961
-18333 12980 -57468
-18332 21395 92472
-18331 -39412 13595
-18330 8483 99624
-18329 61671 73628
-18328 -12654 -37454
-18327 21483 82651
-18326 -43894 14248
-18325 -45 96326
-18324 -40723 55470
-18323 -84334 5486
-18322 60079 -9472
-18321 58231 -95547
-18320 -21546 73592
-18319 -88186 -5163
-18318 -21983 -79120
-18317 34939 24745
-18316 72815 -24072
-18315 63662 -72934
-18314 21790 -4482
-18313 -5466 -52834
-18312 15742 60590
-18311 -64943 -82719
-18310 74179 -4709
-18309 -63659 90944
-18308 -89313 21785
-18307 -65127 -99032
-18306 3213 -39579
-18305 66999 -92618
-18304 -6469 64331
-18303 -45757 20721
-18302 29046 -13118
-18301 96880 94257
-18300 -65737 -69062
-18299 -77123 33240
-18298 61541 -49308
-18297 -26708 -87952
-18296 -57072 8541
-18295 -79571 48519
-18294 83191 -36320
-18293 -42133 70680
-18292 87072 -71536
-18291 89858 24449
-18290 22637 -81079
-18289 68390 -87425
-18288 -43160 75650
-18287 -36040 54796
-18286 -86915 41530
-18285 61397 -8593
-18284 -60939 -77274
-18283 -35302 12569
-18282 -63616 -99000
-18281 -15934 22910
-18280 10349 4787
-18279 9001 93652
-18278 -14637 -33670
-18277 -3560 53483
-18276 -35382 -36230
-18275 -33072 64463
-18274 -64301 16689
-18273 4158 -47375
-18272 80474 6218
-18271 28481 46552
-18270 90703 56139
-18269 70953 44198
-18268 98150 -10725
-18267 -23063 48346
-18266 -64194 -37243
-18265 74169 -95454
-18264 51925 -36423
-18263 -76724 -38037
-18262 41854 -50263
-18261 91399 -80065
-18260 -18679 -66100
-18259 -34285 -53027
-18258 76171 -53381
-18257 22821 -1468
-18256 69810 6577
-18255 -90202 -44105
-18254 73351 69883
-18253 -49351 91250
-18252 19473 -38971
-18251 62492 38239
-18250 -86702 -8370
-18249 57552 -73468
-18248 -96179 -1855
-18247 46427 -61108
-18246 -99046 36394
-18245 50691 -37894
-18244 44496 -23652
-18243 61837 7181
-18242 -11028 22586
-18241 -20466 -79653
-18240 93330 -39377
-18239 35154 -30196
-18238 -70148 -89675
-18237 3885 -12798
-18236 -2755 6301
-18235 -90317 45480
-18234 24332 6285
-18233 -46324 -10381
-18232 46276 11157
-18231 24443 -15742
-18230 49976 -36053
-18229 63114 -13549
-18228 -31946 -54850
-18227 -79143 60657
-18226 80630 74763
-18225 62211 2679
-18224 -60860 -2279
-18223 65513 58337
-18222 -40771 31249
-18221 31367 4945
-18220 90166 -51135
-18219 -42126 97081
-18218 -46565 -25032
-18217 -70933 86399
-18216 -43428 3581
-18215 -30591 -55275
-18214 42148 -32408
-18213 5047 79972
-18212 -2661 95263
-18211 -22532 63099
-18210 -31683 -72397
-18209 -97410 -26107
-18208 76562 -10063
-18207 96504 43113
-18206 61987 78811
-18205 -47846 -98218
-18204 -16734 -24539
-18203 -83869 -83766
-18202 13075 -57582
-18201 73117 36233
-18200 43955 95434
-18199 -39650 -9562
-18198 -36266 -616
-18197 -3223 93581
-18196 -60281 29267
-18195 75264 -53035
-18194 22812 83535
-18193 -18381 12731
-18192 31552 -52053
-18191 -47365 603
-18190 -49613 -99829
-18189 92235 57008
-18188 -59411 -86132
-18187 64271 -51734
-18186 -69139 -89966
-18185 80412 2432
-18184 81571 -4702
-18183 -86638 27460
-18182 93452 -560
-18181 -84618 -63277
-18180 -63180 -88643
-18179 -49763 -93814
-18178 -58307 -50610
-18177 -50949 -68091
-18176 -94658 22498
-18175 95535 90521
-18174 -3912 -80109
-18173 82228 34772
-18172 53604 -82114
-18171 -62861 -19569
-18170 77790 -67168
-18169 -38029 20368
-18168 -63964 -91619
-18167 -93637 -50837
-18166 -99458 94788
-18165 -74849 -57526
-18164 79973 37406
-18163 -1169 55182
-18162 -25595 -27268
-18161 87181 65146
-18160 28738 42723
-18159 -16981 -11497
-18158 33578 -21272
-18157 -16531 79618
-18156 -17833 53274
-18155 -66797 -84184
-18154 -48405 -48441
-18153 -54460 63502
-18152 -17963 28211
-18151 83290 -51618
-18150 61049 -48121
-18149 -34744 -12920
-18148 -30151 -76884
-18147 -80757 -69980
-18146 -53105 -5279
-18145 -87631 -11191
-18144 -48626 33475
-18143 -14774 -18716
-18142 25474 -29109
-18141 -47489 25251
-18140 81800 43404
-18139 35813 -17757
-18138 52229 -54947
-18137 1074 33650
-18136 -35301 10916
-18135 -76924 53291
-18134 50330 38126
-18133 -46523 -10600
-18132 -31709 -522
-18131 -32169 -66685
-18130 -39180 -65954
-18129 73201 50702
-18128 -43209 18817
-18127 25478 -62430
-18126 -49145 67115
-18125 -32164 -37126
-18124 34681 90059
-18123 70964 6368
-18122 32275 115
-18121 23209 -97193
-18120 -66204 -70367
-18119 87288 1267
-18118 -64470 -14303
-18117 32336 -39206
-18116 -43908 -69261
-18115 -53991 54699
-18114 58483 87233
-18113 -79589 91765
-18112 -81910 -5972
-18111 90321 -69410
-18110 -50309 -13052
-18109 90976 78104
-18108 30813 7891
-18107 -59447 -66964
-18106 -2890 -60337
-18105 24159 -60079
-18104 18563 26891
-18103 27476 -83865
-18102 -43151 -46874
-18101 -27863 -26343
-18100 -8383 43876
-18099 -58154 16749
-18098 -64230 -96663
-18097 12072 90909
-18096 36959 -97667
-18095 -18676 66500
-18094 57522 57553
-18093 58565 13623
-18092 19954 5872
-18091 76652 -29411
-18090 75523 -65224
-18089 -27350 -45132
-18088 78835 -15804
-18087 -47035 71521
-18086 -63756 -79209
-18085 81366 -66001
-18084 -35460 -15433
-18083 -62047 -2357
-18082 9005 72116
-18081 13965 -9084
-18080 -20238 83827
-18079 -54659 -15854
-18078 66811 -52744
-18077 -46023 -61672
-18076 32376 76835
-18075 44131 -23415
-18074 -18117 27773
-18073 77832 29931
-18072 -45263 -14000
-18071 95901 31969
-18070 34606 72246
-18069 53802 -71654
-18068 -32800 87675
-18067 14319 -62928
-18066 -49577 68197
-18065 -74378 42286
-18064 -29724 -76457
-18063 -96521 38862
-18062 61468 -14809
-18061 -46550 81023
-18060 78599 18245
-18059 -98582 92647
-18058 6283 31284
-18057 48448 65283
-18056 20637 -92622
-18055 -33721 15630
-18054 -81036 -34361
-18053 -87183 -78980
-18052 -13942 -5889
-18051 53494 23196
-18050 -48366 -3160
-18049 77086 -32758
-18048 32872 -66846
-18047 -63070 18936
-18046 65184 88981
-18045 -58930 -89202
-18044 -21959 47611
-18043 -58531 -49597
-18042 71557 -43552
-18041 -4011 -5958
-18040 66047 -57838
-18039 -64344 64612
-18038 -28004 -45181
-18037 -82517 58303
-18036 -90532 26435
-18035 5752 83398
-18034 77473 47288
-18033 -4635 -66110
-18032 -40025 -42487
-18031 24548 33260
-18030 81342 -27673
-18029 -16452 61074
-18028 38174 9478
-18027 -22511 -25820
-18026 26504 -7598
-18025 50121 -8370
-18024 -89846 95300
-18023 6091 -6143
-18022 61758 -59676
-18021 -76822 12140
-18020 -69251 -26248
-18019 -47583 -22597
-18018 -58052 15758
-18017 21168 -15642
-18016 99134 20028
-18015 63410 56735
-18014 39274 74764
-18013 -2033 93534
-18012 -78823 -99891
-18011 11970 73143
-18010 57155 47713
-18009 -23903 -18196
-18008 -13019 -99487
-18007 42093 -39018
-18006 23434 -92361
-18005 -8337 -85036
-18004 -44486 -1844
-18003 86805 -25485
-18002 -34084 -14994
-18001 52128 99225
-18000 93989 28852
-17999 -58123 20151
-17998 -67461 -59751
-17997 -45893 70225
-17996 61247 -81896
-17995 86998 91636
-17994 -91880 49476
-17993 -59489 -16342
-17992 -35526 77267
-17991 53158 -8595
-17990 68285 12479
-17989 -61277 -97588
-17988 -22770 65990
-17987 95744 85264
-17986 -32703 -97232
-17985 -45334 -63606
-17984 48426 -11444
-17983 -6074 27947
-17982 -90711 -3571
-17981 21126 -4091
-17980 -27809 87909
-17979 -49093 15933
-17978 88833 -51370
-17977 34357 -33970
-17976 74427 -92103
-17975 31172 -8872
-17974 22472 79303
-17973 -40474 81031
-17972 15107 -90526
-17971 -31621 -5810
-17970 -35207 -84012
-17969 43882 -26373
-17968 50596 33370
-17967 12621 -46439
-17966 -26014 -61052
-17965 49094 54881
-17964 30103 -39936
-17963 58018 -86250
-17962 88511 87877
-17961 67195 -88030
-17960 43751 -36721
-17959 -53629 90921
-17958 31988 10675
-17957 -27285 46458
-17956 7774 -25302
-17955 36965 -12119
-17954 -1239 88913
-17953 -8140 -47495
-17952 94712 -57861
-17951 -13284 89322
-17950 31669 -41315
-17949 65225 -37068
-17948 69760 -15260
-17947 27211 83354
-17946 -11093 22592
-17945 85883 -42123
-17944 17298 -53623
-17943 60696 -67409
-17942 72020 81547
-17941 -68779 -78115
-17940 24559 28544
-17939 30293 -51349
-17938 -69979 79174
-17937 -9855 1768
-17936 -94448 -46379
-17935 94067 -71511
-17934 -25446 75327
-17933 95966 99559
-17932 55157 50645
-17931 -33566 99804
-17930 48457 81142
-17929 -21017 -64578
-17928 -34457 65034
-17927 18081 -66672
-17926 -88875 46315
-17925 74806 -33777
-17924 -80490 18072
-17923 -93936 16760
-17922 20033 18774
-17921 -44703 55560
-17920 59465 -45602
-17919 84034 -6977
-17918 89118 33652
-17917 -96975 -72424
-17916 56588 -57628
-17915 29883 -20225
-17914 -89117 -53779
-17913 82939 78789
-17912 18012 97144
-17911 77389 25455
-17910 18574 69880
-17909 83474 98851
-17908 71926 -12000
-17907 25791 28369
-17906 99816 -16582
-17905 74497 58175
-17904 -42609 -74976
-17903 56098 46197
-17902 91612 -28104
-17901 72861 20049
-17900 63425 12208
-17899 -85098 46963
-17898 -34502 77830
-17897 68690 -86730
-17896 -26262 -18481
-17895 -66717 -5261
-17894 57136 -98333
-17893 53061 74322
-17892 92494 -78233
-17891 -38255 -72774
-17890 -74105 -7035
-17889 65347 51169
-17888 94267 44132
-17887 -8563 92361
-17886 9467 17953
-17885 90053 -35575
-17884 99731 -35475
-17883 -36235 -83803
-17882 9487 -81345
-17881 58476 93540
-17880 -45066 -4276
-17879 -87809 -27262
-17878 77571 86786
-17877 38052 55364
-17876 3397 67383
-17875 41767 82236
-17874 -70998 -64951
-17873 51236 -57629
-17872 4904 -88601
-17871 -80008 14883
-17870 4364 -19266
-17869 85299 11947
-17868 59777 -12944
-17867 -30010 51165
-17866 18995 62369
-17865 -17786 83412
-17864 69089 -35187
-17863 -66233 -88251
-17862 -69458 -71654
-17861 -92842 -95633
-17860 14072 31315
-17859 -31599 -93400
-17858 19743 -96299
-17857 -83099 11627
-17856 -41836 -70378
-17855 29677 85566
-17854 -92230 98587
-17853 -10355 -38321
-17852 -29799 59171
-17851 84756 -40454
-17850 97146 72937
-17849 -30687 -83207
-17848 -28955 77769
-17847 51349 80469
-17846 -76631 -74332
-17845 -15103 3702
-17844 -24403 -75591
-17843 -31898 -90926
-17842 8688 -18697
-17841 98455 -86609
-17840 -565 -49549
-17839 -25929 -57051
-17838 -27854 188
-17837 73289 -22587
-17836 3489 4309
-17835 41045 -38780
-17834 96872 97297
-17833 -70211 87576
-17832 89988 31816
-17831 -59185 61825
-17830 30354 42683
-17829 70680 71477
-17828 -78317 -56119
-17827 -15583 15368
-17826 86058 92852
-17825 -99575 -11721
-17824 3817 7854
-17823 48408 -2020
-17822 41646 67406
-17821 -46195 2688
-17820 -520 19530
-17819 -36609 -64922
-17818 -2391 -3611
-17817 17016 -78386
-17816 79971 -57709
-17815 -82823 -56996
-17814 -80298 70092
-17813 -57964 38414
-17812 71508 17248
-17811 91457 28665
-17810 -71525 24958
-17809 -98421 59872
-17808 67428 -17394
-17807 29162 -93650
-17806 61708 -39027
-17805 87019 84122
-17804 -54697 -1796
-17803 -29164 27422
-17802 82902 10398
-17801 87390 66496
-17800 84384 -43500
-17799 -82068 97846
-17798 -55328 -13252
-17797 -73348 78143
-17796 82526 32631
-17795 -67552 83169
-17794 44334 -15249
-17793 44991 -67436
-17792 -16672 67926
-17791 -50470 -36460
-17790 45204 58423
-17789 12393 -22235
-17788 98011 87421
-17787 2761 -20536
-17786 -319 4652
-17785 -68123 -49152
-17784 -76730 18122
-17783 91039 9363
-17782 -36646 74329
-17781 -77969 -38751
-17780 74317 67329
-17779 66848 -33404
-17778 13566 -85490
-17777 -67830 29604
-17776 82860 85349
-17775 35305 62412
-17774 56523 6599
-17773 49754 66699
-17772 10399 19633
-17771 67217 79845
-17770 15501 -85944
-17769 -38616 45780
-17768 -31631 -91396
-17767 88075 -8240
-17766 13743 99364
-17765 67783 13397
-17764 -29905 -83629
-17763 -89080 -28091
-17762 -67645 -73699
-17761 -52778 63928
-17760 -80869 -18743
-17759 30207 -8753
-17758 -6172 -49818
-17757 51257 -56326
-17756 77869 -7230
-17755 7908 36505
-17754 57677 63654
-17753 84900 70824
-17752 -82258 -45414
-17751 73823 -99265
-17750 46367 -76583
-17749 39750 -63439
-17748 -93128 69631
-17747 -15617 -81966
-17746 -71967 -16153
-17745 89217 41355
-17744 97872 35162
-17743 -72271 74086
-17742 68001 -44924
-17741 -83819 -98859
-17740 13250 -38630
-17739 20310 89810
-17738 -90711 -27352
-17737 -26051 -88034
-17736 -52001 88560
-17735 -68533 67883
-17734 8538 -32988
-17733 31957 64508
-17732 -6571 -75249
-17731 -88256 76707
-17730 -27029 -63032
-17729 -7933 11666
-17728 72914 48936
-17727 67203 -54335
-17726 -85693 97312
-17725 67840 14908
-17724 -70922 -80962
-17723 -57925 -3785
-17722 92720 95999
-17721 54187 89877
-17720 46465 9143
-17719 88377 -9328
-17718 19187 44538
-17717 96888 230
-17716 47263 -44126
-17715 62840 -57317
-17714 90516 -89088
-17713 9583 93534
-17712 -49039 -79567
-17711 -69696 -49244
-17710 37457 22103
-17709 -17633 38049
-17708 80624 65788
-17707 98934 -50276
-17706 44398 32725
-17705 66166 -72867
-17704 65673 28127
-17703 -88655 -5426
-17702 -12357 -48340
-17701 12825 33533
-17700 63683 -16094
-17699 92805 -30779
-17698 -76572 85551
-17697 -19950 56449
-17696 -55119 -66331
-17695 -12717 -252
-17694 81773 -34193
-17693 65760 4165
-17692 -74240 -92316
-17691 75541 -21780
-17690 -73487 23445
-17689 14327 9713
-17688 -11284 34600
-17687 96705 -77847
-17686 -52547 217
-17685 41941 -74793
-17684 71134 -11945
-17683 -41447 16442
-17682 -32026 89745
-17681 -77545 -99609
-17680 22657 95955
-17679 46080 74098
-17678 -69063 49736
-17677 -69258 -85952
-17676 30682 18495
-17675 30582 -89743
-17674 -5809 64126
-17673 74838 35927
-17672 -33135 -96410
-17671 59462 -35482
-17670 -45960 49240
-17669 -13424 -78396
-17668 23080 6374
-17667 -74162 -3841
-17666 69810 39593
-17665 49704 -17832
-17664 57751 53477
-17663 46455 17609
-17662 -92917 60833
-17661 -89464 38986
-17660 -5594 21031
-17659 -84300 63242
-17658 62582 9197
-17657 42074 -36162
-17656 -11625 74192
-17655 -53728 -54628
-17654 -24625 89807
-17653 40399 90624
-17652 -73021 -23020
-17651 56030 92689
-17650 70135 -32257
-17649 -39560 52030
-17648 -85827 -1370
-17647 66331 -91829
-17646 -37875 55095
-17645 15226 -6678
-17644 -90808 -21909
-17643 60045 31881
-17642 69275 14527
-17641 -64815 77724
-17640 48818 29492
-17639 -23921 31971
-17638 37328 7073
-17637 84657 -12202
-17636 -49283 53067
-17635 -56813 69468
-17634 92379 -41803
-17633 97352 -90755
-17632 -10209 67526
-17631 52636 87419
-17630 -19495 -37614
-17629 -90430 67698
-17628 20040 13882
-17627 37371 -80808
-17626 13950 -77331
-17625 93097 74934
-17624 -91267 63537
-17623 -71842 90691
-17622 -68995 56015
-17621 75341 -34395
-17620 46032 68441
-17619 33304 -30033
-17618 -56316 -92650
-17617 76461 -72718
-17616 -96025 54304
-17615 48880 -39573
-17614 -31043 -23181
-17613 -38907 -44158
-17612 -45842 -724
-17611 -87384 12794
-17610 45056 -3832
-17609 -87466 -36222
-17608 59158 -30620
-17607 48157 -48926
-17606 307 91041
-17605 -63501 -17166
-17604 -46010 -42737
-17603 1275 80386
-17602 57301 -42316
-17601 74868 -33066
-17600 82646 66939
-17599 47198 -61100
-17598 -8922 24037
-17597 64945 77277
-17596 44786 92211
-17595 16827 -69983
-17594 -55301 -38534
-17593 99304 -9352
-17592 -25418 25610
-17591 49568 -19975
-17590 -43942 -37179
-17589 -1862 8233
-17588 -92899 -71371
-17587 24110 -27805
-17586 53266 18301
-17585 97654 -8087
-17584 -74056 36736
-17583 56777 -2012
-17582 4109 40813
-17581 78473 -88831
-17580 85699 47610
-17579 -92004 -71933
-17578 -40906 80504
-17577 -44048 96232
-17576 -18785 -41838
-17575 -57486 28137
-17574 42971 6839
-17573 -49971 -26727
-17572 35629 80141
-17571 -955 77951
-17570 30695 83390
-17569 -74560 57599
-17568 16493 -43823
-17567 3560 -93391
-17566 76364 11236
-17565 62112 -8960
-17564 48760 89558
-17563 -24624 47084
-17562 22370 -13404
-17561 -91103 -30307
-17560 93023 13705
-17559 27520 88309
-17558 -80341 94525
-17557 75512 42457
-17556 -90045 -87299
-17555 -85432 -38118
-17554 97120 -16703
-17553 -7710 -27387
-17552 -99364 21852
-17551 6822 8837
-17550 -94310 55454
-17549 -39135 -44006
-17548 -44110 -25911
-17547 42094 99947
-17546 59779 -61933
-17545 -68928 47706
-17544 21051 52764
-17543 -35397 48713
-17542 41093 33406
-17541 86932 74592
-17540 -82023 -8131
-17539 60590 -94740
-17538 -95546 59739
-17537 -31587 -8395
-17536 -91300 -88774
-17535 91345 46436
-17534 -99246 -83269
-17533 79205 -21680
-17532 -13637 -59833
-17531 78835 48190
-17530 -49197 831
-17529 -67538 -46187
-17528 -81468 69487
-17527 -7474 67656
-17526 72125 -81180
-17525 -80518 45624
-17524 -34058 -99991
-17523 6555 9776
-17522 67862 95511
-17521 -46328 -68040
-17520 81916 -92109
-17519 28704 90475
-17518 1134 -80832
-17517 40832 -5966
-17516 -93997 90498
-17515 93376 -25687
-17514 8729 -99607
-17513 -57461 -36738
-17512 -70107 51913
-17511 4851 -47795
-17510 82574 14214
-17509 10885 10602
-17508 -68255 -77035
-17507 -59085 -74908
-17506 -71618 -4371
-17505 -93621 -9988
-17504 -35737 -35879
-17503 11538 -49784
-17502 -3591 -77435
-17501 -37550 97455
-17500 -40858 -72534
-17499 14212 -88953
-17498 57655 -66788
-17497 37091 64132
-17496 75140 23370
-17495 -43243 -34706
-17494 -66997 -49410
-17493 -37302 6776
-17492 -79322 -39207
-17491 92659 -86693
-17490 -27413 -23753
-17489 80304 92582
-17488 56259 -78965
-17487 -60704 -36270
-17486 78861 46084
-17485 -85425 90902
-17484 33142 92335
-17483 -61847 -47534
-17482 -75772 -70856
-17481 37224 -46569
-17480 72149 -13833
-17479 -12361 57646
-17478 -67515 97887
-17477 97999 52254
-17476 72454 -88928
-17475 -94742 83643
-17474 -56327 -30220
-17473 -70741 63673
-17472 73665 -66715
-17471 76788 -46749
-17470 -20260 -89166
-17469 29227 59340
-17468 96787 45951
-17467 95665 -37176
-17466 90645 6559
-17465 25319 -53500
-17464 -37164 -27034
-17463 76045 7818
-17462 89396 42406
-17461 36322 824
-17460 52961 -79289
-17459 32777 97135
-17458 -40334 59678
-17457 -37737 65051
-17456 -34118 -30243
-17455 51706 -68005
-17454 57996 23181
-17453 58333 -10397
-17452 9879 89245
-17451 -16149 43404
-17450 -596 49808
-17449 15961 75087
-17448 -57715 -10319
-17447 -97327 -24627
-17446 77133 91995
-17445 -47855 25931
-17444 59660 -96152
-17443 55326 -74317
-17442 -69870 -28847
-17441 -90900 -68238
-17440 -38165 -73570
-17439 -49607 14414
-17438 -26965 92144
-17437 -98230 -7046
-17436 -60721 -40123
-17435 -64661 99158
-17434 -75677 -6067
-17433 -83081 -1435
-17432 60199 86179
-17431 -54684 -36756
-17430 -97994 35207
-17429 -26776 -7534
-17428 -38382 90245
-17427 40919 -66745
-17426 -8055 -79571
-17425 -80451 96917
-17424 -14362 -95563
-17423 67068 -35054
-17422 -20623 -6273
-17421 -96786 -86369
-17420 -25932 36034
-17419 7937 48608
-17418 -34132 -19609
-17417 23277 -35922
-17416 16854 -20022
-17415 -24900 8119
-17414 25542 77247
-17413 62999 -19998
-17412 42036 43842
-17411 76584 -35053
-17410 -11229 -68442
-17409 -66437 71737
-17408 -36398 -49492
-17407 -35108 -92585
-17406 10580 -80188
-17405 47868 25106
-17404 -88878 -90716
-17403 -97663 20744
-17402 -19685 -82544
-17401 -84774 -59486
-17400 -49877 -32857
-17399 -65230 -45788
-17398 58009 -21229
-17397 -26116 -74164
-17396 -26884 77396
-17395 -8611 -84296
-17394 -55804 40970
-17393 79731 2705
-17392 -30371 51531
-17391 -40382 91599
-17390 99206 -19477
-17389 51229 73597
-17388 -60000 -82881
-17387 19680 -1504
-17386 17273 -67622
-17385 -65745 33266
-17384 54002 79686
-17383 62319 60425
-17382 6242 63517
-17381 82481 35942
-17380 -13985 -56277
-17379 -64941 -59421
-17378 -91524 -8364
-17377 -14784 18583
-17376 -66380 43843
-17375 55960 -82752
-17374 15440 -48240
-17373 59223 63318
-17372 77259 49557
-17371 37456 -81702
-17370 39953 79669
-17369 20862 85672
-17368 -66740 12225
-17367 15066 49060
-17366 24549 70082
-17365 -99830 69925
-17364 46906 1370
-17363 -73296 -7696
-17362 -8979 91166
-17361 50183 -11843
-17360 48876 -40726
-17359 -61578 -8721
-17358 -48811 77790
-17357 6652 53054
-17356 25454 43538
-17355 -34601 95289
-17354 -64675 -9795
-17353 -82078 44769
-17352 -13329 2421
-17351 -31681 -90518
-17350 -64840 66546
-17349 55658 -69680
-17348 3233 -12113
-17347 42766 -8084
-17346 -95330 26055
-17345 -34470 64588
-17344 -97000 -71445
-17343 -78070 65421
-17342 27953 -2380
-17341 -6176 43385
-17340 -38133 -5318
-17339 83386 9531
-17338 91834 11207
-17337 87291 34829
-17336 -41800 -14490
-17335 73706 -86490
-17334 -90326 36656
-17333 -16047 42225
-17332 -32582 -87951
-17331 97549 -81017
-17330 -10061 44439
-17329 -97203 -4162
-17328 1156 42563
-17327 24791 88594
-17326 71359 94784
-17325 -49725 -54295
-17324 -19372 -7876
-17323 -6203 -35644
-17322 67728 95491
-17321 60346 -49525
-17320 62659 -38211
-17319 -41187 -92619
-17318 59186 43325
-17317 -45764 -52899
-17316 53721 -25549
-17315 -60133 -85333
-17314 -6814 -75985
-17313 -88127 -93426
-17312 -19691 -17393
-17311 76828 75465
-17310 -87274 62878
-17309 61743 -55402
-17308 -4898 -75790
-17307 -80183 -24526
-17306 64992 -85058
-17305 58722 18268
-17304 -12199 -98327
-17303 21289 -48830
-17302 82758 -83085
-17301 -88730 -87250
-17300 -79989 -4471
-17299 32541 -24106
-17298 14145 -87981
-17297 -34530 26279
-17296 11216 60909
-17295 8005 -32358
-17294 27895 -3655
-17293 -92518 -86736
-17292 56320 -31781
-17291 22113 -9824
-17290 59618 36757
-17289 -40561 53466
-17288 -61361 5163
-17287 -24221 -79799
-17286 14661 -56822
-17285 -6497 -97848
-17284 83497 -97716
-17283 46940 -3514
-17282 -93325 -68004
-17281 43335 1676
-17280 81575 -86871
-17279 -25238 88072
-17278 53586 78419
-17277 -66797 45812
-17276 -91099 25288
-17275 98281 55785
-17274 7276 9747
-17273 28755 -50251
-17272 51130 85217
-17271 -98851 62871
-17270 -51271 -70842
-17269 -33999 -30149
-17268 -45930 71355
-17267 -84520 67152
-17266 -78428 50869
-17265 4183 75669
-17264 98128 -27100
-17263 88833 -83738
-17262 42639 -74553
-17261 -30998 4350
-17260 24214 -52913
-17259 32982 48514
-17258 47257 -2554
-17257 -37664 -40900
-17256 -70121 94215
-17255 -93601 77431
-17254 -75503 55297
-17253 10124 89446
-17252 -62769 -91155
-17251 97195 -48887
-17250 -43520 -29077
-17249 85896 75261
-17248 -63653 5275
-17247 -93370 33523
-17246 -66059 79675
-17245 -43340 25365
-17244 -49392 -95391
-17243 -87235 -71845
-17242 49841 -68420
-17241 74138 -88040
-17240 -50152 71061
-17239 -96119 -65045
-17238 -32093 54367
-17237 -66916 -54797
-17236 96148 -66767
-17235 14384 -38905
-17234 90166 65266
-17233 -80997 62071
-17232 -30829 42833
-17231 -94194 34766
-17230 66266 -40375
-17229 65423 99052
-17228 90728 52367
-17227 -61369 -57173
-17226 -52889 15725
-17225 62061 -67098
-17224 -43671 53317
-17223 -40726 -7461
-17222 -51934 -2592
-17221 -11790 2268
-17220 67389 -18223
-17219 -17839 13388
-17218 -58885 30491
-17217 63576 62375
-17216 -41055 74680
-17215 16657 60120
-17214 -91858 -21052
-17213 -26066 -46117
-17212 -483 37775
-17211 3310 36142
-17210 -68984 -62450
-17209 76721 65660
-17208 -39439 62335
-17207 -13000 -69857
-17206 59652 -72096
-17205 12956 -96248
-17204 -25877 3687
-17203 9275 -98125
-17202 -58362 -85997
-17201 -86124 -51599
-17200 40633 94856
-17199 -42138 81281
-17198 -18965 -10259
-17197 -81579 -37376
-17196 -70939 88464
-17195 -14883 -94712
-17194 38453 -48581
-17193 35902 -12587
-17192 -12566 8113
-17191 17302 35736
-17190 -95072 -38332
-17189 -27123 49565
-17188 30312 70303
-17187 -91831 -3672
-17186 53047 64766
-17185 73732 -91868
-17184 38347 -82106
-17183 -20047 81302
-17182 32557 -4878
-17181 14528 -13230
-17180 12489 22780
-17179 36610 88972
-17178 88097 86711
-17177 -73651 53869
-17176 -11736 47648
-17175 -88822 -96656
-17174 -7808 -87205
-17173 91885 47938
-17172 -98979 10752
-17171 -57345 -92505
-17170 13379 86912
-17169 -34797 -93825
-17168 -56423 12855
-17167 96229 67494
-17166 -48418 33264
-17165 47601 -18084
-17164 40590 52099
-17163 40120 -63433
-17162 37519 -28029
-17161 63667 -15250
-17160 -66356 87096
-17159 74325 -33553
-17158 92002 17211
-17157 52540 -7126
-17156 -26331 -29326
-17155 -72485 -61605
-17154 -32035 -46289
-17153 -79376 11133
-17152 -24613 56121
-17151 -37389 24863
-17150 42669 11421
-17149 25934 -26872
-17148 -71225 21487
-17147 -62937 -77971
-17146 -11242 24141
-17145 29137 -15877
-17144 -1090 82732
-17143 76408 -63691
-17142 -80982 57964
-17141 88128 64712
-17140 14277 -46895
-17139 73896 -83890
-17138 44412 -21769
-17137 43154 49976
-17136 -42047 47989
-17135 9916 51385
-17134 -5945 80880
-17133 -64865 -50574
-17132 72029 -90150
-17131 -95 62954
-17130 -89454 -94514
-17129 -10089 40499
-17128 62970 -96074
-17127 -53508 -80560
-17126 -88614 -57992
-17125 -19266 -64812
-17124 -70382 -48467
-17123 -95373 -35202
-17122 14076 -85760
-17121 -59404 94043
-17120 57202 13807
-17119 90489 -86729
-17118 73217 76969
-17117 -23266 49575
-17116 -38004 -30796
-17115 14960 -30693
-17114 -98801 72911
-17113 89051 9507
-17112 54103 -68096
-17111 95468 -32604
-17110 -46424 30405
-17109 89360 -27447
-17108 -82581 17972
-17107 59816 -88318
-17106 -91957 44689
-17105 -86206 48412
-17104 20179 -34939
-17103 -28281 -11285
-17102 -49647 -42735
-17101 -54822 77596
-17100 -65887 61937
-17099 47499 43327
-17098 65338 -99594
-17097 -29518 9953
-17096 -94886 -3835
-17095 -63205 -38753
-17094 -32327 -49749
-17093 -10207 -6823
-17092 28516 -79476
-17091 -88690 -96722
-17090 91070 -67718
-17089 63528 86279
-17088 -39336 -57614
-17087 -3108 -22050
-17086 -19238 -53062
-17085 -22855 27660
-17084 83795 38696
-17083 14721 -86716
-17082 2718 -36753
-17081 79704 -97004
-17080 -4791 -75534
-17079 26062 11205
-17078 -91892 -86657
-17077 -29911 -21218
-17076 -19529 -84786
-17075 -5134 74451
-17074 -90376 -93028
-17073 96790 78830
-17072 70007 -51262
-17071 -8773 281
-17070 -53906 -61990
-17069 -29976 -16326
-17068 36060 -66343
-17067 -69116 72461
-17066 46651 55060
-17065 -10380 14100
-17064 74395 35440
-17063 88098 -40192
-17062 -40707 71300
-17061 -50153 73731
-17060 3979 -51280
-17059 -11097 -89708
-17058 7191 20092
-17057 49891 87262
-17056 -84604 90566
-17055 -69022 39940
-17054 89581 -6688
-17053 5669 97238
-17052 41389 30080
-17051 -13989 93789
-17050 49898 -78443
-17049 -23364 35755
-17048 4745 55498
-17047 17939 1924
-17046 34792 88670
-17045 42289 87734
-17044 -24690 -56796
-17043 -11890 78819
-17042 48214 -29307
-17041 -57078 25536
-17040 -13512 12884
-17039 -41838 -66777
-17038 91371 71572
-17037 25557 87240
-17036 12415 -12856
-17035 -88637 -57466
-17034 90707 -42745
-17033 28701 -84008
-17032 53182 -72887
-17031 1065 -50465
-17030 3162 30704
-17029 -60413 47018
-17028 -53240 -23113
-17027 -25591 -6335
-17026 7421 -77137
-17025 32548 -84702
-17024 43893 6802
-17023 73968 58645
-17022 39 14785
-17021 37849 96757
-17020 -41510 31449
-17019 10698 10261
-17018 -91357 -75437
-17017 -32323 82628
-17016 -86292 43951
-17015 -58764 74448
-17014 79987 18270
-17013 -13564 70798
-17012 -21339 77005
-17011 -85757 24265
-17010 13073 72263
-17009 -94617 -6023
-17008 76081 89655
-17007 64606 61221
-17006 -52743 -88420
-17005 75374 72765
-17004 9379 76213
-17003 -12884 -87267
-17002 -86913 -42079
-17001 75057 -24699
-17000 -45091 -60524
-16999 -79219 86057
-16998 5981 -27448
-16997 -18223 29297
-16996 -1151 -96216
-16995 -41722 17052
-16994 77336 -4089
-16993 70804 -46106
-16992 -75801 -67699
-16991 51517 -51351
-16990 -10875 -51094
-16989 -18478 -9203
-16988 -24742 -6510
-16987 -9741 -6139
-16986 59694 -84797
-16985 -69856 -72759
-16984 -83480 -91973
-16983 -58928 -35361
-16982 5105 -14733
-16981 -30466 56277
-16980 -47264 62817
-16979 50997 -99942
-16978 61642 -67095
-16977 92487 49824
-16976 -45215 -57148
-16975 -68772 -53913
-16974 -97433 92365
-16973 60663 91714
-16972 79497 -32300
-16971 -20480 49759
-16970 -12451 90976
-16969 90391 48698
-16968 32046 -71988
-16967 54195 -62324
-16966 -10086 69171
-16965 57752 14406
-16964 9154 70098
-16963 88324 -66198
-16962 93819 -27292
-16961 92069 42864
-16960 71642 24760
-16959 20788 -21335
-16958 -58315 79666
-16957 30018 9305
-16956 -30162 -79602
-16955 90625 25927
-16954 18652 -10438
-16953 72401 23095
-16952 -3401 -56951
-16951 -54390 -48140
-16950 -86625 -45260
-16949 -22923 -34204
-16948 -48685 -14548
-16947 -61242 55353
-16946 -37380 -26508
-16945 -77835 37860
-16944 -275 -83971
-16943 31535 58942
-16942 46107 32761
-16941 28182 -55405
-16940 10818 -48752
-16939 -62088 54952
-16938 -32064 -39456
-16937 -89100 32579
-16936 22939 -82765
-16935 82583 -76324
-16934 -75920 54560
-16933 67112 29992
-16932 70846 45670
-16931 -9891 96635
-16930 -6919 81492
-16929 -60269 -13968
-16928 -94659 -49562
-16927 75549 40922
-16926 61152 -6073
-16925 -82723 -89547
-16924 75845 80823
-16923 93069 -66363
-16922 90654 -51245
-16921 -44768 57397
-16920 54108 80643
-16919 -61812 -38024
-16918 59816 -3296
-16917 19977 93465
-16916 -56532 -39462
-16915 -95768 -79159
-16914 -80673 -34062
-16913 73114 -13961
-16912 -20641 -88878
-16911 9361 -47359
-16910 43573 56454
-16909 -17783 -66451
-16908 8164 -93851
-16907 39735 -19325
-16906 65877 -63742
-16905 72067 -8580
-16904 33990 76049
-16903 -10018 -29330
-16902 -28804 -27944
-16901 -22601 -47160
-16900 71407 57565
-16899 73609 8125
-16898 -28116 -58564
-16897 89743 -90706
-16896 94973 2391
-16895 71485 -44669
-16894 69011 39844
-16893 -98325 -68334
-16892 -28751 -37978
-16891 -3747 -69796
-16890 32716 -6796
-16889 -36143 68494
-16888 -3260 43667
-16887 -59584 25801
-16886 -2037 -49417
-16885 -86005 91840
-16884 -48542 72015
-16883 -74376 -21105
-16882 -16793 98547
-16881 -59827 51720
-16880 15120 -73597
-16879 62096 -10523
-16878 38997 -98774
-16877 29800 68712
-16876 52919 54129
-16875 15702 7105
-16874 -8218 -98942
-16873 55388 82246
-16872 68880 -21530
-16871 -75202 -2166
-16870 -42602 37107
-16869 -64656 -65258
-16868 -10454 -69434
-16867 -37743 -3036
-16866 -76949 4661
-16865 -78577 -92864
-16864 -37446 -51033
-16863 -29484 -76248
-16862 79509 -9252
-16861 -7761 39842
-16860 -75029 57415
-16859 -81454 -25857
-16858 20576 28334
-16857 -11605 22785
-16856 -85932 -59366
-16855 -75198 95689
-16854 -44743 90692
-16853 8066 -85635
-16852 -76846 -86651
-16851 -78712 -77204
-16850 -84802 96787
-16849 20065 94129
-16848 -79538 1620
-16847 -13723 -90186
-16846 -50326 67919
-16845 75849 98121
-16844 5913 -85773
-16843 -5130 -82868
-16842 -91828 35085
-16841 -17437 31063
-16840 82360 67235
-16839 -91498 -6913
-16838 96751 -84430
-16837 62920 -32104
-16836 45045 -53811
-16835 -18333 -14611
-16834 77039 18602
-16833 -26717 -71060
-16832 -35220 417
-16831 -47455 82203
-16830 84083 99969
-16829 -47700 -42084
-16828 38271 -10404
-16827 20351 -88458
-16826 -49982 -90331
-16825 74569 -78236
-16824 80987 29836
-16823 -81661 -30717
-16822 10664 -1961
-16821 2026 10523
-16820 10774 -35028
-16819 -12376 81142
-16818 -65587 31147
-16817 6614 8217
-16816 44586 -95978
-16815 98504 63150
-16814 40688 17345
-16813 97487 56953
-16812 -31281 -86505
-16811 49071 76942
-16810 -60764 -72936
-16809 33627 -96759
-16808 99084 -2824
-16807 33824 53750
-16806 43521 61019
-16805 56573 -38609
-16804 -37105 43104
-16803 14354 28
-16802 45885 -39884
-16801 34884 -99764
-16800 53857 -35337
-16799 -19077 25903
-16798 59721 -54650
-16797 5263 -22211
-16796 -21318 50437
-16795 12279 79257
-16794 13067 -64654
-16793 -10920 15587
-16792 -63564 -53697
-16791 19364 60500
-16790 99738 92626
-16789 27221 -39942
-16788 21712 -68034
-16787 5764 -46788
-16786 60716 -3739
-16785 47640 -90937
-16784 -79579 77030
-16783 31939 68311
-16782 -53775 -73123
-16781 -59534 -87450
-16780 54570 3654
-16779 -267 -33647
-16778 -40316 -37386
-16777 93457 -71840
-16776 -16994 15857
-16775 -93596 -65855
-16774 -26727 -49350
-16773 61498 21788
-16772 -16177 82442
-16771 29378 84980
-16770 16523 -90330
-16769 -85003 57347
-16768 -93653 91553
-16767 -81528 98426
-16766 12812 -53762
-16765 -40199 1078
-16764 -57002 -77185
-16763 69480 -26056
-16762 -56454 -2664
-16761 -1059 -66763
-16760 -70380 -91499
-16759 -21720 51647
-16758 -40279 -8470
-16757 96328 -12390
-16756 -96150 63108
-16755 -37492 4419
-16754 -29414 -24514
-16753 2313 -79473
-16752 -17876 93053
-16751 -2212 71370
-16750 15905 -71797
-16749 -3525 49412
-16748 63024 31342
-16747 22697 -35106
-16746 67355 68760
-16745 1505 -14071
-16744 -74765 -28555
-16743 -54416 -375
-16742 -81249 -64400
-16741 96467 -71811
-16740 64071 -32705
-16739 -63579 13023
-16738 -3773 -43614
-16737 -39038 -34643
-16736 47370 -15920
-16735 -23786 8055
-16734 45724 91002
-16733 29655 38666
-16732 49105 -8969
-16731 -88984 49287
-16730 -77390 24979
-16729 23418 5381
-16728 83244 -89581
-16727 -13309 39115
-16726 59787 -13581
-16725 -97491 -6404
-16724 -86779 26370
-16723 -96336 53259
-16722 75220 -8327
-16721 -53429 -12455
-16720 -33053 27242
-16719 38578 99833
-16718 -87229 -95684
-16717 -85575 54563
-16716 17162 13692
-16715 4720 87444
-16714 -94011 60072
-16713 6695 -9929
-16712 -39478 6482
-16711 65027 -39612
-16710 -68317 4583
-16709 -89846 32986
-16708 -43417 36851
-16707 37254 63413
-16706 55025 -60451
-16705 -77792 55757
-16704 55434 81077
-16703 -85614 -81613
-16702 96592 98851
-16701 -82183 -91981
-16700 9245 22806
-16699 -94271 -16576
-16698 64614 -88074
-16697 56126 81775
-16696 -83123 -4580
-16695 49896 -65379
-16694 -93732 -96127
-16693 96872 51270
-16692 50879 -42584
-16691 50722 9716
-16690 26404 32697
-16689 58812 -56576
-16688 70734 81641
-16687 -36000 75005
-16686 93401 53855
-16685 47753 63692
-16684 -97924 -88764
-16683 -51208 10273
-16682 38816 -41248
-16681 -48086 45268
-16680 78894 -40360
-16679 -7764 42959
-16678 -37722 -50805
-16677 4296 19323
-16676 64029 -14818
-16675 86143 -35014
-16674 43144 86674
-16673 75837 6589
-16672 16839 3769
-16671 -33567 -39325
-16670 -18119 74837
-16669 16964 -71462
-16668 -25693 55004
-16667 79421 -69972
-16666 28645 -39143
-16665 -52218 71040
-16664 -86658 -52555
-16663 49866 99129
-16662 -78326 -23990
-16661 -24144 -51114
-16660 -94614 -66195
-16659 8143 -43692
-16658 93054 -29694
-16657 17815 83532
-16656 12459 -90955
-16655 28307 -41217
-16654 92572 63725
-16653 -70048 35073
-16652 7534 -92114
-16651 89791 99140
-16650 -50666 -30772
-16649 34869 74421
-16648 -91302 -71754
-16647 -17508 -72841
-16646 -2444 -80664
-16645 -20818 70153
-16644 71163 68287
-16643 -17090 -85927
-16642 36405 17678
-16641 51886 23741
-16640 84953 -8586
-16639 82201 78266
-16638 27398 9710
-16637 8412 -90365
-16636 -35054 -97121
-16635 -18032 -60763
-16634 -35519 47273
-16633 -43147 83805
-16632 -29246 -9937
-16631 89002 -87514
-16630 -54420 -98521
-16629 38348 -27754
-16628 -43326 -34749
-16627 53706 -60283
-16626 -98833 -45234
-16625 14969 1661
-16624 84833 54407
-16623 -7786 -5992
-16622 -50736 34689
-16621 74590 -34674
-16620 -89542 46652
-16619 -66288 -3097
-16618 64814 -60056
-16617 -64598 -16160
-16616 50835 -87306
-16615 82706 -2334
-16614 -85738 -55555
-16613 -1301 -89735
-16612 -64245 -52253
-16611 20640 -23510
-16610 8744 99702
-16609 -9801 -13536
-16608 24619 -17777
-16607 -86048 33202
-16606 -59502 3002
-16605 94377 38111
-16604 -65285 52620
-16603 28501 -91833
-16602 50094 4415
-16601 95563 -33973
-16600 -11157 97237
-16599 69094 -81928
-16598 7271 -97446
-16597 91145 -53878
-16596 94803 37314
-16595 87081 -20351
-16594 94772 -56986
-16593 96727 -1174
-16592 99490 -49153
-16591 -90025 -98819
-16590 -33882 -20638
-16589 -20046 42147
-16588 -52050 -76758
-16587 -81629 -90039
-16586 -65234 40698
-16585 -62956 -57585
-16584 -84372 93912
-16583 -76525 -36075
-16582 14136 21462
-16581 96854 -21877
-16580 35979 69112
-16579 -33453 -42011
-16578 82840 15097
-16577 -6948 -6768
-16576 -28503 -18318
-16575 54947 -63826
-16574 -33801 70563
-16573 92870 37151
-16572 65735 -16725
-16571 -42778 -88148
-16570 -86781 -18205
-16569 11303 18826
-16568 79515 -5374
-16567 -20802 -12175
-16566 53725 14683
-16565 62514 36068
-16564 -36145 51604
-16563 64357 -61876
-16562 -9472 -67605
-16561 -91346 56364
-16560 -28363 76401
-16559 21788 -54969
-16558 -30315 97787
-16557 76825 76913
-16556 -64670 53124
-16555 2093 -9504
-16554 -56238 -59577
-16553 -37504 4184
-16552 -14510 30013
-16551 -59557 -85424
-16550 79727 -15035
-16549 -79032 63600
-16548 26041 -16031
-16547 60093 95982
-16546 -60613 73782
-16545 -39390 94771
-16544 -51086 64549
-16543 49974 -80500
-16542 19113 56621
-16541 -67953 27066
-16540 60875 68252
-16539 57954 22274
-16538 79457 -97174
-16537 -98372 90003
-16536 -35161 83036
-16535 -56417 -41992
-16534 -60492 78841
-16533 -94987 -36042
-16532 -51583 23501
-16531 -73900 -44881
-16530 68642 17494
-16529 22278 12458
-16528 -53652 41715
-16527 -91682 -75172
-16526 -73617 75939
-16525 -18423 98278
-16524 1698 76871
-16523 54925 -58105
-16522 27799 -31672
-16521 57352 -38556
-16520 -59257 80376
-16519 12556 -76826
-16518 89901 98247
-16517 45891 50918
-16516 -7600 -11835
-16515 -16901 93611
-16514 25449 -36806
-16513 22161 -81118
-16512 -62704 68932
-16511 20587 -75010
-16510 -95949 -12420
-16509 -31247 -10331
-16508 -38758 38340
-16507 -25186 -86824
-16506 38807 51219
-16505 6524 -32408
-16504 -76725 -98334
-16503 -51270 -61528
-16502 95557 1926
-16501 24123 6528
-16500 41063 82612
-16499 -65593 -72024
-16498 -20873 2983
-16497 85117 90600
-16496 -41418 -65076
-16495 -42793 -65454
-16494 85860 -61555
-16493 -83930 72998
-16492 16950 74063
-16491 -73965 66534
-16490 80613 -55361
-16489 -64834 -14312
-16488 84481 -69733
-16487 -94301 -7296
-16486 -70338 7805
-16485 -79216 96424
-16484 99450 35178
-16483 -6740 -7474
-16482 -41895 -15000
-16481 -72968 -94076
-16480 -37234 45233
-16479 2546 81240
-16478 75727 10617
-16477 -29408 -33758
-16476 30180 5624
-16475 -30044 -16778
-16474 -13609 -78888
-16473 -72225 65565
-16472 52958 -79282
-16471 -73375 -35179
-16470 98824 -90944
-16469 65063 -21102
-16468 -25333 9864
-16467 62505 -95694
-16466 87370 25406
-16465 -87788 -16269
-16464 61568 84834
-16463 -98347 80461
-16462 55992 -6724
-16461 -83468 48163
-16460 -59259 -56924
-16459 39499 68489
-16458 10286 -11210
-16457 -55723 -76154
-16456 39245 85857
-16455 27749 -34340
-16454 34328 94605
-16453 84751 96190
-16452 2614 -8532
-16451 34249 6008
-16450 -81704 -38655
-16449 83259 -50804
-16448 68570 -39750
-16447 -36794 87842
-16446 -45745 -69203
-16445 80657 50128
-16444 -98057 -94933
-16443 596 14145
-16442 -82885 -47648
-16441 85609 -55914
-16440 77927 96085
-16439 -71384 81685
-16438 77778 -59905
-16437 -81393 -90992
-16436 -79465 -72562
-16435 4008 -63298
-16434 -4532 26912
-16433 -68656 -84724
-16432 78247 -95743
-16431 -5982 27805
-16430 98813 -71833
-16429 25371 -28296
-16428 62089 -5156
-16427 -56165 -29322
-16426 -19313 -44108
-16425 -2321 -34568
-16424 -28347 877
-16423 -19207 -27782
-16422 -57984 47367
-16421 19995 28026
-16420 65323 -24324
-16419 61078 3419
-16418 75416 33781
-16417 22956 -93812
-16416 75312 8737
-16415 -60887 -40803
-16414 71343 26797
-16413 44620 -57939
-16412 -15943 83447
-16411 -90167 47666
-16410 40632 53764
-16409 95214 -88638
-16408 27720 -47837
-16407 -76765 -22123
-16406 -82406 67042
-16405 51308 -35004
-16404 -91640 98872
-16403 72759 -83285
-16402 61822 -27277
-16401 42222 -12265
-16400 56300 -11538
-16399 51131 28964
-16398 94075 1574
-16397 -94517 83313
-16396 -96461 -84425
-16395 -14228 23763
-16394 -47029 -36880
-16393 -42174 -65233
-16392 -40573 -93517
-16391 71870 -21954
-16390 -17745 -95328
-16389 46669 27069
-16388 -82788 12227
-16387 -12598 96212
-16386 59050 63899
-16385 -45976 18041
-16384 95853 -75437
-16383 -41082 46557
-16382 -67232 79978
-16381 29683 -90792
-16380 -95362 -69419
-16379 -54384 -62968
-16378 84264 -74166
-16377 42386 2941
-16376 71218 -19759
-16375 -92648 -70975
-16374 33470 65898
-16373 87724 62209
-16372 -33702 -52868
-16371 -19695 -57945
-16370 72631 -61654
-16369 -2974 -67035
-16368 36498 -529
-16367 -78647 -96022
-16366 -12287 54258
-16365 -15096 -65379
-16364 55317 48741
-16363 4930 -21308
-16362 88975 62650
-16361 47247 77962
-16360 3192 -90633
-16359 51091 24889
-16358 74359 -7701
-16357 68184 1981
-16356 51467 86552
-16355 13871 68253
-16354 43443 -11421
-16353 -32343 40976
-16352 66093 81241
-16351 8548 65089
-16350 -18050 25319
-16349 -57014 -53798
-16348 55404 23690
-16347 -74116 93872
-16346 26217 -99977
-16345 -263 27918
-16344 78338 9335
-16343 42673 95866
-16342 -32870 -9038
-16341 40867 90676
-16340 53732 -36668
-16339 -33632 34821
-16338 29387 -23884
-16337 -24246 58464
-16336 70641 -16788
-16335 -8060 -14423
-16334 -2208 -68523
-16333 -18996 65649
-16332 -63127 -1604
-16331 -41546 -54984
-16330 -36658 50839
-16329 -58204 -24295
-16328 76152 -12771
-16327 62123 81887
-16326 58516 -51518
-16325 -54781 79662
-16324 -94435 37096
-16323 -61865 -57458
-16322 -82296 87057
-16321 92109 91612
-16320 10412 84370
-16319 -12686 91250
-16318 11771 -31621
-16317 6100 -73652
-16316 5660 66706
-16315 -90380 83666
-16314 21223 -66401
-16313 33518 62599
-16312 85327 82850
-16311 68981 38176
-16310 29088 -2737
-16309 -64605 47545
-16308 -22297 -88076
-16307 -6597 34786
-16306 -81858 -1292
-16305 -9628 -19609
-16304 -90224 27226
-16303 98738 97295
-16302 -45541 -27832
-16301 90812 82727
-16300 25140 63495
-16299 -82666 -21957
-16298 3475 -70742
-16297 -8968 -61735
-16296 -93858 15200
-16295 72403 84340
-16294 -61371 -73300
-16293 -82556 -1337
-16292 26061 24335
-16291 84790 15754
-16290 -13804 60210
-16289 55665 29064
-16288 -68290 -28978
-16287 -40251 65372
-16286 64626 6530
-16285 -73207 11600
-16284 -63463 -9112
-16283 46274 -13008
-16282 22610 -82236
-16281 57992 30890
-16280 -63672 -49625
-16279 57522 62729
-16278 -48859 -46938
-16277 -11338 -90764
-16276 -47158 -77317
-16275 -24066 -90431
-16274 32542 -92721
-16273 -5146 -81526
-16272 -54288 43670
-16271 -39591 67012
-16270 20865 -57972
-16269 -19601 -29333
-16268 -553 -32461
-16267 76422 -94122
-16266 84035 -33929
-16265 -51007 -9814
-16264 344 -85358
-16263 90294 30728
-16262 89735 -62909
-16261 8225 22987
-16260 62893 -81207
-16259 -58489 35112
-16258 -28586 -50253
-16257 -54252 29615
-16256 -44922 3678
-16255 83721 -80443
-16254 -54227 42276
-16253 -46115 85192
-16252 51281 75075
-16251 90619 5285
-16250 33207 -21920
-16249 81283 55990
-16248 92052 5902
-16247 -8063 55610
-16246 -72009 21034
-16245 74343 -21247
-16244 -18450 -23118
-16243 -72223 99888
-16242 -7475 62
-16241 -90628 -41767
-16240 2750 60993
-16239 -88149 -78905
-16238 88408 16830
-16237 41579 8669
-16236 63437 -78478
-16235 -69907 74536
-16234 -65598 -1839
-16233 -59564 63730
-16232 -50979 77412
-16231 -66698 -41867
-16230 8921 -35267
-16229 85387 -73242
-16228 -63002 -21074
-16227 -55066 -76622
-16226 89855 -72081
-16225 -77423 -97313
-16224 -85354 45018
-16223 -21979 -78805
-16222 -65961 -77023
-16221 50010 -30281
-16220 34092 3346
-16219 82663 -8221
-16218 -36416 94641
-16217 -30990 -95835
-16216 17599 27002
-16215 -29158 -97357
-16214 41165 -30614
-16213 66849 -86747
-16212 74140 52569
-16211 -95717 78579
-16210 14418 -90571
-16209 89132 -53107
-16208 77563 -32233
-16207 -61754 -98004
-16206 -49107 99770
-16205 89557 -82507
-16204 -78923 70127
-16203 36198 92879
-16202 -93341 -63936
-16201 62316 -10799
-16200 88989 4793
-16199 47426 -87306
-16198 52118 3816
-16197 32590 -70360
-16196 53405 -43845
-16195 27218 -33053
-16194 -64596 -7851
-16193 54714 10300
-16192 -8180 263
-16191 -5811 -49572
-16190 -49185 -32607
-16189 -52088 35943
-16188 -82779 81308
-16187 91438 50352
-16186 -1036 -45614
-16185 38566 26707
-16184 -75475 29071
-16183 -73066 -82706
-16182 -84936 -76358
-16181 -77314 24239
-16180 -25878 -89103
-16179 52499 68091
-16178 -54155 -6875
-16177 -33839 23269
-16176 -80914 35863
-16175 53372 -13736
-16174 -4245 -30537
-16173 31699 -65876
-16172 32668 81167
-16171 -51915 95168
-16170 38240 91093
-16169 -15689 77836
-16168 3962 -80143
-16167 -94371 -49932
-16166 -79303 -80926
-16165 94987 73241
-16164 53822 -58572
-16163 -99824 43816
-16162 33432 -97231
-16161 52553 79230
-16160 -98177 -75954
-16159 24853 83445
-16158 -9189 -99336
-16157 56208 9636
-16156 11327 -80178
-16155 42526 -35074
-16154 99004 98425
-16153 -35676 24208
-16152 -97289 18507
-16151 16420 -82047
-16150 69644 6329
-16149 74780 -41343
-16148 75694 -25860
-16147 40274 29874
-16146 -90283 -21356
-16145 -91457 89329
-16144 20566 70803
-16143 -684 95976
-16142 3349 -1216
-16141 -42829 -81313
-16140 22322 -87755
-16139 -4968 -4304
-16138 13897 -3394
-16137 96732 27997
-16136 43889 -84013
-16135 -92624 18446
-16134 -6478 -65776
-16133 14337 63232
-16132 -32708 3545
-16131 -71512 80449
-16130 96071 34055
-16129 -12839 16059
-16128 8391 84615
-16127 19567 -3116
-16126 -85713 19409
-16125 27203 -85346
-16124 -91681 63290
-16123 88770 4833
-16122 39309 -5878
-16121 53227 -88419
-16120 89615 40187
-16119 46940 50156
-16118 7780 -13026
-16117 25325 44400
-16116 -82106 -2269
-16115 10174 66253
-16114 47516 77741
-16113 2595 -50906
-16112 26470 28946
-16111 -83184 -23840
-16110 83462 -56384
-16109 98228 -27090
-16108 120 33263
-16107 -46903 -96489
-16106 -76878 9923
-16105 14717 -42681
-16104 -57237 -18741
-16103 77791 77089
-16102 78195 10597
-16101 -58898 41551
-16100 6217 -60059
-16099 -9039 73414
-16098 -67422 -87165
-16097 -16885 51041
-16096 -98845 8769
-16095 2677 -37336
-16094 -91616 17898
-16093 -95103 -74579
-16092 -1431 44655
-16091 -27133 -82873
-16090 -48591 90758
-16089 -40325 27678
-16088 45505 18392
-16087 76114 96534
-16086 -16871 -38486
-16085 83795 -31801
-16084 -81832 -54097
-16083 94961 64345
-16082 -84507 -29894
-16081 87884 82424
-16080 -83484 5622
-16079 -80780 -18869
-16078 -4513 73305
-16077 32931 88267
