4923
-44757 17923 15193
-44756 -63967 54818
-44755 67471 -71546
-44754 -61471 72796
-44753 39447 52143
-44752 -31485 -54863
-44751 93796 9578
-44750 56933 -33058
-44749 -4966 69183
-44748 77370 24721
-44747 18287 79939
-44746 -71934 -39323
-44745 68325 37837
-44744 50557 -50503
-44743 -65206 -67857
-44742 -97840 36516
-44741 -26412 -82475
-44740 -10669 -15727
-44739 -32264 -61654
-44738 -58521 9302
-44737 -20600 -2765
-44736 50902 75832
-44735 93682 -2502
-44734 -4342 -49205
-44733 43328 -85308
-44732 46183 -78454
-44731 73544 57180
-44730 78561 -40754
-44729 -58788 18727
-44728 -24725 69741
-44727 -13481 -85352
-44726 5522 82821
-44725 -99094 -20820
-44724 -17595 12142
-44723 42139 -85279
-44722 72595 -91457
-44721 42125 40886
-44720 4590 -89107
-44719 61001 84524
-44718 -54543 87923
-44717 -17694 53577
-44716 83204 61934
-44715 1157 28406
-44714 -36241 -64467
-44713 45073 -80766
-44712 99267 -11737
-44711 -24134 -84167
-44710 52559 23484
-44709 -39421 80907
-44708 15700 49580
-44707 -47923 -20277
-44706 16686 -24837
-44705 34883 99601
-44704 -7770 86247
-44703 -6074 -72875
-44702 37002 49199
-44701 -11146 10964
-44700 -37161 -86403
-44699 -29459 -84103
-44698 95736 -49638
-44697 -67862 -62176
-44696 -80731 -77164
-44695 -90081 -18100
-44694 76696 -96281
-44693 26068 6775
-44692 -20635 68955
-44691 -14776 66780
-44690 45947 -42207
-44689 -85654 65221
-44688 -5040 -65640
-44687 -55160 -60482
-44686 -83561 -90216
-44685 -70523 12226
-44684 58725 -27788
-44683 -47509 94619
-44682 -58471 76133
-44681 -62545 28306
-44680 43870 91292
-44679 -42555 73706
-44678 87006 -90052
-44677 -68288 74329
-44676 -45252 -37847
-44675 71736 -76678
-44674 35030 89869
-44673 23408 25462
-44672 85587 -27804
-44671 -81861 -58014
-44670 -43212 -85227
-44669 -47553 -82656
-44668 91816 72770
-44667 -70060 22671
-44666 -91138 -80580
-44665 -8549 5694
-44664 99689 -56214
-44663 -69922 85843
-44662 -86197 -85403
-44661 35721 8672
-44660 -15639 20256
-44659 82906 60028
-44658 80617 4867
-44657 -20723 -98
-44656 91789 84705
-44655 -8693 -87755
-44654 78062 -76378
-44653 -65523 -20342
-44652 -47638 45958
-44651 44410 -97503
-44650 63145 20794
-44649 -60628 -48244
-44648 32422 46686
-44647 92852 -96896
-44646 -81415 60270
-44645 53108 14822
-44644 93014 -26008
-44643 -3077 65157
-44642 18155 -60841
-44641 11865 -94390
-44640 -63335 -21946
-44639 -27508 35758
-44638 30112 -93954
-44637 -40100 54138
-44636 -16708 63432
-44635 90533 -89045
-44634 -31681 21409
-44633 -46786 -29149
-44632 -74023 -79577
-44631 -66255 -62620
-44630 45236 -51020
-44629 -54514 -85311
-44628 -44078 58081
-44627 -4060 -36313
-44626 32718 -1356
-44625 -74255 39650
-44624 36330 82157
-44623 -71496 85952
-44622 -31 50447
-44621 -35037 81899
-44620 -86380 88022
-44619 -42638 -81373
-44618 -36052 10964
-44617 75276 -82919
-44616 -61839 -32886
-44615 -257 87583
-44614 -34437 -27192
-44613 -10114 47301
-44612 71450 98552
-44611 -80029 8013
-44610 -93335 37321
-44609 -39696 70263
-44608 46079 -96945
-44607 -15673 45206
-44606 11488 -62922
-44605 -64979 44627
-44604 7754 24433
-44603 49347 -3279
-44602 -67080 81838
-44601 80384 -22234
-44600 54700 -79017
-44599 82815 -49490
-44598 18816 -81360
-44597 -55116 -48243
-44596 -40013 -75513
-44595 13878 -98826
-44594 44239 -92359
-44593 -47514 14229
-44592 -96810 30582
-44591 77818 -98165
-44590 -78380 -27215
-44589 -29668 26450
-44588 14958 46503
-44587 45817 -82259
-44586 25878 97877
-44585 35184 -11353
-44584 89336 -73786
-44583 -1282 -55334
-44582 4219 87023
-44581 54616 -49067
-44580 -90472 45789
-44579 -56682 30148
-44578 -73517 48191
-44577 -54191 -47227
-44576 11576 60994
-44575 -68955 58219
-44574 90159 -83926
-44573 -33774 -6160
-44572 -34151 -17430
-44571 19597 12258
-44570 -19483 31729
-44569 21607 -93764
-44568 39245 22051
-44567 -51322 -36592
-44566 -66109 -16753
-44565 3603 -62530
-44564 25405 38693
-44563 -41914 93288
-44562 -46958 -9279
-44561 -3632 36245
-44560 7672 18099
-44559 -99958 -62609
-44558 25850 -97908
-44557 95157 9451
-44556 68798 -36346
-44555 15576 55609
-44554 -90579 -50066
-44553 -47800 -21895
-44552 -77037 98164
-44551 -51684 -88058
-44550 -8131 34195
-44549 52314 64751
-44548 76352 -67021
-44547 18670 69551
-44546 86375 -78709
-44545 -57679 -27304
-44544 55147 -35480
-44543 59006 15509
-44542 -98881 -480
-44541 46310 88462
-44540 -7790 29506
-44539 -42801 82764
-44538 -52170 -10622
-44537 96679 23846
-44536 -45774 93162
-44535 -68138 71946
-44534 -25607 -30736
-44533 -20399 -34439
-44532 -93446 -29761
-44531 78643 98733
-44530 -99966 -54238
-44529 -91516 -71363
-44528 97928 45604
-44527 97387 77123
-44526 -68732 36918
-44525 -27875 36760
-44524 -31894 29059
-44523 -89811 -21759
-44522 -16599 66992
-44521 -94446 88839
-44520 -58015 92422
-44519 79870 -48336
-44518 1261 32776
-44517 52954 66396
-44516 -92848 -90938
-44515 67850 18970
-44514 -42137 -53301
-44513 -16507 -94855
-44512 -94813 65727
-44511 -75823 19334
-44510 84335 -72342
-44509 57602 -67279
-44508 -49245 32662
-44507 86227 501
-44506 35127 43501
-44505 83835 -98935
-44504 6285 13734
-44503 64089 -85222
-44502 43280 -52730
-44501 -16457 43
-44500 30542 -82895
-44499 41644 23147
-44498 8128 67686
-44497 -29736 66503
-44496 -50684 -49227
-44495 -47742 19362
-44494 52532 24695
-44493 -37818 33931
-44492 99475 55513
-44491 27232 -89525
-44490 1356 84264
-44489 -85574 52163
-44488 48159 82731
-44487 -97807 67066
-44486 86957 -39637
-44485 73855 -73613
-44484 -19825 -65727
-44483 -310 67109
-44482 -96417 -95317
-44481 22941 59660
-44480 -76838 -8188
-44479 85615 30450
-44478 -62026 59817
-44477 17341 -78108
-44476 23325 2582
-44475 88989 71690
-44474 34716 14230
-44473 27625 33425
-44472 10839 23893
-44471 92106 99730
-44470 83369 4278
-44469 89637 38563
-44468 -90439 48196
-44467 73802 77885
-44466 -64941 50843
-44465 8403 96431
-44464 -12619 -80845
-44463 -37078 40551
-44462 -18126 -88947
-44461 40129 10758
-44460 5099 41875
-44459 -75468 -94534
-44458 -69120 -82808
-44457 84620 28587
-44456 -13149 -94108
-44455 -4308 -46744
-44454 51002 -45619
-44453 90805 94834
-44452 34655 -93578
-44451 40769 -71342
-44450 23160 73305
-44449 -6293 4514
-44448 34995 79703
-44447 -86098 -84495
-44446 65812 -66299
-44445 -43645 65998
-44444 -41668 -62293
-44443 -90218 -68824
-44442 91392 -37264
-44441 -97564 -92520
-44440 31758 73767
-44439 -38428 -59583
-44438 -72994 7038
-44437 15412 -48991
-44436 1225 -42881
-44435 18886 62087
-44434 -13174 -69729
-44433 31993 69723
-44432 -88981 -18583
-44431 27889 -12353
-44430 87745 74707
-44429 -60539 -33377
-44428 -50993 -35642
-44427 -10179 38800
-44426 -86181 23212
-44425 4212 98453
-44424 76341 -14430
-44423 61785 -18494
-44422 -38047 -62913
-44421 22518 -8265
-44420 -98724 -89034
-44419 37401 -66557
-44418 -20532 -31771
-44417 27054 31449
-44416 92862 -40236
-44415 8646 24840
-44414 93964 -83986
-44413 76496 12747
-44412 -29914 -63929
-44411 -69145 29467
-44410 -40005 -23672
-44409 -53871 55962
-44408 -22339 62599
-44407 -86356 -29894
-44406 -34645 86891
-44405 20476 -61221
-44404 -90874 -66557
-44403 -43774 -83444
-44402 -79770 -215
-44401 -86693 50162
-44400 11899 41055
-44399 30121 60174
-44398 -98211 -66435
-44397 90213 90645
-44396 79966 68953
-44395 75268 -19217
-44394 29580 60791
-44393 26039 38557
-44392 -36727 66844
-44391 13821 -82520
-44390 57508 -64508
-44389 -35981 -12763
-44388 -89385 -92225
-44387 35204 -91422
-44386 47491 43519
-44385 81392 87516
-44384 -93682 67583
-44383 -16245 -56197
-44382 36600 -73557
-44381 -24522 54961
-44380 -4803 26572
-44379 43249 61575
-44378 89157 -41539
-44377 4256 -67940
-44376 -82408 85575
-44375 8042 -91326
-44374 -87686 69715
-44373 -18315 -8139
-44372 96390 6678
-44371 40396 84315
-44370 -28898 -21839
-44369 -86912 -36471
-44368 39920 -40231
-44367 -99798 -95187
-44366 -99222 40699
-44365 15532 7171
-44364 -53940 -53308
-44363 -53360 -70187
-44362 21548 9898
-44361 -43366 49891
-44360 84729 81107
-44359 -95319 -51625
-44358 23619 -23744
-44357 -29625 -95619
-44356 -49820 -45811
-44355 11018 -68322
-44354 -9615 28237
-44353 -62790 -93915
-44352 -52387 -35618
-44351 56913 22730
-44350 -19364 68439
-44349 68487 -50489
-44348 39400 78739
-44347 49602 73379
-44346 -84140 27958
-44345 -60818 -62097
-44344 19818 -65150
-44343 -90233 3477
-44342 -57208 -23924
-44341 -91377 -21168
-44340 14670 49724
-44339 -84303 58919
-44338 57529 -32601
-44337 -39966 -87948
-44336 4806 94127
-44335 51109 -96925
-44334 35796 -24273
-44333 82887 22579
-44332 54312 19169
-44331 -13617 -69121
-44330 -34767 29595
-44329 -44217 6706
-44328 66538 -32246
-44327 76452 -53251
-44326 79566 -99889
-44325 19773 95393
-44324 58722 59231
-44323 -84015 -83087
-44322 -90953 -60612
-44321 -63095 84852
-44320 -63999 -59390
-44319 -71718 -1988
-44318 9483 -33210
-44317 -83280 -21259
-44316 70285 -12582
-44315 45573 -33058
-44314 -46526 -52854
-44313 -61746 -86200
-44312 -56116 40887
-44311 20629 64909
-44310 1088 92215
-44309 68533 -34520
-44308 -47095 -88560
-44307 -48108 68102
-44306 -54028 92261
-44305 24842 -92285
-44304 -79880 -74051
-44303 -96816 57082
-44302 -95315 -95021
-44301 62204 -63226
-44300 76130 91862
-44299 17086 -32211
-44298 30692 1009
-44297 39757 29221
-44296 22898 -61383
-44295 -55665 57884
-44294 -90907 -74680
-44293 31630 -26243
-44292 41774 75553
-44291 -26952 -12126
-44290 51028 63468
-44289 28307 -34598
-44288 34629 14101
-44287 -69379 -82496
-44286 85050 19694
-44285 -25762 91502
-44284 24769 86190
-44283 41786 64628
-44282 -34939 -99377
-44281 99830 10654
-44280 -39888 -58797
-44279 35135 -98764
-44278 -431 -38428
-44277 70979 8806
-44276 -41916 -68494
-44275 -91761 -86333
-44274 1235 -52236
-44273 79087 76387
-44272 6410 -55598
-44271 49328 90267
-44270 -34330 -54100
-44269 9434 -32186
-44268 47512 97058
-44267 36736 -68741
-44266 42712 24345
-44265 -32616 -80532
-44264 -62132 -15883
-44263 -14124 -28786
-44262 47366 -41906
-44261 22048 -47592
-44260 -38563 70100
-44259 -25089 28347
-44258 73841 -78918
-44257 59515 -78281
-44256 -9296 -5687
-44255 15999 73220
-44254 -41992 -74451
-44253 -990 98524
-44252 -26994 -32894
-44251 -89132 43607
-44250 41193 -3703
-44249 63594 -57924
-44248 -12749 15612
-44247 -1862 35323
-44246 -81356 13388
-44245 84054 7925
-44244 25644 -22080
-44243 -75537 -74206
-44242 69853 -34091
-44241 -87278 61360
-44240 -15765 -46149
-44239 -71872 -22976
-44238 -40108 28356
-44237 93719 8939
-44236 89867 -4714
-44235 25399 68996
-44234 -88678 20274
-44233 12260 33079
-44232 -70507 60454
-44231 61086 43256
-44230 -58766 11577
-44229 -12294 28495
-44228 72706 -83570
-44227 -93180 31671
-44226 89264 -45554
-44225 84953 32667
-44224 14286 37745
-44223 32890 -16515
-44222 97948 82922
-44221 -36447 74198
-44220 -48962 -3682
-44219 90023 73473
-44218 -5782 -94695
-44217 95723 43578
-44216 -12946 41451
-44215 84235 49134
-44214 40503 23462
-44213 18403 -32229
-44212 -38530 95616
-44211 -88654 -60646
-44210 -85948 20509
-44209 47782 -13379
-44208 80850 -40329
-44207 70422 73443
-44206 -46410 -85153
-44205 -19269 -58958
-44204 -1997 -14967
-44203 22353 -38740
-44202 -80663 -70766
-44201 -95357 90484
-44200 84021 -8194
-44199 -15885 -85646
-44198 -16396 14913
-44197 -2934 -79832
-44196 -10094 -25849
-44195 -59908 23495
-44194 67139 -96598
-44193 91674 -87235
-44192 -56196 -46973
-44191 -40877 -38878
-44190 96265 -51633
-44189 -45862 26655
-44188 -6890 -78771
-44187 -86201 78780
-44186 74937 56440
-44185 13702 -74172
-44184 -20541 55136
-44183 47678 11330
-44182 -91853 -90962
-44181 -9988 85574
-44180 -6450 -1446
-44179 -57621 -6360
-44178 78467 -19428
-44177 89584 -99375
-44176 66907 1038
-44175 24807 -62294
-44174 -21632 -11706
-44173 73280 32516
-44172 -12148 -18471
-44171 -77398 -86116
-44170 13391 13157
-44169 28458 -4635
-44168 -11434 74681
-44167 -49569 55528
-44166 20425 -52027
-44165 -17925 -99175
-44164 -52968 -45772
-44163 87889 51300
-44162 2969 62103
-44161 63718 74841
-44160 -89981 22337
-44159 57229 -17220
-44158 79172 -1425
-44157 -68108 -44409
-44156 27766 97164
-44155 731 -66204
-44154 -51031 59908
-44153 56723 89266
-44152 -36376 -52274
-44151 73022 -43941
-44150 -20315 -32518
-44149 -10160 -81961
-44148 -47349 3604
-44147 -65024 46981
-44146 78649 -513
-44145 -73632 -96067
-44144 18998 73580
-44143 -11598 38165
-44142 -71467 -23965
-44141 29844 -54410
-44140 -62950 41652
-44139 -54058 -15183
-44138 43156 13690
-44137 26309 -49866
-44136 28787 -89171
-44135 -46888 96822
-44134 7098 237
-44133 -89348 78455
-44132 71127 90458
-44131 83437 76336
-44130 93437 -50150
-44129 -28006 297
-44128 -78175 -40416
-44127 -17364 -45571
-44126 -40449 3626
-44125 41952 82777
-44124 -87716 13863
-44123 -59468 24030
-44122 -55684 19634
-44121 57904 41097
-44120 -4354 65837
-44119 75542 49858
-44118 -81429 -35804
-44117 -89138 35673
-44116 64348 85939
-44115 -4579 68653
-44114 39774 66002
-44113 64483 78164
-44112 74377 -7283
-44111 -54705 9939
-44110 -16358 -53672
-44109 -2044 -19286
-44108 -65039 -78734
-44107 -79583 57972
-44106 -3675 46806
-44105 -17830 27311
-44104 -39909 -12914
-44103 -98550 -15022
-44102 -16714 -61159
-44101 -26329 61548
-44100 78919 -34563
-44099 -63062 83664
-44098 -70984 -63573
-44097 -76649 -38549
-44096 -2719 58698
-44095 28986 55346
-44094 -63267 90652
-44093 -84304 -17457
-44092 35362 50166
-44091 -47757 15837
-44090 -36252 78841
-44089 42179 -79720
-44088 -90304 -24959
-44087 -12033 52476
-44086 -78412 -96907
-44085 -82341 -27842
-44084 -54288 -84257
-44083 94590 -98661
-44082 -92014 58820
-44081 -40052 -50321
-44080 -31844 82851
-44079 -84381 -26667
-44078 3840 55149
-44077 -47497 -87122
-44076 52205 -75776
-44075 -56791 -81762
-44074 95947 -15028
-44073 -59892 -41769
-44072 78510 71306
-44071 -39431 -79603
-44070 -57931 -86012
-44069 -22154 -97245
-44068 -74340 8980
-44067 -95377 -61227
-44066 -55211 87436
-44065 52091 -91650
-44064 -67946 52194
-44063 -37737 -86764
-44062 71766 29845
-44061 -63419 -96961
-44060 -95515 64329
-44059 33324 80173
-44058 -95272 -13504
-44057 44191 -72867
-44056 -84905 84311
-44055 -1064 -54523
-44054 -93911 -40009
-44053 -7387 -43018
-44052 95602 97290
-44051 83250 1375
-44050 17786 91261
-44049 -92467 77558
-44048 28880 54149
-44047 47666 -90411
-44046 -55146 -45891
-44045 -88558 75818
-44044 59057 -74568
-44043 -70663 -98353
-44042 -29756 -22439
-44041 64655 -91087
-44040 -8653 78235
-44039 95689 64136
-44038 12267 -26707
-44037 -54501 -80518
-44036 59241 -61346
-44035 2494 61406
-44034 84877 5591
-44033 -24098 -5638
-44032 75529 -61101
-44031 27559 -62807
-44030 37525 1870
-44029 35065 -94377
-44028 -63582 -31169
-44027 -75979 -23965
-44026 -90397 84353
-44025 -25678 -56013
-44024 12926 -59565
-44023 42086 87767
-44022 85622 -58992
-44021 51807 -7362
-44020 72374 -14660
-44019 -66979 -64545
-44018 -40470 -42146
-44017 93585 12940
-44016 58533 -93427
-44015 12457 21405
-44014 64557 52623
-44013 27621 38808
-44012 -62331 41365
-44011 -55662 50514
-44010 77498 -4390
-44009 -42742 5614
-44008 -23285 49880
-44007 -48157 84010
-44006 71718 37301
-44005 26082 -12929
-44004 -44806 52344
-44003 -94741 -66285
-44002 96504 17420
-44001 -28722 97287
-44000 60491 -87495
-43999 87743 27206
-43998 -97130 92922
-43997 -3251 -61916
-43996 -53071 84372
-43995 -57092 69253
-43994 11127 -37709
-43993 -61691 99327
-43992 -85027 -7314
-43991 -57223 96288
-43990 -49894 -88831
-43989 32429 99541
-43988 64521 -61757
-43987 -74130 8095
-43986 11502 84592
-43985 52192 -93547
-43984 -55861 15374
-43983 -60887 68781
-43982 77762 83806
-43981 -4385 -26817
-43980 -48814 43640
-43979 31186 22213
-43978 -95472 -36247
-43977 31928 -39755
-43976 -5061 19354
-43975 -4851 -12910
-43974 -99087 -28237
-43973 -45441 -77062
-43972 -68519 30668
-43971 82129 -52909
-43970 13287 -93822
-43969 64148 -23022
-43968 -53161 46060
-43967 -74388 55665
-43966 -77147 -90375
-43965 -22417 -16504
-43964 -13183 -24211
-43963 -85196 -96858
-43962 -44341 65637
-43961 -65134 -63611
-43960 43247 4424
-43959 -40903 -28207
-43958 70396 -97514
-43957 78400 40957
-43956 -62290 -28506
-43955 -58679 -69065
-43954 71079 -37012
-43953 92178 87451
-43952 28653 -64710
-43951 -54190 -51399
-43950 5590 -54159
-43949 -31195 42889
-43948 -85914 -45393
-43947 -10648 77214
-43946 22116 -2756
-43945 73602 42398
-43944 74300 92788
-43943 30624 -83872
-43942 91031 12259
-43941 66358 -9205
-43940 79792 -53722
-43939 -40129 18009
-43938 66122 88337
-43937 -38477 -46540
-43936 68780 9587
-43935 -52821 -93658
-43934 73088 21393
-43933 60236 -9722
-43932 63419 95488
-43931 -31456 -79508
-43930 24704 -17142
-43929 6604 8626
-43928 -88438 22666
-43927 36512 -26774
-43926 1114 20793
-43925 -15018 28495
-43924 -65254 540
-43923 27494 -58994
-43922 -37376 -70354
-43921 68835 32756
-43920 -10668 -8808
-43919 -14183 -27315
-43918 96620 70544
-43917 -72347 -14373
-43916 33095 -57416
-43915 -16281 -61797
-43914 64096 88324
-43913 -5929 -93216
-43912 -3830 16950
-43911 -37134 -70188
-43910 -88448 -32694
-43909 -42948 34476
-43908 -62606 76669
-43907 -7320 -48740
-43906 -93422 12417
-43905 94392 -6449
-43904 90476 -56319
-43903 -3651 -7381
-43902 -81033 -59283
-43901 -92452 52554
-43900 -63754 39526
-43899 -21505 -46368
-43898 -7944 -75149
-43897 83810 -42900
-43896 87755 41100
-43895 -42817 -46350
-43894 44518 2396
-43893 67384 -96742
-43892 85622 54090
-43891 97447 -44274
-43890 59748 -36037
-43889 -94922 43107
-43888 -65591 79773
-43887 3965 -28329
-43886 -75198 -10937
-43885 -97343 52154
-43884 -18137 91755
-43883 -31927 13807
-43882 -10692 -92907
-43881 -53266 -68364
-43880 68227 -8970
-43879 -99373 68828
-43878 -11900 -1061
-43877 12406 -33876
-43876 71363 -63958
-43875 99696 -69538
-43874 7740 96534
-43873 -6250 41924
-43872 57050 96584
-43871 89381 60089
-43870 83713 -16326
-43869 -76369 -90579
-43868 44819 76943
-43867 51053 -10567
-43866 68639 30763
-43865 -71152 -62087
-43864 -72401 -69290
-43863 55717 42803
-43862 -27413 -81006
-43861 -78738 89714
-43860 -67521 -42105
-43859 -8346 91964
-43858 22708 13602
-43857 -68027 2623
-43856 28676 -57602
-43855 73392 61087
-43854 20084 94225
-43853 31263 -66878
-43852 24276 -26680
-43851 -52404 93803
-43850 82216 -27958
-43849 -83829 15985
-43848 -53416 91070
-43847 -72167 84792
-43846 -70274 -76697
-43845 -37152 -45665
-43844 -44155 12408
-43843 61231 50029
-43842 47835 -27908
-43841 -13593 29153
-43840 -66615 -20035
-43839 -81027 63939
-43838 55266 -6893
-43837 73560 81850
-43836 82806 89330
-43835 -30622 15607
-43834 -2325 -8032
-43833 -95864 77343
-43832 -9665 72307
-43831 42523 -87267
-43830 31507 -48725
-43829 -10820 19676
-43828 17992 -76950
-43827 29415 50350
-43826 -18330 12966
-43825 47416 -83942
-43824 -43858 -69690
-43823 70376 -48730
-43822 -67554 -96275
-43821 27122 18516
-43820 33451 49990
-43819 -89082 -38905
-43818 -91399 59931
-43817 -32421 -55980
-43816 -94215 6818
-43815 -48799 93813
-43814 21570 -51730
-43813 -47912 -5289
-43812 94497 8425
-43811 71607 31352
-43810 -43504 12161
-43809 38031 3335
-43808 13391 -58122
-43807 55399 94884
-43806 42857 91702
-43805 -74914 99803
-43804 85069 -77225
-43803 -45003 -56496
-43802 -5223 87097
-43801 -6842 38749
-43800 -98319 -83974
-43799 69833 -39119
-43798 -13734 83364
-43797 -75794 -28932
-43796 -53735 7977
-43795 -54541 46536
-43794 -27721 -33750
-43793 76903 -37712
-43792 -27502 -48175
-43791 -7034 18533
-43790 -90590 -38035
-43789 95436 -69398
-43788 -29390 -82490
-43787 -54014 77942
-43786 -36495 -42974
-43785 -26109 -83039
-43784 10871 -49374
-43783 -31032 36480
-43782 -38946 76036
-43781 43128 -4467
-43780 43244 15522
-43779 -78080 9616
-43778 6928 -47048
-43777 -97611 -79051
-43776 15141 -8608
-43775 -53018 55134
-43774 44092 709
-43773 -89780 -57999
-43772 67735 12198
-43771 16085 -63701
-43770 74257 -35989
-43769 33791 -81154
-43768 78472 -42178
-43767 -29220 95556
-43766 -20958 -61113
-43765 -89109 -48212
-43764 80155 -55786
-43763 -44162 49491
-43762 -21669 -16158
-43761 -15026 58421
-43760 -700 -21320
-43759 8436 66625
-43758 -22007 69058
-43757 10208 7758
-43756 -82702 -45319
-43755 37049 54080
-43754 -26154 -51369
-43753 33889 29225
-43752 46279 33148
-43751 83592 -21120
-43750 -33909 9792
-43749 45562 -35567
-43748 17798 94093
-43747 -82104 -89016
-43746 -19245 26418
-43745 -19906 44851
-43744 18564 -1218
-43743 20971 -75095
-43742 93167 18075
-43741 62782 -13724
-43740 -87337 35835
-43739 54087 -10626
-43738 -21862 15397
-43737 3677 79487
-43736 -8920 -48190
-43735 80079 -3994
-43734 -9374 12633
-43733 -25073 -25804
-43732 88155 78345
-43731 -84210 85280
-43730 822 -21151
-43729 -65127 -44961
-43728 -46545 -65583
-43727 -30061 29283
-43726 -24935 -92033
-43725 -43758 -87990
-43724 -48604 -44419
-43723 80768 96952
-43722 -63547 97968
-43721 -35304 -34187
-43720 -50449 -4546
-43719 76676 82082
-43718 -71385 -16207
-43717 -71176 -49352
-43716 -88526 42684
-43715 26501 77502
-43714 -51877 12036
-43713 67231 -59989
-43712 -84395 -64070
-43711 68637 48539
-43710 -6463 74479
-43709 -7137 36762
-43708 -78362 -69969
-43707 48848 1122
-43706 -32013 -37387
-43705 -36108 35605
-43704 46371 31456
-43703 37572 86573
-43702 -77554 81204
-43701 -55076 -7937
-43700 38510 -79439
-43699 72163 -30917
-43698 80319 1681
-43697 -6208 40023
-43696 -47877 99283
-43695 -78744 1444
-43694 54121 40967
-43693 -52049 13201
-43692 -9592 -1235
-43691 -94083 25230
-43690 32366 -20577
-43689 -51827 -97578
-43688 84896 -64097
-43687 -25909 73466
-43686 -38826 -54743
-43685 -42195 -53709
-43684 86478 82383
-43683 84165 95453
-43682 -89542 -10699
-43681 -18835 -90995
-43680 57899 -40101
-43679 26435 -13541
-43678 67730 -92306
-43677 -63332 81882
-43676 -90852 -80277
-43675 72745 -87129
-43674 71386 -31224
-43673 -73090 22635
-43672 -35836 37391
-43671 -79176 80817
-43670 -41736 -37541
-43669 33588 70786
-43668 16061 -16851
-43667 -4211 -97182
-43666 -39468 -10703
-43665 -89326 19949
-43664 -81111 -17373
-43663 -40230 -27396
-43662 22485 -91491
-43661 68861 78531
-43660 75126 31820
-43659 -16547 -34892
-43658 -38666 99156
-43657 -68626 -28391
-43656 -57750 6606
-43655 -59686 4333
-43654 57114 20566
-43653 -40813 10945
-43652 -94202 85809
-43651 41655 25691
-43650 25162 37779
-43649 58597 69523
-43648 -18753 -45212
-43647 66690 99392
-43646 67871 -18304
-43645 -45505 51151
-43644 91704 -59930
-43643 -27286 -98504
-43642 95113 38377
-43641 -12032 50003
-43640 -47132 44284
-43639 -31401 42261
-43638 -76019 -28904
-43637 -77122 54634
-43636 49900 30545
-43635 77243 15614
-43634 82316 -46597
-43633 -8908 41853
-43632 92574 -93219
-43631 -42939 -66083
-43630 -64748 -17815
-43629 -96818 26516
-43628 -1635 7413
-43627 67951 -5325
-43626 -13160 785
-43625 59908 -88426
-43624 -63502 -36110
-43623 -52275 -48589
-43622 69213 74425
-43621 48616 15127
-43620 -26969 15852
-43619 -52255 -41115
-43618 -72300 81079
-43617 82718 -48835
-43616 -58540 -33798
-43615 -69507 57975
-43614 1657 -99578
-43613 -17569 7590
-43612 -71364 48684
-43611 -364 -92997
-43610 -28181 -42623
-43609 -49739 -35158
-43608 22955 -12704
-43607 72257 14116
-43606 86166 30121
-43605 -29632 -79867
-43604 52372 -79685
-43603 47709 -5881
-43602 60270 14289
-43601 -38027 95611
-43600 33797 -17219
-43599 -52779 42325
-43598 81051 -23624
-43597 -84499 -24065
-43596 72500 18037
-43595 97915 -13413
-43594 58868 84851
-43593 58980 54400
-43592 5559 73766
-43591 89279 -16629
-43590 47970 -67487
-43589 -87794 98391
-43588 -23995 10884
-43587 5087 78673
-43586 19471 46521
-43585 32564 21222
-43584 -50362 -70558
-43583 68645 -35359
-43582 -11569 63183
-43581 6667 -82189
-43580 -90140 -38131
-43579 -29765 -10800
-43578 8245 -43045
-43577 26777 -13421
-43576 -14714 -1794
-43575 -72724 27
-43574 -19409 -77703
-43573 -91682 -84040
-43572 47809 82763
-43571 6887 1892
-43570 91310 89080
-43569 47803 -70896
-43568 -40890 -51442
-43567 -12803 34715
-43566 -93406 -34282
-43565 12919 -16943
-43564 82176 -58481
-43563 -57720 79129
-43562 -36268 -68762
-43561 -79029 -36021
-43560 -6937 82871
-43559 -87074 -13989
-43558 -13544 -28754
-43557 -3556 35946
-43556 68841 -35953
-43555 43383 -88806
-43554 12476 35580
-43553 -14511 -31467
-43552 -6015 41126
-43551 18728 5175
-43550 -87180 44289
-43549 54655 -45368
-43548 -63075 65598
-43547 -55131 92820
-43546 86751 21822
-43545 -6414 71948
-43544 81384 -28841
-43543 57860 61053
-43542 62697 -98122
-43541 -74441 2307
-43540 -8604 84815
-43539 42299 -39461
-43538 94620 46275
-43537 -4866 27484
-43536 -9494 20148
-43535 -61825 -76221
-43534 -6530 -45064
-43533 74723 60623
-43532 -53102 91281
-43531 12271 99062
-43530 -6279 -75137
-43529 -98199 13680
-43528 50152 -41392
-43527 -94196 37929
-43526 19848 67320
-43525 97233 -36531
-43524 80045 -33562
-43523 -89083 41832
-43522 -63721 -71795
-43521 -58004 88741
-43520 -1122 -48130
-43519 -18913 -78392
-43518 83611 -96837
-43517 -76243 60161
-43516 66310 -30017
-43515 -33288 -92526
-43514 45384 -32160
-43513 -7507 -63990
-43512 -12973 -83611
-43511 -77444 83419
-43510 -49450 41925
-43509 -6680 -64175
-43508 73119 24418
-43507 89680 32169
-43506 35587 74784
-43505 -55331 18303
-43504 -91720 -12764
-43503 75523 -14755
-43502 -36396 20481
-43501 -88995 92973
-43500 4213 -66697
-43499 41035 96080
-43498 61665 54157
-43497 98001 -13991
-43496 36081 62417
-43495 69093 23951
-43494 -62992 -27853
-43493 -36154 11222
-43492 -43047 64630
-43491 -64535 -75928
-43490 27969 -8840
-43489 -31039 -57914
-43488 72097 -39116
-43487 73585 -88588
-43486 9491 -25326
-43485 -91997 -7177
-43484 -6754 51707
-43483 28325 17172
-43482 -39561 58970
-43481 -89260 69731
-43480 17352 -55936
-43479 -81144 94360
-43478 -32863 -7766
-43477 -46893 68655
-43476 -58273 16609
-43475 -12431 52729
-43474 -33445 49523
-43473 10456 21465
-43472 50161 -73837
-43471 49428 63050
-43470 -64416 61799
-43469 -19697 12190
-43468 115 57472
-43467 94498 32331
-43466 -5592 92139
-43465 -89445 -43484
-43464 38116 85803
-43463 -9679 -43206
-43462 97474 85598
-43461 -93805 -91151
-43460 -77019 5078
-43459 -36272 57331
-43458 2004 -44320
-43457 -13728 -83791
-43456 -30683 -87672
-43455 39540 79628
-43454 60809 -26611
-43453 45498 -63471
-43452 -2155 -57438
-43451 -73442 17864
-43450 58172 66267
-43449 -6933 -63686
-43448 17398 -53374
-43447 -14529 -39833
-43446 -59634 58372
-43445 18733 -72426
-43444 25358 -16461
-43443 -17055 11546
-43442 37077 -51964
-43441 -64411 31667
-43440 10506 -27128
-43439 -393 85698
-43438 -13589 7751
-43437 14424 24628
-43436 59834 44213
-43435 97687 -90366
-43434 -74776 -98635
-43433 -54399 94445
-43432 -37855 15957
-43431 86475 45542
-43430 -41213 -61059
-43429 72162 51934
-43428 2455 -12201
-43427 -42324 39244
-43426 47501 -14261
-43425 64059 -59830
-43424 -90306 73321
-43423 1371 66857
-43422 80713 -45831
-43421 -89159 17454
-43420 -29298 -14942
-43419 1734 -54738
-43418 -46941 -19264
-43417 -65768 -26810
-43416 24831 -95503
-43415 -20069 28479
-43414 85223 39175
-43413 -11808 -32092
-43412 -99022 35691
-43411 -43412 -21572
-43410 45794 2203
-43409 86180 -38301
-43408 30883 -77664
-43407 13143 85961
-43406 -76413 -69535
-43405 -42128 -63943
-43404 -28104 -49290
-43403 -21558 -55259
-43402 -89720 -27101
-43401 51435 67777
-43400 19310 -82307
-43399 14080 77519
-43398 22896 90029
-43397 65451 -14059
-43396 -97980 1446
-43395 54120 -35966
-43394 8229 63358
-43393 53137 61489
-43392 69587 21774
-43391 -75374 64490
-43390 -88279 9565
-43389 76674 44818
-43388 -53779 -15745
-43387 5702 -1355
-43386 -43735 -65826
-43385 -17921 57218
-43384 33605 -25094
-43383 59517 3580
-43382 44048 24874
-43381 -90885 86298
-43380 -37525 29318
-43379 51796 78648
-43378 -2775 -3630
-43377 82025 -10195
-43376 70977 91311
-43375 -99903 -33498
-43374 -46224 63553
-43373 -61773 -76634
-43372 -85293 -2073
-43371 -51430 14109
-43370 78527 -56725
-43369 -6027 61228
-43368 -94269 -87155
-43367 31105 -54531
-43366 20442 -76191
-43365 91402 -17778
-43364 79458 78073
-43363 -74853 -89339
-43362 73813 -91104
-43361 -44070 5720
-43360 97179 52795
-43359 -77268 40648
-43358 47225 87783
-43357 -47972 -51230
-43356 3373 -28867
-43355 2434 -15133
-43354 69396 -75588
-43353 70758 -5178
-43352 -42795 89326
-43351 -28968 -20236
-43350 25409 -45307
-43349 -63008 -58217
-43348 91291 99431
-43347 -57097 55055
-43346 48565 98261
-43345 76534 -31796
-43344 25239 52838
-43343 61241 -87921
-43342 -15428 -31775
-43341 -104 -35137
-43340 62472 -46518
-43339 91545 -44760
-43338 -92376 -6304
-43337 2477 38136
-43336 -27628 -90152
-43335 -80252 -55639
-43334 -6292 -30854
-43333 -68184 71475
-43332 -13567 21242
-43331 -41784 14796
-43330 11255 88336
-43329 33324 -46336
-43328 76349 13369
-43327 21441 -86504
-43326 23260 -80307
-43325 27122 -75434
-43324 -594 -50509
-43323 -25305 36687
-43322 86632 5069
-43321 59886 -6082
-43320 -46759 -95072
-43319 -93172 77896
-43318 -76011 80660
-43317 41622 34193
-43316 -39127 -67656
-43315 -84476 95339
-43314 84997 47076
-43313 98460 -53190
-43312 -51330 25702
-43311 49691 48998
-43310 -83719 95910
-43309 25941 -45855
-43308 -22075 -48745
-43307 38483 -5202
-43306 -70617 -52765
-43305 51924 -30562
-43304 -33793 29591
-43303 -66784 -50921
-43302 45837 86285
-43301 3845 32735
-43300 -21325 -74818
-43299 97194 19776
-43298 -12598 -73033
-43297 60806 47993
-43296 13072 -1370
-43295 -15135 -93139
-43294 36671 92217
-43293 28719 86370
-43292 29852 -93168
-43291 -42071 9297
-43290 6184 -31985
-43289 63878 26199
-43288 9247 -80819
-43287 -38507 81018
-43286 -51171 -43724
-43285 -31928 65648
-43284 -48833 -68714
-43283 84493 76795
-43282 91143 -23675
-43281 -99625 49916
-43280 94639 -4338
-43279 20909 -46434
-43278 89219 -52051
-43277 -15318 96978
-43276 -33238 13486
-43275 -62424 -90158
-43274 15530 -68220
-43273 55374 -114
-43272 -23426 86296
-43271 33758 28977
-43270 -40968 98431
-43269 1085 -48481
-43268 -41411 79060
-43267 96261 -51009
-43266 -60858 4102
-43265 85711 13204
-43264 -87326 85652
-43263 707 4393
-43262 -78710 81943
-43261 1668 82020
-43260 29384 -6166
-43259 34652 84437
-43258 20643 7821
-43257 57822 -49627
-43256 47528 -17162
-43255 -51549 -64019
-43254 49710 -27845
-43253 -96096 -38813
-43252 71938 -43668
-43251 -61098 -28014
-43250 58963 -2545
-43249 53171 -44772
-43248 -40535 88541
-43247 40737 83012
-43246 81472 6935
-43245 74497 -27484
-43244 -65509 -11774
-43243 56053 -80335
-43242 27341 67473
-43241 -75968 45183
-43240 67412 56080
-43239 -15158 -43385
-43238 -65295 27896
-43237 753 86795
-43236 52475 26757
-43235 -77627 40420
-43234 -27001 32207
-43233 45311 51511
-43232 -21228 68894
-43231 89958 54460
-43230 -53227 -19211
-43229 61810 24344
-43228 -40864 -1451
-43227 -50075 -13952
-43226 -11966 18763
-43225 39138 62518
-43224 50596 -99878
-43223 55168 98392
-43222 63570 61993
-43221 82023 38551
-43220 60068 12593
-43219 44258 -54635
-43218 -96946 -90514
-43217 -62484 -17812
-43216 57827 62596
-43215 10925 1167
-43214 -91385 65266
-43213 -22408 -93168
-43212 -15565 85164
-43211 -32466 -80667
-43210 52999 95969
-43209 87147 -134
-43208 -79690 7115
-43207 99554 84481
-43206 -12879 70254
-43205 -30553 -73130
-43204 -42413 71709
-43203 38734 36644
-43202 -729 -65706
-43201 57577 56144
-43200 -25799 29961
-43199 -93078 -34536
-43198 -80608 -20495
-43197 12928 37967
-43196 -10638 1813
-43195 -58262 66009
-43194 8603 62704
-43193 -56907 -82128
-43192 17929 -49686
-43191 -8359 -1210
-43190 -63385 -11202
-43189 79402 -51895
-43188 96945 27462
-43187 -94115 60043
-43186 84486 46453
-43185 -61583 -30700
-43184 -87443 56380
-43183 7470 14580
-43182 -14383 -71413
-43181 -67539 -25211
-43180 -13349 -20288
-43179 51545 -94702
-43178 -90197 32871
-43177 -43760 -72709
-43176 -67705 -437
-43175 -41225 15156
-43174 33536 51044
-43173 -4669 28851
-43172 15397 -38901
-43171 82964 -62242
-43170 3670 -33891
-43169 90621 33324
-43168 40106 -97271
-43167 -56021 -86549
-43166 -26040 -15914
-43165 91637 50142
-43164 32612 -29188
-43163 46318 86625
-43162 -9834 -80896
-43161 -89550 13194
-43160 -1977 26017
-43159 61847 -68958
-43158 -10506 -89052
-43157 56000 -48173
-43156 69091 -47569
-43155 30109 -99861
-43154 -52916 32782
-43153 36883 -57632
-43152 32844 32221
-43151 -98940 -39396
-43150 -14879 42037
-43149 -35719 -49909
-43148 -75181 61820
-43147 -10471 -46685
-43146 43224 -5156
-43145 -66648 -96045
-43144 55744 -56575
-43143 96023 -94771
-43142 80179 -91547
-43141 78145 4709
-43140 -75311 -34705
-43139 -14477 39650
-43138 95859 -45465
-43137 -6633 -88375
-43136 -25750 -95619
-43135 82557 49753
-43134 -88376 43753
-43133 4101 -12428
-43132 -29064 49674
-43131 78336 -57395
-43130 32030 12397
-43129 -38052 97030
-43128 -98214 -99580
-43127 -4323 -59233
-43126 -31430 20875
-43125 10601 -32977
-43124 -34970 29780
-43123 32057 -43416
-43122 -60766 -87602
-43121 12336 -36872
-43120 74176 -62755
-43119 25216 -51042
-43118 39834 73564
-43117 -80098 -90033
-43116 -17260 -56371
-43115 22987 -33790
-43114 -37601 -17722
-43113 94443 36450
-43112 -23868 -3840
-43111 -44696 -27280
-43110 36109 47449
-43109 -40958 -22693
-43108 50838 -57869
-43107 -49413 -25013
-43106 92939 -12285
-43105 59392 -90375
-43104 -22484 8906
-43103 -7501 -10620
-43102 -75578 -65378
-43101 -31468 56752
-43100 15112 -41479
-43099 -30 36164
-43098 -59770 -91925
-43097 -76537 71296
-43096 -57242 12890
-43095 45200 -72253
-43094 78724 396
-43093 15575 4202
-43092 96313 -70484
-43091 11649 98548
-43090 -47919 -27441
-43089 -55856 18290
-43088 83413 33454
-43087 47652 -936
-43086 10723 -64594
-43085 5354 -13460
-43084 -16750 54902
-43083 43069 -21120
-43082 86469 63260
-43081 -45194 54888
-43080 -76837 -8131
-43079 24821 -88658
-43078 -89670 83374
-43077 -86975 -37244
-43076 58029 86391
-43075 -45305 -95355
-43074 49228 -83373
-43073 -84479 -28535
-43072 8642 -69842
-43071 91806 83935
-43070 -91568 89320
-43069 -24797 -55264
-43068 78180 -41518
-43067 48529 3089
-43066 4287 -23172
-43065 10136 -26843
-43064 -49034 -53087
-43063 -18904 12964
-43062 -29232 51938
-43061 -37136 -53838
-43060 -671 30790
-43059 -87107 84545
-43058 19152 59441
-43057 93615 20058
-43056 11995 39720
-43055 -52180 -33497
-43054 -34233 -38873
-43053 -95626 70890
-43052 15509 14746
-43051 95347 46774
-43050 2658 94981
-43049 99641 -36371
-43048 -60473 -58727
-43047 41095 -88435
-43046 95303 -29411
-43045 31308 -46721
-43044 31012 23059
-43043 -91571 30636
-43042 -24790 24039
-43041 44822 -26482
-43040 41436 -20600
-43039 71631 89712
-43038 99808 -15708
-43037 -38500 -16409
-43036 -63166 -97502
-43035 -67271 -76573
-43034 19954 37507
-43033 70993 -52660
-43032 -96720 63981
-43031 -4582 78196
-43030 -67143 37796
-43029 -86597 16546
-43028 -96092 7889
-43027 72700 56136
-43026 3988 56999
-43025 -38346 74405
-43024 56833 -35642
-43023 42791 -78860
-43022 92710 85006
-43021 -94948 -71047
-43020 3546 46878
-43019 -75427 38946
-43018 -38252 52341
-43017 -44941 24163
-43016 -79373 13897
-43015 -45158 51328
-43014 46990 24272
-43013 10107 12118
-43012 -86856 50338
-43011 29920 -75973
-43010 83202 75191
-43009 -71218 38358
-43008 71499 49593
-43007 -42620 -21308
-43006 22458 -2223
-43005 34477 68895
-43004 -94108 -6394
-43003 -86436 -66041
-43002 -50224 -68859
-43001 -63729 -40887
-43000 -20269 34001
-42999 -44205 15315
-42998 -18392 75809
-42997 16037 -68595
-42996 -63815 63630
-42995 34353 99921
-42994 69738 47609
-42993 18185 -59195
-42992 67617 39982
-42991 -17231 40586
-42990 97309 -65742
-42989 25050 54733
-42988 53616 80269
-42987 17090 -17207
-42986 7766 -685
-42985 -76466 -17307
-42984 40790 -69320
-42983 78720 77220
-42982 -58789 -32764
-42981 85455 -55414
-42980 -13616 69408
-42979 62964 -54174
-42978 -18781 44154
-42977 23541 -3825
-42976 -49763 56915
-42975 -69782 -67480
-42974 -73691 -88507
-42973 71066 76937
-42972 -24557 -68886
-42971 34842 76628
-42970 87919 41567
-42969 76406 4457
-42968 -29942 87823
-42967 -70101 -82643
-42966 21758 -4482
-42965 -97708 80393
-42964 -21752 -21195
-42963 22913 379
-42962 99943 43693
-42961 66473 -20116
-42960 -29124 14185
-42959 82130 -69299
-42958 10057 -62291
-42957 -97077 82635
-42956 7667 46099
-42955 89477 63763
-42954 -13579 77045
-42953 -17506 1168
-42952 -4515 -45858
-42951 -74192 -92906
-42950 70719 85250
-42949 93168 85539
-42948 -92194 6345
-42947 23517 47440
-42946 59930 -99417
-42945 -54475 67875
-42944 88330 -81401
-42943 -90600 -47087
-42942 -79977 86232
-42941 31 -37181
-42940 81063 48126
-42939 56374 35412
-42938 55303 36196
-42937 50936 24956
-42936 -22491 41782
-42935 -16849 68017
-42934 30410 -36749
-42933 18827 29109
-42932 -1867 -30639
-42931 85145 39175
-42930 -52724 79847
-42929 -88031 27096
-42928 -61674 88716
-42927 -21794 -10058
-42926 -93201 -661
-42925 16733 22948
-42924 2576 -8538
-42923 -48736 38410
-42922 -86352 -52008
-42921 68479 94898
-42920 43749 -90391
-42919 -58544 17579
-42918 -36262 -57484
-42917 -98597 -56501
-42916 -52967 76749
-42915 17626 86735
-42914 39607 -14730
-42913 -28666 9191
-42912 59029 40207
-42911 85081 -90824
-42910 -98912 56270
-42909 55811 -37467
-42908 -81775 66026
-42907 -48599 13951
-42906 32723 54863
-42905 -84511 -52879
-42904 23703 73664
-42903 82907 39487
-42902 6996 -22717
-42901 -59395 -32885
-42900 19892 45450
-42899 83819 -25770
-42898 -42568 -31779
-42897 66618 32171
-42896 70904 -34127
-42895 62194 -7686
-42894 60985 76966
-42893 19432 -74034
-42892 73201 74132
-42891 -14676 -70841
-42890 23552 -2444
-42889 52100 55569
-42888 -70433 -65962
-42887 16434 -98415
-42886 -82025 93082
-42885 31565 -23529
-42884 31218 -37013
-42883 68614 -44098
-42882 -94760 -78798
-42881 17954 53185
-42880 72716 91802
-42879 43786 -85229
-42878 -58329 42633
-42877 -63467 -4993
-42876 -18239 6751
-42875 -67254 -28552
-42874 -47456 -14692
-42873 -95101 45745
-42872 -61912 55731
-42871 2883 9920
-42870 -78274 -66460
-42869 7142 -67954
-42868 36727 -45403
-42867 61071 -24937
-42866 -57500 -70377
-42865 28971 -83578
-42864 -62581 40105
-42863 -25421 3236
-42862 35375 72107
-42861 -19709 -36875
-42860 12672 -94755
-42859 -34762 6817
-42858 -76446 42634
-42857 67081 74658
-42856 -52728 29913
-42855 64939 9527
-42854 46858 63139
-42853 31708 68891
-42852 60700 -68784
-42851 14193 -19444
-42850 27156 -97412
-42849 93147 -47411
-42848 -11742 63339
-42847 14961 -27342
-42846 58390 -42299
-42845 -30462 -85576
-42844 15095 -66123
-42843 6507 59161
-42842 -48683 99350
-42841 14052 21920
-42840 13055 -10290
-42839 23508 27197
-42838 -21161 16461
-42837 -22868 -87773
-42836 16119 37228
-42835 -88488 -91184
-42834 -36511 -98797
-42833 -50068 -39875
-42832 -98375 -13242
-42831 9802 33001
-42830 61398 55409
-42829 38534 29725
-42828 -8305 98489
-42827 -30308 -86326
-42826 20484 6257
-42825 84121 -57116
-42824 -53950 -40073
-42823 83546 71166
-42822 -58995 -92994
-42821 -23410 -9053
-42820 57483 29301
-42819 33823 -33788
-42818 64126 -19985
-42817 24616 17442
-42816 30010 -24577
-42815 -66652 82158
-42814 72142 -47921
-42813 64586 56590
-42812 -4598 34215
-42811 -42349 -74220
-42810 53887 -91658
-42809 -70842 -43050
-42808 -40923 -30520
-42807 -10747 18717
-42806 36991 33746
-42805 -40893 -11044
-42804 -68713 -21467
-42803 -50322 -28518
-42802 14197 63063
-42801 -3852 46736
-42800 44673 -59789
-42799 -12073 43567
-42798 -66088 -47154
-42797 -58764 55051
-42796 80494 31839
-42795 -87615 -82798
-42794 -36870 -12818
-42793 11787 81501
-42792 -27214 34065
-42791 -79930 50790
-42790 -91817 61167
-42789 18515 -18341
-42788 -47679 86331
-42787 85742 -73313
-42786 92141 -79645
-42785 69322 83081
-42784 -1594 65274
-42783 -90966 -65473
-42782 -46433 -17390
-42781 -67376 77751
-42780 7645 25414
-42779 43184 86156
-42778 -206 32655
-42777 -21248 59067
-42776 93358 -27886
-42775 -67022 96371
-42774 66766 28764
-42773 -91320 -40883
-42772 94605 -52043
-42771 46660 -11602
-42770 -3629 -66412
-42769 46088 -83031
-42768 59155 -40521
-42767 -70431 30761
-42766 -57433 -59716
-42765 14708 25198
-42764 26215 -90363
-42763 93451 7079
-42762 48364 -30978
-42761 -24869 72865
-42760 -82622 -38602
-42759 41915 21943
-42758 13091 -82717
-42757 12962 -80820
-42756 -70104 40459
-42755 87006 -90284
-42754 -61434 25288
-42753 71859 41980
-42752 67858 -68162
-42751 -18544 90711
-42750 -45402 -55303
-42749 96546 78315
-42748 -65115 39852
-42747 99359 22484
-42746 -68021 40414
-42745 66793 82936
-42744 -22952 -14944
-42743 -51855 43639
-42742 -98272 1113
-42741 -51008 2813
-42740 65388 59584
-42739 -56597 -89503
-42738 -69808 -63790
-42737 71319 48782
-42736 26709 -9825
-42735 19013 89121
-42734 85955 -9253
-42733 -11 -14688
-42732 90473 64934
-42731 62718 -50098
-42730 42966 51986
-42729 40103 42717
-42728 -98237 73520
-42727 53690 85578
-42726 -44249 -80982
-42725 34581 -60886
-42724 70651 33471
-42723 -27640 -28191
-42722 -57666 29139
-42721 -43623 22855
-42720 -15623 637
-42719 -52101 43526
-42718 85052 36180
-42717 -21575 -52384
-42716 13019 -63959
-42715 13354 9491
-42714 22625 -13355
-42713 -1217 41443
-42712 98879 26762
-42711 89626 49125
-42710 66539 -6055
-42709 16520 -87942
-42708 -87312 37463
-42707 77378 811
-42706 28981 88332
-42705 63355 52910
-42704 89586 -97835
-42703 -1657 -52897
-42702 -16458 63584
-42701 -15522 72287
-42700 -42460 44512
-42699 92464 -30270
-42698 -35695 32628
-42697 84639 20820
-42696 70463 -16459
-42695 34519 84334
-42694 -44823 -23157
-42693 75095 -23973
-42692 10397 48120
-42691 44703 36255
-42690 -79946 64633
-42689 82265 26592
-42688 31280 12273
-42687 -98840 -71075
-42686 -40463 -56757
-42685 30782 48581
-42684 12637 48686
-42683 84190 -63425
-42682 -56516 -19128
-42681 843 91972
-42680 33897 22043
-42679 68170 -14743
-42678 17559 -54640
-42677 -34022 26613
-42676 74829 53340
-42675 -18988 53774
-42674 -52412 -45054
-42673 56081 50118
-42672 -84341 34798
-42671 -93007 -38871
-42670 -56297 34238
-42669 29657 97686
-42668 -26672 -26404
-42667 89325 91120
-42666 -72429 -9753
-42665 43668 -30161
-42664 -90474 -89552
-42663 74903 -75526
-42662 -52253 94266
-42661 -92068 30447
-42660 66104 1133
-42659 92148 20062
-42658 -13930 11745
-42657 -12698 -19112
-42656 -777 76483
-42655 -52555 -52756
-42654 9055 58069
-42653 37373 -81937
-42652 81445 44330
-42651 -6376 46766
-42650 -21811 93156
-42649 -45680 89367
-42648 18286 96398
-42647 -5085 -74438
-42646 -56599 80167
-42645 -9538 55701
-42644 -98758 28877
-42643 -39574 -70811
-42642 19024 28480
-42641 65029 94092
-42640 -10664 20720
-42639 56431 -55229
-42638 91564 -92084
-42637 -95111 54425
-42636 71305 -90524
-42635 -56588 81143
-42634 82115 22910
-42633 -43480 -16342
-42632 -50153 72090
-42631 -54123 52424
-42630 25859 -95835
-42629 56948 -79243
-42628 72364 92512
-42627 -1788 91112
-42626 39658 -51363
-42625 23723 36126
-42624 85792 8940
-42623 -46208 87128
-42622 28573 -69539
-42621 76397 56901
-42620 42491 55971
-42619 -4749 -39086
-42618 -37029 -11319
-42617 -20257 96874
-42616 98880 -11688
-42615 47494 84269
-42614 54161 -74203
-42613 -17368 -25604
-42612 37629 49527
-42611 -68829 -70377
-42610 -69026 -87406
-42609 9504 -11337
-42608 -35172 91202
-42607 -34581 -2323
-42606 -26811 -42206
-42605 -24437 -24198
-42604 75817 -34605
-42603 -39119 53930
-42602 -14197 -9641
-42601 40012 26554
-42600 76902 -32248
-42599 -83568 -29753
-42598 5216 -82455
-42597 -20967 40963
-42596 -12611 -83610
-42595 15332 6999
-42594 65329 86242
-42593 -87922 -77437
-42592 92172 -12571
-42591 -3800 38970
-42590 55519 79587
-42589 -55953 9705
-42588 41411 -16305
-42587 -65561 -48843
-42586 -73386 -69007
-42585 -40918 -38738
-42584 -76376 -86775
-42583 88323 43782
-42582 64941 99710
-42581 -85156 13850
-42580 48401 398
-42579 -47105 35175
-42578 18065 2640
-42577 83450 97015
-42576 -81709 -17796
-42575 22039 68704
-42574 42223 53508
-42573 -21186 -63346
-42572 -10264 -38133
-42571 -51234 14368
-42570 82529 -44154
-42569 -90355 88991
-42568 27525 21240
-42567 -52921 34029
-42566 58420 -78184
-42565 -93072 -71726
-42564 -60605 19394
-42563 -57531 -48906
-42562 -1663 44777
-42561 -17145 -74777
-42560 -56188 61686
-42559 1544 -32874
-42558 -1333 14947
-42557 -18969 -75279
-42556 -93824 73609
-42555 -45149 -58035
-42554 -68253 11836
-42553 -81714 75853
-42552 40278 48085
-42551 -70913 -99938
-42550 22981 32363
-42549 76230 43334
-42548 -14345 23357
-42547 45530 -83058
-42546 21101 71684
-42545 -6678 30058
-42544 -57630 -7193
-42543 -39747 -87973
-42542 -95239 21013
-42541 70126 -26512
-42540 22953 -58953
-42539 -24976 39681
-42538 3993 11461
-42537 -26045 -30727
-42536 -48870 74606
-42535 -29335 -51379
-42534 74684 99824
-42533 66587 3458
-42532 77902 99494
-42531 14154 16429
-42530 62532 -60538
-42529 63673 -41684
-42528 -56726 -83023
-42527 20871 -50400
-42526 74887 -75573
-42525 69056 75971
-42524 -87363 33907
-42523 79391 -52981
-42522 -33441 47861
-42521 -53708 28596
-42520 8371 -82349
-42519 -93174 32047
-42518 -96272 90521
-42517 -18609 -78928
-42516 46602 23612
-42515 -7793 -35406
-42514 -2521 -57714
-42513 -77495 -46794
-42512 69763 34853
-42511 82488 88942
-42510 96826 64960
-42509 35814 70265
-42508 -76651 -35603
-42507 92716 22731
-42506 59272 14820
-42505 -87093 652
-42504 91302 -29869
-42503 21805 -29400
-42502 28765 21858
-42501 -1366 48861
-42500 -79624 -93974
-42499 -82783 -55417
-42498 73979 59126
-42497 28472 59793
-42496 -61725 34255
-42495 -15184 -73293
-42494 87348 -94613
-42493 -25656 93891
-42492 41507 48088
-42491 60516 57419
-42490 61284 -64406
-42489 -35661 91237
-42488 -149 18143
-42487 84584 -47248
-42486 99112 -43877
-42485 62654 19524
-42484 85474 20483
-42483 80751 93528
-42482 8662 30922
-42481 -49865 69199
-42480 -28969 93047
-42479 46708 -35266
-42478 91896 -45995
-42477 -37633 81347
-42476 -50520 -21534
-42475 -37485 57978
-42474 28573 67935
-42473 72251 -56196
-42472 61805 30096
-42471 -74630 -41098
-42470 24077 54959
-42469 74863 53752
-42468 -5075 38241
-42467 -24340 -85677
-42466 -78754 28159
-42465 -48018 99723
-42464 -3695 -32763
-42463 -67360 99594
-42462 29298 4175
-42461 -77055 -28643
-42460 -38772 85210
-42459 -36647 -13469
-42458 37499 31229
-42457 -84276 39078
-42456 -39016 2568
-42455 91054 -27614
-42454 57662 13840
-42453 -98642 31745
-42452 -77251 45474
-42451 26318 46811
-42450 22893 55964
-42449 24058 90205
-42448 -5705 -62996
-42447 -71607 18271
-42446 38925 -70911
-42445 15723 15311
-42444 -9909 27490
-42443 -10755 29765
-42442 46130 22283
-42441 -25019 96004
-42440 31922 -48902
-42439 61582 47824
-42438 57772 44631
-42437 -64242 -32952
-42436 54807 30642
-42435 70277 46112
-42434 -19009 -46717
-42433 38143 -77744
-42432 56187 68329
-42431 -7251 87702
-42430 -49671 -22021
-42429 -2914 32120
-42428 -38944 45129
-42427 67317 -19753
-42426 20262 62896
-42425 -80152 48966
-42424 -83486 -16507
-42423 -77637 56764
-42422 70150 29922
-42421 26939 -73481
-42420 6621 -7013
-42419 -49342 -50187
-42418 -98049 -56515
-42417 -15246 -61406
-42416 47526 7298
-42415 46006 -76573
-42414 33253 96093
-42413 -37528 -34477
-42412 -62876 -8010
-42411 -10363 -13883
-42410 -77347 59011
-42409 6143 99715
-42408 44324 23819
-42407 -46719 39820
-42406 -52351 -73408
-42405 -86171 16395
-42404 -24788 89418
-42403 -14837 -36061
-42402 -66374 88141
-42401 -84335 93678
-42400 -33315 64608
-42399 -1615 42979
-42398 50001 -14033
-42397 -16379 -2976
-42396 4480 -40436
-42395 -23147 45135
-42394 97363 -5674
-42393 -3748 -37090
-42392 33615 26481
-42391 -3741 -14764
-42390 80927 4638
-42389 -57562 12175
-42388 -43181 -23719
-42387 -50414 88384
-42386 33491 -14435
-42385 78244 91559
-42384 9750 99731
-42383 39664 -31912
-42382 -28826 44972
-42381 20717 -92386
-42380 3605 -9854
-42379 -39377 75388
-42378 -61123 -498
-42377 -34992 69011
-42376 28699 -32875
-42375 -34978 -62876
-42374 -33817 -19795
-42373 84516 58612
-42372 -47015 39991
-42371 5773 49712
-42370 5197 85683
-42369 -65655 -52849
-42368 61996 -39039
-42367 -53067 -65923
-42366 48069 -35689
-42365 -61729 -28930
-42364 81675 -6291
-42363 -1281 327
-42362 566 34471
-42361 69789 -89761
-42360 37252 86716
-42359 62621 -37993
-42358 -15912 -78246
-42357 -19934 29024
-42356 -53134 53153
-42355 52843 55237
-42354 -78634 -7891
-42353 27758 52685
-42352 56071 -42696
-42351 46756 28514
-42350 -7172 -7481
-42349 6886 -72373
-42348 22372 -80271
-42347 -82564 -89693
-42346 82442 -92629
-42345 82764 -65312
-42344 9844 10532
-42343 -17825 45595
-42342 -89482 -24631
-42341 72953 21542
-42340 -95137 44165
-42339 37297 13482
-42338 -15739 14370
-42337 29306 20216
-42336 -48521 17359
-42335 72157 24799
-42334 87859 -55231
-42333 -98601 70852
-42332 53064 33499
-42331 -46564 -17761
-42330 83785 -62861
-42329 -11161 40079
-42328 8576 -44441
-42327 59297 35214
-42326 -69147 80604
-42325 72623 -61541
-42324 36729 14087
-42323 90103 16397
-42322 -42485 -21037
-42321 -91838 -1545
-42320 -41986 -59850
-42319 -5941 89537
-42318 -57252 -23656
-42317 -71742 -29740
-42316 85115 -28647
-42315 -52897 98232
-42314 -30518 -81865
-42313 -67549 -30159
-42312 14847 -89283
-42311 91235 -20249
-42310 -3993 -93178
-42309 2858 78544
-42308 86043 -43342
-42307 -13461 -45107
-42306 -51636 37863
-42305 -66816 -5155
-42304 -74400 59597
-42303 -82305 -5337
-42302 -83246 -83249
-42301 55775 10645
-42300 32119 3120
-42299 43085 -11390
-42298 7051 33950
-42297 -68793 -97367
-42296 -51199 -1851
-42295 -67673 7409
-42294 -31551 62901
-42293 21896 34455
-42292 -43208 18270
-42291 76164 88222
-42290 70051 316
-42289 -91398 -68351
-42288 57068 64004
-42287 10887 -65019
-42286 -28098 56566
-42285 -34678 70883
-42284 -37999 25372
-42283 -75407 -494
-42282 -64360 23231
-42281 14036 -67324
-42280 84284 51370
-42279 83694 34062
-42278 -65581 54079
-42277 80823 81097
-42276 32200 -72143
-42275 866 81811
-42274 51306 58295
-42273 86714 -11134
-42272 97325 5372
-42271 -93880 -86282
-42270 2787 74992
-42269 -77618 73997
-42268 -46445 -80070
-42267 -70140 30437
-42266 -45034 -94964
-42265 96750 -78440
-42264 -18922 -78916
-42263 91170 88291
-42262 21684 -75254
-42261 5978 -54267
-42260 -21216 1906
-42259 17999 -44927
-42258 -60476 -15658
-42257 24331 31355
-42256 -33586 71310
-42255 -96980 -79513
-42254 -89061 -47099
-42253 -74372 46408
-42252 87517 35179
-42251 -55426 49099
-42250 65166 67850
-42249 -78782 52258
-42248 -85928 -62371
-42247 -14318 -39790
-42246 -63805 97026
-42245 54181 79900
-42244 -96205 -37604
-42243 -85475 -5584
-42242 -58105 83093
-42241 39876 -32865
-42240 98271 -57351
-42239 -80324 57122
-42238 -58791 35972
-42237 54461 -93186
-42236 52625 86585
-42235 74950 87643
-42234 -25893 -49606
-42233 -16758 -51369
-42232 -86474 89229
-42231 22788 -60362
-42230 -51835 -1657
-42229 -50543 33910
-42228 -41991 -76495
-42227 11324 33235
-42226 -56098 19078
-42225 -71784 69197
-42224 7126 35665
-42223 7455 -3728
-42222 -12033 71134
-42221 -24605 23292
-42220 5754 85735
-42219 -13756 -83658
-42218 52106 -17924
-42217 -53964 -67364
-42216 24244 -58168
-42215 65737 -15018
-42214 91505 -57244
-42213 99981 89058
-42212 -77294 -66157
-42211 11603 32031
-42210 -64554 -12111
-42209 -39852 39391
-42208 -39569 -50978
-42207 -20585 -43454
-42206 -77776 1228
-42205 -9705 -96953
-42204 -50264 -92664
-42203 98598 -71275
-42202 46169 -7434
-42201 -68496 -81141
-42200 -23191 60282
-42199 -17613 10170
-42198 60602 -86289
-42197 96951 -92382
-42196 43639 90998
-42195 87751 90611
-42194 35077 89740
-42193 21587 89233
-42192 38623 -80291
-42191 -22188 57994
-42190 5613 85547
-42189 -8308 52045
-42188 17449 23750
-42187 69662 67828
-42186 36171 -59891
-42185 15913 -55623
-42184 -92128 -48115
-42183 35076 50219
-42182 17375 7486
-42181 -45358 59612
-42180 -80475 -42076
-42179 -10731 -88186
-42178 40340 96366
-42177 71891 -60349
-42176 -37107 8594
-42175 97658 14555
-42174 37755 95888
-42173 22038 18199
-42172 -55755 -76688
-42171 -98787 84855
-42170 -36064 49486
-42169 83157 -69362
-42168 70731 63075
-42167 -20459 39795
-42166 -1660 -68136
-42165 42950 -38043
-42164 15899 -36044
-42163 -45562 94216
-42162 40890 -48939
-42161 55644 -2554
-42160 -7889 83298
-42159 56086 61813
-42158 -90675 -14119
-42157 32587 14110
-42156 46426 -75379
-42155 62969 22633
-42154 85920 10311
-42153 15541 -44507
-42152 -82844 -51479
-42151 332 -66368
-42150 -11717 -66338
-42149 -36501 32358
-42148 86301 28816
-42147 -65655 -27698
-42146 95414 93338
-42145 81217 76476
-42144 -83133 30334
-42143 -95918 -34054
-42142 70510 27608
-42141 52616 -11527
-42140 -60061 -50529
-42139 -81911 52130
-42138 -28726 -74390
-42137 -70225 12223
-42136 -31574 -55690
-42135 92380 -27645
-42134 74710 -28136
-42133 30676 39512
-42132 15786 -29010
-42131 78340 -61347
-42130 30830 -43423
-42129 -58368 36925
-42128 -70609 16454
-42127 -14953 -67870
-42126 71046 -67247
-42125 64430 50102
-42124 -43739 -19948
-42123 72256 59789
-42122 -3872 75244
-42121 45705 -11863
-42120 19721 -87981
-42119 73877 -71495
-42118 -58757 -34577
-42117 -21737 34637
-42116 -89378 7792
-42115 -49415 -89189
-42114 -98702 -65193
-42113 18374 75830
-42112 -37300 82935
-42111 -76918 -63820
-42110 -75750 83317
-42109 62319 -21208
-42108 -24104 -98640
-42107 94892 16306
-42106 4786 90074
-42105 -2774 -7290
-42104 83877 26403
-42103 -20167 75473
-42102 53171 -75474
-42101 37923 -41325
-42100 -58737 2296
-42099 64182 -89437
-42098 82779 -51443
-42097 -8979 -14179
-42096 25997 -63132
-42095 -61443 34077
-42094 34797 -78848
-42093 -34195 -90987
-42092 29293 -73859
-42091 71207 -88000
-42090 69975 -89297
-42089 -37112 -14427
-42088 71759 75655
-42087 48460 24860
-42086 -65206 -38643
-42085 -26713 24810
-42084 71631 53096
-42083 -60437 7755
-42082 29331 43403
-42081 -39557 -8822
-42080 -23332 13272
-42079 5408 -59282
-42078 -22170 -19261
-42077 95103 -58076
-42076 60381 59014
-42075 14622 -6893
-42074 -8429 -86984
-42073 50111 63295
-42072 -58738 -32337
-42071 -42350 42053
-42070 -91724 -45566
-42069 -89847 39114
-42068 -83164 -2122
-42067 -57560 49885
-42066 -33003 -99122
-42065 58315 99904
-42064 13282 76948
-42063 -97993 61538
-42062 65961 -86889
-42061 -44063 89733
-42060 -32318 -94994
-42059 89407 1393
-42058 32733 71324
-42057 47087 -69162
-42056 52370 -86361
-42055 42903 59803
-42054 -44059 40308
-42053 -57048 29463
-42052 -1220 12191
-42051 -37696 -80348
-42050 53212 -32124
-42049 -99210 -18114
-42048 -69555 76312
-42047 13759 7432
-42046 43750 -62800
-42045 28916 79095
-42044 87909 25464
-42043 -85235 16983
-42042 -62937 67337
-42041 74193 1441
-42040 11334 -65416
-42039 67337 13684
-42038 -34048 -26645
-42037 -56333 26494
-42036 -2375 -39491
-42035 -32524 -7353
-42034 85266 -22236
-42033 -36190 -98465
-42032 96803 25920
-42031 -48859 85058
-42030 -10312 58327
-42029 -45825 -34438
-42028 67395 -26951
-42027 3625 15076
-42026 -84175 -54730
-42025 5701 57100
-42024 99406 79986
-42023 33410 42138
-42022 41235 -74374
-42021 22846 -31687
-42020 35958 -14207
-42019 -61709 4032
-42018 -55535 -67770
-42017 -90863 58004
-42016 56283 -95166
-42015 43828 -21266
-42014 16354 32875
-42013 76143 -63570
-42012 -88675 9113
-42011 -5890 -11428
-42010 -25179 35874
-42009 12516 -1980
-42008 22140 8954
-42007 -77237 -83457
-42006 -34318 16899
-42005 48443 15081
-42004 -99311 -32224
-42003 73904 -89346
-42002 -79445 13020
-42001 50777 3723
-42000 86608 -50806
-41999 53972 -40850
-41998 -89473 3429
-41997 35403 -85373
-41996 98009 -3437
-41995 93140 -14663
-41994 20027 67512
-41993 26119 1045
-41992 15270 -67833
-41991 12236 -29589
-41990 2071 56270
-41989 -75982 3086
-41988 49346 -79426
-41987 -73599 -62650
-41986 57310 17314
-41985 -44914 -82830
-41984 69804 46619
-41983 43382 67828
-41982 72295 -29052
-41981 84231 26684
-41980 -91047 90198
-41979 20460 -23611
-41978 -85921 -66301
-41977 76715 75067
-41976 -17201 66439
-41975 12528 13660
-41974 14127 38032
-41973 -39263 -19745
-41972 11411 59993
-41971 -26902 -62142
-41970 54905 -22865
-41969 3530 -6806
-41968 -56689 -75040
-41967 3184 51092
-41966 22740 64361
-41965 77734 94674
-41964 -66911 -26275
-41963 78203 75845
-41962 66893 -24320
-41961 -52514 -65493
-41960 -27440 90593
-41959 -94872 -13713
-41958 -48246 91697
-41957 -91462 97541
-41956 86286 -44921
-41955 9614 -33773
-41954 40938 65636
-41953 -56084 -38114
-41952 -19137 -62701
-41951 -74144 11384
-41950 36697 -96427
-41949 95559 -43072
-41948 89261 -74109
-41947 96555 -24701
-41946 24319 -77597
-41945 34637 66333
-41944 -66494 97016
-41943 33712 2685
-41942 69068 83007
-41941 68406 -85293
-41940 49351 20854
-41939 -29278 -54510
-41938 -98232 98892
-41937 16346 -53869
-41936 80211 73706
-41935 -51672 -13861
-41934 39395 50009
-41933 -96383 29236
-41932 -67201 -29053
-41931 40671 48585
-41930 55403 -24646
-41929 65462 84351
-41928 -74270 70874
-41927 36201 -35952
-41926 17270 -89329
-41925 -68681 -45701
-41924 47977 -41296
-41923 -46903 -66812
-41922 -32450 19531
-41921 -15400 -75287
-41920 71679 52132
-41919 4030 -4545
-41918 70171 -34260
-41917 -94259 -70702
-41916 -19233 -61751
-41915 -62188 19263
-41914 -9966 96715
-41913 -67454 -99510
-41912 -32800 -51679
-41911 65832 6235
-41910 62947 -7752
-41909 39784 69948
-41908 -83321 -52553
-41907 -48127 -40097
-41906 26579 -50543
-41905 -19125 -90731
-41904 -3639 60799
-41903 -52686 88340
-41902 -82381 76186
-41901 -7521 68634
-41900 14610 -22027
-41899 -13754 -95189
-41898 48227 -21954
-41897 57563 68657
-41896 8380 -55673
-41895 -1355 -14607
-41894 72279 -76575
-41893 -25287 -5450
-41892 -69432 92539
-41891 259 96858
-41890 32870 -31063
-41889 60440 22509
-41888 93677 -5523
-41887 -63074 -33428
-41886 -43229 -92503
-41885 -54996 93060
-41884 -17990 -74612
-41883 -63667 38176
-41882 472 -65287
-41881 -78865 41496
-41880 73343 -37024
-41879 -38421 27099
-41878 23840 21619
-41877 62551 73436
-41876 55501 -97036
-41875 52756 90325
-41874 -60098 -8554
-41873 65157 -45240
-41872 48545 -77651
-41871 74624 58221
-41870 61015 -68046
-41869 5062 49167
-41868 26244 -24399
-41867 -50156 21607
-41866 22582 86724
-41865 69619 69563
-41864 48138 -27537
-41863 58662 78445
-41862 -95733 -16178
-41861 22296 65210
-41860 -65856 -27008
-41859 -29871 -29207
-41858 -56445 -5336
-41857 -55548 -70787
-41856 85673 -62669
-41855 25252 88808
-41854 -62707 -57475
-41853 36834 -26665
-41852 87068 -81949
-41851 73723 21100
-41850 80774 48196
-41849 52430 -41735
-41848 83693 -54327
-41847 -23445 8947
-41846 50831 -62990
-41845 87207 42295
-41844 -18382 -95328
-41843 41145 93530
-41842 15368 75158
-41841 13086 53226
-41840 -77275 -71887
-41839 64935 -12336
-41838 85656 1683
-41837 72974 -18264
-41836 68444 -21564
-41835 97783 41754
-41834 -25661 62388
-41833 -41139 41428
-41832 67637 -33657
-41831 -76232 65323
-41830 -70555 6503
-41829 -54127 -24998
-41828 99037 -81694
-41827 31026 -92440
-41826 -43048 -91342
-41825 -58001 -34403
-41824 82729 42169
-41823 -50303 7743
-41822 96296 31949
-41821 -68680 95132
-41820 23400 17109
-41819 -89011 41237
-41818 -26110 -58492
-41817 -13540 -11238
-41816 32026 12268
-41815 90934 77727
-41814 -34408 -91691
-41813 -5168 7105
-41812 69598 29583
-41811 81209 25163
-41810 -73967 -68799
-41809 87115 72732
-41808 38699 -1761
-41807 21142 -94182
-41806 37132 45402
-41805 -38853 -62326
-41804 64636 -79947
-41803 -51993 -98075
-41802 35587 -89228
-41801 20875 11486
-41800 -83863 59069
-41799 -25586 -39914
-41798 -93552 -81468
-41797 -3357 75229
-41796 62144 -55347
-41795 82584 44541
-41794 -64724 78933
-41793 -12698 17835
-41792 4779 24704
-41791 -37169 87409
-41790 29209 -41702
-41789 -35539 37605
-41788 -72172 11444
-41787 -54993 69196
-41786 5173 59745
-41785 -59091 -67770
-41784 17881 -33084
-41783 47047 -61712
-41782 35332 -68937
-41781 -38547 69067
-41780 -48920 16151
-41779 -42985 2444
-41778 -74733 18892
-41777 15664 16329
-41776 -97096 -86417
-41775 -1092 -90703
-41774 -9463 15131
-41773 -79534 60151
-41772 67199 77498
-41771 83315 85601
-41770 31805 93532
-41769 -5043 -29850
-41768 10605 -41967
-41767 -14974 93089
-41766 72675 -1320
-41765 74475 88900
-41764 89868 80942
-41763 24324 66521
-41762 -53676 -37205
-41761 -56278 -74824
-41760 48867 96700
-41759 3860 6867
-41758 -87356 -52392
-41757 -9733 -10922
-41756 -29529 64975
-41755 99690 42823
-41754 14843 40569
-41753 -13824 -6389
-41752 89154 25283
-41751 63679 29013
-41750 38852 361
-41749 -94123 -42068
-41748 14890 89103
-41747 -95125 -15033
-41746 39414 8584
-41745 -61682 -91277
-41744 -63722 -62182
-41743 83415 12555
-41742 -54 67501
-41741 -96414 -14600
-41740 -21184 -29421
-41739 27678 26406
-41738 -72771 30075
-41737 10974 7340
-41736 -52231 -63150
-41735 5319 68131
-41734 -17799 28261
-41733 9795 37229
-41732 -65324 -15656
-41731 -89128 13113
-41730 -37461 -52194
-41729 -29158 40509
-41728 -68818 -80843
-41727 -76029 39648
-41726 -33642 -91501
-41725 42034 -30277
-41724 -16062 -95091
-41723 -77393 -61139
-41722 42809 -76149
-41721 -16482 -72063
-41720 20634 273
-41719 31802 17206
-41718 97911 -72315
-41717 6119 -69019
-41716 -51007 -60732
-41715 -2957 61329
-41714 70229 94651
-41713 273 -18367
-41712 63255 50132
-41711 -71325 -66281
-41710 48311 4765
-41709 -86808 -30535
-41708 66822 65874
-41707 -10463 -6461
-41706 18039 -7445
-41705 31339 52344
-41704 8399 51784
-41703 25089 11598
-41702 -19796 57462
-41701 17538 -35315
-41700 -6484 35595
-41699 23836 19011
-41698 -75802 -69571
-41697 14643 -57868
-41696 98430 -5724
-41695 56169 -43509
-41694 -96963 -20336
-41693 -52336 -59888
-41692 9794 -52870
-41691 85094 41140
-41690 -60144 -51977
-41689 -91642 72386
-41688 -32452 -67136
-41687 -21140 87041
-41686 -245 -81545
-41685 -95557 4205
-41684 -75051 -17338
-41683 -41896 30989
-41682 -9603 65179
-41681 -64457 -34832
-41680 93835 40574
-41679 69229 84219
-41678 45566 -883
-41677 -35961 73798
-41676 73630 -21243
-41675 76493 -86762
-41674 -49778 -17360
-41673 30889 36671
-41672 -26005 -27545
-41671 -55779 -76013
-41670 83908 30674
-41669 51276 -23014
-41668 -20782 -77290
-41667 -5046 -15762
-41666 -91360 -63018
-41665 -75391 35869
-41664 76360 91021
-41663 86102 47944
-41662 -4337 19174
-41661 -36501 93494
-41660 -35272 -42620
-41659 38196 52867
-41658 27774 -23415
-41657 81585 62319
-41656 69331 69695
-41655 63992 66703
-41654 18681 -52186
-41653 21596 80198
-41652 -2744 96535
-41651 45825 -88936
-41650 -66685 97176
-41649 1532 -38295
-41648 75146 6494
-41647 90420 -22938
-41646 2350 13152
-41645 50452 -93669
-41644 -95683 25806
-41643 20475 -64529
-41642 2162 53766
-41641 77942 39473
-41640 16947 -88817
-41639 -94536 -25915
-41638 400 -72545
-41637 -66483 -24898
-41636 -8485 -78331
-41635 -14101 -11888
-41634 -28684 -69038
-41633 -15138 -78793
-41632 -84311 71079
-41631 25580 63841
-41630 59919 -79480
-41629 -11386 13586
-41628 -56626 -1154
-41627 10151 74895
-41626 94971 -32181
-41625 -90858 42419
-41624 -75680 -8331
-41623 -75150 18089
-41622 -20721 49823
-41621 70776 82105
-41620 -79081 49431
-41619 -46409 -80169
-41618 -33415 83397
-41617 -56227 89777
-41616 -17713 22176
-41615 93042 -51562
-41614 36536 -90188
-41613 -23095 69308
-41612 14152 63027
-41611 -21723 41711
-41610 42601 45134
-41609 -48437 -17444
-41608 -68516 3739
-41607 62507 68761
-41606 -67454 363
-41605 23461 3729
-41604 39419 -81730
-41603 -16536 81796
-41602 66371 -496
-41601 -58222 -62440
-41600 -31224 12281
-41599 -49673 -81927
-41598 -45419 -4157
-41597 -86260 -18569
-41596 -70316 -15516
-41595 -53237 79241
-41594 16015 -97350
-41593 96756 -57072
-41592 -62702 -25535
-41591 -29065 61285
-41590 19225 33485
-41589 8597 1151
-41588 -96852 -25694
-41587 72618 -75395
-41586 46205 -12049
-41585 91841 -52155
-41584 53244 -89220
-41583 53706 1686
-41582 -73928 75104
-41581 -93153 28077
-41580 38029 -23798
-41579 92986 68964
-41578 40942 19352
-41577 31928 -38048
-41576 -27115 24522
-41575 -23867 -48552
-41574 36957 34156
-41573 -1315 78798
-41572 -44464 -28353
-41571 -61031 58563
-41570 -1884 -15881
-41569 6997 79273
-41568 -84488 61767
-41567 -91971 -85168
-41566 82262 1265
-41565 -3856 99673
-41564 31695 -29522
-41563 -20021 -13153
-41562 -27663 47693
-41561 -84209 24813
-41560 -22679 -76414
-41559 88371 82721
-41558 27618 46130
-41557 -29806 33873
-41556 96912 85533
-41555 -35062 -32159
-41554 -4859 -50040
-41553 -88876 15647
-41552 50646 19348
-41551 94895 -98308
-41550 -60518 56824
-41549 -93401 -93943
-41548 32326 47715
-41547 -39953 -32986
-41546 -36158 -42768
-41545 -60700 -75483
-41544 43941 71075
-41543 -47465 -21144
-41542 3142 25973
-41541 75634 -82040
-41540 43562 3800
-41539 69234 -79551
-41538 -2649 35872
-41537 -91209 -43477
-41536 -80128 56506
-41535 -42367 -16206
-41534 50129 31785
-41533 75014 26621
-41532 3955 70750
-41531 -60169 24039
-41530 28444 -70887
-41529 30704 -35574
-41528 -20016 -51336
-41527 2196 42661
-41526 33606 -56890
-41525 -91046 -24110
-41524 -59491 -13099
-41523 -86283 -30493
-41522 43065 -28536
-41521 42406 61664
-41520 -75451 51762
-41519 -27234 25649
-41518 -12161 -85937
-41517 -81691 -26252
-41516 -31682 -26460
-41515 -279 45051
-41514 75639 -24919
-41513 28754 95932
-41512 74746 -94888
-41511 -24249 32338
-41510 -39552 -84265
-41509 -32134 51846
-41508 -16871 -66421
-41507 -18987 -83955
-41506 -23915 95206
-41505 -39694 -51211
-41504 40441 -78711
-41503 43821 -90590
-41502 -74029 -27998
-41501 7987 21448
-41500 -31240 -28777
-41499 -78274 77748
-41498 45418 -17359
-41497 -91669 77686
-41496 80662 -23136
-41495 91964 -54267
-41494 -45407 43316
-41493 58929 91373
-41492 -67302 21854
-41491 13385 -66493
-41490 51334 77328
-41489 -26954 31214
-41488 59837 96519
-41487 -32942 15569
-41486 -6351 48756
-41485 36121 -23803
-41484 79055 -44671
-41483 79112 8270
-41482 -69443 78732
-41481 1072 95143
-41480 -5980 -10055
-41479 2635 -33347
-41478 72898 -86232
-41477 53897 -98228
-41476 39252 -55093
-41475 -66863 -49696
-41474 27780 99746
-41473 -64766 81179
-41472 88524 49423
-41471 61269 -83032
-41470 90729 5507
-41469 -24343 -41932
-41468 29623 -83225
-41467 40546 -21883
-41466 79099 80307
-41465 -51253 -39055
-41464 -64790 -19612
-41463 -98545 -10815
-41462 -24115 25100
-41461 -1438 -46439
-41460 -60181 -61831
-41459 -22335 -56918
-41458 -95150 -49849
-41457 84144 50957
-41456 -38799 89415
-41455 21937 34293
-41454 -47383 -60685
-41453 -89064 -88298
-41452 -14663 72065
-41451 40140 -36377
-41450 75056 92021
-41449 -86448 10153
-41448 -26114 -67884
-41447 -13313 -92153
-41446 3834 44891
-41445 -42597 83212
-41444 -44477 -22774
-41443 39643 53558
-41442 -57492 92751
-41441 4313 41957
-41440 -22306 50608
-41439 -89932 -41121
-41438 -39067 -50987
-41437 -84292 -2132
-41436 88678 43592
-41435 -46789 -26259
-41434 -26041 66099
-41433 -33304 213
-41432 -95652 -5501
-41431 -30673 -87755
-41430 49392 3054
-41429 54104 92309
-41428 -4902 -71802
-41427 99687 -62083
-41426 95561 -91386
-41425 54181 -58860
-41424 11947 -76727
-41423 18107 -41447
-41422 83883 -21315
-41421 -69956 9368
-41420 -46003 -15163
-41419 -32458 23278
-41418 -20904 56318
-41417 56714 78196
-41416 45969 -21974
-41415 -20107 18732
-41414 67948 80270
-41413 -8345 21840
-41412 14049 -73777
-41411 -21504 91988
-41410 76259 52686
-41409 26819 -57723
-41408 -99697 -6643
-41407 -35140 -36311
-41406 -45950 -35750
-41405 -40034 91051
-41404 95336 -10478
-41403 98630 -3837
-41402 19911 70601
-41401 19564 50226
-41400 8138 -9693
-41399 24023 -81024
-41398 69437 -70980
-41397 12307 37740
-41396 -25003 87729
-41395 -46760 -29899
-41394 60637 -47028
-41393 60985 -2200
-41392 89862 5980
-41391 99429 3225
-41390 12705 -1725
-41389 -87363 35270
-41388 28446 94755
-41387 -83712 -69398
-41386 1878 70152
-41385 -13351 48433
-41384 8502 25318
-41383 -39490 15291
-41382 -48035 76835
-41381 -63823 -61586
-41380 -77171 77504
-41379 -39545 47681
-41378 -59108 89366
-41377 -91060 -45710
-41376 -6078 -75616
-41375 -81141 57185
-41374 19981 -77341
-41373 85840 -73448
-41372 -58990 15990
-41371 951 13174
-41370 -85731 18399
-41369 1142 -43181
-41368 19902 -10231
-41367 24835 72638
-41366 48792 -30756
-41365 57138 46634
-41364 -7499 -22032
-41363 82975 68607
-41362 11483 47804
-41361 -47739 -33623
-41360 -75557 -22708
-41359 -54655 43065
-41358 -53469 -6957
-41357 -38987 10027
-41356 82726 -59511
-41355 -89436 65398
-41354 495 7754
-41353 -81274 -68103
-41352 -55792 2125
-41351 56434 -14376
-41350 -46284 -9444
-41349 66857 20430
-41348 75392 30028
-41347 -57130 96018
-41346 70544 69721
-41345 -58744 44144
-41344 -38609 90269
-41343 -10306 -4770
-41342 -90306 -74078
-41341 -48309 -95044
-41340 -63909 -67494
-41339 58243 83747
-41338 22660 14711
-41337 2153 -58419
-41336 -78674 41348
-41335 -76984 44499
-41334 -34386 -86996
-41333 14954 -89969
-41332 47177 95680
-41331 -96076 -21386
-41330 72320 17097
-41329 35744 89541
-41328 -30309 21904
-41327 33190 23610
-41326 28319 84745
-41325 -92415 2581
-41324 -71 -83511
-41323 -7218 -93365
-41322 -26353 11876
-41321 56567 -56229
-41320 -96808 -85015
-41319 -93994 -72720
-41318 -68294 53974
-41317 -50263 76906
-41316 21397 30828
-41315 90678 -38417
-41314 93469 -44395
-41313 46828 -75973
-41312 43129 59759
-41311 -58504 -34616
-41310 61478 -24159
-41309 56438 94215
-41308 26189 -8867
-41307 79735 -42906
-41306 -7313 -71171
-41305 -1231 -54379
-41304 -35412 -45049
-41303 29137 37728
-41302 -17551 20255
-41301 -17544 -27533
-41300 92919 -72934
-41299 19848 -42202
-41298 25753 37747
-41297 69078 -21261
-41296 86022 -15792
-41295 86435 -10340
-41294 54342 20013
-41293 96681 5575
-41292 13525 81368
-41291 -83596 -40989
-41290 -62446 20040
-41289 -66786 35998
-41288 29278 -71105
-41287 -28620 74199
-41286 87022 44645
-41285 -13857 -30363
-41284 23670 -50758
-41283 -32248 -49515
-41282 -15475 -88429
-41281 93316 19701
-41280 -98026 30914
-41279 54047 6650
-41278 -25543 -62387
-41277 37382 21647
-41276 -20516 -99553
-41275 -93495 40436
-41274 -97644 88819
-41273 16084 96877
-41272 65943 -11628
-41271 -2689 -94839
-41270 90031 34701
-41269 -8200 41278
-41268 -13264 -18482
-41267 -77499 -53891
-41266 -67925 -51557
-41265 -43333 77498
-41264 -7751 73661
-41263 79300 -29659
-41262 53769 -52194
-41261 88481 -84236
-41260 -83379 20351
-41259 94370 338
-41258 89172 -43874
-41257 -55274 -44145
-41256 67203 -34183
-41255 -12684 64602
-41254 -64724 -14936
-41253 96058 98201
-41252 85687 67588
-41251 -4118 13999
-41250 83811 -21472
-41249 -8000 38793
-41248 18042 -44110
-41247 87653 97265
-41246 -97155 -91303
-41245 -2395 94801
-41244 99222 73950
-41243 50876 12759
-41242 -15698 -87284
-41241 -89412 67776
-41240 44394 -82793
-41239 71905 -2904
-41238 17749 -12686
-41237 24355 -16341
-41236 -4362 -44513
-41235 -30715 50303
-41234 -91551 15999
-41233 -95959 -35818
-41232 67928 35863
-41231 -90364 -86379
-41230 11351 -93790
-41229 -65499 -63726
-41228 -43916 48276
-41227 -31315 -85154
-41226 -12603 -1476
-41225 -6284 -5133
-41224 95181 75107
-41223 -68249 17655
-41222 75339 79577
-41221 -41873 65172
-41220 13736 -90964
-41219 33495 -43963
-41218 12799 92076
-41217 -28871 -70654
-41216 56238 -55636
-41215 80241 39528
-41214 -69901 26125
-41213 -66307 9911
-41212 89171 -18954
-41211 85914 84541
-41210 83158 -9052
-41209 29189 -37354
-41208 91366 -17043
-41207 -12190 90513
-41206 58584 -55685
-41205 -45851 -63886
-41204 2792 -10846
-41203 73928 62070
-41202 -80209 13319
-41201 48550 -30081
-41200 -23447 -66996
-41199 -50044 -10018
-41198 -95300 -38534
-41197 22316 -29669
-41196 -9532 94152
-41195 -39647 66825
-41194 -2853 -31145
-41193 -88399 67338
-41192 -51478 -58935
-41191 -39611 94608
-41190 -34994 -5319
-41189 -16998 97627
-41188 23964 67131
-41187 55292 97563
-41186 -56190 -27743
-41185 -62726 -85231
-41184 72115 -87954
-41183 27786 91879
-41182 12052 -14756
-41181 -72330 -11341
-41180 95729 -73433
-41179 -92254 30252
-41178 -97269 9852
-41177 32178 -13231
-41176 51875 8563
-41175 -78742 95409
-41174 -15249 -71003
-41173 -27403 62089
-41172 30955 41358
-41171 43555 19731
-41170 -60181 -90160
-41169 -89583 -91435
-41168 -13893 87877
-41167 -75742 51797
-41166 27896 -31098
-41165 -28568 -65942
-41164 -76953 23952
-41163 -23520 35490
-41162 89354 -32420
-41161 -72746 97872
-41160 3549 -4659
-41159 -12564 79917
-41158 -45513 12208
-41157 -16394 6696
-41156 -13483 31560
-41155 -19168 52306
-41154 11056 76962
-41153 86407 99452
-41152 -24999 -69553
-41151 62077 -81627
-41150 17682 94189
-41149 99707 -76953
-41148 -45396 32644
-41147 77616 92619
-41146 -86760 -44072
-41145 26274 -81768
-41144 -74599 86322
-41143 -72231 56749
-41142 44768 -20531
-41141 59201 -92756
-41140 -91973 -11766
-41139 77340 -20334
-41138 26997 -16812
-41137 41177 93520
-41136 -36490 -5310
-41135 84573 -28947
-41134 53774 -18896
-41133 -75178 27553
-41132 -15762 3448
-41131 73835 84462
-41130 14239 -72283
-41129 98037 -77942
-41128 -16207 -57964
-41127 -72673 72483
-41126 75580 86510
-41125 49213 95575
-41124 116 52303
-41123 7439 5102
-41122 -50809 32368
-41121 -45284 4448
-41120 -71372 62218
-41119 -83943 -21362
-41118 2740 -60456
-41117 93632 -91417
-41116 -89348 97548
-41115 -68897 -14519
-41114 47044 -41292
-41113 52724 -64524
-41112 89728 -3550
-41111 -72001 21158
-41110 36213 -62525
-41109 63914 -59205
-41108 -95280 94034
-41107 -30255 2993
-41106 -63000 69093
-41105 -2575 -76964
-41104 -63703 -35534
-41103 73880 -85605
-41102 -65800 -29966
-41101 -77731 99541
-41100 2584 -31258
-41099 32401 -34843
-41098 -24040 35008
-41097 93877 6874
-41096 92481 85899
-41095 55814 25087
-41094 94462 82605
-41093 4920 -54384
-41092 92705 55182
-41091 71848 -26764
-41090 86927 74357
-41089 64215 79945
-41088 -58038 36471
-41087 -96779 -24872
-41086 60749 -89036
-41085 10009 83791
-41084 -25403 -57178
-41083 96018 50325
-41082 -38568 65635
-41081 23224 -85702
-41080 66202 -54636
-41079 86943 15073
-41078 -91970 -85460
-41077 -35167 -89199
-41076 67127 -82397
-41075 24921 -61707
-41074 -72469 -2635
-41073 -45608 91177
-41072 17150 33945
-41071 73070 -75546
-41070 13990 -22310
-41069 -73224 30282
-41068 -46183 21627
-41067 53891 95759
-41066 35925 8366
-41065 81101 -84822
-41064 -99967 49024
-41063 -17901 -98939
-41062 -44936 29425
-41061 2633 -6785
-41060 -1704 99033
-41059 10055 61261
-41058 -94815 17352
-41057 70880 56168
-41056 -51913 64403
-41055 7721 -87189
-41054 -96674 -13406
-41053 -33844 44728
-41052 49520 -70316
-41051 -89994 -60844
-41050 -45131 -22781
-41049 33318 68980
-41048 -19737 82703
-41047 -28191 24619
-41046 57177 1826
-41045 85751 -18123
-41044 56831 62373
-41043 95632 -26658
-41042 -78034 -27935
-41041 90388 10566
-41040 -77151 -12823
-41039 -31403 -10177
-41038 10584 -71144
-41037 13157 23670
-41036 -59724 89930
-41035 -45858 24519
-41034 44999 -47349
-41033 -8688 95725
-41032 -72766 62927
-41031 46459 -49774
-41030 14662 -4327
-41029 67834 2650
-41028 -73201 53758
-41027 60254 -14362
-41026 -99112 44527
-41025 8357 19901
-41024 -58139 -87566
-41023 -45359 78167
-41022 52881 31642
-41021 35098 -43322
-41020 65556 -89020
-41019 -81172 85764
-41018 6006 47594
-41017 -42022 76851
-41016 -85354 -98478
-41015 -74644 25760
-41014 20769 78334
-41013 -87770 -42417
-41012 -54818 52469
-41011 -11548 -45003
-41010 -80101 97440
-41009 37861 -18839
-41008 40265 99698
-41007 -5080 31677
-41006 42583 96169
-41005 -78652 79057
-41004 -39885 86817
-41003 -73631 71050
-41002 42260 -28540
-41001 -87619 24791
-41000 37516 -90736
-40999 -56760 -5922
-40998 26935 71761
-40997 68098 26435
-40996 -13357 -78018
-40995 -13673 62107
-40994 -40844 -11557
-40993 -69129 -65626
-40992 19754 47629
-40991 81861 85197
-40990 -84034 10227
-40989 -23947 4377
-40988 92588 -37494
-40987 22704 83548
-40986 -42550 -17117
-40985 -28367 -68850
-40984 -47417 -91232
-40983 82417 -31087
-40982 -45048 -411
-40981 33679 54675
-40980 79157 36313
-40979 37508 35777
-40978 -45845 -3466
-40977 -11365 21041
-40976 -51307 -5175
-40975 6330 38531
-40974 -6838 -63921
-40973 -49955 -87127
-40972 6386 60985
-40971 48503 84709
-40970 -79032 -91531
-40969 -79088 71894
-40968 63607 -83061
-40967 -55197 -13011
-40966 -49786 71380
-40965 -38295 51215
-40964 24526 -19213
-40963 18947 -75339
-40962 76047 16963
-40961 -23767 -41550
-40960 12393 24019
-40959 -49033 88933
-40958 99293 -68796
-40957 19314 23808
-40956 -84114 20940
-40955 -41131 -54623
-40954 28477 85974
-40953 83932 -98502
-40952 92619 4166
-40951 -24364 9329
-40950 51381 88204
-40949 -42011 -17383
-40948 -32546 77756
-40947 -65884 -33561
-40946 97583 21145
-40945 -94059 11115
-40944 -78673 -15215
-40943 44294 -78615
-40942 -24849 30534
-40941 79745 3401
-40940 -3721 5936
-40939 -70625 56214
-40938 -59000 -5309
-40937 -51426 -96028
-40936 -26639 89208
-40935 82970 -67260
-40934 96744 -49660
-40933 -20029 41
-40932 -61055 49387
-40931 34238 99946
-40930 49558 -97905
-40929 -6317 -58605
-40928 78537 37796
-40927 50805 44801
-40926 -43201 65900
-40925 18355 -39206
-40924 -45104 -33768
-40923 84149 -76629
-40922 -76915 89327
-40921 -77199 -99618
-40920 -60762 564
-40919 -40298 91820
-40918 30477 35495
-40917 -46595 83958
-40916 -45197 87031
-40915 34338 -88701
-40914 99372 -46336
-40913 59189 1968
-40912 41308 -42721
-40911 -37546 76938
-40910 2472 98796
-40909 -47647 -97611
-40908 -71913 86790
-40907 -77080 71134
-40906 -38806 -68308
-40905 31876 39744
-40904 17929 -77532
-40903 -16133 -22920
-40902 -55501 -93976
-40901 2063 -4182
-40900 74947 33429
-40899 -18672 75499
-40898 -53412 -58064
-40897 -75413 42066
-40896 -71304 98848
-40895 68873 -80525
-40894 -15331 91886
-40893 89758 -70431
-40892 -89913 21791
-40891 41382 5585
-40890 -77479 49273
-40889 26624 2849
-40888 -67664 -2256
-40887 -19235 -83904
-40886 -95338 82541
-40885 92894 48480
-40884 70789 -50629
-40883 -66563 -82645
-40882 -28820 -96180
-40881 -28860 10803
-40880 -88325 -62026
-40879 -28661 -34305
-40878 -37369 -35433
-40877 -9355 27763
-40876 -11171 -82834
-40875 -37613 69304
-40874 -9712 -11489
-40873 -42449 -3719
-40872 -99462 43546
-40871 64226 -21771
-40870 -53769 -47423
-40869 94036 -61305
-40868 82005 -4047
-40867 30071 -4065
-40866 -81918 -83842
-40865 -98016 -47199
-40864 56076 -45565
-40863 -63682 32598
-40862 -23410 98249
-40861 -84034 46908
-40860 -46667 -34836
-40859 34079 10225
-40858 47686 -99028
-40857 93961 -77924
-40856 -5738 -71049
-40855 85699 -59759
-40854 25594 85607
-40853 49320 24325
-40852 -39847 -34828
-40851 17822 82186
-40850 -96274 -99521
-40849 -30829 -66599
-40848 -17067 92720
-40847 -45105 -37090
-40846 50906 50294
-40845 -91125 -87373
-40844 56625 -84367
-40843 -96110 78921
-40842 74174 -14381
-40841 -80825 7126
-40840 78967 35140
-40839 86177 81455
-40838 -98177 -32374
-40837 -84129 7349
-40836 -18417 72231
-40835 -51424 94807
-40834 -37166 -50230
-40833 -97516 -3337
-40832 -74762 -75111
-40831 -42600 36989
-40830 71677 15264
-40829 -64750 26088
-40828 -72023 41146
-40827 -35977 -94663
-40826 91946 -28458
-40825 -43983 -43374
-40824 -87612 63831
-40823 -96710 -1095
-40822 20229 34763
-40821 -44667 69277
-40820 19906 1847
-40819 53233 51974
-40818 36743 93206
-40817 -82955 -13403
-40816 93056 -98805
-40815 94916 35458
-40814 6412 13003
-40813 52406 75287
-40812 -60139 -26643
-40811 -80558 95899
-40810 67670 7829
-40809 96085 61320
-40808 24689 -70442
-40807 49657 89494
-40806 -62369 -94040
-40805 -684 -67662
-40804 75276 -48663
-40803 -645 -29917
-40802 92192 43636
-40801 34366 -58566
-40800 15442 66436
-40799 -24848 52890
-40798 -31134 28156
-40797 -51719 96945
-40796 -89600 79609
-40795 -29760 -60643
-40794 -79483 -9620
-40793 -58641 83091
-40792 -60963 -80029
-40791 36818 -53167
-40790 -23467 -77013
-40789 27789 -38107
-40788 7781 -66928
-40787 63048 67913
-40786 1511 26556
-40785 29722 -71793
-40784 -78706 -78072
-40783 -47421 -42908
-40782 33337 -23837
-40781 95027 49135
-40780 -88474 57397
-40779 -79682 -26605
-40778 -87923 3747
-40777 28448 -54362
-40776 87810 -31549
-40775 2516 -86152
-40774 91914 174
-40773 5381 13459
-40772 22611 -3317
-40771 1909 -3069
-40770 -29131 -55474
-40769 -83964 -44253
-40768 97957 52656
-40767 -72135 20279
-40766 16651 -12557
-40765 26296 59285
-40764 -64702 -31794
-40763 -43292 -8395
-40762 91518 24663
-40761 -21188 71515
-40760 -64632 28684
-40759 35282 21715
-40758 -47717 29605
-40757 -74665 18141
-40756 -73982 43030
-40755 -50297 41974
-40754 3857 -73850
-40753 -47451 -14166
-40752 -12357 29065
-40751 -34086 -95847
-40750 96065 -80306
-40749 -25665 79311
-40748 -10423 -43160
-40747 -43415 32464
-40746 -64975 -28685
-40745 -18128 -14661
-40744 88224 -80132
-40743 -90690 -46277
-40742 89248 -96639
-40741 66584 -99854
-40740 71797 -39486
-40739 7601 -56041
-40738 14777 -26412
-40737 68900 -10484
-40736 92155 37984
-40735 43918 23119
-40734 -40611 58773
-40733 99839 -35789
-40732 96730 -15005
-40731 85709 63178
-40730 -41616 4582
-40729 -7785 -38142
-40728 -96183 43554
-40727 -21708 -427
-40726 61841 -626
-40725 -8422 -54800
-40724 96115 76863
-40723 82893 29317
-40722 23937 -27888
-40721 -57132 -78283
-40720 -23527 37131
-40719 -77498 -99289
-40718 -77319 23998
-40717 53837 -89174
-40716 96185 -93750
-40715 43772 95430
-40714 -90136 57595
-40713 45776 -82376
-40712 68773 -29823
-40711 -11334 -10314
-40710 -55520 8512
-40709 -60350 92356
-40708 25003 -11596
-40707 -24854 -93653
-40706 26862 -16455
-40705 63072 18825
-40704 -15500 24329
-40703 -19775 91466
-40702 91537 -86156
-40701 -32364 71816
-40700 -99751 49479
-40699 -94009 -73738
-40698 -11434 -95344
-40697 -84371 -32798
-40696 -64874 68673
-40695 -10496 -54294
-40694 -64403 64363
-40693 30536 -77880
-40692 -1208 -65845
-40691 -39734 17667
-40690 -86314 -60405
-40689 90696 -68242
-40688 -62965 -71751
-40687 -21585 81312
-40686 7767 -33614
-40685 32223 -61915
-40684 -25867 -68161
-40683 46438 -74850
-40682 -52024 -20913
-40681 46715 -80592
-40680 -23268 78537
-40679 25971 -49776
-40678 77759 27212
-40677 71283 53560
-40676 25987 -6605
-40675 -84290 32112
-40674 84353 -43404
-40673 6815 -53351
-40672 -74440 -44278
-40671 -80359 74388
-40670 -92765 -2795
-40669 34790 -64862
-40668 -97982 85861
-40667 92158 -38078
-40666 53392 73012
-40665 25997 53081
-40664 1819 -18394
-40663 -79100 69706
-40662 26024 -16727
-40661 1548 -76030
-40660 -70566 -73173
-40659 -27773 -93878
-40658 -55659 -97402
-40657 71850 -2712
-40656 1361 -31740
-40655 -24279 51254
-40654 -82866 67127
-40653 63264 93753
-40652 -32130 54614
-40651 -14864 -27427
-40650 73316 62787
-40649 -56276 -29901
-40648 -75670 3930
-40647 -52655 -15502
-40646 -80004 2211
-40645 57523 86316
-40644 72212 -31008
-40643 45207 -81573
-40642 2654 34110
-40641 69550 -9243
-40640 65089 -31761
-40639 -47417 -85275
-40638 41505 -36546
-40637 -29715 -78349
-40636 -31362 -67291
-40635 -68019 99783
-40634 10165 47605
-40633 -48789 -56817
-40632 61844 78458
-40631 -88506 -84918
-40630 -55683 31819
-40629 49079 60924
-40628 -80780 -64359
-40627 -76463 -87787
-40626 -55433 12386
-40625 75328 -9629
-40624 79984 24648
-40623 78861 -33798
-40622 -22029 87071
-40621 -60213 80228
-40620 -18462 5788
-40619 12423 95837
-40618 93506 57105
-40617 -47387 -67585
-40616 15238 86350
-40615 -47501 -33221
-40614 -58051 -17164
-40613 -7392 -13979
-40612 64906 1736
-40611 -56559 -8566
-40610 7924 -71421
-40609 8840 -35186
-40608 89846 -11303
-40607 -57611 67212
-40606 -42938 49714
-40605 88397 -28758
-40604 -27346 48396
-40603 -11137 47781
-40602 82742 -17260
-40601 -25763 8349
-40600 -53717 -82364
-40599 -49070 53130
-40598 -34781 65064
-40597 -54812 78305
-40596 -38598 -61600
-40595 -55533 -19068
-40594 -1719 -79731
-40593 93193 13523
-40592 -15391 -56566
-40591 -36487 -13039
-40590 -57884 99315
-40589 -94400 -27792
-40588 -46996 -67202
-40587 93969 -20942
-40586 -47331 16300
-40585 -1833 -19133
-40584 14268 -92076
-40583 85089 -24701
-40582 -78448 -93721
-40581 -80582 -55318
-40580 -3503 -17520
-40579 43104 31166
-40578 -32813 79285
-40577 -66330 -16341
-40576 58401 24171
-40575 16110 -8700
-40574 38236 -52849
-40573 29082 61842
-40572 89539 31864
-40571 94597 14468
-40570 -43221 -51301
-40569 -77956 11364
-40568 -76850 7918
-40567 13259 -20996
-40566 50991 -68146
-40565 -94144 68756
-40564 -93192 -85070
-40563 -24076 -79942
-40562 -18838 -29405
-40561 -96550 51180
-40560 616 93658
-40559 -12104 3735
-40558 -62978 61390
-40557 -11206 -48464
-40556 -974 71796
-40555 -94476 13158
-40554 52354 -45074
-40553 -47075 -86014
-40552 35208 41087
-40551 -66404 78127
-40550 90191 51826
-40549 92162 28359
-40548 -9154 -38627
-40547 12683 -76034
-40546 58180 1066
-40545 -65532 -93180
-40544 9380 -73907
-40543 60970 4338
-40542 56005 98115
-40541 -43318 55620
-40540 79645 -33502
-40539 -13544 -60467
-40538 66480 58464
-40537 7919 -72983
-40536 -9602 85598
-40535 -8781 74900
-40534 23857 88251
-40533 -32401 -13782
-40532 79325 70462
-40531 56821 -59613
-40530 88070 1677
-40529 83478 7603
-40528 -84951 4461
-40527 2756 20171
-40526 98254 7387
-40525 -54048 -37889
-40524 22228 -97150
-40523 -66022 62647
-40522 2648 -58383
-40521 -73662 -48136
-40520 12477 -29964
-40519 88749 47547
-40518 6681 35708
-40517 -77976 -68902
-40516 -33872 99915
-40515 -71189 -3485
-40514 -84137 -20602
-40513 -38572 57085
-40512 -60753 -91754
-40511 82003 5842
-40510 48758 -981
-40509 -36700 57643
-40508 54320 -82451
-40507 2122 -71423
-40506 27494 77709
-40505 52464 5911
-40504 -50679 18333
-40503 -79075 98704
-40502 40605 -21480
-40501 91229 -7140
-40500 31853 13108
-40499 9150 77929
-40498 75374 16060
-40497 -19233 54796
-40496 37630 48858
-40495 45534 -70190
-40494 73223 -27606
-40493 -139 13102
-40492 46165 96230
-40491 44527 28146
-40490 57701 -61745
-40489 95658 927
-40488 63580 -38527
-40487 74504 -25255
-40486 40048 58319
-40485 -14350 -70822
-40484 90683 -21441
-40483 54896 -93240
-40482 -92750 -92161
-40481 -54379 95970
-40480 -17796 -78426
-40479 7960 -19172
-40478 77147 -53279
-40477 -46136 50976
-40476 -23455 78189
-40475 43121 -41741
-40474 -62815 -54358
-40473 41044 96123
-40472 61883 23525
-40471 -15667 44612
-40470 33299 -75482
-40469 -77721 -90335
-40468 -59761 75673
-40467 -69951 -78731
-40466 -94866 -82174
-40465 24809 -77991
-40464 -30541 -61127
-40463 92521 -36385
-40462 -76709 40053
-40461 -25847 -29086
-40460 -37794 59461
-40459 -4577 -59121
-40458 811 18042
-40457 -70241 -20179
-40456 1687 -37593
-40455 -86070 -89537
-40454 -90578 54209
-40453 -73087 82899
-40452 8346 28201
-40451 -75843 -66926
-40450 37107 -72304
-40449 -27096 -43244
-40448 80347 -94135
-40447 12168 28308
-40446 -94730 19675
-40445 -65773 -12140
-40444 37316 31461
-40443 -41835 -66101
-40442 47930 81192
-40441 69649 29056
-40440 24685 -74648
-40439 49532 -20522
-40438 78355 9576
-40437 23126 -86364
-40436 -16392 97443
-40435 54024 72062
-40434 33446 41005
-40433 99054 99153
-40432 -75224 88356
-40431 72283 2940
-40430 31180 54417
-40429 90671 92798
-40428 -95171 -12491
-40427 -42227 -61346
-40426 -3546 -3876
-40425 38306 7567
-40424 -6053 96045
-40423 -74479 -26334
-40422 92535 -57954
-40421 10881 28832
-40420 -72206 95827
-40419 44511 47093
-40418 26565 66443
-40417 34411 89088
-40416 -29045 87611
-40415 24491 -28045
-40414 -50971 -39079
-40413 1539 -28053
-40412 42996 -76417
-40411 -10148 -40809
-40410 -95027 64233
-40409 52175 57507
-40408 45494 -70694
-40407 28290 -51010
-40406 -45974 49877
-40405 -86490 82998
-40404 -31076 82832
-40403 95399 -47277
-40402 9274 50902
-40401 -17337 65755
-40400 13449 -50893
-40399 -5530 -45339
-40398 -650 59853
-40397 -33108 -50762
-40396 15939 -1001
-40395 18917 -88451
-40394 -83202 98464
-40393 49767 29813
-40392 -20948 51713
-40391 -76692 4558
-40390 -7435 -98991
-40389 -34543 -32540
-40388 -72261 45634
-40387 33125 -42187
-40386 96304 -65023
-40385 86296 37898
-40384 -86498 7426
-40383 22454 -35026
-40382 43979 -83286
-40381 -97277 13841
-40380 -48091 -99381
-40379 -10250 -64702
-40378 22322 78085
-40377 -97993 -81509
-40376 -74101 -1875
-40375 -49406 -90093
-40374 -16177 80814
-40373 -39045 -42727
-40372 -76474 74952
-40371 4882 68897
-40370 -1656 -73883
-40369 79439 29860
-40368 1091 48922
-40367 -45238 -29125
-40366 80652 64388
-40365 -61189 -87156
-40364 -67873 -59358
-40363 -72055 -98649
-40362 96955 49277
-40361 48751 76792
-40360 -90751 -20342
-40359 69818 -10593
-40358 39882 21959
-40357 60858 -63326
-40356 -95472 39805
-40355 25146 -95573
-40354 -99735 -72627
-40353 84950 91270
-40352 14672 62119
-40351 -83867 -75340
-40350 64683 79935
-40349 35738 98465
-40348 -70308 -84175
-40347 -1098 54699
-40346 21296 76333
-40345 44956 83428
-40344 -18148 61841
-40343 -98185 -9728
-40342 -91734 -33539
-40341 6566 -73618
-40340 63856 -10685
-40339 94959 21139
-40338 -39553 -13236
-40337 28167 -29653
-40336 49601 -85219
-40335 43767 -38854
-40334 -42302 35931
-40333 55681 79371
-40332 69708 95249
-40331 -83965 -78398
-40330 -49925 -51928
-40329 -42859 -2232
-40328 93280 -50485
-40327 -30488 -81745
-40326 8118 -11427
-40325 64120 -70952
-40324 -896 -44966
-40323 62984 -6678
-40322 21621 81624
-40321 -42717 -72523
-40320 81523 53672
-40319 -85984 40056
-40318 38730 -99275
-40317 -45946 -70579
-40316 65159 -40358
-40315 -48087 84481
-40314 15652 28949
-40313 -19651 79401
-40312 48204 -91817
-40311 78275 -4884
-40310 -78814 -95737
-40309 87723 65243
-40308 60493 -71619
-40307 -85058 45329
-40306 43613 -65615
-40305 -73466 -72441
-40304 70210 -2551
-40303 -1344 79501
-40302 -62204 -91826
-40301 3043 -19635
-40300 10747 -33458
-40299 21404 57174
-40298 89985 92533
-40297 42643 38323
-40296 76182 -27616
-40295 7737 -67161
-40294 -41970 75463
-40293 -44398 77194
-40292 97345 12810
-40291 -34535 -41503
-40290 4900 48247
-40289 -23732 -64121
-40288 -58950 83772
-40287 75825 45448
-40286 -8834 32565
-40285 48405 70955
-40284 -58846 -60974
-40283 -91377 24615
-40282 98187 28835
-40281 -31499 17635
-40280 5379 48894
-40279 -40818 97312
-40278 -19499 -22106
-40277 -38828 52381
-40276 93009 36755
-40275 19786 -36939
-40274 -13604 28050
-40273 -34725 92645
-40272 58067 26270
-40271 65537 89
-40270 -19545 -55636
-40269 50715 -24256
-40268 -98131 18184
-40267 11721 -28927
-40266 -42658 -38807
-40265 -89616 79523
-40264 90407 70960
-40263 95994 -42233
-40262 -28054 73199
-40261 73994 -84648
-40260 77307 -92842
-40259 4704 -41761
-40258 -27893 80564
-40257 88465 39037
-40256 62471 93441
-40255 41172 30855
-40254 63415 90533
-40253 33237 -48389
-40252 64410 -34782
-40251 23126 24020
-40250 862 49005
-40249 11283 -52443
-40248 -48768 83027
-40247 91170 68143
-40246 -67735 -46970
-40245 35951 -41400
-40244 30138 -1320
-40243 -73710 63052
-40242 82825 35543
-40241 -66433 74525
-40240 -823 -45914
-40239 69196 64960
-40238 -72673 59562
-40237 8336 -41826
-40236 -90495 -12830
-40235 -96247 -13495
-40234 67028 -73937
-40233 46810 20721
-40232 69129 49401
-40231 38374 -2368
-40230 20080 66234
-40229 -82497 54882
-40228 -88569 -57191
-40227 41280 -86793
-40226 -6834 56241
-40225 -30667 36093
-40224 -18786 235
-40223 -6734 21720
-40222 20387 -1637
-40221 77909 -48488
-40220 -42806 62484
-40219 -70703 83872
-40218 4461 -82265
-40217 5892 26020
-40216 47114 -59236
-40215 -38298 -46286
-40214 -32847 63887
-40213 -18119 -33904
-40212 -56340 77086
-40211 -46167 -93100
-40210 -18207 3173
-40209 64386 4888
-40208 30310 -19173
-40207 -46114 54288
-40206 -94219 -71059
-40205 67155 -97902
-40204 94190 -31185
-40203 58838 -65761
-40202 -97029 -54922
-40201 -76700 41357
-40200 32479 14599
-40199 15852 -48025
-40198 -35417 -11727
-40197 51485 -58715
-40196 -18910 -51355
-40195 35482 -14260
-40194 8250 9684
-40193 -40759 -82935
-40192 21430 -13400
-40191 -88182 -53225
-40190 -74344 -52210
-40189 61451 -97052
-40188 -86887 8448
-40187 -64799 45396
-40186 79330 -72455
-40185 38612 -18389
-40184 46405 83083
-40183 39658 -31662
-40182 -21785 -93628
-40181 1843 -76005
-40180 13025 -26087
-40179 40426 7757
-40178 14544 90808
-40177 40924 -7224
-40176 -63350 -98155
-40175 89774 37349
-40174 -15071 31976
-40173 -42655 2125
-40172 86575 -65728
-40171 31036 11848
-40170 -45301 -38984
-40169 -38163 11577
-40168 -63729 39297
-40167 -34210 -29076
-40166 -63345 -95567
-40165 -76216 -83025
-40164 91809 -68525
-40163 29788 -22686
-40162 -11743 -89748
-40161 7885 -77111
-40160 14830 -45555
-40159 49122 -50131
-40158 75875 86564
-40157 88235 43626
-40156 31421 60605
-40155 -95427 -44214
-40154 -26874 31714
-40153 63591 -97227
-40152 622 -25455
-40151 54547 71520
-40150 -31044 -53846
-40149 69795 -68646
-40148 -99665 -34136
-40147 85271 19964
-40146 51838 42243
-40145 -76320 16965
-40144 -43277 -37550
-40143 -13766 -47856
-40142 -35545 41963
-40141 49814 -12268
-40140 8245 -53881
-40139 -2964 38975
-40138 68361 -5065
-40137 -5057 -65509
-40136 64421 -40603
-40135 18002 72204
-40134 77100 -62993
-40133 -59603 50435
-40132 29865 93066
-40131 -49878 81964
-40130 30632 25083
-40129 10459 41948
-40128 -84461 31834
-40127 75830 -48115
-40126 -86118 -87362
-40125 -68312 -8613
-40124 -59620 -56972
-40123 11537 67513
-40122 81398 33564
-40121 68347 -87809
-40120 41715 12071
-40119 39754 82049
-40118 39251 42950
-40117 6566 33132
-40116 -98259 -10655
-40115 -56345 67657
-40114 44660 -56134
-40113 64660 -71537
-40112 -42091 -55155
-40111 20217 188
-40110 -82143 -12113
-40109 -22557 37883
-40108 -50028 45926
-40107 -24566 33785
-40106 -34419 -83541
-40105 2359 -21672
-40104 99236 -14787
-40103 5840 -45951
-40102 41521 -41353
-40101 -68434 -33652
-40100 -27789 77859
-40099 -86273 82574
-40098 11615 -79621
-40097 -65525 28829
-40096 -62881 -34492
-40095 30554 80697
-40094 -59228 -81636
-40093 34313 -13661
-40092 -96542 17770
-40091 40585 8689
-40090 89439 -53050
-40089 73831 -25044
-40088 -75523 9942
-40087 -47763 92502
-40086 -51691 82756
-40085 -29710 -98383
-40084 9217 67416
-40083 40884 8985
-40082 -12999 -88492
-40081 36718 -20842
-40080 49259 76406
-40079 -1115 2233
-40078 9713 93101
-40077 -16730 91481
-40076 35593 -64209
-40075 -31686 -33971
-40074 73596 -25929
-40073 -61879 -26764
-40072 29995 -79408
-40071 63239 21761
-40070 86901 51285
-40069 96917 7010
-40068 -50963 -67831
-40067 -99613 54520
-40066 -33117 43222
-40065 -70320 84915
-40064 83124 42171
-40063 -56161 25438
-40062 4532 -73882
-40061 22532 16475
-40060 24856 35313
-40059 -89182 -92094
-40058 -73868 56424
-40057 -17052 31185
-40056 58460 -5835
-40055 -9462 27990
-40054 -5017 -63437
-40053 28116 67252
-40052 -65006 43601
-40051 -42846 49078
-40050 20334 69479
-40049 -34894 -48735
-40048 -58102 84028
-40047 71880 -31358
-40046 -43158 -49267
-40045 -61485 91234
-40044 10873 -31838
-40043 78981 22293
-40042 92049 18323
-40041 -20267 14520
-40040 54699 -90668
-40039 43686 6558
-40038 35678 47940
-40037 5605 -48374
-40036 63625 -11813
-40035 -17362 49816
-40034 39113 -60588
-40033 22594 57755
-40032 34186 -38066
-40031 52430 -54057
-40030 -14133 -31540
-40029 -83196 -15231
-40028 28446 -76068
-40027 47625 20712
-40026 -74394 23233
-40025 -6027 -18258
-40024 98287 -18713
-40023 -95431 47461
-40022 -5543 11443
-40021 -75540 -96711
-40020 68947 17553
-40019 -69726 66674
-40018 -66397 48148
-40017 -84006 -83323
-40016 -91022 46893
-40015 -93083 -26682
-40014 42319 -28778
-40013 73442 40656
-40012 86761 6585
-40011 -70440 -75358
-40010 20543 81141
-40009 89439 47195
-40008 -97821 -71861
-40007 -3794 -41214
-40006 7683 966
-40005 -16992 88962
-40004 -52989 -33741
-40003 -29771 -50230
-40002 92836 -49385
-40001 -44287 94440
-40000 29318 -55608
-39999 34528 -85334
-39998 20319 41871
-39997 74713 67824
-39996 -68941 -511
-39995 71018 58027
-39994 98555 -46204
-39993 91064 -26847
-39992 -98743 77783
-39991 -46472 87540
-39990 -66200 48588
-39989 71421 14461
-39988 -22604 -55049
-39987 71422 79584
-39986 -22856 -83916
-39985 56297 -31481
-39984 -43865 -37377
-39983 -83464 -62225
-39982 -49247 -97930
-39981 31624 56536
-39980 99104 -2943
-39979 -77436 -82920
-39978 -53601 63190
-39977 29323 38132
-39976 -49461 -44101
-39975 -11107 37172
-39974 -77613 65401
-39973 -30980 -53702
-39972 -80838 16403
-39971 90331 57363
-39970 -90592 -56022
-39969 -25358 -61774
-39968 -1256 56397
-39967 3454 10219
-39966 -18303 73372
-39965 15004 94835
-39964 77371 -95139
-39963 -30854 -78390
-39962 -20381 48768
-39961 86395 -63163
-39960 69916 83509
-39959 72155 45993
-39958 -12521 25074
-39957 -75417 39547
-39956 -59088 9842
-39955 -73268 82600
-39954 41731 6211
-39953 97370 -25208
-39952 -55164 62727
-39951 -24499 -53331
-39950 72960 90514
-39949 715 21740
-39948 10660 15531
-39947 -10638 80104
-39946 78292 83928
-39945 15707 -64376
-39944 -18213 -11809
-39943 -93169 74560
-39942 65200 -87599
-39941 -91111 -21069
-39940 80395 -18987
-39939 -28247 30884
-39938 -70785 18870
-39937 14174 61388
-39936 -8784 69544
-39935 24993 40841
-39934 64065 78800
-39933 -14866 88612
-39932 37821 -45184
-39931 76232 87772
-39930 -43803 64441
-39929 57246 67253
-39928 23201 -10272
-39927 81855 -34137
-39926 -11048 -39716
-39925 -51343 78407
-39924 77423 -39508
-39923 89815 44409
-39922 62136 -29745
-39921 59748 -58908
-39920 -11472 65003
-39919 24037 -63817
-39918 -73244 20919
-39917 -3473 21612
-39916 77872 54208
-39915 13176 -1540
-39914 2988 -36926
-39913 -3717 -49386
-39912 42580 -92411
-39911 35455 -40474
-39910 -95840 52362
-39909 53443 -73643
-39908 -99697 7021
-39907 29556 -49300
-39906 44893 55205
-39905 60501 -81132
-39904 82302 89262
-39903 -6095 53577
-39902 76712 -67716
-39901 50508 1394
-39900 39532 -14685
-39899 -20175 -58320
-39898 -98139 38267
-39897 -54125 67050
-39896 35225 45455
-39895 -41764 2311
-39894 21908 10454
-39893 81104 -71691
-39892 -24164 32400
-39891 -11637 13584
-39890 51070 -72189
-39889 -89468 73972
-39888 -83498 17858
-39887 99585 58064
-39886 17221 50046
-39885 -17889 28029
-39884 73999 18270
-39883 -44495 35838
-39882 61531 -73378
-39881 -17959 -79576
-39880 -44776 -2214
-39879 -46044 19595
-39878 1129 -56759
-39877 64492 -61963
-39876 62035 72515
-39875 -22658 68693
-39874 -62188 -94896
-39873 -57122 -16872
-39872 49224 -87200
-39871 -36488 -25920
-39870 37940 312
-39869 85506 74880
-39868 -3932 98956
-39867 -90843 -48769
-39866 78622 -30715
-39865 -19974 65007
-39864 10196 96679
-39863 41840 -74179
-39862 83730 42642
-39861 -22570 -5632
-39860 5255 31891
-39859 22345 -21214
-39858 58719 -94024
-39857 28072 94809
-39856 -8711 13345
-39855 70242 -84979
-39854 -82587 88965
-39853 73523 -58616
-39852 88050 79370
-39851 71576 33603
-39850 75253 -44490
-39849 58342 14724
-39848 93582 -12026
-39847 -29075 71632
-39846 46772 -53342
-39845 -76655 -82556
-39844 -72510 31730
-39843 11582 -97134
-39842 77410 14464
-39841 45443 -56512
-39840 -32221 -97054
-39839 47388 -14399
-39838 95937 -68973
-39837 -3269 61961
-39836 28767 80472
-39835 91746 59739
