4909
-87003 32521 -35708
-87002 -10336 84005
-87001 33278 -31719
-87000 -43882 -23490
-86999 -36497 3813
-86998 -18483 -19047
-86997 -53164 25784
-86996 54766 -60704
-86995 -86776 52108
-86994 49607 -74902
-86993 -8335 -87837
-86992 -31796 41401
-86991 -67915 17601
-86990 34947 16330
-86989 42345 -45013
-86988 10110 -78786
-86987 -32678 -52850
-86986 -28148 30769
-86985 -62956 -610
-86984 56791 -33730
-86983 79691 -89877
-86982 99563 -88873
-86981 -78108 -18408
-86980 13682 -48238
-86979 40107 -68163
-86978 -90419 16568
-86977 87982 9250
-86976 -60832 -46324
-86975 5088 66404
-86974 -94726 -6065
-86973 -57734 -25569
-86972 14427 -75638
-86971 -51107 82339
-86970 26243 54482
-86969 -69533 -48848
-86968 -71379 -29102
-86967 51584 31105
-86966 60462 15459
-86965 -72683 94508
-86964 -85796 -26586
-86963 -44603 -20712
-86962 64844 -41639
-86961 85224 28494
-86960 38733 77621
-86959 -84005 23682
-86958 -61414 -14569
-86957 12851 -28259
-86956 84557 -390
-86955 -90049 16216
-86954 37553 -56882
-86953 3425 -75162
-86952 27884 8067
-86951 64923 -47653
-86950 26025 66324
-86949 61541 99055
-86948 -71806 51269
-86947 -15702 74115
-86946 56513 65464
-86945 70497 31166
-86944 -92267 1679
-86943 33124 88699
-86942 60943 31881
-86941 -92024 77051
-86940 -42258 -57159
-86939 -86221 -89602
-86938 98882 99670
-86937 -16857 29599
-86936 72711 77973
-86935 -97879 66409
-86934 78835 -54702
-86933 73527 69045
-86932 29858 -41265
-86931 -34418 -64697
-86930 96306 -24302
-86929 82829 -26617
-86928 8618 15430
-86927 25144 -41786
-86926 -8972 27135
-86925 37888 71444
-86924 56634 -7643
-86923 -34591 -7224
-86922 -41307 95174
-86921 -89119 -14959
-86920 -26701 -87244
-86919 -14266 14194
-86918 38970 -6425
-86917 87393 84314
-86916 -9343 69451
-86915 25247 12655
-86914 88654 -92300
-86913 36840 -74864
-86912 -84947 -97453
-86911 47030 45070
-86910 -89266 -10841
-86909 61895 16323
-86908 -77452 64880
-86907 78643 -17362
-86906 80008 28398
-86905 -4747 -30018
-86904 -70171 51478
-86903 16216 -53608
-86902 22634 -60146
-86901 57092 14032
-86900 38720 91982
-86899 -37065 12160
-86898 41932 -48034
-86897 98237 -65609
-86896 50084 -82988
-86895 -41700 -49836
-86894 49417 -49910
-86893 4227 -9776
-86892 23774 9358
-86891 48966 44134
-86890 22415 19681
-86889 -90397 52143
-86888 91200 12977
-86887 92769 -2240
-86886 -93748 63151
-86885 69779 2955
-86884 33792 -58412
-86883 -479 -10563
-86882 71661 -71954
-86881 -22727 34536
-86880 -2706 46188
-86879 -32090 28425
-86878 77201 -36147
-86877 -98213 76617
-86876 81140 -28115
-86875 -44850 -42771
-86874 -97006 -75198
-86873 -38612 58245
-86872 -82982 -76044
-86871 -38833 91970
-86870 -62119 46804
-86869 86308 86550
-86868 -28268 -53642
-86867 -93753 -61343
-86866 95555 81835
-86865 10500 61418
-86864 12489 55541
-86863 41869 36068
-86862 -45030 41191
-86861 -90369 -59139
-86860 47639 66569
-86859 -30576 3158
-86858 50207 -40213
-86857 -27901 -85965
-86856 -21279 21692
-86855 -64415 56060
-86854 91597 26668
-86853 -77530 41598
-86852 84372 24417
-86851 -9962 46356
-86850 63357 -31663
-86849 61132 2327
-86848 79245 -93935
-86847 28785 68309
-86846 72304 -75380
-86845 41463 -82618
-86844 -92050 7228
-86843 40244 82507
-86842 -1781 -22997
-86841 79137 -62916
-86840 -55959 -28496
-86839 33442 10779
-86838 -72464 77612
-86837 -43680 -63360
-86836 -93203 -10231
-86835 22021 -34041
-86834 38369 -45775
-86833 90286 50579
-86832 85008 -79330
-86831 -31308 62520
-86830 -60309 -32056
-86829 68059 88422
-86828 90297 81425
-86827 72299 -20773
-86826 -89705 -26009
-86825 18912 -14642
-86824 52793 -53694
-86823 -28908 9557
-86822 -99605 -3151
-86821 22230 -3135
-86820 -6480 -71402
-86819 22838 -13437
-86818 7387 26132
-86817 -56752 64279
-86816 -95389 -48530
-86815 59553 14757
-86814 62493 86995
-86813 65971 -31053
-86812 7858 35091
-86811 -7660 -48476
-86810 78579 -22225
-86809 31554 -52952
-86808 -99850 87069
-86807 -38126 -58958
-86806 -21054 60763
-86805 93414 -85809
-86804 -97340 95223
-86803 -31149 -39433
-86802 -58380 96207
-86801 65603 -70639
-86800 50719 -93994
-86799 -18355 876
-86798 -93624 20464
-86797 -36201 86526
-86796 67018 -34504
-86795 81352 74821
-86794 -49911 80090
-86793 99967 37513
-86792 94661 -33895
-86791 -59329 -97437
-86790 -51067 -1455
-86789 -31362 34655
-86788 -28208 78906
-86787 -54496 38529
-86786 81187 -9645
-86785 -76196 2914
-86784 -60538 19226
-86783 -20921 -58426
-86782 -5042 -8912
-86781 -98619 36213
-86780 88735 -53999
-86779 -44813 77150
-86778 18249 -68260
-86777 38424 -84294
-86776 82097 89168
-86775 36060 59661
-86774 -77192 -14547
-86773 77721 11201
-86772 -63268 -13952
-86771 -74593 -85915
-86770 -4147 -93799
-86769 67122 -2027
-86768 30510 -63461
-86767 56631 -58480
-86766 919 -96535
-86765 49196 97291
-86764 53803 -30323
-86763 63148 -67821
-86762 -3311 -92095
-86761 -31148 97465
-86760 16802 -35487
-86759 86049 -76595
-86758 17559 4101
-86757 6051 -55948
-86756 -5621 62963
-86755 90058 -99108
-86754 65035 -96301
-86753 -82741 96393
-86752 80272 -29820
-86751 -40001 81459
-86750 48135 -55286
-86749 -70243 -11523
-86748 38949 -25109
-86747 -16452 17135
-86746 89140 -45904
-86745 82519 75485
-86744 17760 64675
-86743 -30955 72550
-86742 -16045 2611
-86741 97148 21462
-86740 55424 54806
-86739 -22725 -77288
-86738 28326 4381
-86737 -62779 -56199
-86736 17879 61925
-86735 -98574 55855
-86734 -53679 72520
-86733 -68401 -12278
-86732 93113 11200
-86731 66564 50461
-86730 -1339 57343
-86729 95196 66533
-86728 -105 46849
-86727 75012 93075
-86726 -22426 23491
-86725 25933 -3112
-86724 82088 43537
-86723 44220 12762
-86722 97250 -82502
-86721 -35534 26936
-86720 -54942 9313
-86719 82965 -44672
-86718 -12295 -23032
-86717 76449 52451
-86716 95808 85284
-86715 -21584 51445
-86714 -99670 -1478
-86713 68994 53196
-86712 2368 33596
-86711 69802 87570
-86710 55982 -85778
-86709 -49158 -23198
-86708 58119 -84195
-86707 -40953 -61271
-86706 -79488 -89700
-86705 74686 -7181
-86704 94588 53555
-86703 -18441 70122
-86702 53887 91206
-86701 -28054 46882
-86700 67990 -68780
-86699 -75996 83837
-86698 -1062 -39365
-86697 -49418 4005
-86696 -81397 -44854
-86695 85475 70256
-86694 -76633 -52746
-86693 93537 82077
-86692 -15916 41921
-86691 -76680 44967
-86690 96474 81963
-86689 -94653 -70979
-86688 52504 -32557
-86687 33077 62032
-86686 -83277 19980
-86685 -65502 -98658
-86684 -75734 40137
-86683 65478 68261
-86682 -17119 74230
-86681 25262 47989
-86680 -91244 -10827
-86679 -14602 18250
-86678 37644 -94056
-86677 -62872 -9627
-86676 34678 80465
-86675 838 -19770
-86674 -66438 18723
-86673 -67424 -23229
-86672 -51726 -5376
-86671 67090 43596
-86670 44321 -29988
-86669 -16713 -72901
-86668 30678 -31731
-86667 19825 -61910
-86666 74443 -85419
-86665 -44487 -83173
-86664 -85244 -1506
-86663 -87704 -20381
-86662 43041 -45391
-86661 -87644 -74825
-86660 -88970 95151
-86659 -94811 27640
-86658 -11833 -88225
-86657 -6865 64368
-86656 -14392 -38994
-86655 -8522 -75583
-86654 80237 -6820
-86653 664 36402
-86652 -47106 58811
-86651 22969 -81866
-86650 -6735 24835
-86649 -8431 73795
-86648 -90501 70809
-86647 42337 -82690
-86646 14520 58414
-86645 -50531 92521
-86644 78137 77564
-86643 -84909 92916
-86642 44479 93210
-86641 -9424 -1709
-86640 -34423 -11254
-86639 -69654 59885
-86638 93051 -76914
-86637 -28589 -83624
-86636 88931 7460
-86635 -46411 58512
-86634 -83599 33057
-86633 74352 -93751
-86632 -22260 84845
-86631 -44903 -51475
-86630 46506 -83104
-86629 91806 38814
-86628 88128 21150
-86627 -50509 58419
-86626 -67155 -67070
-86625 -21018 -20513
-86624 5412 47106
-86623 70681 19659
-86622 64677 67972
-86621 -91214 -21626
-86620 38459 84290
-86619 -20019 86752
-86618 -54449 33955
-86617 86731 31761
-86616 30283 16376
-86615 -29775 83849
-86614 14877 -88033
-86613 -98177 78366
-86612 12268 -39198
-86611 5866 73442
-86610 93230 -23664
-86609 -60193 -88609
-86608 70455 85320
-86607 -2446 -28613
-86606 71191 8492
-86605 -87427 -52340
-86604 -56244 -90052
-86603 -13274 73631
-86602 -85154 31564
-86601 -60707 -89518
-86600 -76757 -81673
-86599 -89296 -97541
-86598 65420 6858
-86597 -61167 93030
-86596 63589 -29651
-86595 -37772 -81303
-86594 60546 45387
-86593 48782 33554
-86592 99659 -45944
-86591 70179 -58159
-86590 -5326 -50845
-86589 -97058 3574
-86588 -85609 62716
-86587 32017 -6745
-86586 -80503 41498
-86585 -47832 -21895
-86584 -98645 35875
-86583 55035 10856
-86582 1079 -59128
-86581 -83269 77483
-86580 65068 48564
-86579 99209 40433
-86578 86181 59191
-86577 23521 -28859
-86576 9830 64686
-86575 -70654 -19499
-86574 42937 83194
-86573 33264 30998
-86572 -30965 95579
-86571 36406 86421
-86570 40394 64142
-86569 31176 22082
-86568 42728 -20528
-86567 42760 -6036
-86566 -69678 -6581
-86565 95670 -59968
-86564 72639 99677
-86563 -92984 54003
-86562 -80827 75466
-86561 71609 -74424
-86560 -8715 -30936
-86559 92596 -84498
-86558 9435 15723
-86557 12753 37591
-86556 -41821 -36935
-86555 -98297 32197
-86554 -69590 5671
-86553 52329 10508
-86552 -36858 -2663
-86551 -6450 -71615
-86550 4098 27549
-86549 -80210 -99863
-86548 20119 -89445
-86547 -95051 -8488
-86546 99844 64774
-86545 10998 -28998
-86544 54225 -7442
-86543 -30834 -66270
-86542 81617 -76962
-86541 11222 90469
-86540 -322 1600
-86539 67955 74685
-86538 92742 69217
-86537 -97539 38769
-86536 933 -8108
-86535 -51990 26080
-86534 86291 62866
-86533 -5003 -63343
-86532 75288 39956
-86531 -80924 -81479
-86530 -65260 -29249
-86529 -18435 14280
-86528 81083 9386
-86527 -66842 -35839
-86526 94553 -68622
-86525 -66480 50669
-86524 16152 -60760
-86523 94896 73936
-86522 29724 71715
-86521 90328 -48114
-86520 69872 -79308
-86519 -46233 -27380
-86518 14068 -40720
-86517 -10905 -9858
-86516 -92243 -40135
-86515 -52765 -93764
-86514 -47736 -37249
-86513 11885 8597
-86512 88840 -81210
-86511 62306 -75262
-86510 68799 31113
-86509 34133 98631
-86508 -12191 -49135
-86507 -39161 -53262
-86506 -86474 87117
-86505 50267 71170
-86504 -80806 -76586
-86503 -49753 -85911
-86502 94740 -65321
-86501 46165 29873
-86500 6084 -8049
-86499 -34829 -83075
-86498 41741 25457
-86497 -93552 36164
-86496 92980 -59812
-86495 56074 -16375
-86494 -22100 69133
-86493 92826 97961
-86492 -82206 -42898
-86491 -15985 8271
-86490 -5640 -43691
-86489 61073 -91095
-86488 9934 77663
-86487 -91184 -52575
-86486 62408 58006
-86485 10421 75710
-86484 -35814 80207
-86483 -76482 -42336
-86482 55514 -29439
-86481 40447 43021
-86480 -3494 65874
-86479 55266 58789
-86478 -58516 66337
-86477 45190 -75689
-86476 56650 -5604
-86475 12172 13192
-86474 3432 6072
-86473 -33087 -68178
-86472 -26842 -40945
-86471 13751 30270
-86470 -55487 81279
-86469 -47432 -72205
-86468 -88689 23409
-86467 79459 97821
-86466 -51178 -18385
-86465 -51315 -70810
-86464 19221 -49776
-86463 79916 78009
-86462 -82105 -50429
-86461 -99153 18378
-86460 -21562 44626
-86459 21260 -10471
-86458 12442 97397
-86457 8600 -68785
-86456 33706 15131
-86455 -9348 -26591
-86454 -5822 81833
-86453 89307 44891
-86452 -86841 94412
-86451 -39131 90538
-86450 -55616 -4678
-86449 45798 -29972
-86448 -17951 87078
-86447 -37155 38325
-86446 -4457 80198
-86445 -73601 -85398
-86444 -74518 53324
-86443 65683 -27563
-86442 97654 49999
-86441 -13587 98098
-86440 -38835 -87409
-86439 -25139 -34117
-86438 220 -85058
-86437 93879 60898
-86436 85019 208
-86435 -4457 -47205
-86434 -63093 2499
-86433 8170 67988
-86432 -40286 -57237
-86431 63969 -97912
-86430 -72039 8844
-86429 -79839 -95420
-86428 -93543 65789
-86427 82313 -60638
-86426 -10067 -98226
-86425 -66921 21910
-86424 29635 -66488
-86423 48031 -68183
-86422 -86915 54483
-86421 69874 81712
-86420 99553 -54946
-86419 69 87760
-86418 99280 24052
-86417 70780 -74257
-86416 -22579 37454
-86415 -21826 -58365
-86414 -6 37839
-86413 -50197 -60631
-86412 60652 -358
-86411 97831 -25781
-86410 -50814 1771
-86409 -15341 -18822
-86408 -72998 -1033
-86407 46465 99661
-86406 91168 -21790
-86405 -53649 33320
-86404 45948 17068
-86403 62969 13724
-86402 23525 -91413
-86401 13860 68105
-86400 -25955 -97243
-86399 1604 44549
-86398 38612 -23597
-86397 -65840 -2908
-86396 -72749 78348
-86395 16853 78967
-86394 -77152 94605
-86393 93104 25780
-86392 -45535 26798
-86391 -83167 80801
-86390 -28581 -46922
-86389 -34347 90969
-86388 -60114 87462
-86387 -46968 -20154
-86386 -21531 -59099
-86385 -6470 25680
-86384 75120 1077
-86383 37404 95201
-86382 -80047 -65516
-86381 -38268 4111
-86380 -41292 -15054
-86379 87250 90687
-86378 27659 84229
-86377 7658 -48547
-86376 61547 -73979
-86375 97214 -61511
-86374 43963 72532
-86373 -80231 10717
-86372 91635 -15761
-86371 -75722 -13216
-86370 85427 -91305
-86369 -47730 93008
-86368 -51866 82717
-86367 -86054 -3533
-86366 25442 18215
-86365 50285 -44066
-86364 -36786 -41191
-86363 -46136 -75235
-86362 65204 -62099
-86361 15475 68826
-86360 37698 -66002
-86359 31871 98354
-86358 -39749 -28133
-86357 68792 50085
-86356 97970 -27767
-86355 82877 -52717
-86354 93758 -67528
-86353 -50351 -62946
-86352 -43112 44387
-86351 81024 31076
-86350 -87243 -79194
-86349 91149 83789
-86348 97612 -64511
-86347 54441 -77539
-86346 -70353 -86805
-86345 -13043 -69109
-86344 -81824 -97683
-86343 -46701 74164
-86342 -14041 -7998
-86341 -36869 46696
-86340 -30135 -88773
-86339 77552 94390
-86338 -1921 -11673
-86337 -34203 87440
-86336 -4018 46114
-86335 92902 49794
-86334 85869 98367
-86333 67886 -61398
-86332 56936 -96603
-86331 49929 35940
-86330 -65721 45928
-86329 -49159 -21130
-86328 33963 -38012
-86327 21522 -96746
-86326 47316 72796
-86325 -85206 -6602
-86324 53264 -38849
-86323 -47089 13584
-86322 -7902 37753
-86321 83877 23672
-86320 -9172 96506
-86319 70322 69973
-86318 -37903 -53810
-86317 -93006 16061
-86316 -1838 36068
-86315 11334 39029
-86314 -51338 -7657
-86313 -31164 86241
-86312 93527 -27940
-86311 -41043 -57431
-86310 99018 -52820
-86309 -26397 31783
-86308 -16117 -56944
-86307 35454 -56167
-86306 -40310 -81463
-86305 -4851 -16235
-86304 87302 20520
-86303 -88652 -70294
-86302 41750 -47043
-86301 -5113 -62160
-86300 -97415 -74781
-86299 -72957 97447
-86298 -5132 -62819
-86297 50711 5374
-86296 48052 95745
-86295 -3088 43299
-86294 -25394 3600
-86293 34372 12167
-86292 -76900 94114
-86291 -78386 20149
-86290 -38262 -52120
-86289 -54566 83054
-86288 -26753 -44517
-86287 -83687 51984
-86286 1672 14016
-86285 -32075 -78020
-86284 459 -28746
-86283 -60838 -57793
-86282 37274 -6614
-86281 3395 46416
-86280 -41 33226
-86279 -99150 33262
-86278 58725 -14301
-86277 -40290 -48175
-86276 35871 96962
-86275 90242 -54567
-86274 50174 10726
-86273 -5608 -88867
-86272 53069 -95574
-86271 -7950 -19948
-86270 -31126 -56432
-86269 -17228 -58542
-86268 -2724 29304
-86267 68127 -78829
-86266 44397 18615
-86265 49535 82600
-86264 -83550 -89614
-86263 -49444 28926
-86262 28698 -33834
-86261 -46117 4946
-86260 25628 -57173
-86259 31079 -72287
-86258 -75747 -36569
-86257 -54871 89826
-86256 40243 -35699
-86255 -57348 92593
-86254 -73884 58326
-86253 68698 -35047
-86252 -1149 -57309
-86251 12853 -47246
-86250 76290 -37813
-86249 -63929 -12189
-86248 -29238 75964
-86247 25268 -14913
-86246 -69736 49661
-86245 -99457 24618
-86244 29689 8669
-86243 -79583 -13778
-86242 -76185 5924
-86241 -64658 -76009
-86240 -65534 82950
-86239 -69482 -19631
-86238 -10605 -54050
-86237 -26331 -80406
-86236 -64558 22088
-86235 -31626 -23136
-86234 51168 14502
-86233 63546 28830
-86232 -64061 -78761
-86231 -90347 67891
-86230 17439 80687
-86229 64771 -78582
-86228 -67862 27247
-86227 -37767 7379
-86226 31905 58163
-86225 -31504 -91341
-86224 69405 -13192
-86223 -41888 -59578
-86222 -83139 74144
-86221 -14611 88617
-86220 58001 -88464
-86219 12740 -19252
-86218 -68146 -62998
-86217 63701 90721
-86216 95770 -58555
-86215 -42435 93731
-86214 -44393 57974
-86213 65795 63495
-86212 19510 -32559
-86211 -14221 77880
-86210 -30874 -97240
-86209 -72505 -78062
-86208 46703 -43615
-86207 31866 46439
-86206 73398 27424
-86205 64012 88625
-86204 -23570 41082
-86203 59059 46561
-86202 -71018 -5598
-86201 -22390 3722
-86200 21455 -40551
-86199 -956 8732
-86198 -61964 -27681
-86197 86077 -44775
-86196 83365 -34486
-86195 -15400 -31512
-86194 94424 24895
-86193 72575 -91691
-86192 -60268 -72212
-86191 39895 33872
-86190 66349 -7426
-86189 -26160 21254
-86188 -94744 -48309
-86187 -85564 86164
-86186 -13659 -72489
-86185 59201 74972
-86184 -68660 -95056
-86183 -3590 59854
-86182 69972 -39986
-86181 -68930 -41641
-86180 77355 -23347
-86179 -83619 -66347
-86178 -78129 -28064
-86177 3901 81291
-86176 46350 -39844
-86175 -70865 -57513
-86174 49459 86831
-86173 -76418 74870
-86172 50096 53611
-86171 -10118 46204
-86170 -84405 -4315
-86169 75941 -72823
-86168 14977 -64231
-86167 14117 75459
-86166 -67025 72057
-86165 1247 -23347
-86164 -19373 87966
-86163 44596 -60575
-86162 3730 23339
-86161 -65398 -601
-86160 -16853 -42677
-86159 -17723 55500
-86158 60487 -81816
-86157 67666 -21944
-86156 48122 77210
-86155 53507 -18674
-86154 -22319 -83965
-86153 -97146 -25952
-86152 14164 -6443
-86151 4015 2684
-86150 62198 -17238
-86149 -75341 -25368
-86148 -36612 -46255
-86147 74987 -68492
-86146 90312 -484
-86145 -1461 -58933
-86144 -72914 -78773
-86143 -4226 17082
-86142 59578 -44871
-86141 -42714 4625
-86140 62776 -23364
-86139 47307 -77089
-86138 17864 -91336
-86137 52570 -68948
-86136 75146 -53244
-86135 29094 -31323
-86134 -74978 -57852
-86133 90242 -95808
-86132 -97162 22292
-86131 85159 94510
-86130 -32925 42807
-86129 11979 -64005
-86128 15352 20876
-86127 -91929 28587
-86126 -47348 -31534
-86125 -10493 -72676
-86124 20866 3860
-86123 48325 -19068
-86122 -60256 -53103
-86121 96394 50967
-86120 -53420 13712
-86119 -63124 92495
-86118 -76882 88898
-86117 -76702 -37124
-86116 -56539 -15887
-86115 50054 37744
-86114 52122 -31921
-86113 20744 94690
-86112 38427 -37948
-86111 -15039 -95098
-86110 -15526 25629
-86109 -24129 -6283
-86108 83209 -51017
-86107 -77651 -80040
-86106 7275 19142
-86105 -60058 66723
-86104 99385 23970
-86103 66649 30729
-86102 -1273 -67482
-86101 -21023 54563
-86100 37309 10822
-86099 8773 62332
-86098 62472 -7915
-86097 89541 -57339
-86096 42692 68316
-86095 -99050 81806
-86094 -98092 71997
-86093 20250 35905
-86092 72725 50103
-86091 -30879 22993
-86090 -17712 -36891
-86089 13044 42909
-86088 -36759 46180
-86087 -35059 -9706
-86086 95108 -13021
-86085 -31262 53271
-86084 -46048 -419
-86083 -36500 65135
-86082 90460 -44611
-86081 -71388 56398
-86080 92885 23988
-86079 29450 -97339
-86078 91965 72001
-86077 91439 50017
-86076 -99160 -256
-86075 -17184 89494
-86074 44043 -44422
-86073 10451 -81893
-86072 92321 70958
-86071 60585 -46972
-86070 3030 -86674
-86069 -40937 -23012
-86068 38380 59882
-86067 35673 -63775
-86066 -44917 9911
-86065 -40176 -3052
-86064 36114 -94873
-86063 -53698 -59713
-86062 92406 -81472
-86061 35499 -58047
-86060 -43386 29035
-86059 67444 69722
-86058 6808 70806
-86057 29196 96889
-86056 51836 -31717
-86055 49425 80812
-86054 -62467 -94407
-86053 82136 40248
-86052 -37876 11184
-86051 1493 -28229
-86050 -49491 41623
-86049 -18403 -39727
-86048 -79916 17888
-86047 -89551 -74269
-86046 -27527 31611
-86045 43897 -29494
-86044 25868 11497
-86043 64555 57592
-86042 -17578 85980
-86041 -31201 -27198
-86040 -78016 34399
-86039 22567 -83209
-86038 91408 16473
-86037 -28318 66447
-86036 90223 -96334
-86035 -26765 -63531
-86034 81417 19671
-86033 79581 -80361
-86032 32746 39920
-86031 12463 -27770
-86030 2542 -58592
-86029 31171 -1173
-86028 -11643 77157
-86027 -35385 11766
-86026 46812 52384
-86025 65510 -40256
-86024 -45289 31445
-86023 -60722 -20212
-86022 82034 -27020
-86021 -77331 67128
-86020 41379 21359
-86019 86879 -29210
-86018 -70481 -4219
-86017 -89602 -25480
-86016 -93088 -60339
-86015 -33692 -52315
-86014 85508 -82703
-86013 -61361 -68986
-86012 54138 98784
-86011 72456 -81862
-86010 61156 -39287
-86009 -49851 33891
-86008 -92699 59134
-86007 32217 -13605
-86006 45864 36571
-86005 40659 95516
-86004 21819 -5103
-86003 71452 -78587
-86002 78798 43098
-86001 -41979 -94886
-86000 75159 -89693
-85999 43950 -89356
-85998 42803 52801
-85997 -11160 61165
-85996 -85722 -93694
-85995 86293 -73782
-85994 -31603 -22301
-85993 -69760 -72582
-85992 38882 -52368
-85991 71050 -66829
-85990 33453 81610
-85989 27868 69016
-85988 -10467 -48937
-85987 1633 -30243
-85986 -49286 -30903
-85985 96291 -45380
-85984 -76021 24586
-85983 -82516 14597
-85982 -71097 90301
-85981 -91916 15886
-85980 -47820 58055
-85979 73692 -23681
-85978 93338 47715
-85977 -6758 88064
-85976 -72841 -97164
-85975 91676 -8189
-85974 -33282 32921
-85973 66443 57986
-85972 -6490 58433
-85971 29610 3783
-85970 4618 63373
-85969 -32647 55649
-85968 29193 -32952
-85967 27301 -91184
-85966 98960 -83693
-85965 56945 -91944
-85964 -28023 83353
-85963 -36906 9084
-85962 -15307 -35558
-85961 -97882 -63919
-85960 -86055 -93257
-85959 -4681 72460
-85958 36577 -74821
-85957 -37370 55963
-85956 -81592 -69479
-85955 -21634 98996
-85954 72751 -6002
-85953 11983 52543
-85952 -45786 51837
-85951 -21494 95431
-85950 -31688 -78552
-85949 -84727 -68228
-85948 44389 10011
-85947 -37741 -35185
-85946 -65933 -80408
-85945 9056 22224
-85944 -81974 -71146
-85943 -55868 -1637
-85942 -40374 -55635
-85941 -9355 -68495
-85940 49146 85561
-85939 70372 54947
-85938 -55032 -3635
-85937 69537 -65421
-85936 -5434 -90616
-85935 -69921 79547
-85934 35853 75472
-85933 -36556 -93399
-85932 -26741 41487
-85931 -73601 48008
-85930 -20813 -93077
-85929 70957 28551
-85928 -92521 -6558
-85927 94296 57761
-85926 -55320 73858
-85925 19886 -87573
-85924 -84837 -36829
-85923 -21593 -76628
-85922 -54021 92155
-85921 43372 94166
-85920 -23 -39545
-85919 42909 -60256
-85918 -36368 -90739
-85917 60101 31650
-85916 97356 71224
-85915 -52351 -77498
-85914 93697 47217
-85913 -70538 -2765
-85912 93006 49950
-85911 33459 52775
-85910 93441 -87938
-85909 -1521 -82521
-85908 22786 12477
-85907 -80643 60468
-85906 -65870 -98949
-85905 -51939 -88059
-85904 -61341 -54615
-85903 -5303 -59612
-85902 -23738 72634
-85901 57127 43799
-85900 -63071 43549
-85899 -29489 -3442
-85898 -63183 65528
-85897 93836 15937
-85896 -37084 -95025
-85895 21723 -76819
-85894 -29219 7486
-85893 83793 -92879
-85892 6222 -52749
-85891 -23884 27361
-85890 52391 62692
-85889 -53472 99847
-85888 -59559 -82027
-85887 73053 96722
-85886 54899 -33621
-85885 -7255 52340
-85884 76195 -78580
-85883 -42233 75101
-85882 64263 22999
-85881 -36010 -52771
-85880 -52969 -65193
-85879 31919 -766
-85878 80910 -87117
-85877 -33863 -53620
-85876 -81166 -23157
-85875 92743 -81129
-85874 -47366 91347
-85873 64540 -5463
-85872 -87356 -77764
-85871 14046 -33410
-85870 98706 86589
-85869 -24589 -11000
-85868 14506 -88116
-85867 -13813 8313
-85866 -83138 -2560
-85865 -49080 6792
-85864 -92505 -34450
-85863 85842 -47361
-85862 76328 -28799
-85861 28321 -48758
-85860 -16978 45849
-85859 54833 69302
-85858 78927 21504
-85857 81297 20376
-85856 36033 27692
-85855 72123 -75514
-85854 8772 -2100
-85853 -44028 48555
-85852 -72979 -45113
-85851 -81951 543
-85850 76379 49041
-85849 4561 -33901
-85848 -68514 -79773
-85847 -75767 35292
-85846 -48604 77237
-85845 -51664 -50888
-85844 28253 -63316
-85843 -26590 6585
-85842 -2098 -55270
-85841 15530 -33041
-85840 -31789 84790
-85839 -14783 -91121
-85838 89493 -21825
-85837 -6227 -65658
-85836 -80539 11033
-85835 -32418 -8871
-85834 78303 23727
-85833 -44953 36010
-85832 -70393 -14195
-85831 84715 -52797
-85830 49405 98623
-85829 -76834 -875
-85828 -8316 19644
-85827 96031 -9670
-85826 -69428 29832
-85825 66618 -15250
-85824 46577 46506
-85823 31865 24909
-85822 -60878 12136
-85821 31858 -80018
-85820 -23720 72429
-85819 18999 -14519
-85818 -21244 -88835
-85817 80845 -23027
-85816 37151 -46566
-85815 85442 -82858
-85814 629 -79840
-85813 57613 -55529
-85812 -21832 -44937
-85811 2189 -53283
-85810 -9648 -99474
-85809 75489 -13892
-85808 54335 -84286
-85807 62054 -59409
-85806 93058 38179
-85805 -86083 -70831
-85804 93719 71132
-85803 87010 7699
-85802 62756 58380
-85801 45564 41882
-85800 70985 45465
-85799 -88341 -12737
-85798 23258 -93532
-85797 -13370 -33248
-85796 31819 -39027
-85795 -83598 89439
-85794 -38159 -1037
-85793 -3716 -92936
-85792 51536 50748
-85791 74621 -66090
-85790 66610 36905
-85789 9258 -99153
-85788 72043 -16470
-85787 75451 54303
-85786 79894 -64758
-85785 -97673 51978
-85784 -93778 72815
-85783 -92204 11749
-85782 -19188 -32326
-85781 40897 -82949
-85780 -66326 92879
-85779 -1780 89509
-85778 68694 -20627
-85777 -99230 -18285
-85776 99587 8197
-85775 30181 97784
-85774 90459 81577
-85773 55319 46617
-85772 69423 -35671
-85771 -43838 -93561
-85770 29693 -97835
-85769 36498 90727
-85768 -80476 29567
-85767 37459 -4832
-85766 1718 71460
-85765 32957 34913
-85764 95558 -6573
-85763 -40524 -83503
-85762 95842 68726
-85761 10314 -98469
-85760 -68836 -26761
-85759 75804 91893
-85758 -97826 50519
-85757 29236 -68156
-85756 64248 2343
-85755 -21055 -56893
-85754 93669 76059
-85753 74882 99980
-85752 -28372 -33308
-85751 -84850 -24580
-85750 -8326 98471
-85749 54451 59967
-85748 -98955 18868
-85747 -90020 -84100
-85746 -17106 82052
-85745 -89884 -33645
-85744 -65959 15255
-85743 74436 -73854
-85742 93166 -16203
-85741 57367 -52512
-85740 44771 38378
-85739 29283 73828
-85738 -93623 44839
-85737 -49211 17818
-85736 75784 -39502
-85735 54941 23965
-85734 -78609 81274
-85733 66920 50560
-85732 -31930 74037
-85731 -3039 91846
-85730 -48053 11445
-85729 -66061 -65747
-85728 37321 94475
-85727 53535 42628
-85726 75387 -60820
-85725 -98549 61979
-85724 64314 8310
-85723 -8202 40826
-85722 -95232 1400
-85721 -40209 25296
-85720 70599 29967
-85719 -39023 -25186
-85718 -49197 29752
-85717 1449 -85348
-85716 36665 -59532
-85715 -1809 -85818
-85714 21638 22099
-85713 -87174 -88221
-85712 14128 -51024
-85711 2867 88381
-85710 88500 38886
-85709 -82924 -12972
-85708 50478 49153
-85707 58889 37723
-85706 55335 -83402
-85705 87488 -71725
-85704 62407 67605
-85703 -29406 15351
-85702 -17131 52124
-85701 -54140 59803
-85700 -55789 16382
-85699 30720 -82314
-85698 -14707 -64903
-85697 89639 40356
-85696 81024 -47988
-85695 -25916 -24896
-85694 -60500 -47793
-85693 35780 54055
-85692 -38673 58486
-85691 1480 -83891
-85690 -80831 84746
-85689 -96231 -46995
-85688 94240 -37610
-85687 -8432 -43398
-85686 -25345 16681
-85685 -55355 46561
-85684 70453 -14824
-85683 -96515 60843
-85682 48320 93924
-85681 47531 -43458
-85680 70236 -15362
-85679 21269 47798
-85678 -91826 13016
-85677 -71701 21200
-85676 7655 49305
-85675 -14080 15407
-85674 39947 13050
-85673 21850 46637
-85672 -6697 -48637
-85671 70992 62152
-85670 2307 -76886
-85669 76575 -90840
-85668 14065 -10297
-85667 -19001 -38257
-85666 -39112 2611
-85665 76137 5416
-85664 -83662 66426
-85663 90559 -30822
-85662 57352 39412
-85661 99197 35035
-85660 -55027 -34325
-85659 -78415 -8474
-85658 -45817 52005
-85657 28024 -26780
-85656 46938 79442
-85655 35404 70489
-85654 -59363 60904
-85653 -70143 -62508
-85652 27410 87487
-85651 20390 -48471
-85650 -13376 21663
-85649 -21946 -65509
-85648 -55575 -44590
-85647 9711 20752
-85646 -13806 -47455
-85645 -10163 19764
-85644 3376 9231
-85643 16377 -78358
-85642 -93743 -65579
-85641 -37640 94821
-85640 -38718 -21828
-85639 -29141 86709
-85638 -27544 -62360
-85637 -9407 12793
-85636 -56013 -62041
-85635 89925 -57945
-85634 95897 -48410
-85633 -9915 -16856
-85632 -59408 -3020
-85631 56656 -91951
-85630 48486 -65153
-85629 -53280 -47338
-85628 -85269 -19310
-85627 -58815 99549
-85626 16001 45513
-85625 -84604 -26321
-85624 -82898 -39196
-85623 -98762 -86207
-85622 43790 -11521
-85621 10128 -87765
-85620 48842 84925
-85619 54054 -75875
-85618 56146 76792
-85617 -88057 93516
-85616 -90308 99489
-85615 -59567 67899
-85614 86666 51942
-85613 -79679 -69831
-85612 -50536 38659
-85611 -47253 21583
-85610 77837 -97111
-85609 -58452 93009
-85608 -16909 56091
-85607 56755 73765
-85606 91385 94790
-85605 65 83353
-85604 22369 70648
-85603 47100 -84624
-85602 -46990 -73071
-85601 14347 -66021
-85600 -50746 81504
-85599 35816 6305
-85598 1737 -12346
-85597 28437 9887
-85596 88470 -51081
-85595 33160 -76577
-85594 -81226 47179
-85593 11827 76720
-85592 46670 -25619
-85591 36000 21139
-85590 -12314 47927
-85589 49063 38019
-85588 30627 -57705
-85587 7877 -32227
-85586 24845 -74932
-85585 -24521 -3178
-85584 -66498 17780
-85583 -87108 -62309
-85582 35779 54376
-85581 8404 -6630
-85580 -81267 26673
-85579 28066 -15432
-85578 -79131 57046
-85577 -48437 -59107
-85576 -82054 -96663
-85575 79320 -12714
-85574 50187 41873
-85573 -14518 -21252
-85572 48434 63882
-85571 50507 -28195
-85570 -72880 93136
-85569 -86263 25423
-85568 61987 21768
-85567 -28869 25321
-85566 -82776 -9887
-85565 92254 -75544
-85564 58449 4502
-85563 -89630 93857
-85562 45977 56284
-85561 -54766 64810
-85560 95611 -20594
-85559 -71059 52263
-85558 24412 75724
-85557 51713 50976
-85556 893 10026
-85555 94018 -10069
-85554 -17057 -13684
-85553 30062 -65474
-85552 -75955 36878
-85551 -79842 -73003
-85550 -8238 -79115
-85549 -27538 -16728
-85548 -95047 65345
-85547 -82966 79796
-85546 -87015 -20074
-85545 95792 -63788
-85544 -60504 49366
-85543 52348 -69688
-85542 -1570 -24507
-85541 43880 -28520
-85540 51069 -45268
-85539 48179 76802
-85538 -50878 81631
-85537 53175 8938
-85536 24003 99840
-85535 16009 -19930
-85534 97817 17435
-85533 69387 7565
-85532 -7498 72856
-85531 26047 25229
-85530 36510 -34709
-85529 -63932 8784
-85528 -46167 -11298
-85527 66624 22049
-85526 -17774 -47905
-85525 71403 30921
-85524 -78814 65810
-85523 31166 64082
-85522 -59925 -1960
-85521 27559 -12111
-85520 61917 -4861
-85519 64860 -8338
-85518 82223 -41834
-85517 20579 -72575
-85516 -63315 -24527
-85515 32427 63546
-85514 99738 70502
-85513 37175 57977
-85512 11883 -25328
-85511 -95202 88034
-85510 77106 -73337
-85509 -14904 -55520
-85508 23103 -5694
-85507 -81021 -78632
-85506 -4020 73217
-85505 69493 34116
-85504 -2079 54948
-85503 99071 -88667
-85502 91089 7845
-85501 22699 -79099
-85500 -9126 -97781
-85499 -49075 -7352
-85498 42431 -11185
-85497 -16633 -78487
-85496 48012 -24752
-85495 10195 -27112
-85494 -88366 -54486
-85493 31491 16638
-85492 29168 -89200
-85491 48129 36967
-85490 62259 -84400
-85489 91123 -14002
-85488 222 -79817
-85487 6029 73717
-85486 -35556 -55917
-85485 96257 15032
-85484 59866 13052
-85483 -99888 -38672
-85482 71759 56887
-85481 -67111 82436
-85480 47619 -81650
-85479 -59522 -2263
-85478 50878 -96905
-85477 -15692 54719
-85476 -73236 -56537
-85475 -82517 41416
-85474 79562 80676
-85473 -64536 -99434
-85472 3028 18456
-85471 20513 98191
-85470 71322 21319
-85469 64554 -59777
-85468 6623 49198
-85467 -47475 -21327
-85466 48055 20058
-85465 -82203 57366
-85464 -86896 26978
-85463 3721 -38915
-85462 98668 27246
-85461 38092 -30422
-85460 2428 -51378
-85459 40066 72110
-85458 -74683 -68012
-85457 83674 -26070
-85456 -41019 21475
-85455 -56772 22359
-85454 -40990 82328
-85453 -36236 -82042
-85452 -34575 15180
-85451 -89913 18273
-85450 -61171 -41750
-85449 -19113 -87547
-85448 -17000 73074
-85447 83475 -33989
-85446 -76282 -24719
-85445 92155 74060
-85444 26362 -96941
-85443 54091 20961
-85442 -30214 2601
-85441 54150 63142
-85440 -22560 14368
-85439 -88395 52145
-85438 4796 36757
-85437 49219 -52911
-85436 -66633 16800
-85435 85168 -10479
-85434 -47685 -14711
-85433 29056 -99597
-85432 -47744 -27901
-85431 -43479 -11097
-85430 81742 -66014
-85429 -89693 -86289
-85428 -49529 20769
-85427 -72935 -45050
-85426 33165 22423
-85425 -34086 -64745
-85424 78447 -6094
-85423 50347 79456
-85422 -40608 74151
-85421 51841 16708
-85420 49162 43158
-85419 -75928 21628
-85418 -25639 81491
-85417 -50446 -49950
-85416 -54466 -40638
-85415 30221 96139
-85414 38812 87938
-85413 -59889 -30901
-85412 -33173 -5945
-85411 44282 -77358
-85410 66747 15879
-85409 77255 -54101
-85408 78974 -41476
-85407 -69795 48585
-85406 87232 -74466
-85405 -4531 -60049
-85404 51912 7063
-85403 -37005 -52291
-85402 -13764 -38280
-85401 -70340 22373
-85400 -26273 -15073
-85399 89008 44121
-85398 4272 -96590
-85397 47807 28435
-85396 29400 -80026
-85395 14980 -22715
-85394 97730 83136
-85393 36455 18734
-85392 66358 902
-85391 5788 34868
-85390 -71159 53843
-85389 57638 -86530
-85388 19793 -64163
-85387 55339 16794
-85386 -51161 29444
-85385 -41545 -56662
-85384 -73943 66508
-85383 44903 -25336
-85382 80734 -42064
-85381 -13414 29577
-85380 31944 94148
-85379 21153 -39625
-85378 29751 -65310
-85377 -35521 -7265
-85376 -19095 -98117
-85375 31163 46627
-85374 -88189 -74979
-85373 -23272 -15740
-85372 -56294 -85783
-85371 16987 94617
-85370 -54781 83593
-85369 79636 -21718
-85368 30672 6156
-85367 75223 -6525
-85366 49505 -72307
-85365 17470 -43482
-85364 -33948 51145
-85363 -17961 85418
-85362 8886 -18923
-85361 33518 30190
-85360 33380 29453
-85359 -98912 81825
-85358 -15323 -90580
-85357 -94954 96570
-85356 -46677 -10802
-85355 -12626 41829
-85354 79934 49257
-85353 50325 -79833
-85352 -91777 23846
-85351 -26475 -39161
-85350 -16382 64234
-85349 -68838 37286
-85348 55334 69337
-85347 -96212 20264
-85346 -256 3631
-85345 -36230 -59941
-85344 -6023 -88529
-85343 -12379 -79357
-85342 17082 -60023
-85341 -87989 61067
-85340 87572 97911
-85339 -49026 58628
-85338 -51247 17109
-85337 78219 -84432
-85336 11286 -49357
-85335 -61561 71084
-85334 -41184 -50440
-85333 4712 98972
-85332 33429 23480
-85331 -47221 92086
-85330 64472 64932
-85329 32487 -64387
-85328 50188 -61891
-85327 -52123 90831
-85326 91771 31257
-85325 -68820 9757
-85324 -23649 -40533
-85323 -42015 80379
-85322 -22048 26667
-85321 -61277 25865
-85320 53290 87677
-85319 -85565 -75384
-85318 -13369 90793
-85317 40107 -75917
-85316 25455 68838
-85315 -6373 10564
-85314 3186 88051
-85313 6200 -8554
-85312 -8751 2119
-85311 -56384 -32128
-85310 10817 47209
-85309 33972 -7181
-85308 -55684 60811
-85307 -55151 704
-85306 67763 98622
-85305 890 15589
-85304 31699 77253
-85303 58824 85483
-85302 -83221 39780
-85301 17132 916
-85300 20049 -98215
-85299 22782 25769
-85298 95283 64778
-85297 -65603 -97598
-85296 -7728 -10462
-85295 94123 -14760
-85294 -40375 76494
-85293 -15712 78798
-85292 -6933 -54952
-85291 -83314 -50367
-85290 80733 -69530
-85289 91854 -69813
-85288 -47034 -50164
-85287 16361 -56800
-85286 70130 -84328
-85285 62276 57509
-85284 57214 69432
-85283 -84645 -49601
-85282 95904 -32954
-85281 29756 46421
-85280 -48906 -35004
-85279 94568 65077
-85278 -49989 65066
-85277 73677 33680
-85276 67383 -76586
-85275 -95265 -64022
-85274 -95964 -51462
-85273 -29764 -66405
-85272 -72744 1531
-85271 15661 90457
-85270 78992 -53086
-85269 53061 92408
-85268 -63685 -24874
-85267 -31385 -63469
-85266 95026 23001
-85265 51690 -55177
-85264 -61289 -93910
-85263 -81254 56568
-85262 -91176 63587
-85261 -78703 9347
-85260 86147 81039
-85259 60299 76826
-85258 -25227 -57398
-85257 64151 67226
-85256 -38652 1739
-85255 22784 -51327
-85254 -65365 -1774
-85253 -73783 -26022
-85252 60008 78428
-85251 31656 -70780
-85250 -54055 66312
-85249 -6818 -58352
-85248 75248 57098
-85247 -33057 28312
-85246 -27671 -47524
-85245 -82948 36932
-85244 -63987 7948
-85243 34121 -24018
-85242 6282 -21125
-85241 -32279 22640
-85240 27650 72106
-85239 84920 -98247
-85238 48586 36051
-85237 -53991 -9097
-85236 40555 -51247
-85235 44901 12977
-85234 17534 -58823
-85233 -79805 89327
-85232 55506 22203
-85231 -4588 28388
-85230 -81990 19040
-85229 -9103 25817
-85228 -92628 -17806
-85227 74591 40106
-85226 -83423 -63755
-85225 23434 27098
-85224 -57630 65604
-85223 -58637 29836
-85222 -84982 66675
-85221 -67554 -44117
-85220 -23894 -47968
-85219 95839 -95566
-85218 -14320 -43779
-85217 -33897 56772
-85216 48985 22917
-85215 57465 -34528
-85214 -22887 2261
-85213 -37685 -74594
-85212 52274 -68071
-85211 -22686 80459
-85210 -63693 66413
-85209 -58025 2982
-85208 7521 89572
-85207 -42509 36220
-85206 -86788 -75562
-85205 -84698 -58441
-85204 -7448 73382
-85203 29875 30993
-85202 -68273 5937
-85201 -63901 -26418
-85200 -38427 -11133
-85199 -254 -87797
-85198 50912 36288
-85197 81236 -90087
-85196 87751 27874
-85195 -65356 -79172
-85194 -18079 -33524
-85193 -45482 84204
-85192 42622 -40720
-85191 -17865 -19262
-85190 -81045 -66197
-85189 8983 -5102
-85188 2158 -34251
-85187 -13635 -40458
-85186 -24104 52989
-85185 9743 95625
-85184 8727 48947
-85183 68724 53823
-85182 -57308 3906
-85181 -87625 -68744
-85180 -65688 -88732
-85179 -63738 95870
-85178 -51713 47024
-85177 -5063 22814
-85176 -67885 90887
-85175 37115 -25584
-85174 99097 -65901
-85173 -49618 -91052
-85172 14180 19672
-85171 -40993 25790
-85170 82699 -64204
-85169 97426 -82874
-85168 -14372 38770
-85167 -35598 -63774
-85166 -77635 -17054
-85165 -64774 -33010
-85164 60403 90181
-85163 -53380 -14409
-85162 -55055 41678
-85161 53655 73981
-85160 52815 -93515
-85159 88900 8783
-85158 -71913 -85270
-85157 -16527 -13963
-85156 -70327 60655
-85155 -21020 34234
-85154 -34939 73129
-85153 33488 41085
-85152 -75967 -75411
-85151 -33457 67405
-85150 -97745 -64667
-85149 61977 -89677
-85148 36508 -81973
-85147 89027 -79690
-85146 73796 27119
-85145 -56758 74588
-85144 22917 -87747
-85143 -81583 72854
-85142 -96888 25524
-85141 46218 -74973
-85140 50442 -75907
-85139 35845 -43511
-85138 -21041 -37487
-85137 -14531 -35268
-85136 89960 -54649
-85135 74084 98812
-85134 54799 21993
-85133 -69886 74836
-85132 3893 35882
-85131 10613 -45103
-85130 97378 15287
-85129 74806 -33195
-85128 -57888 -52821
-85127 -19359 99310
-85126 -26107 94006
-85125 77595 -64805
-85124 -42404 41246
-85123 -99889 -65938
-85122 -60057 11480
-85121 98835 7132
-85120 57560 78047
-85119 -39012 -1442
-85118 46512 98473
-85117 -72545 80480
-85116 96427 -19858
-85115 66193 48542
-85114 -491 -11818
-85113 -64752 53741
-85112 -3861 -13463
-85111 -93975 -80623
-85110 21142 95497
-85109 90583 -91464
-85108 99681 -22951
-85107 83145 -43033
-85106 98968 -56717
-85105 28252 -13004
-85104 -60604 999
-85103 -89213 72350
-85102 51897 -88285
-85101 8924 -84921
-85100 -46939 -66578
-85099 -97896 65680
-85098 -36797 97603
-85097 -69052 -51551
-85096 51494 -50781
-85095 -41124 -34693
-85094 98190 -51904
-85093 -77261 44998
-85092 90572 81150
-85091 41898 15794
-85090 -72490 -38191
-85089 -89716 85669
-85088 38077 -74202
-85087 37640 5519
-85086 -50397 -95146
-85085 95997 12542
-85084 -37117 -57005
-85083 -34075 3319
-85082 -2398 38165
-85081 14753 -38997
-85080 -22078 -47118
-85079 -32274 33496
-85078 61382 -88340
-85077 -63635 18841
-85076 -35834 -35788
-85075 24106 -76635
-85074 45920 92945
-85073 -42705 71778
-85072 65994 -24591
-85071 2043 -84435
-85070 23032 -68763
-85069 -20529 18417
-85068 -95758 -33091
-85067 66751 80161
-85066 -84893 45066
-85065 88606 -86172
-85064 66035 -40688
-85063 -68986 -47608
-85062 -389 -2141
-85061 96639 -14571
-85060 71260 -64082
-85059 -69190 -51143
-85058 42661 4993
-85057 52658 8154
-85056 -5416 82460
-85055 -67809 -88162
-85054 32302 -93952
-85053 -40059 42698
-85052 36596 13982
-85051 27250 -51507
-85050 -19464 -99612
-85049 54315 42513
-85048 75606 48071
-85047 -97932 -33903
-85046 -43403 84717
-85045 -7970 -19203
-85044 7344 -56617
-85043 -53270 -51559
-85042 16975 -99683
-85041 -93082 -74582
-85040 95571 -71887
-85039 79149 71656
-85038 -11956 82468
-85037 -50248 49214
-85036 -60469 90828
-85035 -91683 -26287
-85034 5399 -26188
-85033 2757 15467
-85032 -59624 -62575
-85031 43759 23596
-85030 -51175 -8697
-85029 -10145 -43101
-85028 33312 86349
-85027 91307 92424
-85026 -96686 -63919
-85025 -30956 -67383
-85024 -47878 -74882
-85023 -5470 60188
-85022 89152 2165
-85021 11407 12549
-85020 -86499 10303
-85019 18807 -32264
-85018 48579 55115
-85017 -37273 55105
-85016 8841 40807
-85015 -75076 73631
-85014 -6035 -77654
-85013 -65600 -36983
-85012 21217 -91612
-85011 -2460 26539
-85010 46383 -18679
-85009 -43646 28363
-85008 79122 -58828
-85007 53861 -91604
-85006 60207 53966
-85005 41522 93675
-85004 -22000 -68580
-85003 7019 35071
-85002 84095 -59848
-85001 57740 -56083
-85000 97827 87986
-84999 -48297 -36885
-84998 43839 -66637
-84997 79630 -13003
-84996 26034 29837
-84995 70560 74899
-84994 33245 -52199
-84993 -74023 20889
-84992 4304 71156
-84991 -70368 19176
-84990 -3487 30099
-84989 69189 -12553
-84988 -17138 -25213
-84987 -25617 -22625
-84986 78144 -53583
-84985 -85664 64752
-84984 62787 -86723
-84983 -98060 -20909
-84982 -93645 78095
-84981 -66240 29247
-84980 -9706 -26662
-84979 52282 -43659
-84978 -84105 9762
-84977 85055 19117
-84976 -62465 45507
-84975 -26204 18676
-84974 39540 -30126
-84973 45370 20666
-84972 71561 -50199
-84971 82597 152
-84970 52308 -4759
-84969 -29231 79798
-84968 8433 55841
-84967 6859 13791
-84966 69578 12900
-84965 24853 -25615
-84964 -28980 18747
-84963 -47864 77263
-84962 26654 43966
-84961 -37020 -77649
-84960 33918 -58117
-84959 -36833 -59196
-84958 -15722 16920
-84957 30544 -33547
-84956 92499 -89935
-84955 78731 -68776
-84954 -17205 -70780
-84953 75284 86770
-84952 98898 -4767
-84951 76951 67144
-84950 49417 5042
-84949 98072 69555
-84948 -13837 37211
-84947 -12746 -3632
-84946 -29653 -48157
-84945 26297 81457
-84944 -65703 33996
-84943 3433 -2019
-84942 30255 43009
-84941 21261 82471
-84940 -35137 19752
-84939 92924 49822
-84938 28875 66373
-84937 -19604 -74721
-84936 -99685 -71783
-84935 29077 -71645
-84934 9555 46643
-84933 -67079 -93125
-84932 24074 58154
-84931 6639 -10609
-84930 -65321 -4677
-84929 58645 -14847
-84928 -92180 73668
-84927 -53118 64600
-84926 -34155 -17883
-84925 84501 91655
-84924 -30699 -12418
-84923 26312 7922
-84922 -44339 -61824
-84921 92964 -94722
-84920 32443 -24126
-84919 82758 -49681
-84918 -80683 -41315
-84917 90279 36465
-84916 29030 -62689
-84915 -67401 -6115
-84914 45053 -74288
-84913 7500 -32936
-84912 -19062 88515
-84911 30709 48981
-84910 11737 90999
-84909 93725 74848
-84908 68715 37785
-84907 25862 -91104
-84906 84593 23470
-84905 -87012 -86897
-84904 30979 21172
-84903 13103 -31483
-84902 65842 34428
-84901 89780 -53405
-84900 -89084 -4216
-84899 -59769 1054
-84898 -39668 -61980
-84897 -69504 -46887
-84896 18294 -2308
-84895 -86375 -25714
-84894 -5277 48263
-84893 54893 92966
-84892 -81942 23169
-84891 -91625 25074
-84890 90520 -86691
-84889 -20513 92677
-84888 -95442 47247
-84887 11085 -86715
-84886 71230 -38461
-84885 -92576 492
-84884 44640 -50447
-84883 13123 92488
-84882 -95958 11697
-84881 -55345 -10476
-84880 -46254 5723
-84879 92208 -71360
-84878 76191 7884
-84877 56385 -45403
-84876 -74235 14897
-84875 12020 -33927
-84874 -60249 41706
-84873 94836 -11778
-84872 50288 -87648
-84871 87279 44983
-84870 14307 -1812
-84869 62601 31317
-84868 22415 -26599
-84867 -9678 -4456
-84866 77406 -54957
-84865 1882 23261
-84864 11454 25372
-84863 55944 80559
-84862 -83397 97706
-84861 -33435 85242
-84860 -54220 -10900
-84859 2169 64355
-84858 -60574 39446
-84857 -57496 -15924
-84856 71629 32100
-84855 88730 -39902
-84854 -86062 -78828
-84853 -36866 -57044
-84852 -60114 14238
-84851 13817 -93086
-84850 54252 -49678
-84849 65478 -68018
-84848 -24397 52764
-84847 -83932 61532
-84846 75731 -65323
-84845 -40293 -67160
-84844 52706 748
-84843 -43145 32439
-84842 5264 92264
-84841 10549 18957
-84840 9267 62895
-84839 52472 98496
-84838 -15122 -51708
-84837 -49998 9142
-84836 13299 76792
-84835 31387 -80292
-84834 -11043 -96066
-84833 33284 -35615
-84832 -48676 -49518
-84831 -71319 21435
-84830 18938 -90416
-84829 23442 45254
-84828 84060 24060
-84827 5553 -62144
-84826 95516 -86289
-84825 -93541 17973
-84824 -35732 99967
-84823 -52787 18466
-84822 8507 24086
-84821 -34416 75365
-84820 905 32947
-84819 -4324 33156
-84818 -81426 -79400
-84817 -62451 21753
-84816 93762 -32346
-84815 -89894 -53694
-84814 22396 -88624
-84813 13175 -94175
-84812 -37438 47013
-84811 32475 45877
-84810 37606 -43834
-84809 3026 77398
-84808 92939 -42047
-84807 -18051 -1642
-84806 8979 54805
-84805 43077 43872
-84804 85150 -65923
-84803 21223 28105
-84802 -45377 -94936
-84801 86718 -51192
-84800 37353 8606
-84799 -41786 90530
-84798 88321 65865
-84797 74993 73869
-84796 1700 29092
-84795 55254 -67760
-84794 99926 -45187
-84793 4967 -80716
-84792 -34317 45395
-84791 -16014 -90313
-84790 92377 77381
-84789 -80837 9640
-84788 -92814 -97458
-84787 -59904 96384
-84786 -15355 -18253
-84785 -10900 77300
-84784 75861 36705
-84783 95722 5655
-84782 75304 20443
-84781 54915 16953
-84780 27253 -85567
-84779 -83983 -81029
-84778 61468 29923
-84777 -28764 29277
-84776 -73933 -80879
-84775 28472 5698
-84774 -99295 -25186
-84773 98285 -97593
-84772 26209 -36139
-84771 70658 64814
-84770 52524 -17916
-84769 -49248 -85349
-84768 -41457 -89510
-84767 54838 -74728
-84766 19000 207
-84765 -37483 52049
-84764 -78238 71719
-84763 -72623 86141
-84762 77897 -95392
-84761 -6712 -96176
-84760 -63473 -11675
-84759 67936 -16975
-84758 11612 30072
-84757 84336 -49287
-84756 36637 73186
-84755 46165 58081
-84754 -70077 -2030
-84753 84535 -41729
-84752 87352 -97284
-84751 974 26566
-84750 6295 -35555
-84749 37555 8464
-84748 77585 79950
-84747 -61198 -92419
-84746 65491 380
-84745 -81254 79427
-84744 -43954 63506
-84743 18179 -5087
-84742 -27358 -71092
-84741 858 -41661
-84740 94312 -51146
-84739 -83411 -53887
-84738 2452 76823
-84737 28151 -16801
-84736 43034 61438
-84735 37207 -25770
-84734 -35546 -1145
-84733 70353 87002
-84732 -78335 -36908
-84731 -34375 -30161
-84730 52638 76010
-84729 10531 21804
-84728 -71644 -55044
-84727 91176 -59432
-84726 -17913 -83168
-84725 -93388 -99648
-84724 -79065 65847
-84723 85496 31471
-84722 -43126 -5373
-84721 52398 11904
-84720 42237 79214
-84719 -8216 59280
-84718 64191 -61049
-84717 -60820 56502
-84716 -55015 -95340
-84715 -1490 -14877
-84714 -22977 34618
-84713 59342 -27701
-84712 -1361 49937
-84711 -32818 -75720
-84710 36497 86327
-84709 -32527 -83315
-84708 48253 -50966
-84707 2280 -41531
-84706 -37913 25827
-84705 -68222 -6532
-84704 45838 -15313
-84703 32711 49289
-84702 -57410 -96476
-84701 -72828 52729
-84700 -58895 -98251
-84699 -76824 -15218
-84698 78466 -54295
-84697 9858 25891
-84696 -77000 4562
-84695 -89272 -57958
-84694 -88317 -22042
-84693 32523 6229
-84692 87827 -87933
-84691 -97532 -34892
-84690 -30581 68677
-84689 -55055 71124
-84688 50561 -95443
-84687 -59672 6482
-84686 -41869 -74495
-84685 66556 3356
-84684 -78764 64182
-84683 26134 -89947
-84682 84887 46217
-84681 -20867 -50625
-84680 31944 -68005
-84679 -80322 -4113
-84678 3614 36095
-84677 26508 86325
-84676 74393 -57612
-84675 -63749 -91191
-84674 -34420 -26938
-84673 -41771 -95545
-84672 -66159 89268
-84671 -59728 -34966
-84670 -35753 -50711
-84669 -31844 86912
-84668 3605 81240
-84667 90823 25887
-84666 54066 -86131
-84665 -82131 24101
-84664 52375 31728
-84663 11646 33596
-84662 -68338 -9016
-84661 36955 62016
-84660 -40110 -1984
-84659 -67525 -51807
-84658 -20993 -76743
-84657 -93515 -69443
-84656 -55076 -99214
-84655 -28267 86022
-84654 -10491 -67230
-84653 58565 -77007
-84652 2384 89031
-84651 -46957 -72892
-84650 -566 -64513
-84649 -48887 76734
-84648 -54077 -65759
-84647 46298 4686
-84646 -59085 82041
-84645 -66217 10150
-84644 -86868 -51743
-84643 82631 64642
-84642 81364 92181
-84641 76478 -5076
-84640 -14934 -37650
-84639 -13568 94277
-84638 19433 50945
-84637 87310 -15247
-84636 -76043 -83869
-84635 -62725 -5889
-84634 25852 81611
-84633 76279 -93182
-84632 -70779 99713
-84631 61883 -37096
-84630 -98747 -76309
-84629 -28669 96905
-84628 -25898 -80119
-84627 -51789 -60142
-84626 64134 29421
-84625 -16392 -86745
-84624 -28539 62437
-84623 -57021 -16431
-84622 33945 -70870
-84621 32434 21931
-84620 -80685 -53824
-84619 34530 87742
-84618 73196 17157
-84617 -27452 -82469
-84616 52787 -82160
-84615 10601 94229
-84614 -53993 -69874
-84613 -60478 34953
-84612 14733 -76859
-84611 -22394 -80185
-84610 31171 92577
-84609 -69981 77861
-84608 12001 34998
-84607 29192 -67875
-84606 -12845 -7720
-84605 84006 47651
-84604 -81460 -48227
-84603 14890 -12474
-84602 -83885 -13869
-84601 -17830 -58032
-84600 -6691 -16908
-84599 50567 -13420
-84598 -21072 33687
-84597 -85779 -23610
-84596 -31632 28266
-84595 71055 20013
-84594 -443 25679
-84593 84625 -27720
-84592 30813 63550
-84591 26924 -74117
-84590 -89486 -46785
-84589 19657 10354
-84588 5122 -40279
-84587 -23909 8142
-84586 -19622 82139
-84585 -68034 -28237
-84584 -45511 -26939
-84583 -37632 10795
-84582 -85103 -72308
-84581 46479 54161
-84580 -45085 -12198
-84579 27236 -79807
-84578 73780 11923
-84577 76395 -20218
-84576 -5856 -48834
-84575 33759 51905
-84574 -95040 37370
-84573 -14757 -31733
-84572 50689 97082
-84571 -43149 80674
-84570 -43999 -75500
-84569 -28088 -66591
-84568 -57191 -90629
-84567 37256 -22395
-84566 -85968 -60618
-84565 49157 -71669
-84564 91081 -80932
-84563 -56917 -88011
-84562 -98371 -80661
-84561 -81524 4448
-84560 -3366 -11698
-84559 15972 11349
-84558 -68997 35475
-84557 78050 94212
-84556 -28532 51865
-84555 -63625 -75200
-84554 -87865 -22672
-84553 75468 95876
-84552 -94571 -93890
-84551 -33188 13435
-84550 -5520 -50830
-84549 -65914 -79399
-84548 65798 -96505
-84547 79654 79709
-84546 -74601 3311
-84545 -57727 94492
-84544 41774 -85838
-84543 46120 -17648
-84542 691 64278
-84541 -4945 -36193
-84540 87773 25328
-84539 37133 -53394
-84538 94490 86457
-84537 27198 41115
-84536 -57762 27801
-84535 -12626 90484
-84534 -56644 -15803
-84533 52647 -19779
-84532 -13022 -92969
-84531 87495 48741
-84530 11265 29191
-84529 -79952 25560
-84528 -82585 39784
-84527 60816 99118
-84526 -31405 15643
-84525 12639 10377
-84524 -91432 -39418
-84523 30838 -33936
-84522 -19120 54330
-84521 70964 -7354
-84520 55377 -18663
-84519 -23271 49210
-84518 17890 -8501
-84517 -81037 -45957
-84516 21830 -44288
-84515 48361 -77737
-84514 -52343 -8721
-84513 -75167 65091
-84512 -22390 -71161
-84511 79333 14731
-84510 80843 -96249
-84509 28217 79409
-84508 34560 48979
-84507 12377 -46520
-84506 -55646 -20381
-84505 -56840 -16304
-84504 -56703 21769
-84503 1551 15507
-84502 64626 82009
-84501 -61480 -39677
-84500 -59966 87685
-84499 -75840 67926
-84498 -5043 -49523
-84497 7667 8632
-84496 -43627 -8964
-84495 3330 -61142
-84494 20419 -75554
-84493 -1517 -75443
-84492 -43795 -71333
-84491 33013 50504
-84490 64457 -81817
-84489 -37019 52760
-84488 -54715 -71348
-84487 93962 13585
-84486 3881 21789
-84485 -27373 -3026
-84484 5711 65866
-84483 15395 -52624
-84482 -56069 67138
-84481 50131 -24327
-84480 -92796 -60318
-84479 79738 -24002
-84478 -41466 -88008
-84477 -58225 -69138
-84476 -86000 -787
-84475 93369 -83141
-84474 4679 6430
-84473 -19450 62836
-84472 97029 -30613
-84471 15779 -87074
-84470 8302 -27625
-84469 84034 98690
-84468 19850 -45796
-84467 -25091 -85702
-84466 -29881 32009
-84465 -73062 69246
-84464 38369 -66656
-84463 34308 -19094
-84462 -75044 -79153
-84461 42259 64190
-84460 -2111 -40995
-84459 -33251 15808
-84458 -30313 -44903
-84457 -7868 76212
-84456 -60353 -6967
-84455 -43059 16492
-84454 -77786 83698
-84453 52010 -20477
-84452 93335 97746
-84451 -77676 99529
-84450 -19608 -40340
-84449 80871 89849
-84448 -9081 -76523
-84447 63455 -95098
-84446 61384 -90126
-84445 -43495 59829
-84444 35142 40064
-84443 -39897 74720
-84442 -9560 -11400
-84441 88272 -1027
-84440 -57420 -31096
-84439 -3054 -92662
-84438 -1680 -80954
-84437 94141 -76546
-84436 -1403 36363
-84435 93118 77429
-84434 71891 -78053
-84433 -45472 43778
-84432 -23966 -72395
-84431 40424 -16676
-84430 37769 3946
-84429 69712 39267
-84428 51731 -53513
-84427 -89175 -4032
-84426 51791 -93102
-84425 -64333 14771
-84424 5217 84694
-84423 50752 -55094
-84422 64239 68851
-84421 14018 -60769
-84420 -28225 24680
-84419 60396 -38655
-84418 40533 -51418
-84417 -84406 75984
-84416 76886 -62242
-84415 -86413 -25305
-84414 -44277 95641
-84413 -34551 -14205
-84412 -2218 -98932
-84411 -66020 -63361
-84410 -18281 84863
-84409 -13891 -79292
-84408 23075 21560
-84407 41231 86755
-84406 2053 92625
-84405 -95022 -99852
-84404 13378 -40817
-84403 -21038 -14546
-84402 -2032 -69802
-84401 -96539 -80622
-84400 97904 -69802
-84399 8377 -86866
-84398 -93780 -21707
-84397 -18381 30641
-84396 -11703 -60605
-84395 46244 -11416
-84394 -20022 82786
-84393 53459 -68650
-84392 -84442 -74508
-84391 -65056 75945
-84390 3967 -58021
-84389 33390 33617
-84388 -16775 -10939
-84387 1904 -48639
-84386 90115 -47972
-84385 -34432 -76238
-84384 69682 -65631
-84383 -59368 -6258
-84382 56365 19164
-84381 21113 -20464
-84380 34813 -16373
-84379 -6070 6187
-84378 64723 56986
-84377 -33457 91276
-84376 6426 20757
-84375 36467 -53311
-84374 36197 -88121
-84373 29467 69477
-84372 -6138 -46182
-84371 -26648 -43508
-84370 -37469 -19486
-84369 48139 78260
-84368 43958 61315
-84367 -22807 -80869
-84366 -81147 -62260
-84365 27520 -18537
-84364 -38555 48443
-84363 -81364 -44218
-84362 -97102 -30763
-84361 -9951 -37818
-84360 22265 11682
-84359 83689 94806
-84358 37470 -35653
-84357 -1193 -68351
-84356 -88412 93108
-84355 -44243 -23776
-84354 76156 44193
-84353 -35547 97687
-84352 -65399 39502
-84351 87372 73383
-84350 -32438 -2422
-84349 -93199 87197
-84348 -13629 -94098
-84347 -67928 -38848
-84346 69795 28679
-84345 -4120 48549
-84344 65195 96581
-84343 -27277 21079
-84342 -32940 90990
-84341 23400 -40634
-84340 -73453 -50203
-84339 -20083 20247
-84338 74333 -98526
-84337 -55797 -52849
-84336 -67805 -80562
-84335 29899 85795
-84334 16371 59027
-84333 -56727 3345
-84332 -21762 60734
-84331 -5954 69210
-84330 1160 97673
-84329 -58828 -20517
-84328 67706 86702
-84327 86484 14718
-84326 10134 -38673
-84325 93511 9633
-84324 -29189 64198
-84323 -25774 -39926
-84322 -19610 -68793
-84321 80307 12289
-84320 -42055 53102
-84319 7356 49696
-84318 45837 4196
-84317 -34119 -88910
-84316 -52272 24285
-84315 -19438 61973
-84314 66918 -86250
-84313 -59999 -27098
-84312 8957 90873
-84311 2755 -7302
-84310 -31460 -78473
-84309 -76718 82057
-84308 -87003 25185
-84307 71664 70486
-84306 -24270 67348
-84305 42787 33669
-84304 96698 14625
-84303 91973 20609
-84302 62472 -76188
-84301 82002 15324
-84300 95810 43279
-84299 3647 -19337
-84298 40824 -65026
-84297 4944 903
-84296 -28554 46865
-84295 -33978 -14170
-84294 -54098 -7319
-84293 87661 -72302
-84292 -90757 28304
-84291 -67268 -64585
-84290 13434 53428
-84289 -3152 30242
-84288 60527 65101
-84287 19926 98234
-84286 -48195 -22804
-84285 -46623 -33605
-84284 -77901 -57625
-84283 -72262 71682
-84282 -2424 60826
-84281 71618 2730
-84280 -31412 -70249
-84279 68069 18334
-84278 -40342 17020
-84277 -72930 23184
-84276 -98627 88066
-84275 18323 -82531
-84274 42150 10451
-84273 -13958 26507
-84272 -38172 -89005
-84271 48692 96002
-84270 -63938 86996
-84269 47701 99909
-84268 34929 85995
-84267 -14071 -61566
-84266 30223 -58583
-84265 -94473 -85320
-84264 -66989 64560
-84263 -97370 67032
-84262 84103 -47437
-84261 -90293 -40895
-84260 -19648 15103
-84259 13547 38247
-84258 -50151 -79867
-84257 -15338 37703
-84256 88996 -8198
-84255 65017 12541
-84254 44525 5850
-84253 48197 4931
-84252 42398 -6189
-84251 96278 21205
-84250 80118 8343
-84249 -37271 -38379
-84248 51274 -80907
-84247 90292 -25773
-84246 17278 -6023
-84245 -81555 61538
-84244 -65557 91596
-84243 35104 -1280
-84242 -84208 93925
-84241 -88331 544
-84240 95922 25266
-84239 53846 -71885
-84238 34035 98405
-84237 33277 -80024
-84236 -3296 14008
-84235 57823 -90076
-84234 52373 -81036
-84233 -38550 23398
-84232 -63744 -22872
-84231 -67221 -17202
-84230 -1968 -62682
-84229 -90636 -6569
-84228 -47882 -63567
-84227 85204 7016
-84226 88357 6145
-84225 -51766 27847
-84224 2847 14651
-84223 -23559 39123
-84222 58201 -34270
-84221 47219 -81281
-84220 71212 97297
-84219 -52179 68918
-84218 77285 71965
-84217 67495 -42031
-84216 -2332 47256
-84215 -14343 -17836
-84214 45064 12058
-84213 -38775 53676
-84212 -74346 -95439
-84211 -30062 -92056
-84210 -76057 14639
-84209 -89977 44173
-84208 49074 -28792
-84207 -65217 -23498
-84206 -37925 -60320
-84205 -80766 -71301
-84204 84323 -95175
-84203 -2159 23105
-84202 -86574 55007
-84201 -88866 -73043
-84200 -83319 -4114
-84199 -18800 57585
-84198 -96793 21019
-84197 -60888 -76805
-84196 12165 -64209
-84195 -34514 5283
-84194 45777 92244
-84193 59702 89786
-84192 18647 -95271
-84191 24020 -39914
-84190 33826 1375
-84189 -84561 -42989
-84188 -91286 51940
-84187 -80707 54846
-84186 73111 64555
-84185 -80089 33516
-84184 43519 -84167
-84183 -59365 -47061
-84182 -50868 98689
-84181 -23809 13728
-84180 -57608 40861
-84179 6880 67894
-84178 72074 16065
-84177 47631 78973
-84176 85306 -89690
-84175 47841 82198
-84174 84475 94765
-84173 -36927 27320
-84172 2178 15581
-84171 88006 96109
-84170 -95785 -25580
-84169 -28754 56593
-84168 76309 80495
-84167 -32403 3023
-84166 -25318 10399
-84165 -44719 -61205
-84164 93997 60738
-84163 48705 69807
-84162 4941 97531
-84161 62923 63191
-84160 -59589 -52307
-84159 67595 93874
-84158 93855 -14057
-84157 85931 55772
-84156 -9173 17561
-84155 -67764 47945
-84154 56150 53211
-84153 47613 -81238
-84152 51152 78262
-84151 -42169 -41651
-84150 -39140 -19933
-84149 -46226 -92206
-84148 -30638 -60464
-84147 -92487 16971
-84146 -36451 -92533
-84145 -76154 -75616
-84144 -20221 49861
-84143 83187 53927
-84142 5799 -66640
-84141 10001 47555
-84140 -38234 15002
-84139 -96676 25236
-84138 -9326 -18953
-84137 96676 -31066
-84136 35065 -46233
-84135 -39230 -56666
-84134 -15696 -87900
-84133 89751 -38024
-84132 -34602 -68831
-84131 83705 -93809
-84130 -28315 -12876
-84129 -76933 55028
-84128 -20645 -74766
-84127 83608 32462
-84126 -45374 -70041
-84125 54541 25472
-84124 -50846 75935
-84123 69755 48295
-84122 11879 -50831
-84121 99230 48236
-84120 59321 67730
-84119 -64192 95958
-84118 19791 -12577
-84117 -48517 50663
-84116 34347 -42154
-84115 -25375 34454
-84114 91407 -50842
-84113 -97523 17791
-84112 -51444 95424
-84111 -94739 75197
-84110 34143 -88062
-84109 -1282 19065
-84108 -7297 71423
-84107 -86152 -330
-84106 86787 18510
-84105 95856 30719
-84104 50031 -14217
-84103 -42202 70225
-84102 -13074 -23462
-84101 -45267 -54337
-84100 -23089 85146
-84099 -41112 -9971
-84098 -93360 23884
-84097 -36295 -78088
-84096 60146 24334
-84095 -11194 -72615
-84094 80174 75140
-84093 -42310 25286
-84092 -26872 71796
-84091 -36492 -52148
-84090 21007 9546
-84089 34427 -94052
-84088 -97791 -19687
-84087 -41552 -35597
-84086 8424 -82352
-84085 -22270 -52319
-84084 -73015 54212
-84083 -79864 72048
-84082 -23428 -18475
-84081 55374 -75319
-84080 81244 -9889
-84079 8920 1461
-84078 33521 95764
-84077 -86494 98055
-84076 -23730 841
-84075 -28277 43240
-84074 33946 55872
-84073 71324 -61207
-84072 92788 -92310
-84071 -48869 36508
-84070 -60912 19392
-84069 97979 54147
-84068 -95291 25220
-84067 73267 73508
-84066 -5396 9703
-84065 85028 -13762
-84064 18604 -46179
-84063 -93246 -53789
-84062 -47849 9008
-84061 67715 15414
-84060 -40303 65754
-84059 -75483 17067
-84058 88777 -93012
-84057 -51313 83859
-84056 19533 10560
-84055 51560 -31123
-84054 -13405 -71633
-84053 -23517 -90454
-84052 -1485 -5039
-84051 25799 29808
-84050 -46445 -23471
-84049 -10862 31198
-84048 -35635 79657
-84047 -10583 55426
-84046 -6558 62343
-84045 -93446 -3682
-84044 21613 -6565
-84043 5071 -70501
-84042 44262 88112
-84041 64015 62
-84040 -64499 49119
-84039 53102 -80226
-84038 -42013 -82293
-84037 -49418 -11138
-84036 92109 10263
-84035 -76955 -10810
-84034 91021 -9542
-84033 -3040 80276
-84032 -53317 94822
-84031 87724 -84826
-84030 -50026 86016
-84029 76584 -7262
-84028 -90610 -39911
-84027 -31215 -56332
-84026 -46800 25969
-84025 -26949 -96326
-84024 30860 -9111
-84023 58215 -39651
-84022 -60000 54324
-84021 37157 -93453
-84020 -89795 -7759
-84019 -36406 -70476
-84018 5398 -36209
-84017 -27983 19775
-84016 10831 84987
-84015 -19539 -14494
-84014 9554 24206
-84013 38074 27602
-84012 20944 58203
-84011 84473 77050
-84010 -58124 42912
-84009 -41615 -77523
-84008 42382 82611
-84007 22248 89556
-84006 -61264 -34710
-84005 52928 -8922
-84004 -81645 -62342
-84003 56617 84367
-84002 -52216 -12022
-84001 29280 42673
-84000 426 38066
-83999 -28644 -99589
-83998 -41358 -14391
-83997 -66942 25139
-83996 17198 25535
-83995 79816 -31916
-83994 18610 79166
-83993 88348 -86865
-83992 -49769 11283
-83991 8028 76729
-83990 72863 -76751
-83989 13275 53352
-83988 -3431 3709
-83987 15478 45002
-83986 50845 -65851
-83985 -81950 -46847
-83984 35015 -4689
-83983 86973 -84930
-83982 -31374 -92978
-83981 4062 -36525
-83980 -77908 78201
-83979 -90242 -82058
-83978 -4862 -40435
-83977 -81990 -68787
-83976 22819 -71316
-83975 -96044 -91370
-83974 71919 -81564
-83973 -67283 -6759
-83972 -64189 -90771
-83971 8568 68190
-83970 70037 47623
-83969 -344 -7538
-83968 43945 -27305
-83967 96065 49629
-83966 16799 54504
-83965 50841 -97427
-83964 76049 -21592
-83963 89692 -29294
-83962 -35391 46952
-83961 46397 88554
-83960 78864 -75275
-83959 73344 -67910
-83958 772 -4937
-83957 -63945 -87859
-83956 -13540 64799
-83955 -87687 34730
-83954 -66103 32394
-83953 42473 -85213
-83952 -2073 1711
-83951 48714 42934
-83950 -49354 99825
-83949 38147 10196
-83948 94413 81778
-83947 46059 -30813
-83946 -58008 -94699
-83945 -49835 97862
-83944 9185 -14982
-83943 -56082 57599
-83942 -19759 -15834
-83941 70150 -45883
-83940 31050 80135
-83939 -88680 -34412
-83938 -46763 25808
-83937 -56900 -9581
-83936 31166 -27158
-83935 9179 6671
-83934 -55139 68355
-83933 -77114 60678
-83932 97673 46107
-83931 -95852 16346
-83930 -3789 -68343
-83929 7195 74268
-83928 13052 -49661
-83927 62168 -40360
-83926 -21515 34121
-83925 -85282 11196
-83924 -81795 69829
-83923 -47724 -94828
-83922 81319 63676
-83921 -35349 20549
-83920 -3307 -50106
-83919 -98656 -40133
-83918 5390 34039
-83917 35145 -77828
-83916 51363 91988
-83915 33645 49850
-83914 22549 -28481
-83913 28230 -2071
-83912 -89228 -68059
-83911 -61241 48810
-83910 -16153 -96399
-83909 66051 -73578
-83908 -76707 -69780
-83907 -17351 7735
-83906 7348 76918
-83905 76540 -57366
-83904 16210 -30757
-83903 94448 -56779
-83902 -47478 93480
-83901 94364 -23320
-83900 -46850 -27401
-83899 -96213 -61444
-83898 30808 18504
-83897 -30952 7391
-83896 5382 -37160
-83895 30396 84544
-83894 10379 30411
-83893 -76242 23928
-83892 -38266 69119
-83891 -85589 -23024
-83890 75989 -93772
-83889 -49633 70372
-83888 -25596 -16028
-83887 79343 99644
-83886 -2022 84222
-83885 95867 85507
-83884 2495 -88456
-83883 1336 54890
-83882 -5742 46756
-83881 51076 -41280
-83880 -30028 86216
-83879 90559 -63835
-83878 -55489 836
-83877 52310 -92384
-83876 77088 -31773
-83875 -86975 85879
-83874 97554 64955
-83873 -73069 -74135
-83872 -70858 -4882
-83871 89313 30306
-83870 94872 -80226
-83869 73299 -27576
-83868 -64546 -64006
-83867 -47010 -38794
-83866 93810 36181
-83865 21521 -82288
-83864 -34200 -90265
-83863 -34610 90537
-83862 97081 -36190
-83861 11658 -88032
-83860 45340 59217
-83859 -45987 655
-83858 -5627 50004
-83857 63988 -90117
-83856 12545 84989
-83855 -5507 -49779
-83854 -51507 -59577
-83853 23065 38307
-83852 61007 38345
-83851 -13539 -13417
-83850 3685 85697
-83849 60354 32072
-83848 63253 -9990
-83847 -24174 -88024
-83846 -49802 -58534
-83845 44144 2174
-83844 -75270 -75916
-83843 -5707 62223
-83842 7708 -75324
-83841 20560 -68148
-83840 67394 -31542
-83839 91906 -18532
-83838 -52700 30647
-83837 84488 -23323
-83836 69746 -27242
-83835 981 2907
-83834 84894 -39084
-83833 -65950 -83204
-83832 -1339 52836
-83831 -57193 16470
-83830 -38087 -10158
-83829 93714 16147
-83828 20066 -60444
-83827 -61338 -18812
-83826 -53508 -31130
-83825 31574 -68611
-83824 -61575 -42980
-83823 55583 -22197
-83822 93048 -98789
-83821 82557 -77880
-83820 74538 94584
-83819 -75033 40955
-83818 92506 -33858
-83817 19433 -57533
-83816 -81543 -3141
-83815 83959 -96966
-83814 -7131 -71002
-83813 16782 90976
-83812 -66737 13303
-83811 -18801 -57595
-83810 -93766 -72160
-83809 -42270 38910
-83808 14137 -22168
-83807 -7689 37498
-83806 -64778 -414
-83805 -35550 78299
-83804 -44106 56210
-83803 -34759 54431
-83802 -46602 48838
-83801 -53082 24986
-83800 -76942 12963
-83799 9310 -50551
-83798 -96430 93941
-83797 92358 -9397
-83796 -63079 95090
-83795 42925 -65194
-83794 41770 33159
-83793 87164 -52476
-83792 -82382 -95961
-83791 38607 -7454
-83790 -53275 33748
-83789 94080 -50854
-83788 94410 93514
-83787 13260 -95249
-83786 -43554 89934
-83785 -85476 -1199
-83784 14927 35035
-83783 -49746 -96388
-83782 28916 46824
-83781 35780 30889
-83780 -16303 23333
-83779 76691 57810
-83778 -30660 23966
-83777 30474 -53746
-83776 57905 -1861
-83775 98097 56512
-83774 -97414 2196
-83773 43615 -79605
-83772 -61046 74936
-83771 56436 -87328
-83770 30417 35867
-83769 7124 -98185
-83768 -34786 -30448
-83767 -65001 -17579
-83766 -80299 1791
-83765 53386 28544
-83764 64944 82861
-83763 -11278 45616
-83762 51529 73540
-83761 -50592 -79635
-83760 -76 59513
-83759 -32920 -21940
-83758 95246 52825
-83757 3092 -19177
-83756 -64032 97267
-83755 -74834 62944
-83754 -35884 -52154
-83753 -18048 -11946
-83752 -2044 -51786
-83751 78269 -46940
-83750 29157 -7938
-83749 14324 74272
-83748 5253 -187
-83747 95932 98050
-83746 -84629 -83064
-83745 9128 -13421
-83744 -31748 98500
-83743 -2230 12435
-83742 21070 5316
-83741 86199 -1790
-83740 -49509 91695
-83739 81213 83485
-83738 -8059 -72436
-83737 52135 -11853
-83736 60487 -86974
-83735 -67412 40170
-83734 60226 62913
-83733 91130 -20477
-83732 84546 -19851
-83731 85450 68021
-83730 31775 61708
-83729 7494 -71917
-83728 28067 32417
-83727 -80150 -97677
-83726 19650 -12146
-83725 90098 23140
-83724 19455 1720
-83723 31151 16840
-83722 74209 44898
-83721 -98120 -91421
-83720 41827 -59986
-83719 -32624 -4269
-83718 79769 58151
-83717 31513 -14536
-83716 6647 13710
-83715 -17725 92332
-83714 55128 -22115
-83713 39753 5176
-83712 -39823 -41157
-83711 26589 82983
-83710 -71023 30465
-83709 91793 -25889
-83708 -91589 -84700
-83707 -68976 -60521
-83706 -91140 18086
-83705 -85952 85739
-83704 -83627 -71837
-83703 -3990 27630
-83702 70242 22194
-83701 -53102 -32320
-83700 -23428 31934
-83699 -12098 48612
-83698 -20406 60519
-83697 -45753 -19128
-83696 -6610 -69293
-83695 96314 45233
-83694 -58663 -25930
-83693 9827 8167
-83692 97155 1344
-83691 75426 9949
-83690 57378 -9221
-83689 3977 15148
-83688 -63165 -48425
-83687 -54126 97784
-83686 -80862 -54179
-83685 -71122 -17692
-83684 13369 -76791
-83683 19646 65606
-83682 -31365 -94224
-83681 28609 -72132
-83680 92606 -61532
-83679 -81588 13731
-83678 -40838 30141
-83677 -3050 -93188
-83676 10085 59836
-83675 2591 92845
-83674 -95342 -2637
-83673 -16228 -91343
-83672 -35663 74712
-83671 55759 -61914
-83670 83747 22381
-83669 -60448 -44185
-83668 59622 -64822
-83667 -83916 -69093
-83666 69593 -69049
-83665 93892 -53251
-83664 -6735 87236
-83663 -78421 7513
-83662 92456 77764
-83661 77298 14063
-83660 28707 -54580
-83659 -23992 26136
-83658 -19781 -88518
-83657 7133 36390
-83656 -33718 -75043
-83655 -83340 -87195
-83654 9337 11626
-83653 -49928 39050
-83652 -2675 -67351
-83651 -10201 48348
-83650 -6815 12349
-83649 6630 69640
-83648 4759 98791
-83647 -5628 80564
-83646 -70501 -88873
-83645 61863 -41473
-83644 70815 -8238
-83643 98893 -72334
-83642 42406 67720
-83641 57504 -2093
-83640 57541 67528
-83639 -42835 -77720
-83638 69841 -23716
-83637 51876 -77953
-83636 -42280 60565
-83635 79050 -32404
-83634 -73215 20165
-83633 -88210 -14946
-83632 11968 -17336
-83631 28627 97626
-83630 78799 -56148
-83629 -9683 67203
-83628 18975 -48583
-83627 -44946 -32846
-83626 -7045 -38296
-83625 96965 -11833
-83624 95412 -2068
-83623 75560 59533
-83622 31706 -86826
-83621 37377 -9463
-83620 -96923 -81129
-83619 13698 11787
-83618 82888 -18803
-83617 40384 58638
-83616 -34227 -60696
-83615 34114 -27880
-83614 54304 99059
-83613 -55662 15403
-83612 12067 -1263
-83611 72580 -15011
-83610 8612 60800
-83609 -36576 -46536
-83608 70834 -87610
-83607 33490 -5835
-83606 -20981 60643
-83605 -64602 -54418
-83604 67658 71138
-83603 70032 55156
-83602 14862 -79
-83601 -26516 26809
-83600 -14270 -74513
-83599 -47198 -96499
-83598 60425 32951
-83597 47719 15022
-83596 -93511 -85102
-83595 26377 6820
-83594 33929 -5123
-83593 -38099 -50612
-83592 -16204 40817
-83591 -5249 -46072
-83590 -44896 -88661
-83589 -35787 85799
-83588 -71445 16119
-83587 72185 -68605
-83586 -10377 -48389
-83585 -86058 61813
-83584 10853 -17748
-83583 -15606 -77219
-83582 -68644 -17066
-83581 -87698 -7035
-83580 -13953 -75923
-83579 19429 53739
-83578 -28987 -28726
-83577 -12627 -24409
-83576 -92336 10214
-83575 72320 14625
-83574 44234 53056
-83573 80953 -24472
-83572 36454 -54060
-83571 -32315 -85098
-83570 7374 13013
-83569 57180 706
-83568 -55870 26730
-83567 -38796 66417
-83566 -46400 87647
-83565 -17596 4929
-83564 78241 30525
-83563 48865 -38906
-83562 -59185 -55880
-83561 -84708 -59207
-83560 25527 25946
-83559 -94168 61682
-83558 -31796 92340
-83557 99909 68448
-83556 11824 86056
-83555 12184 26636
-83554 86511 72698
-83553 -24675 -29823
-83552 25366 74528
-83551 20792 17624
-83550 72810 -63046
-83549 97253 -25921
-83548 -56619 -69846
-83547 54894 1491
-83546 18315 -67199
-83545 63502 -76779
-83544 23122 -86545
-83543 62490 50853
-83542 -76195 -50688
-83541 17688 -64038
-83540 32327 83200
-83539 -73520 -93233
-83538 -50341 -31997
-83537 59955 -42095
-83536 -67428 50594
-83535 42239 -38739
-83534 764 30103
-83533 -53143 -78108
-83532 -34036 -46025
-83531 -85951 -69187
-83530 -48811 83330
-83529 -59495 -3568
-83528 -340 -5761
-83527 -42471 60003
-83526 7724 -86245
-83525 15812 11433
-83524 73045 -40243
-83523 -85 -45730
-83522 65594 94152
-83521 -18266 83497
-83520 -6333 -69626
-83519 4410 66104
-83518 -25637 2120
-83517 -19644 -31901
-83516 -96126 84758
-83515 55859 40921
-83514 19752 17399
-83513 -56252 42371
-83512 56120 79365
-83511 75680 -92600
-83510 -45874 -16259
-83509 11929 -71881
-83508 -10192 -16923
-83507 6198 73980
-83506 -24991 36019
-83505 -29384 -36796
-83504 69369 84881
-83503 -6236 8040
-83502 -94992 61908
-83501 -40227 29006
-83500 89024 65436
-83499 -93643 -26776
-83498 -77773 5859
-83497 65011 -57325
-83496 21833 -40799
-83495 -61287 -4454
-83494 29207 -70857
-83493 -93994 16190
-83492 75839 -37084
-83491 -31992 17044
-83490 99013 89359
-83489 24483 34325
-83488 78516 74921
-83487 -4475 -59688
-83486 -16957 70228
-83485 -7177 -75438
-83484 -46349 -94928
-83483 93177 -21497
-83482 -4202 94671
-83481 81147 89583
-83480 -40988 42916
-83479 -23372 8505
-83478 -33103 -47298
-83477 -28268 97297
-83476 33335 38000
-83475 -88662 4391
-83474 -92841 -22525
-83473 45601 -44890
-83472 -79064 -58698
-83471 -65593 13364
-83470 -90768 38945
-83469 -39011 -8392
-83468 -61664 -53929
-83467 -66703 86152
-83466 99130 19685
-83465 55421 9444
-83464 10252 -21188
-83463 56246 -93027
-83462 64366 -46799
-83461 -46370 -1608
-83460 22633 -74616
-83459 75654 -91130
-83458 -10776 73301
-83457 -29236 94277
-83456 84404 -99143
-83455 -89391 -27423
-83454 -50356 72303
-83453 -25848 14832
-83452 1041 27157
-83451 51237 -33343
-83450 91264 46587
-83449 -71451 89480
-83448 67002 36919
-83447 -30572 14107
-83446 -53697 -97918
-83445 -5933 -91684
-83444 44644 38155
-83443 39434 70329
-83442 86079 75619
-83441 97961 -77031
-83440 -95937 -29088
-83439 -97258 -65608
-83438 -79880 -14676
-83437 72085 -11443
-83436 81700 23607
-83435 -90366 4715
-83434 -51537 -94135
-83433 -50249 4378
-83432 38915 -51235
-83431 -33816 -37338
-83430 72623 -232
-83429 4029 -64507
-83428 13405 94186
-83427 -71256 23407
-83426 50982 -78261
-83425 -83196 -8364
-83424 -44995 -89716
-83423 -85560 -76657
-83422 69115 -8088
-83421 27438 8221
-83420 78185 78725
-83419 90590 -4447
-83418 17860 -83122
-83417 -70093 31917
-83416 92335 -17191
-83415 -61017 11020
-83414 98897 10688
-83413 63690 5020
-83412 -68784 -83076
-83411 -14088 -98090
-83410 -25088 -78568
-83409 61502 -7484
-83408 -658 -22036
-83407 -41371 -51803
-83406 6451 34408
-83405 -96360 -20046
-83404 -60040 -24262
-83403 -41063 -26093
-83402 77613 -56592
-83401 -20379 -1325
-83400 -20239 52812
-83399 73796 -17967
-83398 5729 83338
-83397 11690 11460
-83396 13377 -97465
-83395 -27568 -58816
-83394 -3614 -85311
-83393 -48450 -57480
-83392 93126 89321
-83391 80504 14402
-83390 91211 59830
-83389 -6183 -58959
-83388 -32181 -96963
-83387 11561 -72147
-83386 49749 30328
-83385 24738 32117
-83384 -32728 -6516
-83383 -65951 -19815
-83382 -77562 -67045
-83381 77629 -77435
-83380 91157 -52946
-83379 18621 -8039
-83378 -5314 -55229
-83377 -45927 52495
-83376 -56017 13960
-83375 -93801 3365
-83374 20285 -32354
-83373 76969 69509
-83372 -16328 86949
-83371 3919 50138
-83370 58704 75853
-83369 -93139 -29559
-83368 -98717 67182
-83367 76168 -57286
-83366 22129 9276
-83365 10699 -17467
-83364 2788 54962
-83363 75598 33969
-83362 36371 -68690
-83361 89049 -25541
-83360 76289 87116
-83359 -16791 84964
-83358 20066 -86206
-83357 77114 -95073
-83356 -78376 -13249
-83355 27770 -43962
-83354 48497 62376
-83353 -69963 25280
-83352 64300 -85342
-83351 83452 68273
-83350 -28570 7275
-83349 -39846 86813
-83348 -76231 29075
-83347 -59255 24435
-83346 -60133 32921
-83345 73829 77305
-83344 -9590 -71354
-83343 15719 36387
-83342 98670 -80094
-83341 -25545 48695
-83340 -84597 61610
-83339 38830 63762
-83338 -45919 1725
-83337 20360 -94831
-83336 62021 53199
-83335 -67449 -98870
-83334 -38984 30818
-83333 -99129 -35683
-83332 -92250 -59805
-83331 33708 -52527
-83330 -18878 -52326
-83329 15639 26368
-83328 54061 -10239
-83327 29241 57610
-83326 48858 -85253
-83325 -82577 -12638
-83324 -26433 -59429
-83323 57335 -61643
-83322 -84918 -44166
-83321 -31594 53432
-83320 3293 64774
-83319 -19119 -70135
-83318 -90935 -84255
-83317 -68433 21283
-83316 8194 68031
-83315 70999 11270
-83314 14519 -68997
-83313 -43864 53332
-83312 -97948 8015
-83311 -85834 396
-83310 56611 -32027
-83309 18327 -76728
-83308 57708 21727
-83307 -5585 -18320
-83306 10332 -40023
-83305 98331 -80149
-83304 -13534 81453
-83303 98160 79891
-83302 -74162 81777
-83301 96206 -35009
-83300 -41559 20452
-83299 -48305 46692
-83298 88971 38449
-83297 59786 -18970
-83296 -69061 -81566
-83295 -18767 58356
-83294 3314 19312
-83293 -65078 39037
-83292 75745 21662
-83291 94088 77145
-83290 -38183 32140
-83289 -24714 -52904
-83288 21347 -23001
-83287 1876 21254
-83286 81498 57208
-83285 -28665 21739
-83284 87729 -684
-83283 -93108 -43830
-83282 -27842 34838
-83281 14236 23008
-83280 -65036 35348
-83279 -35145 80929
-83278 -66551 -80267
-83277 -90481 -10677
-83276 -95814 -51598
-83275 -57934 -39162
-83274 -59489 -74826
-83273 80668 87092
-83272 -74092 1363
-83271 38804 23622
-83270 51140 76959
-83269 85629 -13661
-83268 80695 -42700
-83267 -4664 -98526
-83266 99422 18226
-83265 -59181 31848
-83264 18755 97579
-83263 70424 -83763
-83262 -80249 -14942
-83261 39726 -29669
-83260 -91881 97088
-83259 -93370 37266
-83258 55574 -29037
-83257 71979 -79011
-83256 -98151 -56610
-83255 -5932 -76359
-83254 56458 -60138
-83253 76215 -91016
-83252 98658 -9366
-83251 51793 43134
-83250 36837 -6155
-83249 57016 -46389
-83248 -62284 -61515
-83247 63208 -13986
-83246 99393 -66216
-83245 60254 1990
-83244 -87945 45141
-83243 65399 34442
-83242 57972 -62300
-83241 -23638 50834
-83240 -10008 -62505
-83239 38915 -73816
-83238 27259 -40172
-83237 -85854 82399
-83236 61733 56054
-83235 93741 -10221
-83234 -98787 26117
-83233 86526 -4106
-83232 -13794 26082
-83231 65093 98658
-83230 42785 -18825
-83229 -95034 94214
-83228 51541 -10225
-83227 -96603 -77157
-83226 -41676 11492
-83225 -48843 -22480
-83224 5108 -30356
-83223 -97156 58168
-83222 48571 -62806
-83221 -68802 -93199
-83220 -37400 -3163
-83219 -70246 -82576
-83218 654 10150
-83217 -68414 43963
-83216 -63897 -63793
-83215 -65936 57474
-83214 79938 87391
-83213 23281 -82931
-83212 -67911 -21332
-83211 -23710 98629
-83210 -81806 -70645
-83209 -92466 -62359
-83208 88355 -96665
-83207 -42181 -24444
-83206 30983 26462
-83205 -2581 23117
-83204 -10051 22840
-83203 -75575 -50519
-83202 71051 -60240
-83201 -16460 -59375
-83200 89310 -63450
-83199 36847 -91241
-83198 -960 -22834
-83197 8283 99700
-83196 23364 -60519
-83195 -43641 -96258
-83194 -20622 77460
-83193 10358 -68526
-83192 84926 -95420
-83191 -40731 13109
-83190 40246 33133
-83189 -46996 -59739
-83188 69542 3418
-83187 98638 -48877
-83186 52974 -22665
-83185 33720 -19839
-83184 88288 -96262
-83183 88213 26389
-83182 -17716 -82064
-83181 32461 -48589
-83180 32259 -22825
-83179 10657 -21354
-83178 79265 -98276
-83177 64500 31295
-83176 11442 -16655
-83175 28573 -15717
-83174 -70509 -8582
-83173 92515 -39481
-83172 60581 -90116
-83171 -75108 77971
-83170 -91758 -8664
-83169 60977 -41063
-83168 23562 -90927
-83167 14141 -81217
-83166 -37101 13254
-83165 2261 -50586
-83164 -76760 -5388
-83163 -92757 7454
-83162 12826 -70742
-83161 -43395 -45245
-83160 -87849 -93084
-83159 -48234 -32296
-83158 -64163 82733
-83157 93950 3155
-83156 40497 11807
-83155 54618 -43550
-83154 94608 20592
-83153 -34930 -2136
-83152 -71649 50062
-83151 62546 10090
-83150 80995 -34035
-83149 67604 -89152
-83148 -11974 85818
-83147 -43706 63697
-83146 -25199 26904
-83145 -70689 -64508
-83144 39607 94753
-83143 60676 21815
-83142 31461 -67786
-83141 81501 -24561
-83140 75441 -63253
-83139 -65174 37534
-83138 96322 -95528
-83137 -35439 -1460
-83136 -87539 31570
-83135 29117 -86001
-83134 26817 58957
-83133 -38048 -57713
-83132 82872 -19430
-83131 63367 58842
-83130 40162 82054
-83129 -45700 -74315
-83128 27516 -15289
-83127 -33133 24170
-83126 -85088 -39630
-83125 -65836 86665
-83124 52103 42462
-83123 44091 -19068
-83122 -26995 46912
-83121 -34089 -37292
-83120 6562 -46816
-83119 -84851 -32548
-83118 -91210 5590
-83117 -85452 -73047
-83116 -99774 17870
-83115 62804 -63954
-83114 32448 -79279
-83113 -29681 64214
-83112 30111 1126
-83111 93864 33824
-83110 67121 -42307
-83109 10717 -54029
-83108 -75595 31484
-83107 70169 87664
-83106 -97087 96875
-83105 21735 -23099
-83104 -11532 -73966
-83103 -65233 -47036
-83102 -31250 -23860
-83101 -4974 -2276
-83100 -66577 -51413
-83099 -47565 68518
-83098 39207 -4626
-83097 -82293 -77726
-83096 38063 -62713
-83095 -95545 42861
-83094 -11566 90489
-83093 -7234 -80014
-83092 -31111 -12930
-83091 -46844 -67273
-83090 -21165 68826
-83089 22853 -39729
-83088 98859 -33941
-83087 47225 -80070
-83086 -7295 -42402
-83085 67990 -87122
-83084 -7258 -81563
-83083 -9565 72445
-83082 56748 -35526
-83081 43217 54531
-83080 67832 70871
-83079 44195 48759
-83078 -94676 29160
-83077 79633 -78165
-83076 21255 25077
-83075 -85117 -1332
-83074 -92954 16085
-83073 26892 7293
-83072 649 -32863
-83071 55814 78680
-83070 -39130 -10061
-83069 -36421 80961
-83068 72224 -99795
-83067 -23064 -22982
-83066 96378 -34575
-83065 -55494 9750
-83064 30218 -72066
-83063 -2860 98308
-83062 -92500 -44138
-83061 40268 37097
-83060 -25208 -44286
-83059 79878 71637
-83058 72439 6966
-83057 59891 -51835
-83056 82202 -26082
-83055 79726 -60266
-83054 -57017 -43278
-83053 81575 75794
-83052 -75793 -73117
-83051 -64652 75627
-83050 -56397 -54955
-83049 9000 -81178
-83048 89161 65792
-83047 89889 13457
-83046 -57119 56636
-83045 -52351 -66914
-83044 55020 59491
-83043 90423 -40268
-83042 -18543 1471
-83041 39898 23551
-83040 50557 52076
-83039 99281 -32220
-83038 95100 -97466
-83037 75005 35532
-83036 49893 40301
-83035 55968 80805
-83034 30919 55188
-83033 -71684 19864
-83032 -14096 -23215
-83031 2172 97727
-83030 7109 -68784
-83029 -74007 -45914
-83028 81443 -54995
-83027 97558 98204
-83026 -92236 -21576
-83025 20263 69853
-83024 -41484 692
-83023 65660 87295
-83022 -92290 -9992
-83021 79636 -69666
-83020 68974 42474
-83019 -26057 -27188
-83018 26300 29168
-83017 -30426 7357
-83016 3879 68399
-83015 -72726 64432
-83014 -67450 88395
-83013 -217 -47438
-83012 -45042 89091
-83011 -19373 -39081
-83010 77532 -95640
-83009 -69547 -78737
-83008 -15235 -68213
-83007 12953 -78306
-83006 -75665 -22349
-83005 -97999 67518
-83004 82121 -35984
-83003 53031 9241
-83002 35420 -18234
-83001 -48041 -55939
-83000 56830 -44679
-82999 -26590 50218
-82998 -62267 -86813
-82997 28066 -40299
-82996 -60125 -68085
-82995 9430 43613
-82994 -49158 -93685
-82993 -968 -55266
-82992 16141 17780
-82991 62598 33605
-82990 42986 -89992
-82989 86801 82431
-82988 98303 32286
-82987 -78819 -14386
-82986 -68412 95460
-82985 68315 35279
-82984 58816 80470
-82983 -13064 -90015
-82982 -46277 -30352
-82981 -42085 -62507
-82980 -33593 85587
-82979 -53727 30881
-82978 28037 -98553
-82977 7767 -14812
-82976 -40317 13292
-82975 -73276 87452
-82974 -45763 -40327
-82973 -91903 43899
-82972 68004 89779
-82971 22952 -65486
-82970 56832 62653
-82969 48724 -92358
-82968 56080 45387
-82967 -25456 -92039
-82966 -47181 -70665
-82965 36177 94095
-82964 1418 89063
-82963 75841 -97561
-82962 -35452 68401
-82961 26448 65850
-82960 -34020 57399
-82959 32443 74605
-82958 -22483 64196
-82957 -9934 -55412
-82956 -88798 -82990
-82955 39205 -21015
-82954 -37499 61770
-82953 -2529 20763
-82952 -81649 54522
-82951 20505 -46818
-82950 -21713 -66229
-82949 -78358 -6704
-82948 88729 -2338
-82947 -76126 66630
-82946 46962 70968
-82945 -26664 38004
-82944 44226 -50626
-82943 -81964 94489
-82942 -73783 -99546
-82941 42339 -40310
-82940 -11878 55930
-82939 -86638 80096
-82938 -27087 -70234
-82937 3178 -4646
-82936 -40317 2152
-82935 69993 -44971
-82934 -41197 -4364
-82933 -41259 18555
-82932 23912 -67638
-82931 -24157 16702
-82930 -46915 69887
-82929 73827 53856
-82928 18108 63934
-82927 -32614 -24629
-82926 11262 -75870
-82925 36967 52458
-82924 -39374 -99072
-82923 -66314 9101
-82922 -35241 -94144
-82921 -94194 37174
-82920 9126 -65267
-82919 69506 62756
-82918 -61911 -37165
-82917 -9163 72818
-82916 -84053 -24932
-82915 -54236 28131
-82914 -59427 29544
-82913 -52398 73462
-82912 -5728 -54004
-82911 -68744 -92402
-82910 -86561 22017
-82909 -73035 -10572
-82908 56195 5758
-82907 26351 34525
-82906 -95858 10103
-82905 98564 51845
-82904 65413 47401
-82903 -16837 -79859
-82902 3331 74967
-82901 -55430 -47670
-82900 31079 17268
-82899 39545 -74403
-82898 -5548 -12280
-82897 -45933 58653
-82896 74731 82376
-82895 -23727 -94536
-82894 -51092 -26020
-82893 -6143 -84628
-82892 -10728 46287
-82891 -43622 -98908
-82890 -93675 74492
-82889 90085 -293
-82888 52608 -74138
-82887 -69254 82986
-82886 -43701 -52
-82885 96333 -89900
-82884 -89243 68707
-82883 65336 -88653
-82882 70590 -99863
-82881 17421 -5991
-82880 -33689 10971
-82879 -47569 99671
-82878 21659 -84402
-82877 -87603 60462
-82876 30566 85649
-82875 24071 -22068
-82874 -63865 88146
-82873 32756 -49676
-82872 8842 -35415
-82871 83041 51653
-82870 -818 76146
-82869 -67104 -3927
-82868 19742 -31477
-82867 -47324 -12464
-82866 18547 -18639
-82865 14204 93371
-82864 -8600 -31899
-82863 -87787 30123
-82862 -40296 -85495
-82861 -74345 -68380
-82860 -42538 -80804
-82859 -12588 70909
-82858 75183 -41607
-82857 70060 51013
-82856 2539 -29311
-82855 -23087 -91354
-82854 -38789 -6116
-82853 -68284 -15811
-82852 -2973 -41952
-82851 6032 31343
-82850 -34790 91056
-82849 -9429 -90640
-82848 98759 -81562
-82847 10680 86097
-82846 -27054 -28408
-82845 -18367 -12012
-82844 -35385 -82498
-82843 -27273 -60083
-82842 70957 -51444
-82841 97653 60305
-82840 -73952 17847
-82839 -44486 -39050
-82838 -7575 73551
-82837 5310 98193
-82836 30151 -29028
-82835 -49055 -65730
-82834 70003 65431
-82833 88931 87266
-82832 -92855 -78265
-82831 -18888 74141
-82830 74265 -57628
-82829 -71451 59602
-82828 72422 56361
-82827 -99640 54870
-82826 95572 14608
-82825 28749 76174
-82824 2459 23885
-82823 -71523 -98158
-82822 23416 -1171
-82821 28054 22826
-82820 46212 -59587
-82819 66099 88665
-82818 -65200 -7710
-82817 45105 -78871
-82816 -7951 -89415
-82815 64738 50381
-82814 79979 82185
-82813 19623 -96737
-82812 -65248 -70392
-82811 9589 -69085
-82810 87239 -95283
-82809 -78484 -20750
-82808 58656 75312
-82807 59986 71515
-82806 57051 82109
-82805 -13616 10069
-82804 31048 57326
-82803 51803 -74640
-82802 -74119 -99405
-82801 82203 15650
-82800 34572 -19913
-82799 59048 -71705
-82798 63334 69000
-82797 78650 94001
-82796 -14837 -61954
-82795 -40233 -9393
-82794 -2893 -68197
-82793 -18287 97721
-82792 69720 -41710
-82791 -91014 59980
-82790 -90494 -98069
-82789 10218 33491
-82788 63568 53004
-82787 -10258 -78547
-82786 -69129 -47772
-82785 22922 30361
-82784 -67856 -94379
-82783 39257 17421
-82782 63248 -948
-82781 -61934 -24287
-82780 -46034 762
-82779 18307 45904
-82778 91989 1712
-82777 -20215 43235
-82776 -87156 -86370
-82775 79020 -37729
-82774 -67606 -74654
-82773 69233 -38201
-82772 -84333 43542
-82771 45830 -30006
-82770 43191 -4990
-82769 -52588 30538
-82768 39909 3306
-82767 35129 81834
-82766 93495 65961
-82765 -15154 35720
-82764 58240 -66899
-82763 10165 68663
-82762 -97443 -9662
-82761 19901 33831
-82760 -61253 -9396
-82759 53007 7791
-82758 -54372 95246
-82757 22160 13411
-82756 -82740 56822
-82755 16694 -45000
-82754 -49459 -89259
-82753 -51976 -93733
-82752 49090 30973
-82751 -44678 -89252
-82750 9170 97898
-82749 -30956 -22484
-82748 -52730 83429
-82747 -41134 -93189
-82746 -62002 71902
-82745 68182 -29513
-82744 9109 82782
-82743 -30675 71832
-82742 65375 -14390
-82741 -69135 -79908
-82740 46661 -42571
-82739 18819 -41656
-82738 -7007 -75551
-82737 73851 60318
-82736 47159 -51993
-82735 -37020 56163
-82734 -24409 40364
-82733 98742 59011
-82732 45767 -89490
-82731 -71743 -95985
-82730 57444 -68604
-82729 45883 39681
-82728 -50931 -68736
-82727 76616 -72676
-82726 -60871 -28186
-82725 -22476 61939
-82724 -91395 16585
-82723 2762 -91663
-82722 92594 -45338
-82721 -88014 80033
-82720 16601 -72859
-82719 -31566 56815
-82718 80114 93789
-82717 -7703 -46366
-82716 31175 18034
-82715 47050 -87338
-82714 -69430 -91403
-82713 3841 15220
-82712 33379 -71346
-82711 -89694 -42420
-82710 43854 -53698
-82709 -84616 -73113
-82708 45738 -82135
-82707 47131 -61715
-82706 -12752 62728
-82705 23883 8975
-82704 -1674 93896
-82703 -56322 -27452
-82702 -89293 54273
-82701 -59627 26006
-82700 -45501 -82479
-82699 91196 8939
-82698 -91270 52940
-82697 -85030 -82130
-82696 71004 57487
-82695 29544 -48736
-82694 -87572 -93112
-82693 8220 -17982
-82692 -62089 -60291
-82691 82003 86468
-82690 -23098 67237
-82689 -97805 41392
-82688 18107 44520
-82687 -84038 83088
-82686 -83126 -73191
-82685 -53668 65066
-82684 -68467 26545
-82683 -65386 30944
-82682 -68741 29450
-82681 -63062 -30202
-82680 -95012 -25201
-82679 23867 45678
-82678 -29909 -77241
-82677 -68796 -52825
-82676 74665 -31431
-82675 70034 -51135
-82674 -11752 6889
-82673 -57909 26245
-82672 8872 37478
-82671 28196 36612
-82670 -98821 19951
-82669 516 -56473
-82668 69552 -65366
-82667 11101 75168
-82666 -3626 49327
-82665 -72521 20846
-82664 -22178 89011
-82663 -75742 -39299
-82662 -21843 -49868
-82661 -55283 43676
-82660 40875 -52849
-82659 -69561 29305
-82658 -540 67346
-82657 79799 -41312
-82656 61847 49665
-82655 75579 -61022
-82654 26473 -74811
-82653 -22553 -84054
-82652 -76103 -45581
-82651 43258 -21455
-82650 -41566 46750
-82649 3633 15077
-82648 -24498 7376
-82647 40511 -39885
-82646 19321 84681
-82645 -35194 53729
-82644 -83467 58024
-82643 -77216 -2197
-82642 32273 -6379
-82641 -46 -48325
-82640 -92209 4016
-82639 -3962 -50396
-82638 68146 -64273
-82637 69164 21904
-82636 -30948 -29345
-82635 -97981 -64159
-82634 -71139 -57285
-82633 -93867 -91690
-82632 -34355 -97303
-82631 51664 99173
-82630 23004 925
-82629 20867 -50571
-82628 -18741 -2806
-82627 68453 -96962
-82626 -13691 13442
-82625 -41482 -73118
-82624 63641 87678
-82623 48995 79849
-82622 -29432 64891
-82621 -64438 61704
-82620 -17551 -48645
-82619 48794 68841
-82618 74549 38768
-82617 -37072 68141
-82616 73463 -49190
-82615 -61438 -32174
-82614 -44197 -50826
-82613 49077 47875
-82612 -64033 77255
-82611 34569 19206
-82610 -69441 62618
-82609 53048 -52036
-82608 -52415 -34880
-82607 -61950 97253
-82606 96233 83602
-82605 82278 99365
-82604 -70718 -5533
-82603 -84028 -17145
-82602 -23922 -87384
-82601 -17694 58215
-82600 -27397 18146
-82599 78983 99222
-82598 82556 23073
-82597 -1510 78518
-82596 -29905 16362
-82595 -56420 97044
-82594 -8890 -56047
-82593 -67099 59472
-82592 -15080 -68605
-82591 28550 -60275
-82590 -309 -20909
-82589 -91035 13597
-82588 -33562 -15267
-82587 -87234 -43741
-82586 -9244 287
-82585 -4187 -8868
-82584 -5253 -81001
-82583 40762 72476
-82582 88231 -62813
-82581 45149 -63876
-82580 -28497 -71360
-82579 83809 65001
-82578 -19374 -39006
-82577 9833 25286
-82576 2346 -39502
-82575 -54283 -88834
-82574 -62373 94167
-82573 -13116 91213
-82572 -92581 -51711
-82571 26653 99091
-82570 -94781 82674
-82569 34926 -14805
-82568 -62800 94664
-82567 -44128 56149
-82566 28662 59210
-82565 15858 -21561
-82564 -20084 -79551
-82563 -52413 -1966
-82562 -26143 82254
-82561 -67889 14731
-82560 -36205 -27633
-82559 69186 13184
-82558 12750 -49917
-82557 58365 35354
-82556 56648 56680
-82555 15846 -28279
-82554 69781 -26818
-82553 -76451 -30895
-82552 94676 99191
-82551 -69123 75825
-82550 21347 -46118
-82549 -80549 -39836
-82548 41040 46111
-82547 9650 51376
-82546 -41611 34341
-82545 -77563 -65791
-82544 53212 -4129
-82543 -81201 -5500
-82542 8021 -51698
-82541 32336 -96146
-82540 65741 16818
-82539 -85233 -49026
-82538 36223 -54633
-82537 30919 -28062
-82536 7059 51675
-82535 -6545 27626
-82534 -1924 44849
-82533 -22914 20948
-82532 -8922 69111
-82531 28426 -17671
-82530 68192 53092
-82529 85156 -32106
-82528 51138 76519
-82527 17102 79604
-82526 71472 -92276
-82525 -1833 -95940
-82524 55378 89828
-82523 34443 52282
-82522 27539 -76004
-82521 47262 30409
-82520 -43083 68664
-82519 8713 -37089
-82518 52614 -46195
-82517 -3419 -69575
-82516 -49345 -60339
-82515 25187 -57298
-82514 -22034 -35258
-82513 -67906 11214
-82512 -52218 31770
-82511 -89927 88361
-82510 89447 456
-82509 -77341 51451
-82508 6274 18293
-82507 55451 -91876
-82506 82740 25203
-82505 -32663 -8529
-82504 12266 31304
-82503 -62412 -46210
-82502 -1654 59297
-82501 21013 -30468
-82500 -28872 86039
-82499 -37764 96348
-82498 15904 42655
-82497 17259 -10086
-82496 62390 50288
-82495 84635 -44850
-82494 28445 -50077
-82493 -48361 28476
-82492 -28383 -29263
-82491 32726 -20806
-82490 -24981 -21349
-82489 68246 81368
-82488 83700 -55582
-82487 6828 36644
-82486 -71766 66634
-82485 -47316 51730
-82484 36132 -23939
-82483 -95161 96371
-82482 -8898 -30051
-82481 65632 88686
-82480 41298 -40341
-82479 86577 -35872
-82478 78614 80627
-82477 -58608 63390
-82476 50031 42486
-82475 33549 -80193
-82474 55383 29511
-82473 -51432 -42057
-82472 -99807 45890
-82471 -60222 67847
-82470 45041 -556
-82469 43039 -23248
-82468 69881 82329
-82467 -88968 -36998
-82466 -7331 -26701
-82465 42485 -59575
-82464 -5928 48090
-82463 75785 -24287
-82462 -5107 -9775
-82461 16580 -7180
-82460 -22480 31634
-82459 52708 38451
-82458 45393 30773
-82457 -84335 31959
-82456 72062 44686
-82455 -10687 61503
-82454 41255 -41235
-82453 -57685 37779
-82452 -92283 17263
-82451 -96455 -38863
-82450 -70879 33233
-82449 -76099 -98632
-82448 77913 -58865
-82447 -63046 55330
-82446 98786 -74497
-82445 41028 48037
-82444 -70995 -48863
-82443 30851 -26643
-82442 -52815 30942
-82441 -79695 80758
-82440 98648 92908
-82439 21874 -63933
-82438 28022 14279
-82437 26859 45199
-82436 34352 -65731
-82435 63517 -36298
-82434 -59661 76643
-82433 48591 90828
-82432 -60230 91310
-82431 -57585 -55745
-82430 83832 -97402
-82429 36051 78219
-82428 -31162 56228
-82427 -46234 14104
-82426 97127 -27941
-82425 6662 -9140
-82424 -23907 -49993
-82423 25036 64101
-82422 -10462 -24236
-82421 78652 -68639
-82420 -78072 57909
-82419 -36456 -43720
-82418 61593 14769
-82417 8649 61183
-82416 -10324 63262
-82415 80882 -90306
-82414 -41571 -4188
-82413 -45630 -71997
-82412 -28293 -99260
-82411 16334 30680
-82410 -60925 -30242
-82409 -87384 5684
-82408 57371 88420
-82407 51354 11823
-82406 -62541 -31248
-82405 54178 56539
-82404 55303 -86772
-82403 42595 -31042
-82402 -51488 65329
-82401 42739 45721
-82400 -54447 81694
-82399 33487 79423
-82398 34945 60474
-82397 30154 47815
-82396 68578 -71488
-82395 30063 -64248
-82394 -66772 -12933
-82393 33124 14037
-82392 87961 -69387
-82391 26975 -88006
-82390 9483 -86931
-82389 -26625 84317
-82388 64664 -81366
-82387 54371 -23515
-82386 53034 33834
-82385 -32883 -84986
-82384 16344 96080
-82383 -72499 54582
-82382 29447 -64831
-82381 -2682 -50548
-82380 -72403 -20564
-82379 49400 92307
-82378 73394 -48708
-82377 572 28393
-82376 41203 20320
-82375 3296 -58942
-82374 -87141 16185
-82373 95195 -27855
-82372 -80650 -90883
-82371 71216 -23648
-82370 27239 -39694
-82369 -37798 -97657
-82368 -20277 -32338
-82367 -94813 -14813
-82366 -40126 -43749
-82365 91603 -95005
-82364 -1115 1995
-82363 80271 44302
-82362 -21238 90719
-82361 37998 -10159
-82360 -84743 -72966
-82359 92828 -35294
-82358 66890 1517
-82357 14546 -3385
-82356 -99805 -10799
-82355 94941 -36903
-82354 47805 -57247
-82353 34602 17227
-82352 -46081 -8483
-82351 38443 -11417
-82350 -93935 -75517
-82349 -96113 95861
-82348 -97403 -39168
-82347 4736 -54771
-82346 47503 -49246
-82345 -43476 61328
-82344 50841 -53267
-82343 -59937 -78686
-82342 -63557 -24084
-82341 -77952 -40352
-82340 -54379 -53016
-82339 35611 -22780
-82338 -26446 39366
-82337 -60504 -73354
-82336 39598 24110
-82335 -47256 50555
-82334 63086 -75518
-82333 86597 78384
-82332 15932 -85419
-82331 -46431 -67741
-82330 -98733 90378
-82329 16796 -24616
-82328 45214 -26512
-82327 36484 -94783
-82326 -15968 -11247
-82325 40961 -46317
-82324 -33063 92896
-82323 68646 -53369
-82322 68515 17630
-82321 10774 -9348
-82320 -26865 46236
-82319 99329 -78352
-82318 10388 -76451
-82317 55978 7106
-82316 -49395 -75342
-82315 -50055 -19457
-82314 -47285 -10071
-82313 20598 55705
-82312 -96341 -32171
-82311 -94679 65034
-82310 -43706 -83196
-82309 12322 59303
-82308 23405 87962
-82307 88660 20338
-82306 69899 -38729
-82305 96901 63193
-82304 -39302 -88809
-82303 -29430 -46488
-82302 94930 5593
-82301 1036 21570
-82300 89216 -48818
-82299 31722 11363
-82298 5450 -24287
-82297 4829 -18696
-82296 -70566 35740
-82295 60114 8386
-82294 -58815 -59837
-82293 13626 32355
-82292 8764 67847
-82291 -24887 -27761
-82290 -92285 23832
-82289 2872 75648
-82288 55319 42632
-82287 -52931 -36372
-82286 -79472 20708
-82285 44459 -63948
-82284 80799 61688
-82283 -73742 76938
-82282 -70279 16953
-82281 -24058 40391
-82280 24279 42680
-82279 -52397 81800
-82278 55418 64149
-82277 -70067 -30088
-82276 24794 51292
-82275 59138 75325
-82274 -54584 63334
-82273 -71428 72094
-82272 92126 64661
-82271 44429 -6106
-82270 -67391 48166
-82269 -63762 -51415
-82268 -57505 99839
-82267 86428 -30533
-82266 62716 -72449
-82265 -27108 -57017
-82264 55610 -40440
-82263 77964 13085
-82262 98891 82965
-82261 -12870 -56077
-82260 -63211 -72269
-82259 -32582 29142
-82258 -98006 8572
-82257 -53130 59897
-82256 38259 54688
-82255 -28889 96634
-82254 -71756 -33551
-82253 -49478 67251
-82252 -14617 -28319
-82251 -69428 -45264
-82250 75020 22037
-82249 40343 72437
-82248 -99490 -69973
-82247 -44766 -16466
-82246 -32094 63717
-82245 90041 -48897
-82244 -41715 -687
-82243 -8311 -64683
-82242 -50576 -44426
-82241 80919 15931
-82240 14575 -62420
-82239 -83349 -2961
-82238 18901 30593
-82237 -88047 -12045
-82236 42506 -50599
-82235 -22897 7335
-82234 52601 -91126
-82233 18715 -8352
-82232 -40171 -71614
-82231 53822 73933
-82230 27737 12702
-82229 -3023 57194
-82228 -40497 -16853
-82227 92230 -60453
-82226 -24742 21526
-82225 -98784 6944
-82224 48222 28635
-82223 -1773 -83420
-82222 -43053 -54638
-82221 -49610 -29792
-82220 -50250 -1680
-82219 3671 -54540
-82218 75079 -64357
-82217 -94352 18733
-82216 -30048 -70729
-82215 1667 -37236
-82214 -86997 76508
-82213 63992 -72745
-82212 58093 82102
-82211 61342 -66019
-82210 14289 96592
-82209 55896 30299
-82208 -17058 -39750
-82207 -61589 4129
-82206 -74354 -55892
-82205 -19397 -69924
-82204 -69432 88641
-82203 -34444 -86840
-82202 -4606 3156
-82201 17714 79769
-82200 -86867 -98044
-82199 -31696 -53404
-82198 -14881 18477
-82197 -17245 -45516
-82196 -53809 21530
-82195 -82005 73596
-82194 12319 44560
-82193 17839 -33201
-82192 92672 20038
-82191 -87854 -78021
-82190 16509 -22297
-82189 -54180 93219
-82188 -61807 28250
-82187 -79024 -84004
-82186 -87322 48117
-82185 1524 13898
-82184 39000 -99880
-82183 71354 6407
-82182 39315 -6159
-82181 -26868 -96173
-82180 -47114 14470
-82179 50751 -42066
-82178 -57001 -36990
-82177 -26736 -76253
-82176 84739 90929
-82175 85313 64440
-82174 95278 -1981
-82173 -26374 17389
-82172 -19895 4465
-82171 -78006 38807
-82170 -54724 -58419
-82169 34258 68637
-82168 -38534 -99242
-82167 10871 60153
-82166 90329 5309
-82165 -55161 -61699
-82164 91673 -25130
-82163 60716 45440
-82162 63243 5696
-82161 -49654 -58993
-82160 -54238 90660
-82159 46246 -19974
-82158 -47863 -64163
-82157 -44020 -53731
-82156 27008 -54792
-82155 49138 54744
-82154 -2040 3937
-82153 -82177 79540
-82152 97081 -90835
-82151 -904 -98642
-82150 14437 71320
-82149 -58341 -93824
-82148 14766 -52563
-82147 43492 -96288
-82146 75259 -31220
-82145 78144 -63063
-82144 34953 -23403
-82143 -31095 -61881
-82142 59482 67223
-82141 4902 19619
-82140 -39944 -75753
-82139 51631 -12836
-82138 1066 -8730
-82137 63653 -12217
-82136 -89426 -86694
-82135 32182 -92893
-82134 84869 9491
-82133 -24582 62161
-82132 7701 12775
-82131 -93351 28225
-82130 16739 68246
-82129 18296 24631
-82128 -70030 -49397
-82127 13644 19043
-82126 21398 20716
-82125 -55855 10487
-82124 -94924 -59643
-82123 27029 -39865
-82122 68059 40186
-82121 -46711 -65497
-82120 -98036 -31046
-82119 33351 69197
-82118 31131 -92595
-82117 -30017 78553
-82116 -93300 70249
-82115 57967 -69798
-82114 53738 -11477
-82113 -20072 72621
-82112 47230 32820
-82111 -95773 -11132
-82110 -88846 35976
-82109 -94564 67877
-82108 -58630 -89414
-82107 14416 -828
-82106 81784 24793
-82105 -71803 -1340
-82104 -14693 -88871
-82103 -65834 98404
-82102 36493 -49237
-82101 -63981 75575
-82100 -74280 236
-82099 -90272 75548
-82098 3833 -91331
-82097 -17514 20068
-82096 -1654 -12591
-82095 58871 44739
