2256
24823 -34709
-91428 56411
-82621 91916
89803 78817
77092 97885
-65378 -84766
-77441 93172
71843 86970
37005 -43945
40519 -51272
-50946 71857
13752 -83513
-93964 55399
51676 86448
-2389 25921
-66350 -18331
74711 15664
-99174 -52777
85771 30393
31898 6361
79646 -95951
-83765 -21417
-1374 -51078
-62356 -41469
19857 -2753
-79319 55122
-39293 -54033
61858 -50070
-24263 23600
-49291 63172
87276 99138
-4162 41113
-26757 -34698
-83176 80783
-75069 33790
56224 5473
-88371 -6142
66323 44631
-83628 11025
-18490 99139
56702 -32878
74344 -80732
-16836 35820
-84470 34350
-34217 54574
74193 -19448
4264 -28085
-35439 -55412
-37885 72811
-44910 69701
65757 -51573
-7127 98004
58767 -5355
86131 -70511
-84671 -48760
44388 -10282
2619 -26284
35967 28119
19748 -76476
-82788 52994
73978 -70309
86680 43178
86739 35062
-41737 -90665
28209 90870
-89864 48880
-43333 81488
-94245 85146
-37066 -10077
59264 96268
32943 -84484
-18016 83838
95248 -91691
88152 15315
64922 53787
97906 -67937
90033 -24705
-41107 -39490
-29211 91916
-24065 -32083
-11368 78262
92705 45875
-39791 -79721
-96106 4681
6240 -25923
-91294 -6325
27016 -46428
-29472 30602
30561 11295
18742 66998
-92571 -96585
-61731 42287
-33676 34886
-81958 146
-3690 20078
-68379 38396
47870 76350
-55478 28742
-75934 -97383
-54688 -85574
88776 1072
-25655 55422
-97128 -3562
-51085 -31250
-83961 66333
-45635 3796
-37938 86592
-20606 -6494
76398 19996
-96879 -52030
-72116 -53199
78523 58515
40027 56623
-95779 -66025
31799 69395
-49422 27306
83648 -46921
61810 -7276
-87580 41784
89056 45052
-65099 -55279
47300 -52074
-9622 23265
-54189 19218
-50271 43310
-34502 -76311
-8698 36171
-16490 62964
-66689 16136
-99321 -55978
-80467 -24802
-60425 72702
-61850 60277
8113 58682
-70563 -14387
84033 -7357
57058 36489
-52865 -25086
-94084 42122
15995 -39643
82602 -30438
-87221 -45242
-26907 -79279
-30342 -10500
39746 8960
-72860 89867
42029 -4062
44150 -71267
-50833 -95258
-33332 28175
75721 55860
-7929 -56971
92157 -17200
-25210 1754
26171 -73976
-92465 57660
58156 -61331
27492 -38645
64837 -6658
-91304 5323
86999 -90254
-78191 -42260
-53237 2834
39505 -35124
-93642 90188
70176 -28507
14441 12535
69809 61703
-45740 -95678
-92629 -25288
-1554 99669
-57073 -89468
-95239 -82485
-86812 63886
48627 -81443
37220 -15748
-28761 82897
71045 -78132
59867 30896
1599 -66186
68500 -83772
76467 -8934
26333 78216
6369 -57124
21092 72321
-59694 14304
44344 -79407
45246 -35823
67851 -57665
41482 64239
39046 16608
54804 30645
54933 31367
-8574 98544
-86890 87080
57054 -281
83777 62471
-9685 -64783
-64688 16724
-20931 59413
26559 -29103
-46753 -36823
1661 26948
11797 -76546
-80847 16367
-43053 -98695
11081 -51074
25608 48806
99163 27716
-81665 -14207
28229 42943
-47631 9302
-76722 -2914
31810 31553
-64124 81469
-99178 35241
16149 12246
-37641 52858
6197 -93831
-52709 67184
56255 17821
-98552 91709
94177 -12238
76852 -62871
-75848 65864
22740 47769
99320 27494
-28934 -96307
-88832 -64629
-27498 84309
25402 76537
92508 -2865
92101 27773
-72340 -67549
5911 -17311
75906 -41922
46888 30068
18086 65003
58908 -20882
53999 -8011
-81929 41701
-70831 -25229
78249 -96220
-75608 48417
21056 35808
-58475 79009
72350 23670
72810 42163
55310 52209
6122 -40788
-87821 -36363
-58525 2123
-51762 87005
-34264 46803
-83460 70033
-3125 -71056
-63462 -15499
-53226 -68828
77431 81460
46765 -35845
-32908 94728
-76167 78228
94322 -90196
-86565 -67583
-48861 48669
-90486 35660
-64741 72139
-29820 -15985
-98940 46663
-62495 24491
-52759 -15285
18179 59186
-25695 -79666
-87207 -64708
83312 -30903
88495 44732
-35384 -52441
43434 78787
-72555 -75382
91954 -77172
-37003 -98986
-25523 -37508
65328 75326
39907 -21042
78918 -41545
-43741 4300
79562 -50419
16715 -32786
97924 83472
-36592 -8531
-17505 -74535
-89100 -21498
82503 49590
-3513 74343
68434 89185
-98444 84566
-16370 -40560
75026 -67286
-4410 -46698
55042 -7752
-22959 23587
57219 -16381
37292 84177
44873 91230
-78837 -76837
-45171 -38515
36964 99445
-624 87704
7383 -28297
2390 35534
-98083 18976
8159 91243
80657 -31832
-20369 58289
75737 13111
-60154 -8937
-42646 -34697
-21237 63452
6874 -34029
61714 -14530
-40579 -23246
-5422 -26242
-30954 83876
-71841 53029
-12827 87134
36428 82668
-17887 42887
84497 -99943
-72741 -91477
-32351 -69370
-92860 2786
-77901 67766
553 64
46450 -67257
-83419 -17661
42955 86173
-45891 7095
-87502 4362
39184 -3269
95437 64891
12884 89032
-75284 61777
68427 77114
13825 92684
27039 94418
66249 -52564
80213 28825
-32662 4182
-69399 -94596
91368 78086
-68518 -3700
-15332 19332
64568 -24947
-59812 -33821
9327 -18039
11003 69956
74447 -57269
81041 -55659
-47518 -29774
-43256 -79008
-17442 -88912
-63080 62475
-33985 95054
-78095 -11829
-45134 33870
1344 -6030
-69456 -75606
-85763 -52316
65683 -98989
-7108 -25799
-90086 -45982
-54149 43050
-63586 93458
-33090 21733
52275 46744
73406 -55310
88126 -11725
-63531 60921
32050 91081
25367 60784
12897 30490
-39925 -22135
95049 57155
-69093 70170
97077 1093
-87578 -71291
-97768 1547
6762 -88549
28025 -95935
-84812 -46642
-63483 -64729
-34543 81821
-67514 -10216
-92528 32910
-39731 25760
64904 69641
-85672 -75856
-46424 6342
60783 69036
81091 -4338
-96353 25206
52800 44667
-31416 23848
84254 55338
10545 5113
-56115 35685
-3926 78378
70641 17000
39712 -13684
-32850 -44429
-90437 -85157
-79513 38309
98426 -36240
41859 27560
88042 6603
66962 -10365
-60228 36597
87616 31735
-26507 48525
88007 -83226
19080 -39788
45772 27400
51152 -87997
1066 17272
74127 73610
91245 39967
-20269 -12378
22290 55990
12009 53735
-3703 56168
95006 -96450
7590 -57889
-82030 21811
3433 798
25349 82050
99448 57946
66555 -32952
1388 98025
36191 21945
58219 -2207
-67082 -85505
64643 -4128
-95091 -89752
-80888 -57470
-48468 59676
-73047 52211
-94610 -59117
70890 17689
-5160 -40637
52128 21888
-77882 88733
-63506 -28298
-98230 -11696
-91170 34820
2247 38402
51760 -54395
-70402 -78797
22577 86480
76079 57785
-29946 52298
88646 -67603
-42604 -16449
32947 27680
-53876 -94861
16194 -54851
99179 15411
28289 -36434
97061 87710
-39510 88192
-90667 46278
-469 -29147
-23749 -68937
-73326 -23465
72082 38337
10021 819
-39124 6963
66660 621
49370 -6161
25823 12625
68326 75253
72865 -28369
97063 37121
92117 86986
-65579 71662
-71977 -87231
6070 -15549
57173 -63818
72287 -97251
-6146 78125
-76530 -62666
87027 -63519
-60526 85716
-96945 -35691
43392 -60710
-86741 -33050
-74080 -41665
-20989 -37928
66370 74279
-79476 -83942
8112 13117
-86311 38815
36248 13019
85746 -55920
11310 -9435
-15497 10325
74832 3256
-4055 71316
-23779 12246
-37687 28992
-92303 -56165
29126 -89311
49159 34964
-45376 53423
71763 59234
-73767 17575
-37564 -80529
-22347 -55219
-26196 4689
12851 -55075
580 71532
-47770 79713
9748 61145
3706 -57314
-96894 97483
-68826 11443
-22662 -90058
-33173 -11248
61248 72475
-23677 4635
7067 -54064
14700 -74052
55922 99623
-94286 96983
-31896 -7724
27373 91033
62257 48282
16238 -23921
-77532 -10363
68027 40867
-58917 10516
79291 -34560
4144 65324
90212 29126
-47534 25586
11993 -12397
-49781 -32603
16762 -9584
-14027 58880
-15725 -107
41212 69226
-40187 -19432
26023 -51115
-9268 31971
1391 27611
81143 41922
71429 11545
96195 -89755
-15578 99118
-58973 87220
4670 -97686
-58466 -15013
77971 91639
85107 -77231
40873 91157
-97287 85362
306 -91085
65088 -60341
64336 -29341
-27052 78183
277 75726
-12244 6074
-80948 53969
-36779 -93063
57726 -48791
-48567 85368
17670 45380
-13492 -73217
84050 63770
-364 55735
13043 -37114
-84606 -85606
78813 -39290
-72411 9288
-39758 71505
32428 -85381
-51862 33273
-19954 77980
-96260 33293
44361 68476
40501 -21390
84201 -22526
90231 -34963
-31689 -21873
-23803 33406
-33932 -2
95825 17518
60542 -33633
-83669 84022
97675 -52229
20542 23935
10330 220
-13039 39083
-13233 -14480
13863 64237
-53305 23092
-36607 3260
-18693 -81306
-94723 -96658
-57236 -2970
-47488 54956
-64189 5820
-59967 -13921
40717 -53792
-62940 72511
-99703 -93929
78415 -58730
13653 5022
-45320 22688
88920 86865
-30158 1485
-54371 78460
-43507 98492
-9024 -94026
-61580 -97752
-69693 12722
-6224 72562
46402 -72474
7379 44522
57850 -42428
-78417 -87643
-73790 -8848
83869 -61530
97546 -27378
52009 37483
-60583 63584
11791 -37231
-43882 -57470
27402 -57172
63160 23343
16685 -32776
-38387 49608
-39185 -61236
-24913 -27624
-55230 79905
-87979 49590
23523 17404
-7315 15982
77665 60510
-54824 -86412
74273 56778
43965 91653
67524 98144
-85211 -98238
10870 69006
-47441 13195
94535 32060
-55427 -26251
-81645 33324
-17713 -98201
82784 -19542
68411 -48695
-80613 48406
67771 20797
61563 -69204
30571 -45807
72220 -33174
36766 45305
-75880 -31499
78820 -77267
-99483 -19234
50104 -64090
49379 25822
-12083 23639
-19100 15808
-46814 -90894
-53136 57356
-30065 70074
-39500 -34448
16649 24355
-8864 -87745
-98192 -71151
-84207 16397
52889 48273
86706 -12132
-42913 86725
12745 -21424
35287 64446
-46071 -55097
-11224 51115
-79484 -38331
46695 42474
65670 68324
74449 77519
2492 83293
-60062 -86130
26482 44513
77252 -74157
-24866 81163
86157 77532
82394 56163
-6083 81584
54057 14401
74186 75801
61996 -71974
13727 909
-96543 -37407
71858 46134
17049 -90236
78602 38691
34883 74552
-72143 55901
79710 -92359
96438 -94978
96219 -76325
56 -90262
-4106 38933
79140 99422
-90351 -97804
-59691 26873
22975 43160
-29043 -287
77141 78032
36746 -24210
-3240 53957
-68033 81105
-34446 14653
909 67
6239 27560
46141 -61590
-57266 -8885
-64840 -16237
-47721 1683
-48843 48859
-67851 -50793
31156 52534
-77432 -3370
87331 -84510
-33549 -69006
-26986 -58068
-89021 64746
-48514 60618
-30879 -58046
88283 60208
-85402 -19061
21839 13555
-56809 50667
17928 96705
-10357 -63785
-41741 -29222
5877 -40990
-73642 -12791
-34290 -17376
-95877 46789
55717 78515
-90114 84240
6078 -40732
83485 64672
52447 76105
14514 -31027
1604 19828
-36507 33379
77561 -85468
-95684 1999
16830 73104
-71656 -89968
79063 74971
-79939 74293
-39273 -46097
22198 96464
-83399 92751
-41050 -11875
-93686 -55940
-28856 82757
-94761 52635
36681 -81442
32603 -76780
-4900 29517
45822 -91528
78338 -60066
-67186 -13778
-75612 17334
-97069 97877
-38656 -72819
65222 73322
21400 -91951
17507 79850
73266 -78199
-31076 78283
-41760 -2589
20696 81290
-90615 -66067
52627 10363
-38608 -18622
7716 -2742
75411 -18044
54315 51721
96759 -28385
13682 -97564
92491 53551
17283 32190
-44075 56918
50044 54548
-48950 -92112
-12474 -92456
-20011 30531
94589 -76687
40039 -46820
37393 61558
-87703 7432
-85522 36216
46313 -355
-48314 -15958
9703 -61666
-96715 -41652
-62045 59725
31764 -55544
-90774 -99394
39791 -3101
67646 -62422
99987 -75420
84322 -71375
-49639 73166
30253 23960
12247 68218
34191 92672
3736 -4121
35854 85877
69353 70046
-30687 64900
33232 -45444
76460 29298
65931 -68619
20391 19604
-49158 62092
-52833 -23422
69229 -70246
77840 -65386
52989 -72831
37182 48799
26149 -65285
-80401 -17911
-59762 72441
-26324 35041
-88406 -55196
-68804 -68462
38947 68465
99063 10830
81900 49823
20213 -34239
-21095 95660
-54855 -30002
-44400 47561
51391 -80073
-48162 -12655
-75494 3317
9982 -42463
-30173 -83191
74868 -20697
93101 49806
-31133 -48344
-59405 31176
99802 -10938
78344 -36563
86349 -76128
-25982 -76633
68060 79444
-61625 64639
15182 19933
52123 -2071
-35308 -48198
-45286 -66773
66616 -34464
66995 41833
2438 49191
17393 88331
-84759 -54068
-46570 90988
-60166 82948
-71915 73374
17465 10333
-37064 53629
-31107 -84264
-48832 -72856
23578 -60675
79952 -27191
-20096 -68390
-67585 43890
82706 12071
-73602 74275
-59732 -45463
-20485 92948
53987 61522
-30840 -75128
-74671 69999
26010 -53453
-26559 -40143
-17276 -31749
41658 -89168
-67881 -7104
50481 -37958
-42213 52855
-65533 -19400
-12164 -4711
85165 -10644
34269 58667
31480 16623
2971 -64828
61264 -23135
63313 98436
-67848 -75331
88656 -68915
70976 -71203
95239 60059
-74966 68001
14519 74126
-95790 -37947
49509 -65527
-49285 28761
-33815 71906
-99331 48215
99630 -69985
-69048 739
-10648 -20929
-59358 21191
72144 -86495
98303 -65269
82962 -92450
-27879 43218
21911 -81949
25921 -20655
-49003 -33540
71561 -42699
-57020 25012
65473 70794
-91824 14401
72712 28125
86839 81328
69268 62432
22476 58442
55911 65252
-75634 -94026
39460 99226
71206 54445
-57991 67434
33690 77707
69052 -999
-50111 82935
-3917 -46012
-89022 44512
-79426 71731
-6648 -2768
-52681 -63377
8677 13856
-45426 2420
-43512 85660
99838 75913
2073 -103
-8557 28224
7277 54260
92791 34193
40424 -87537
-90096 -27988
-42984 -50663
38215 -48223
-54549 43875
86167 -64483
-2486 -98654
-87976 29164
74002 15483
8592 92176
41537 18148
81358 82277
52439 10550
5177 -38378
-90533 95899
-8025 38548
-28908 -8010
-17717 -37263
82714 -25463
1830 -57368
-7243 83873
-50988 77823
45687 -2424
14098 95361
-8980 91271
-946 -82371
21061 8236
92011 43047
-70886 -41387
-36291 278
22035 41979
-81204 54772
-13085 -71143
-94369 -47043
69611 49005
-97552 52517
-21579 89473
-40763 42115
-97578 -42861
-16237 -97564
85727 -4932
57030 -40906
53382 61417
69536 -95690
-49419 34176
-69614 83638
67024 -92126
-46990 -29779
49158 85444
67523 40584
-22576 -24304
-26684 -35059
13547 -84229
34928 49304
-32179 -99239
97429 -67826
-33928 9241
-39561 -83488
-24083 68626
-71875 21714
-4258 -21153
72053 46585
27369 -29708
-7795 -79647
55752 -67038
-31442 -39762
-3253 -1617
90371 88329
13980 -67729
-87641 69553
-48168 44328
-56147 22962
45153 -31744
-49706 30630
41533 14884
-65621 78577
91948 -13074
3131 -64648
-89045 -2561
-22555 32443
63649 -93730
-81952 -70885
88684 -30534
-27032 -50382
98358 68456
4537 8
53316 -14145
16556 14737
60256 67218
-54765 66176
43368 67325
-63999 81987
9538 38332
81855 -20498
-28939 26797
-72219 55346
-83746 -56232
-60503 -12355
85424 49938
83258 -33438
65713 50109
-82355 29639
-2711 -96106
-9470 15732
-22006 19719
68610 -7059
48705 -92409
56276 18037
39091 87630
53205 -56446
33907 158
77985 -43718
62544 -67743
-85431 -97324
67161 81164
-89414 4746
85373 -13138
-48980 39584
-91035 -98298
84283 67068
18486 25513
92821 98355
93546 26122
49097 8648
28091 -75551
-23981 50387
-67804 44222
34961 -58393
20038 -14401
53243 -89281
-86020 -52755
-95129 16791
-88260 -24584
50022 -21239
18675 -54010
38392 -67170
-54242 11716
90235 35442
-18034 -60556
-473 81580
-8426 357
-76547 39840
91378 -2004
-46452 1699
-31205 31974
6109 9370
-44909 -34380
68148 96548
-36724 -35538
-13324 -23809
-2781 38922
31734 -40980
74821 52141
84690 -12103
37232 66418
-53210 48402
88520 -21818
88235 -17517
68538 -23027
-22778 7368
-89223 -81424
34647 5431
-90166 16358
41759 -39624
10283 76770
-48005 81054
84810 -1823
29558 -41128
1486 14098
14882 92548
59746 79824
-72153 -54896
28251 89391
96247 60469
-16892 -25565
29802 -48357
-5627 41309
-18072 -75364
-58788 -87615
-96727 99528
6074 20435
76152 27763
97452 -49330
27859 -17065
-20698 -37346
-75353 -87418
-83690 23935
34926 -13340
28480 -51340
85913 8943
8024 25868
-31995 -72369
-40861 -46703
-53653 7563
76885 -30352
-39347 -59593
-56741 10791
68586 -29314
-42239 -87140
82461 -69965
-16229 -25934
-18685 -90568
-4617 23404
75502 -97600
58309 -69249
-97599 -57343
-78575 44238
-9431 -6070
-20425 3905
92701 13517
52207 28313
-84948 -8758
-57595 88305
3629 75391
57197 13924
-1644 -9229
21013 2674
-90186 91069
-65105 -30448
-24007 -17157
27795 38910
-58719 -61566
-10748 20819
90649 278
77760 59075
-78826 88235
9153 83034
-19204 60963
-78061 -51469
25613 -76105
77496 83745
61024 -12871
22912 -14251
23243 -19182
-11485 -3292
1768 -38912
-73770 -50588
28778 -87686
-86889 62253
39220 -94470
-23237 45450
99040 -5823
-6175 -70232
5944 27958
86052 94032
63662 -20616
85014 -24645
44454 76141
62451 60889
48201 58524
12037 -53339
-14963 -35035
90748 -1836
-7211 -63233
72783 39686
66252 -44801
39455 11882
-79527 -50607
43714 -51855
-56077 -236
-60986 -87934
-35131 -33698
-13396 -68826
-76689 -5829
93667 92432
85118 6516
73730 1137
2080 -3046
-84554 -78468
17547 -47720
-68862 -24687
-4624 77650
82729 -51625
-15235 -52914
56160 -64895
68032 10328
62915 3577
87344 -42340
56553 53772
2299 43143
93176 91002
12637 -33468
-81587 13496
64009 68989
42443 8796
81247 -70094
-38388 69146
-37970 30192
-39188 -69939
48777 99520
-49865 94179
-6777 92627
62701 -79061
-9906 -86361
76378 59716
-38925 36384
-20039 92071
-55299 -39691
-71777 78107
42000 -40956
56502 75796
-91758 -63884
16371 52657
-2439 79678
23980 84099
-40179 97927
-27926 16616
-99771 48549
85899 -48032
-14244 65375
97958 -67355
-79621 83930
28846 90537
-91849 -7995
85750 74066
32866 -86730
97585 21625
74943 48343
40481 -99799
75467 -42817
-79467 39923
-39134 -70162
-42064 -49857
97322 7029
17280 77830
62579 -92185
-77598 -11276
-91504 -99831
12034 3167
84709 75793
-57214 -33657
62622 33096
95641 -89903
-37697 72531
2961 -86532
78866 -25310
40511 -65919
-88974 -96781
-76199 -15118
68962 -1243
86998 -26231
69344 51901
33721 -40273
-57087 21566
82225 14207
202 -79815
-47324 41102
-25120 63025
96422 -82713
-90506 -21249
-25796 -11760
38923 -9096
84277 -97851
-94153 -24062
5669 28957
-84383 -88372
-23637 84944
-25221 99890
59071 5332
11436 3369
-83492 35864
-13225 40581
-74427 56862
-82841 52312
42725 71325
70001 71989
17042 7013
1646 63722
49778 15364
29138 -75408
27968 -45973
-14523 82723
-13613 -91478
60539 -83423
-20308 44996
-8987 -15321
-55277 85042
-96115 -64500
66361 52887
-89556 23126
-7356 93577
-74433 -70156
-4204 82312
39255 -83559
-87223 -80044
-31388 87011
15905 41379
-90720 -21633
-93535 43872
-8788 42139
-38326 -94868
-94468 -83939
-47792 -17754
-66483 -34556
-40756 10781
28781 84467
-89611 58487
30882 -48900
-67794 77074
-81308 46905
-2506 -84918
7686 48652
90112 28809
-51090 -40193
99721 -81347
77892 60165
93856 -88718
29947 -52373
67325 -87732
-3105 78276
42030 6026
53047 -43177
80353 -60206
33506 -94383
-10594 -50897
85393 1096
-40030 -37210
36560 -30566
12758 10640
76050 -34013
-61119 26128
-68727 -61231
73513 -18688
17066 -77477
-45527 70623
78149 15791
24602 -76781
82460 72278
25094 -99072
84882 62444
71662 -60795
-950 -54075
26413 7477
-76479 -6735
-32524 1131
-47003 34893
58936 16225
2139 -59240
-10979 -18640
42475 24480
-87237 -60692
47699 -87776
-41296 47126
-65940 -64548
76902 -2569
-8113 -79363
96758 74017
26628 14219
70810 -86349
-81287 -77587
94746 -68376
46406 73564
-84500 40160
83072 53430
-84362 -76369
-67931 -47385
86454 -31199
91001 -85637
-1299 99957
77201 -34112
88511 82929
-65829 68489
-21260 -64326
-66045 55501
-92092 12215
13850 12229
6418 92661
24692 46700
32156 -48536
-9757 27693
22818 75186
5416 -52026
85677 -33108
31176 -21577
-94864 -78232
-31505 28340
-51979 -61969
89951 55774
92673 -32734
-47903 62785
61604 45316
31579 -9945
15938 -29356
47034 47048
57645 93849
-71397 32014
46162 -76172
-59267 -42992
23493 -94719
38812 -60869
-40009 -22130
66298 -66112
88377 -97139
-55826 -84613
-3556 33464
28577 40370
95716 62251
85105 -21684
-66428 36837
40459 -7868
70058 65094
-63016 89868
82314 -60984
-43854 44529
48910 -7630
-447 -57964
21747 28730
-23951 -91663
67211 77887
-83107 58461
27665 86568
27620 82517
51273 75825
82285 -91568
-53058 -7891
14128 23553
-88987 81361
-33013 57280
-73855 -75099
83691 2848
-79539 -70908
3092 -13982
-55034 -37534
62458 68569
54442 -60697
-253 35423
44236 32687
38939 83703
-85661 -39136
-55113 -33395
-48043 28659
-59470 58523
98410 55684
11369 -83687
-88385 28662
-34884 -38338
26003 -57255
83017 -90829
5481 -92923
28332 -72413
-8945 -85231
21614 -87886
9946 -57845
-59200 54336
49507 48271
24777 50610
-83140 12188
-91726 21344
-73923 -35327
-67740 -73937
-58289 -2612
17002 68678
89391 -81620
-95047 97952
35173 58541
-10749 58583
74436 -65874
-69584 88292
2459 -57760
-50515 1216
17786 26405
30005 -7007
67974 -70391
48912 -35607
85637 75919
-28100 -17185
2789 32731
-245 68249
14811 54134
-23610 76440
-19377 35520
-33895 89262
76227 -71039
57573 78376
-60811 -9046
-87654 -7899
44840 -87354
-6690 52431
406 -20292
-25180 4480
-17439 -97960
-69023 66376
-41880 1725
70575 -67792
55755 66474
-34744 41773
45273 -22176
85252 10279
-7328 -84040
1312 84685
-80813 -90155
-91876 81208
-12301 -39054
-79656 45049
-14101 -29008
-76267 -39672
4776 -91243
-54463 -50928
4671 -46169
-20059 -59251
-37666 38531
-89718 16583
64311 46467
42228 70785
-47263 9576
74001 23120
65776 -32229
32345 -14637
8855 51347
99738 -83188
-57447 -99254
-66401 -21741
44475 -44259
32655 -98699
-23668 3276
-38108 12675
-82 -78039
53481 8215
17540 -90433
78010 5181
-4463 -36438
-62776 -19989
-95995 11548
-63966 3266
-42799 24958
72113 39300
-6280 20780
60343 94941
-91395 34352
44468 96028
76107 1991
29848 -35325
82880 54647
79097 95104
84482 46644
-84008 -53526
-22676 94357
2295 44919
91449 -97247
-71119 -98349
-23967 29932
-90332 69278
25490 -85641
9261 43310
-6259 8451
67939 39247
-85958 -4441
-48750 81670
28213 -88778
-2159 28414
76206 -23138
15831 59406
18820 36104
2194 -24183
-63428 79120
-1988 69637
-75405 -51121
46678 -46523
-4170 61363
95971 -28261
91702 -25960
-92124 -57130
-97935 13919
94235 43768
-79223 56666
-85026 42857
-7968 -43786
52211 -3577
-7092 -46938
85335 -92730
83139 -29534
-8846 27135
-22633 -47931
-28199 64915
78246 -37613
92559 51084
-68369 -51549
-79855 33100
47404 13780
44751 -57879
57763 -14987
44923 16541
50705 -15413
-73949 15539
19552 9979
16655 95469
-84667 73981
-16233 -25018
-19717 -84298
30851 47150
-75575 -74239
-88230 52176
74405 -41011
84919 24476
-24572 44001
-59018 9820
19858 -66675
-9490 85475
31645 -58070
-50836 -21889
70806 -48518
-70391 14317
89730 67806
83374 -53562
87895 -13088
40899 -6063
-85726 -66398
-56949 94371
85576 31994
-16316 52677
-51402 -53071
66342 -51093
31756 22513
3831 -71048
12186 -32217
-36732 -83492
31334 -92372
35548 43843
-70650 -20538
-10420 -80609
-21685 -42330
17956 -83991
8074 30164
-70468 -36045
71554 -56907
16572 -30168
-34743 -5947
-52612 -61270
-41892 92485
-53592 -34204
-43452 -50801
-49434 78803
28919 -51812
-38980 58247
10456 -78830
-71641 -53755
50137 84760
62786 43737
-29865 4643
-87534 -84529
81871 85058
87757 52439
36734 79136
76933 56813
26507 -42524
7034 -73688
4435 12819
-66143 6205
1457 -79140
-40173 -15302
24737 -67236
72814 56628
92387 -75953
66425 -35692
16036 89523
17285 -49846
-27087 75766
-46078 -92731
1125 -78510
-13726 44462
-13843 80435
-17850 -12114
-40728 59170
23587 35472
-30225 -77578
36575 -96241
-16252 -84303
74308 -23413
-2143 -95803
5972 -16289
9 -10053
-8160 82560
48032 -94919
-14552 -80826
82543 -81174
-67814 -3486
-37813 80449
-64323 99779
69400 -94397
16902 -51178
86107 5927
20812 98855
-71431 98724
28406 -15206
282 56827
-10038 51816
20658 -53454
-94471 -434
-62690 57790
-47638 75187
-54216 -8306
64567 33943
-85567 63954
5141 19631
-6857 -82804
-28850 -99630
56248 -72649
-12370 -51418
-52853 -91353
68303 -46000
-27504 19415
-33496 26053
21038 51301
-97248 -75955
-57988 -60705
-14403 21512
-32527 4261
-19852 20333
86109 77363
-86639 87381
15296 -31378
44358 2030
-32561 87855
-59233 -89506
54681 -59251
-1819 1250
55430 -72655
49312 20965
-41801 -95863
-77045 -53770
49703 -529
-25835 91400
-72902 -57044
-98601 -82812
-47212 32404
-74182 -52364
-49695 -778
-76175 -60105
-7829 -47752
27011 97790
-8177 -16384
67575 35713
-68508 65732
89337 -28144
210 -59211
53735 -45546
-18109 25013
91630 75106
-54311 1355
-95866 -88465
41660 87196
38500 -76199
64100 -80637
32607 94965
16183 84489
-62263 -98942
37540 -91388
61125 -66272
-45903 -25123
76437 56878
-58474 23674
60811 84102
-34360 8441
64153 56958
67579 41985
89339 -49940
-35198 -88038
59599 -69759
-20567 7157
82231 -26870
34131 88420
69232 89110
5379 1054
-24522 -30182
11283 32802
-69205 56541
-23446 -54330
37971 -7339
9399 84015
-42367 -31373
-16641 -33138
83126 66850
-41616 -27703
-30950 -78447
12371 -56789
20967 -34232
49558 31098
520 80806
18716 -45093
80874 -20106
-87157 69186
-1077 3401
-60714 -75993
87040 -30892
46160 -68307
-78440 1680
51240 89384
48399 -7839
75121 59021
-64512 -34697
-25312 -81252
65676 13724
-277 -22404
8276 96375
72852 58857
-87061 -23715
-43101 -43138
87282 67805
30189 -34830
-26138 -66034
-54860 -30244
35214 -2765
-69803 -20349
36518 8720
16177 -8806
-28092 -10278
70198 -13928
-64805 -9194
-84065 -24901
17985 -20316
-50312 -13798
-38418 -92700
39449 -52713
33457 20710
-56198 16285
78231 -89274
33038 67395
34282 97680
35043 -95893
-85439 -9600
-84590 -83364
-2982 77696
-94648 -71001
-81258 72939
-32001 -36386
68375 -7857
-74977 -94320
-44676 68025
-97053 -12442
77238 85443
95562 -81754
41295 -25987
15346 -57861
-41148 -54483
-98487 -78745
-43137 29952
17601 -29552
-41931 89627
-98894 36074
40599 -16319
-97430 -44356
39276 -88606
8227 16805
-52151 -49875
-8972 -81665
-30477 -97700
47425 -37279
59243 -82434
18561 -71349
-40057 -92172
-44147 62552
23248 -83020
-99967 69971
11495 25364
-47790 5025
-47406 -45048
-42732 -75630
25161 54417
-14712 -7115
56994 80602
-46747 -15638
-85903 27212
40188 -38704
-46603 33926
-51527 98351
-52978 -46114
68981 -73000
71733 68053
2661 12485
-26304 82699
-14381 -36739
10697 -72098
-65875 -81857
53692 72993
40793 -84785
2330 13008
-58958 -71105
-18983 67223
-45120 -68850
-90323 -88435
27839 39715
-16627 -22239
-5130 -33575
-13486 -99525
-49742 -86400
-14540 33994
-48621 32792
26310 91944
-18194 51786
69783 -51261
40921 23755
38195 -34017
-19676 53902
-49264 79394
15632 60256
-77727 -34979
20873 -92400
-78235 -23588
-86823 50811
-81843 17329
23786 85280
14354 -64866
-77543 -62196
72748 18197
-61201 234
-80222 -55379
66336 -52718
-76575 -33641
64272 28737
-68749 14593
-12009 18675
-79336 -70424
272 -82811
47337 95571
-57287 -83169
58904 -89621
65550 98556
4289 -91027
69807 -42756
92351 75801
-70800 -3720
69930 29237
-62709 16719
95875 32865
79790 -55159
92720 14400
25485 -52117
19898 -4941
-49252 21144
-37408 2838
48137 29903
55849 86938
-5493 90761
-53872 -71652
-16741 60494
-15334 57425
53118 62665
34331 65255
83855 -74366
90868 98120
29824 -81593
-53272 -89032
-33956 30621
34615 -82639
4423 45785
45458 -23791
-67221 28904
-83091 53644
14745 612
-77478 92611
-74077 -7819
94665 94129
65975 -44424
93820 -41293
33840 -95553
-86052 26155
-58015 43475
4738 -67045
-33393 -20588
19143 -60927
91231 -49322
1665 -45159
-58854 -79314
-53568 -76984
95510 -4971
-97225 69692
78358 22274
84972 -14768
2233 48871
-60810 -72328
87881 61950
49361 -84736
37853 -59983
61482 5697
-10179 -40062
-83938 -20857
-74739 -70773
49719 39604
4460 53722
57032 84162
-58647 -83403
-48424 47141
71504 17055
80462 38596
79378 19736
47642 85968
47720 -87737
-79631 76241
-1057 -14858
-73922 93631
-79743 -60394
41092 -30616
75057 73417
-84474 29141
-90762 -41157
39845 -70126
-20720 -50405
48590 80877
-92282 66534
-24792 -86857
33531 77294
-35075 -85936
576 -10001
-24052 74128
4965 2788
-31130 30756
-52904 -65605
34455 74660
-46807 90580
-7896 -32093
-91417 98252
48277 89560
-99734 25390
39092 -37753
-634 40559
36174 -34299
31814 8896
-1903 -54551
12709 99867
2312 67104
-83582 -17165
-95945 -83131
-75508 57379
30226 -24755
93410 -15355
99339 -58909
-66354 26187
-36609 77481
-25746 -83203
46803 32397
76873 49506
-95265 -16073
82284 62095
73664 -16624
90756 -77832
-71001 -74486
46348 52266
2896 -75061
49555 -60389
80307 -19948
-89815 95054
-49046 -57547
-39155 96294
-40766 83045
-5831 27110
31883 72404
-97864 53359
-18482 -65127
39959 53989
-37306 44498
-91630 72664
-61081 50854
-69432 4631
-61392 -13263
-5490 89852
-98501 49760
-62081 -84296
-89170 5947
12877 -90771
32604 90537
-73905 -62342
-72193 -85679
-30980 -34680
-16404 -84379
64976 32484
-919 8945
78422 -50258
-20250 -14286
53056 -31482
53276 3539
-13156 59474
-7814 -82485
87200 -82640
29082 -9359
82093 -35585
35852 65544
-54291 -90894
-79009 -52681
-81305 78966
-69349 32272
29665 -60321
38451 76259
-21372 -79380
-67536 -43576
60141 88910
-11395 39024
77773 80123
-82189 -69702
37 63085
27154 -74525
72529 -62723
-78309 67342
24707 -41116
-58974 30039
1828 -89241
152 -60830
11099 11687
4708 27266
-71354 20742
-35146 24345
-90410 82509
18810 37604
-50397 -37042
2055 -37550
-54614 28084
47419 23422
-19250 -3967
-12277 85974
-68098 -88277
21462 62792
60148 42066
-25574 -77149
-59185 11321
69523 -50142
52604 -53563
86445 -34676
-28003 -72306
97508 71741
53811 -13608
-66233 -80913
59009 -56040
32469 7569
62514 -19969
-38676 90709
-27728 42541
-65185 -82910
-51106 -59317
63655 25143
-37366 -70298
90374 -58489
-80899 -89785
47412 -97004
-77959 -22409
79432 16771
-763 -53324
-82655 -59675
47807 -32937
-73174 35268
52675 -62302
-47766 -8972
22313 -86120
-6198 -6377
59173 -97269
-76370 -7507
-47199 28025
-67980 -83186
42836 -55184
-19787 5515
58696 14810
42538 -77375
-78623 -13366
-71525 71914
50174 95051
-79515 -9572
82341 8886
-88390 82578
28072 -61636
59321 73787
98263 20432
43921 -12410
75049 2179
84164 50654
-70204 -15232
57136 51400
77833 85576
-23751 72339
-84551 36142
57503 -12297
635 -5371
-35148 6481
73874 36013
-15377 -22621
-77684 -54704
-36315 -61336
26693 -13359
10950 -41100
66189 -82587
80181 66820
-44196 -78787
13509 7940
-59909 -12158
98140 67863
-28339 39478
-11781 -36008
1263 24807
-1974 -60727
-83482 -84216
-49463 -3180
-37171 -19984
3965 -87488
60792 36280
21742 82298
17492 -76472
26921 -50007
-30732 60266
-26821 2228
