2108
64922 -23639
-3030 -88892
84767 -61883
-66075 76035
36206 93893
-68781 -80888
1046 -55214
-15154 58601
78701 -8010
2970 -77165
-37542 55257
-69656 56373
49849 86036
29588 39524
57369 97561
-72462 -74503
-65736 50131
88387 -41128
-39090 76383
-4541 78491
98535 -19306
5643 85188
-83997 61868
10086 32206
15489 -28663
59908 68015
-846 66463
77144 77020
26659 71012
-15866 -61005
20290 32924
30919 -30626
-61025 27005
55344 45744
-89510 -57055
-43703 56196
13898 65726
88791 98723
91956 59623
-12780 86819
-76468 2653
69390 17194
27964 8972
89033 -47772
48539 -11314
32272 26732
31244 45506
-55699 79963
58303 -82314
-53495 -53344
-76262 -66644
-71371 -35101
-94247 46401
-30951 61707
-18937 -81310
52201 55608
29748 -87941
48843 -96581
50802 -69656
-33829 693
72477 -17391
69456 -46998
20460 -95481
-13515 -12738
-81984 -62178
-381 -59435
23195 -54077
-99520 54585
-30071 -51350
-30383 95614
11112 -58581
531 -75022
-49151 80475
-38245 -31115
-86905 -54622
-94288 -36108
-69792 38105
69130 -82932
-40966 -1483
-61683 -74771
86266 69213
16915 1233
39202 -57928
-53715 -11261
62256 -72445
-51362 7092
-14311 -53883
-78285 3169
41044 35749
-66032 70317
-51885 -43045
-34972 -60676
-1257 -295
30838 50466
-47754 -80609
84125 -2345
71988 57747
40433 46734
16751 -49937
-41624 -23251
-34336 -41529
91237 -92051
-39092 21718
-48580 76496
-7428 67004
50829 -28520
-41932 -71477
-48718 -43699
-55006 55092
-21701 3224
-43475 55905
-63557 -19107
23476 90372
-62178 31986
7577 38480
42635 76499
91769 -55174
88589 2763
-84226 -65187
49613 15141
68677 -99686
-4287 -10029
92830 -49246
51492 -9720
46041 76379
49475 47849
-73967 19949
71434 -30385
-13186 12890
8100 68603
-18294 -78178
-29174 -10473
-57102 72698
16967 99293
97104 73601
24202 14512
-13197 -63367
65844 45444
38603 95000
37485 56767
-40597 47261
14069 27896
41696 25792
39057 19355
-15608 24478
-31552 -16976
58438 -91716
20600 85077
-43637 83307
-946 20704
-54562 -21565
-54897 -76080
-71763 94865
-98368 -92314
-43244 -87857
7201 -47830
-33455 -63116
80336 -7054
-17848 17589
-77175 43271
-2909 -10646
68918 -21544
-58414 -50935
-64418 7952
95804 -52451
-61357 -74600
77014 -44638
-17106 36015
11515 -58797
-4986 -60553
-10268 63704
11219 65058
-23619 -54023
61458 70986
56336 24773
-42899 80042
-43686 36421
-74969 26433
25802 57079
-56328 19118
58504 19756
-44929 59516
11117 88270
-84781 -34836
63927 -67241
46390 2247
-86196 98224
-14140 -72943
6785 28759
57439 -6268
93440 7407
-97867 34259
-30836 95799
36158 -50515
-8693 -83518
-72260 42749
97839 -53539
-20446 -32023
75331 -81444
-94105 19924
35534 77384
-52045 21071
-22699 -34407
94025 -37088
-60456 -54170
14547 -86655
90306 48007
11599 -66867
18066 -70075
76303 60523
-99280 53372
-93722 -2498
66210 49429
-78770 81733
-82227 -20508
72120 99432
-80201 65633
95584 -27899
-74137 94765
-82289 -99533
-84660 67979
-8708 -40526
-35941 -54232
6947 14921
-7788 -5244
99521 -4247
1568 -26295
-66065 61954
2728 96052
-28742 54430
-23892 25219
35834 95623
97688 5191
19165 47994
13677 35414
-25377 18193
89678 -77355
82998 -28011
-6235 77701
12496 -95828
87030 -41171
35516 -61515
-1092 -61720
71190 -88144
-93605 3552
-27967 -6646
-54585 40456
71955 65084
-70458 -55030
89151 57333
45320 30915
-13007 51322
-63811 -76625
8718 84708
-9655 -46062
-32502 -39744
-45115 64009
64458 -1686
-22521 -73366
-91346 -18280
16171 -88017
98191 51227
31490 99841
41670 30356
62415 48089
-19985 -11850
-78525 -30678
-95351 -19748
90852 -18382
55481 68478
70317 -94859
-62931 -50130
53520 -68788
-5852 -40088
62540 35172
18321 53435
93034 -88749
-25916 -10491
-65220 -48602
36595 89344
-90263 -47645
-44820 77848
31580 -41966
92466 -51778
53279 -24664
-57966 -80709
-73379 -53805
-94272 42253
-14963 15196
-37200 89634
-70307 -3164
12168 70216
-23952 -43648
15357 -46909
87388 -97141
-85483 8718
19030 81171
-83038 34121
-19907 3399
5639 58494
-11745 -857
26271 16086
-42652 -28432
-76214 59288
23259 28505
-22458 -40100
58632 72352
-58699 -50372
32691 3091
-17528 -9270
-50187 -96704
-64482 41670
-36971 29624
-7544 35060
97380 40175
83260 -25247
69099 -39653
-42276 -55187
68143 -18717
68711 -8775
-38077 31808
-73743 53106
89422 -43365
649 8800
90765 -91938
2739 78050
10782 -68358
68249 79297
-99811 -87633
-97196 27698
44694 -62739
93531 -89305
-76907 -26424
-82941 -76489
-37327 10153
27167 -59
-63695 45095
-51531 -72333
-67713 -97119
-44846 35463
65353 66776
-72543 61403
48955 -91313
-22854 30320
-25104 -68368
32915 69357
-41778 -66471
-38145 -56184
-12982 -71701
84646 -26135
-7945 -745
-75967 -3506
-64682 31380
-13981 1984
-70244 -3661
-57406 -64275
-10549 42349
-46080 -13617
52689 87062
94014 6472
56861 85637
-44784 -69284
39754 99701
-66349 -55505
-35853 -63111
14565 -8112
-65328 54382
52909 42059
43328 35653
-48936 98331
-5444 37757
-42491 93306
-17458 -80758
-74175 -74721
-58493 -35029
-71249 9822
43323 -73264
12086 15125
26684 10792
72060 21737
-55239 -19593
-25642 -43881
-79396 92685
-50085 14223
-84164 89367
54435 -52852
36319 -54268
82111 -94560
-95482 -41433
-43793 -80257
-95474 14797
-38325 34972
-36241 -62561
72624 -50537
-29949 91140
-66511 90711
-18458 -10358
-71177 58205
-88327 -8312
-58613 66726
57013 -30747
95922 48514
-80495 48157
-15168 -79373
35718 -55310
39523 -94273
-18521 -20133
94736 -77441
-60367 -7897
29184 -44614
-21211 -72705
28107 10786
-36955 93675
44073 89509
-63523 -91284
-79410 -3802
-37318 89595
19226 28507
-61464 -82707
-54601 -54377
-41001 76323
70233 38364
-10103 -26935
-26999 65034
45239 -44348
28550 -54842
68622 77554
-25098 50733
92392 41835
-84039 -39809
-41975 20831
64677 49060
-48494 7250
-63812 61413
54356 -45286
22954 46912
-23628 -21003
49733 6102
-94144 -20612
22768 66730
-22557 59585
82137 -72478
-88024 -63500
-47060 85119
-59976 70415
68304 -79553
33392 51641
-65021 71703
-72609 -91125
35816 -57990
18814 89339
9930 54115
-2202 88029
92846 45558
99500 -65694
-70913 22532
51828 80226
87829 -53985
-36179 62634
40711 84964
85189 -97802
99704 76623
44583 -82446
52489 37650
-79620 -7278
-5169 -88299
49625 53622
93439 -78478
52063 98826
7704 -49442
-32068 76670
-72828 -69690
76735 37271
63813 40199
-26668 95269
68188 51730
17946 41167
-10157 57404
-42017 -25540
-29118 -64332
-44873 -17077
-60520 -40674
17582 -25902
-89150 92123
-45447 26961
68451 29625
-38290 34268
-8317 -33046
-97745 25328
32248 45704
-66745 97023
6655 -50621
68051 31597
34931 26300
51229 -61026
53484 -50546
82040 78862
-27722 74522
42167 -40853
76375 87984
-27832 7952
-40016 -11543
-68371 -55981
-16717 -96058
-11569 -93908
29880 75491
-72020 -95832
-37173 -96800
45006 81503
95305 19780
-2147 47706
-34293 44469
-56072 60296
59064 -33418
-66762 93951
67568 51344
37531 -75589
-49375 62339
-89340 -21504
-44583 -9492
-78938 99160
-89611 37573
84636 -68377
56410 80743
74584 -23627
-32381 72755
-52225 -25098
-98787 34871
62671 -89966
17423 -34509
44932 -4879
-49608 -20820
-35958 61392
53734 70013
-6549 9619
91323 84229
47315 -29686
-66090 67623
25061 57351
79982 59467
94424 34758
37189 -65851
-90444 71189
-31691 99387
79177 91422
91485 3269
-26813 43454
95639 82878
-1756 -11111
2693 -31585
-14498 3763
81678 38378
-29504 94154
94836 21773
80562 54207
53159 45155
76074 30730
-67337 8641
46334 -4104
95039 -96327
77074 -59115
77139 -35019
-55578 -67055
-76115 37512
63554 -71132
-65201 76687
-41047 -45508
95267 -89726
33409 49000
-8856 -1205
89512 -45940
-47266 68066
-59912 43723
5846 -87902
-13225 73630
43654 75558
66174 62703
81761 22415
-13273 -89190
85707 -92012
59218 -26349
-6711 17328
-14405 -61565
33450 74261
-10867 -78146
53113 36230
-54704 -53897
-51923 60665
6422 -81354
-96604 4189
-14410 -55274
-88045 -37592
54447 -24258
-3931 65289
-87038 66643
-18340 -19182
-94069 -8505
23010 -48632
83328 53351
-31580 -17399
-4947 94508
51608 -11495
76461 -46037
-65825 50302
-11145 -87862
47894 26130
73483 -43884
-8861 -96887
90107 44177
76398 37484
-96735 -61557
-67036 -98840
56104 59217
3737 47383
-72907 -59398
-32023 -41465
-94379 -68257
-52366 38926
14566 44717
-39761 21911
-91331 76225
85726 -47619
-39802 -27278
-44892 -84608
70218 -85357
25421 94009
48157 11598
-34729 14845
88749 99028
-41790 -25436
-49029 18725
-47081 -86085
-68437 77566
74107 -37674
-98740 49331
76336 -87850
-35656 -99142
33448 -22794
-76391 81818
-45406 -72555
-19367 -59143
44831 71649
43562 93568
88220 55989
91351 61587
-78075 -19488
-85185 50004
-27233 12157
-94748 -8803
42352 55085
-84319 79231
-23848 98202
-82081 61814
2046 90639
16871 95379
-10539 4906
-33825 94563
87298 -48561
-64027 -39914
-2365 28251
18057 83243
55796 34147
-81407 -18438
-36506 -76793
36473 4481
85517 -56947
-57943 -93253
58992 -90576
34425 8324
63425 10381
36397 36778
-60658 94003
-49190 91775
-57824 -56276
39152 -4826
-8794 -75711
-30274 -63600
-15027 61264
70758 54630
50245 -12514
-2423 -18426
39985 85106
-72706 16644
-92147 11969
-26977 -32279
-98499 22506
49389 -56980
-86087 -55664
30625 87754
-48963 91529
1434 -74288
-60860 67987
-28467 -27673
-37940 -6193
-9877 46515
4849 64552
-21995 -17875
90981 41307
17042 42000
49709 -70029
-61234 96288
-31520 21432
40623 75507
13828 -86665
46793 -9224
89013 -35538
-40450 -63143
-44499 -28245
-43973 15674
-86567 -96246
60441 -29774
-70020 22945
73065 65304
-45039 55577
-28827 68714
31628 -27501
41668 24480
-10949 -80224
40125 -22561
95181 91795
27272 73756
41442 -31097
-64242 -77312
15469 -87763
-10394 37597
-26779 -59389
44034 47262
-67385 -67023
63601 -70358
-88464 27799
59750 -1231
-92510 -36364
-57135 3722
47390 -75626
-15857 -86121
-27926 -52784
-31702 74711
73167 -8839
29261 12216
-93587 -33968
70285 43249
32192 -1368
-47224 79602
91227 33098
-8467 12488
-55511 61816
7248 -76533
35753 -46685
-69568 -81491
18342 -9767
-36104 80011
55925 62010
-75161 22653
84321 74969
23878 -50834
96093 55645
-61811 -91344
15775 75437
-70486 -43228
-81219 3495
35445 -67019
-75045 65240
21153 -70202
53958 92772
-5970 -11804
-56784 56127
45354 -91042
36081 30296
-60730 93414
-13290 -61074
-53657 -65903
-19944 37607
-26053 25695
-8152 -68070
20161 68952
-97464 52986
-57417 -67661
-7586 -51577
-3279 -53512
-56981 45027
72388 -42429
-45398 11393
74446 17620
73513 -46783
70731 -48221
9979 1345
29249 -51989
-59231 -87281
10508 -39020
-82671 -75108
98471 34127
79350 -17595
48504 7600
23747 -14230
-54960 44656
7444 90948
22104 8753
-98406 1415
-52446 47542
-64298 -66522
4322 53688
72786 -53654
97622 -7873
25392 -77878
-54370 52451
35472 -55586
47450 82870
-59506 -30597
-35201 64515
-38409 -22578
42014 -70849
-63586 77237
83585 -70899
-53130 -770
-31358 -89713
19423 4740
-83772 28725
63100 -9759
98670 2425
40571 -2757
-76093 7733
8946 -6967
93636 95191
-22948 50721
7140 85730
91184 76593
6639 -25286
-87904 -16323
-67383 39245
-16001 -3050
8930 84235
-78897 -75379
-26156 21573
58198 -93173
21183 -33475
-61537 -4163
45039 -40964
-80430 16633
79900 -25754
2807 31936
96126 -94221
-15597 -66797
99976 75699
74518 -44825
26960 76570
54346 60427
-85933 48041
8280 47789
-84102 -28718
-58163 -71605
-51352 -98960
-70338 -76294
83800 95175
10012 6786
59853 32690
17265 -91236
13051 86442
55843 -44485
-99376 33788
-99832 77092
64724 -81785
12112 -56884
-19770 5278
-2433 -37793
-52462 77555
59774 82600
-11262 -13081
-37199 8824
-7683 -89083
32802 33447
-71198 -83921
8241 -79355
-79711 41581
55297 -50766
28944 -25958
27216 12797
25642 -49927
16489 -98930
35030 -11560
77795 -63580
-91815 74256
-67773 -47371
86806 -2488
-42103 -48859
-88920 -71953
37594 45492
-95389 90411
-44845 73449
-70166 13935
-73560 -87303
29253 69387
95506 47983
61746 -3682
12310 92799
20990 43768
6730 -62380
90138 9269
20017 28422
-92879 -17880
63466 -33921
62179 42649
66712 -48225
-57948 23356
-79756 57476
49047 36151
44928 -94561
-64764 -1930
-50705 98718
15955 44889
89614 47403
-63553 85655
-52280 1412
-9276 -79137
95171 26728
62019 -6021
79402 -58762
6297 -53633
-69801 24638
-15769 -87877
-35880 95374
-37011 49514
30397 16394
-16140 -90134
-75078 10829
-86541 -27906
67554 42065
19439 -61786
-43904 -7184
8416 -85478
-84237 -74688
35982 21817
1247 64992
-12028 37925
-92337 -34371
-46447 -76708
-99133 29099
-90503 27198
-51025 -62460
68087 -92705
81465 -63548
40532 26862
-10745 -25509
23928 97825
95227 18996
-26958 -76216
-93107 -73738
-11056 33460
-1394 -77739
62878 -79932
25231 12046
-6272 1659
17972 77646
-64491 -48444
-92303 98723
-9682 45114
-18009 27971
-65395 -2942
33647 77521
28019 43949
-77251 88306
-52755 -64330
58236 22923
-5 -65866
28626 -20904
62998 39544
16869 -54823
50488 90882
80238 49521
-15200 29721
93018 -4729
84302 -71129
-39949 -30235
-54584 94432
28633 -61196
-32220 -23036
58991 -44370
-26876 -44339
70490 -35094
-74229 87818
74839 28185
-27086 86562
-79074 -9244
66655 -56725
-36070 -26338
49549 -1022
-919 -80176
14952 93030
94377 -40881
-76217 -22624
43689 49391
96284 2305
41038 40417
-50216 75055
81746 -50145
22387 -50870
-63918 37417
94751 33822
67550 67147
55214 -13350
-87486 72426
22739 -26819
-63923 -641
-32948 53328
-79812 15115
78356 46286
9745 32970
64859 6977
-79913 29268
-1037 -11545
48655 -31891
75599 21117
-93397 -68062
97906 -41216
72427 -13081
81513 12040
-61214 -74014
-33510 69238
9965 -72545
-68855 -15790
-93493 32971
46326 94564
8998 74310
-74705 -7126
-57082 -34428
56378 -15090
-31318 -25405
40176 76732
33585 13268
8962 96445
37245 81119
-65518 -12429
-79743 -8089
-98300 -67060
-14528 4479
-96575 -16640
-10842 74881
-97365 -82833
-69690 753
86660 44485
51981 -1334
35249 -77493
86485 9326
57032 -64556
16390 -55291
86005 226
17932 49891
43878 37417
77860 28224
74009 -31165
-77538 89647
78037 46280
91611 78141
-48425 -3943
-77149 24745
2500 70606
-54139 -77204
-6464 -47686
25838 47548
49899 -70429
80316 -50028
-98453 -60591
-830 75853
77049 68022
32995 -86492
26482 17408
-82061 -77809
-47163 34431
-20837 -55801
28557 -83661
-88455 34909
-86825 -14255
-94869 96190
48495 65167
55072 66831
-1923 58241
47453 -35298
-53162 41216
78651 16517
65966 -13302
-84298 34205
-74150 -3587
92072 -13874
60869 -8703
74541 -84373
60727 -87059
75881 11433
67353 -10811
9585 -83941
-28216 -2210
74557 -70480
-26032 -99824
-15795 -86455
50309 86164
-69787 -13698
78724 88902
-70630 28167
-6629 73407
-18967 -57070
4634 -56711
-12826 68427
97761 -28747
64981 1343
31304 43956
31975 -87226
-53264 979
-31930 -78729
35731 94034
-24211 40446
26076 -99773
-11786 -61615
-5262 -28151
57323 53729
77626 -35872
-70861 39246
30582 39075
51336 -11211
33783 83622
84859 65407
-48672 -39543
54950 -46621
-40702 1649
-51431 -99937
65311 -75441
-5725 61478
52150 82941
63264 -66458
30903 -60235
-74231 -26435
29799 82787
-44414 24309
17799 46937
-1003 -9319
-1359 -82350
-40998 37422
11401 -91341
75259 7023
-38964 92805
-17736 -48206
-50414 -99535
94018 -69412
42859 -14349
-67210 54921
74701 -96979
-71044 -93071
44211 48227
93939 -16063
-37366 40647
89043 21805
-57567 56793
87196 12471
-1517 1414
-97037 61796
-27157 -32335
87292 56842
21914 86825
-34897 -83747
94792 -28700
11626 80241
-15243 -13341
-13678 53126
-11094 78350
91549 4485
75064 75780
-78130 83958
-50426 69401
-45109 26405
85291 -12214
-96072 -96958
-57376 44562
43851 79994
17479 -54356
4015 64525
-25360 11210
38172 94077
-90438 91396
16260 25926
-77311 -59253
-37478 -99813
-49870 85347
-60499 46060
-23266 90203
-33489 -3876
-21890 28306
-62289 26515
-7838 46754
25433 -63613
97776 8632
-72664 -91300
-21106 -93903
-83903 4267
-3629 28465
54497 79374
52749 76194
91851 -8013
-36182 -69597
87779 94176
-66840 68010
25644 47422
-26855 -14871
-60429 23487
92687 -44582
-40968 -87448
38403 -72775
-90791 -57102
-75546 49488
-13429 4626
53845 32641
-33859 -93585
40842 -15564
10372 -70379
-63084 81565
-6372 71928
37954 23570
-30943 -73100
35156 -32317
-86832 -14265
-33173 -275
-27364 -2826
-52110 -49647
88559 83314
67535 98131
57562 69795
-54216 15255
-18646 -72049
92243 -13985
68685 37916
46382 51399
52506 34449
43816 -86320
49256 19488
84924 21170
-15293 -16620
55851 28088
45682 -33465
-90902 11822
-86316 49685
59553 -78599
59459 87320
-32694 -39645
-86509 58779
-30254 35111
-70873 -55246
12990 -67346
-30486 -33032
6890 -83950
-7912 64825
-5255 -35468
16261 70533
-98654 22902
-22675 -55755
1328 84471
77590 -56766
-21637 -11287
-1557 -53831
13357 22681
-10607 3392
-70806 -76861
94798 -78634
-17066 -56361
-78975 99643
-44898 -67049
24633 99659
-45938 43340
-59675 -7990
379 -66232
37820 16616
-42766 97217
-16380 -46969
65409 31134
-85386 84964
14475 -59449
67770 -17047
-90233 -69733
-22289 -53050
-25269 62032
75972 38191
12717 14390
-36589 -87211
-69478 51296
22633 -51212
-97481 53935
-13720 -40652
-60701 54599
-60314 54120
-5506 35942
-96240 75056
86611 85552
-20449 73245
-4883 -30626
24533 -10228
87165 -87619
-73758 -20674
-9836 -61009
30726 -59794
15804 -32783
-36229 -63041
-39904 -82989
-55927 77348
-2216 91458
42904 -3859
12777 -32862
-52222 -52281
-22843 -23813
17220 -16149
-78557 -10419
-89444 93708
51843 -78961
-72846 -19954
-83243 -69345
-66011 -65844
-85446 -56389
-14188 -87105
-88710 26412
-68118 -73776
-4054 8219
69159 52212
-2116 -94302
-88018 -58018
-72041 -88984
54998 -96560
-43510 -94019
75725 48723
92077 -42475
-71486 59898
-50651 52643
6692 71967
76006 58491
-43400 -83018
40516 -96821
-21815 82045
10982 16223
59370 99578
92297 -14969
-43957 52254
-73207 7045
2135 37131
-67937 -98174
-59555 20924
61148 -29769
-92977 -49157
21562 72433
17966 -41261
37137 -84146
81067 42706
-7790 -68881
14072 -53632
3480 -8724
97332 51777
77569 -80808
-45217 61975
-51696 -60175
-95542 -87398
10859 2232
21307 -367
94187 -73487
-43361 -75539
-54966 1167
-42634 22251
60568 28069
-18639 -46964
-22518 49862
197 -17283
30576 78082
6193 -24459
-22175 78859
-82090 -5054
27581 -99004
8571 46553
-98328 96830
89322 46246
99685 -44523
82135 -4166
78165 -31346
81195 45940
15275 30570
18826 84294
2828 -34233
55326 19494
-29123 97432
294 -9831
19791 -36968
85208 20726
20038 -26403
2038 73408
-64127 -23470
28167 -91601
-47229 -82220
-58171 -44320
-90795 38878
10855 34643
-30442 -70710
55942 -61183
-40519 88420
41526 -11925
-79201 -76297
-62131 26124
-70172 -71678
-99021 5410
-27441 76349
52472 31144
-10720 -37865
48107 -83947
32880 4513
-96306 -9419
76879 94351
41632 -16784
24122 3666
13767 38930
-20308 -3232
48139 -23156
-70624 97148
22141 -41741
89865 11914
16552 -70467
18207 -65385
-30390 -25276
-61054 -46682
41453 31949
5361 82169
-52323 -25618
-65449 -92400
-54486 88737
-15513 -7934
43595 -20530
89008 -41470
24740 -71702
26192 -67878
60582 44906
21551 -82774
-3753 -38697
-52581 -15344
-79579 -49258
64762 99288
35293 -9178
59699 -31201
-70770 33034
-17927 -17700
41195 44807
-31248 76587
72621 -43917
-42783 94615
24735 16802
2008 18031
63071 27263
-23703 6919
-6261 76530
59219 -64537
-97080 54311
95247 11742
-81203 68272
-99254 -69853
-20720 57991
-73723 31041
38382 97788
-46967 -15231
20699 33643
72237 93362
49036 -22232
-68076 67181
-31764 -67392
-65408 21692
-22471 97579
-46318 -86097
27156 -39011
18311 12954
-64929 99611
49385 -80650
71696 -2613
-7098 37269
-60650 64460
41126 40319
-76518 80231
-95798 53176
25509 -45413
-32480 77918
-41049 -34339
20001 45379
44518 83678
-33848 -23948
-11836 38641
-467 56268
1125 82648
-45439 -24295
-27396 25960
-71083 29607
41233 88128
-88516 -58177
16227 -27610
-2138 -87639
-34750 -6679
63067 -86046
30850 -12625
-36881 16058
-39337 59185
19060 80376
24821 1189
-85748 3011
-53611 94814
-21886 60498
42208 2766
54738 78564
98900 -9712
59049 8979
62551 -5858
15484 -70749
-2047 -87645
31713 17293
5037 -75212
-48493 -89681
25779 91529
-33501 33771
14749 4674
-12422 -15008
7401 -81331
34452 -56628
-57547 -96108
47785 89792
88411 -18234
-4848 49844
89156 86899
-24419 31038
-1846 92126
54094 41737
60600 -13003
-45773 60895
-69904 -68998
-44000 64938
-69689 82248
57079 -35968
6986 64734
-73896 19654
-72710 -6789
29767 -75689
-86638 22261
63352 61718
44402 37375
-19231 -82279
-86293 24031
-19753 -38450
-33899 83928
5501 72832
14884 -28815
-30499 14482
-79817 -41889
-17245 -94745
43682 -9172
351 64260
-15530 16359
-43771 -49948
70778 -11888
81341 -41080
-65489 80611
-10922 64138
-25765 15604
-21452 3169
-10704 -45302
-69349 3254
-11258 65264
-62903 76997
18014 64434
-79217 -10524
59274 -53093
-69153 -6787
54454 55508
-82375 27942
78823 -77335
-40540 -29101
58432 -29575
96966 35581
25156 -69881
-30391 -51586
49904 -74495
-7873 -33754
58898 -3344
-41873 79607
-58462 -21127
-48193 70984
7518 67304
9380 -32988
96216 21640
22237 -62759
-53324 42943
24856 -25069
63903 -57186
-25525 92143
69588 54582
99573 -123
91154 88420
9925 -2557
-79753 -7869
62047 99111
37974 -56084
-32225 45585
41615 74176
-5410 17930
8759 95971
63549 -91901
-20680 91903
79055 -42957
86311 62084
-84711 92753
-18403 23766
-96649 9409
-27974 58504
-85470 50776
-4846 -8057
-31021 12923
47166 -15330
-33939 235
-72008 -70117
-25694 -91772
62479 -89316
6398 -2048
91958 57067
-82946 -74127
49400 -81720
-63369 -3508
72783 79633
-48399 87255
-83846 -23574
30079 -32409
31896 -73498
47173 48219
22968 16840
-65931 -5910
-8559 51648
-39483 23846
-24955 82363
-7893 57794
-36793 -7598
65078 12440
-61908 -48650
-82892 -29253
-59510 -11917
-36152 -1569
-16614 90947
-10728 -15177
-79117 -7082
31052 -59083
44130 -2637
15139 -15695
-61583 -12605
-30345 65074
42423 -22481
-94956 -80519
7781 -808
-10167 3557
13711 57527
-34513 -98543
25825 -1127
-31402 88516
90364 21808
90905 94478
-37967 -71324
55167 80508
64821 -142
83221 79201
8039 51816
-44247 -53466
1841 -98399
-54460 64403
7775 -81745
-38061 83783
87285 -60138
78228 -97717
-31276 -48570
51430 83512
29418 27084
92595 24874
58489 37219
55530 80761
-12807 -53641
-41283 -30146
-80061 -10063
69298 -40313
53493 28866
42314 83581
-84090 17488
-93830 -83564
95688 -67984
77650 -54499
-1249 42614
18685 -60122
-1252 -73776
80243 -67154
-10305 70247
1384 31117
-81180 -37814
29928 -15130
-5029 73872
-1053 -54129
-24833 -58301
2809 -38191
-34568 26476
43364 93373
62436 -5704
37722 3401
-63883 43610
-14051 76229
-61603 -51789
48020 46733
-24568 45614
72267 32502
-82098 67036
54467 47708
71920 26672
21537 9718
-17267 -76180
-70916 -94123
-5080 60368
45153 -28103
98711 -27484
6846 53273
-42884 -94625
-22139 26800
-12432 -20045
-42968 13778
61117 -44312
40318 -31537
-43864 64016
-31958 53854
-4436 -88401
-33441 -54412
-91167 37473
83899 -2876
-48712 -36779
93434 35484
-61889 48868
-35596 67316
57695 -96930
-67656 -34061
8944 -11548
77941 45564
54484 -46683
-39887 -38873
-54707 86330
-64568 43255
55820 24548
69455 69003
-53077 50010
38337 27663
-66916 -23675
99831 -44367
29034 -15363
1108 41217
10019 314
-51473 77245
96775 39066
80945 -88716
59732 -7732
-85526 36494
6291 60149
-95970 69022
80064 -7226
58965 82927
39992 -85590
65634 -33179
46055 21697
75303 -81067
66945 -54761
-67808 79141
-9761 82586
-36613 -58564
-26429 -87577
-26255 94042
-27288 -32127
-37752 -74238
60341 -43812
-41430 19915
-45583 87121
6638 21485
45154 -10092
18795 -98203
-28531 -6082
83229 2890
34828 -14294
-17132 -83907
32561 25739
72292 64017
83999 -1902
96369 61691
11833 -29912
14055 -31205
46271 74294
72699 -34084
-98103 10898
-48024 24314
99490 -51494
55774 -72634
29460 73147
-22304 90494
-31224 17731
-7052 -54133
-47536 -59420
-48982 36767
-50870 34596
96416 -88416
98053 35390
-86236 18633
-35014 19793
71239 -16675
40859 48683
-68909 -88345
-17005 -26225
11944 33026
70315 79335
13478 -48335
25298 -90148
69154 -3817
26259 -56044
-90374 -45804
-80943 -3083
-40032 -95927
45060 -33115
-3490 -80352
-93664 -65634
98795 16634
-15193 -81159
-77732 -62485
41652 62009
-67818 21593
9719 -65829
81836 30923
-71255 87178
-79052 -4164
82608 43032
67694 -86347
58828 12358
-42205 42429
30705 41575
-30170 -94778
-24543 25603
-84056 -55088
-35856 -7308
-6859 -26081
-63732 -64470
17998 87844
31047 -31899
-33333 -39337
82396 30668
-62507 73766
-87056 35401
49826 -28900
-6847 12354
-20730 68211
-7045 49288
22781 19259
-29483 -90670
42629 -44378
9564 15722
38266 18164
95627 -4221
44428 -70855
45346 -26889
34464 -46350
69493 42266
-79914 -7557
59556 -30763
54788 14120
28570 71142
10856 87789
25233 -21602
44539 18651
-7830 -91395
35037 -65938
91491 29654
-84318 -23807
-54197 61386
-70965 85614
53857 82806
69870 -71679
-9788 55027
70103 -71867
11127 16384
-36733 -96067
38864 -89612
50903 54433
-51120 1429
-75189 -23960
-71391 -70519
31334 34822
-10482 85496
41400 -33569
-68072 98514
-1649 20771
-98651 24602
-24599 -69
53621 49977
41649 -98648
29022 98800
-6299 -54537
-29842 27848
68670 -95804
63177 -93279
43494 -81628
-67817 -51793
35845 -39627
76780 68200
-82458 15196
64847 -71436
-22994 -86975
8803 -89403
71384 -53167
82588 68185
-1505 69101
-73148 61281
33737 66961
53579 6592
-79500 -22
-67495 -40905
98818 95159
21571 80065
-64801 -91041
11096 66078
33321 35865
-83781 -73350
50968 -80083
-37159 64269
48358 25461
-37746 -74937
-39173 27651
-22094 -11410
-50833 18429
-75343 -75434
-35575 -12622
-75059 64859
2060 -54054
1637 -81457
-99166 18054
46172 -16502
-8053 7449
831 38816
-84 -28778
-12984 -97570
78443 -96987
41357 28423
66139 61702
51357 11139
-83284 63344
-82073 318
-67458 53895
66714 -83793
28191 -74422
58556 -43051
-9605 60772
-9408 -86029
-96610 99547
31423 -69506
67867 -99786
59795 -23600
27212 23825
9533 -19465
-91486 13493
17245 -11659
-33834 -80082
-43033 10209
-62527 -16499
18251 -19867
86530 -49445
64988 42426
81239 88868
43461 -25761
80296 10299
-7969 58724
-17520 90627
89262 40550
-61960 30738
-78571 -71115
83225 39986
98494 9590
-63274 72793
38322 58920
44396 86113
-66671 -62602
-55375 3553
-5413 -58179
29904 34771
4840 -66821
67316 74382
-5037 12163
60558 97158
-74199 -67407
15338 39233
46360 -47482
-5428 7447
11256 -38577
81311 39784
-8664 57763
-90727 97463
11771 68150
-83459 -96226
21061 95478
97923 -54428
43454 3909
-99378 80973
8372 -34305
82914 -42247
47965 -4150
-29901 -82546
-24930 -87892
77446 -91166
59021 55633
906 87782
43043 59558
60955 58117
-61538 4780
-70459 -42687
-43508 65469
-98161 -19885
24008 48145
-99399 97455
83340 36631
-15499 83638
-42356 -97513
68720 -47338
-33948 -85381
-2510 -91758
8486 96305
-46518 39046
-66810 -83404
87523 42988
-41536 -19427
54460 -14633
-93366 -73860
-65708 -42986
53643 -19316
63659 -85108
-71107 -92250
79666 69366
46269 -50990
-90258 5264
-94750 18521
-64747 52849
8955 -70302
-11965 -18432
-50479 76605
58614 -38240
93158 -62682
-66858 18034
78086 -6790
-25572 31210
-50004 85831
32560 94460
96603 73069
88913 -4624
-13805 80163
-89850 -54506
81670 20785
-93221 5084
-91611 -79853
-38877 46655
70268 -64189
85361 83456
-13365 7446
-13108 57429
-6630 26914
-26894 20810
-16326 37921
46016 98108
13066 13799
-29266 -40637
9652 94517
-89782 81211
-94039 89219
-88678 -22645
11937 82386
-96360 -26163
-9125 72569
-15437 47442
85206 87671
62258 19390
-17662 -11639
-2416 24189
-16561 36914
27818 40011
42506 90223
-79654 -52133
40554 -84083
-28592 58338
-6449 39376
-5671 -49937
78700 -55926
40870 75535
19771 82607
-17348 -77623
60805 -83772
-88067 33570
31816 88417
37331 -32506
-99523 -99801
-71162 37815
-32910 58167
-2988 -26766
-60313 -70285
30113 -56526
-27912 -35543
-92784 -24807
-7558 -1524
45624 84852
-51910 -24519
45456 84080
-73845 72589
-74205 -74439
-76125 -61433
99468 78390
79404 61785
65242 39317
-84687 -93897
