2700
-114996176 49358399
-95992876 138561073
-134534903 99157583
20677815 -1834302
-42411371 115153903
119397688 -13735829
69565936 -52502006
52664348 -49158469
117059753 16148179
-57988812 47897025
-61814746 133753836
-122559745 56189347
-38042548 105608698
79639784 46675164
114601707 -26394919
51881892 43820245
120667523 -1761418
-69876626 42171266
-102042350 136850524
20974182 2963732
-53170799 127880372
-36770179 78230760
-127039810 61948433
-97255773 41103601
110272451 28012748
-36690683 78573889
-117180316 128320917
-58120310 131563866
43387205 39384121
-87506161 139644693
112028316 25588289
45736852 40823695
-39787418 110079745
-41702290 65458945
94472365 -46486979
-91751656 40087382
111941504 -30744152
22196326 -14761453
-93747665 40382418
-113384801 131149249
-58075539 131534624
-52492561 52077958
-48558530 123447764
46064789 41010743
110785079 27335967
106901666 31945820
78612523 -51879914
114736631 -26145038
-72980336 138110109
38833090 36037100
114517310 21520984
73688407 -52423269
42855222 39032821
-133394962 75534116
21969884 8798902
93103637 42172141
69698011 47476222
-51627608 126521172
-123542157 57311166
20737799 26712
72857747 47437987
52750148 44162970
-58372660 131727415
33813397 -36298221
-47885160 56677728
-115874724 50017218
27383425 22505647
48472727 -47315377
30125747 26741582
53394119 44405170
82115729 -51187343
-52692464 127471039
115403566 19828374
-55394981 129653649
93494746 -47002206
-50748286 53680608
73924528 -52408444
116419994 -22694209
-50880935 53553273
-113726422 48457867
114235971 -27055747
-134957352 96617453
-38283747 73065316
-116219921 50284454
112449463 24958321
57990527 45850493
87596933 44534505
78604560 46852659
20673209 -2472235
52212151 43952817
-132018674 71509912
-57121529 48479786
-135429170 90724975
97388588 39750228
-36245444 80748615
-114174069 130606222
40686260 -42524065
50701839 -48352516
-41374916 66059583
119276600 9220665
22002328 8937679
-126030696 118883127
106505069 32358022
113175757 -28849262
-135315326 86159587
93639656 41899036
108863672 29757813
31989421 29164841
77203641 -52085965
31440276 -33510692
-95125302 138740373
-41931313 65050040
44071712 -44850556
38578707 35825582
116312485 17907653
73636257 -52426393
115622240 -24413653
29325356 -30627548
-39428993 70117196
35240578 -37792163
77611235 47002028
28153307 23792755
49954075 -48019413
22566478 11114529
-132812819 105681466
117096497 16056589
22354527 10342895
-86643337 39701888
51765067 -48801229
39499398 -41606397
37720830 -40119345
50202556 43103197
-42105902 114630569
95848620 -45713779
102614649 35953164
21290088 -10344279
-62727388 45143717
21063543 3721338
-97252186 41102728
20782446 789287
119625168 -12697784
-35501158 92160936
49602924 -47857887
37314691 -39759542
-78926620 40113453
-123882216 57715680
116195865 -23194843
-65607241 135585816
-70195015 137306648
-129435601 65930690
-116860037 128581843
-102899930 136539818
-129470705 113378994
29351132 25636886
-124317624 121128229
-135438814 90022461
34694719 -37235291
-39107784 108484522
26149475 -25265941
30918797 27810444
-116145745 50226622
114670820 -26267345
22487354 10832084
-39290613 70445784
-134849331 97349765
-66932114 43238933
112064474 -30563541
120517185 1432421
20930703 2553758
-94345026 138888008
114325335 21867906
-63395440 134565464
110842257 27258979
24932514 17679555
-85097608 39688576
-129776121 112802394
25167449 -23232071
-54186629 128715994
20735211 -5003862
119470778 -13413605
-130609055 68245606
21034754 3487857
57907415 -50857157
52886532 44215110
-135262236 93899109
27392096 -27549179
-46497714 58326548
-125837369 119150049
-129386587 65840142
91325677 43021157
26683579 -26282187
-74539575 138484762
69092392 -52489272
22998211 12555446
106397285 -37496965
-112243184 131896242
-85435676 139687404
-105162169 135633390
-124325940 121117943
-63567721 44725129
35325867 -37877620
43451325 -44454344
110954367 27107125
-73747118 41073847
-94944697 138775688
-122171110 123611155
66961311 -52376297
66362856 47299596
118637519 11607463
-114543908 130344001
-45401032 119635461
24135605 -20796856
86145715 -50060046
48669612 42383867
-135422350 91013425
-36153757 81268826
43956777 39749585
99996931 -43012641
-135124008 84075539
58789639 -51081553
117150263 15921616
-73910323 138339928
71359774 -52509553
-132719157 105956248
29492474 -30871779
110666885 -32522675
-134659206 80886068
-61294829 133471121
-39432322 109265439
70344832 47484654
-61046458 46041578
112043752 -30594095
96962398 -45045170
86406348 44945903
38915561 36105066
-38734831 71837106
100531394 37591689
-86845249 139667652
-90337545 139446961
20818028 -6317245
-59865459 132651880
26982555 -26827397
42137481 38543171
-59781405 46773074
-135021022 83228618
108759288 -34909472
87809361 44457550
-135436305 89084792
34080228 31558523
-35800371 83694618
66813859 -52365100
-36989156 77337429
-35448624 88755352
-71062577 137575728
45704640 -45833679
35873820 33388431
-88420386 139598495
67465510 -52411269
43460152 39431537
-39613201 69689646
-43850481 117441993
-46209449 58687907
-116037729 50142808
-53550730 51176646
22715607 -16658882
-45319511 119526162
117078187 -21130830
-64778006 135218544
110582250 -32635141
-55479180 49658002
-109451280 45830189
-54262039 128776261
-135244738 94101221
-89243554 139542520
-35466456 88059125
-42299898 114964609
-135424412 90933275
95359565 -45995102
-117385223 128151656
-135341080 86544816
22736800 -16730540
108998502 -34626113
-35482929 87614389
22176849 -14684099
-53186188 127893369
119751509 -12070350
-121500632 124323025
-36536739 79272161
120624390 -4722836
27122344 -27076916
-96984257 138336440
-114121785 130642887
-36230022 80833912
-37456278 75631499
20720752 -333940
-36018132 82105504
-129026016 65187330
119196416 9547933
-112259768 131885706
-35923611 96625234
55560143 45146993
116452924 -22619394
68532744 47439896
-127945669 63357522
109254848 -34317660
-120790994 125047025
99886695 38063697
-108712707 45433838
21752898 -12848913
61526568 -51670542
105316839 -38567252
118828142 10943099
-134153719 78419425
-35568103 86109664
86156495 45028001
-131832359 108335276
-46498994 121049851
102052968 -41441246
-91267397 40028159
-127739580 116347114
-129753757 112845240
62947842 46885317
93428427 42007629
-87888032 39747372
-72141051 41488446
-66416398 135927052
61388721 46616157
120457196 2128245
-61022724 46054851
94067559 -46703673
116767021 -21888448
77762030 46980665
-50714341 125661465
112712898 24553483
88673026 -49161946
-71961955 41538219
105245294 33607329
-35491270 91952505
79303270 46735319
48846294 -47498560
66933498 47345683
-133950161 77573029
104929814 -38935193
-43890054 61873608
25879759 -24730217
-105136121 43730247
-129478310 66009954
31112393 28062574
-135235463 94204651
-48937290 55517874
-98448336 137965573
28501537 -29375980
119526952 -13158989
21724095 7683083
-67531440 43004584
-126701482 61447630
44003278 -44807479
22990520 12531091
-114795275 49211929
45868286 -45927591
-68277465 42725190
-105211925 135612000
21056470 3664805
-85542001 39687509
45351709 40599797
-36100644 81585909
-133523282 75976390
25710283 -24385182
20725653 -4804109
20693194 -3928438
32403639 -34692542
-124215164 121254504
107364115 -36481548
120313770 -8498662
-35634736 85278099
44453506 40059528
75277734 -52301798
-63845460 44591079
-75973725 138783136
-134090351 101225914
36871689 -39357970
23039549 12685604
61444992 -51655292
-86727641 39703989
88456683 44216316
-109405500 133569653
47889937 41993297
108774470 29863079
44016514 -44815822
24880960 17562374
-107800393 134408876
-130834109 110648537
20673827 -2766323
29921101 26455840
-102145693 136814018
115108971 20408680
-98575097 41443570
114037185 -27405311
117440376 15172746
-121140475 124694141
-124040927 121467327
-128292097 63925178
-60071897 46600718
-43405156 116762804
-37161088 102693279
83748544 -50774346
-108346541 45243198
-66430921 135933024
32171564 -34414497
-82358929 39782421
120074885 -10226118
36511449 33995668
114391263 21749496
-119452091 53038075
-35537077 92802622
-134233729 78771094
28087757 -28715046
-35633887 85287692
-125412647 59651053
22892637 12217283
30954715 27857473
-39568148 69793210
109566305 -33936007
-121559571 55113252
117031199 -21247529
-110059465 46168686
-44358347 61186474
-129569350 113194741
-82424969 39778388
116838624 16688672
-109720240 133396292
-134946717 82681785
101828232 36592809
-132687659 73327308
-135401124 91657111
40778882 -42593317
-82036241 139571419
-43172227 62977093
21433117 6169915
-130331239 111704920
-85842000 139685788
120670493 -1994850
-104494507 135914273
26000788 19944058
111211037 -31783417
-93338244 139059631
34178895 -36692716
41619225 -43206613
-40379302 111356257
-124952989 59048888
-106802582 44480797
60910118 -51551829
-43591150 117049406
-44574492 118497394
106038922 32830677
-43300186 116599139
-52647398 127431933
-94636073 138834440
-76369455 138857785
63080352 46905858
53852366 -49599932
-45016933 119114956
120647300 -905401
51869245 -48843649
94457912 -46494798
49731851 -47917574
-130177231 112016186
27301901 -27392595
-51101122 53343962
111633631 26160502
-36177696 98244954
-111431644 46974044
-112037670 132026046
70421514 -52513634
25830051 -24629708
21588033 -12035149
-79960690 39988533
71619631 -52505309
111762032 -31004743
-100049474 41869401
-90113690 39906323
-52635997 127422025
-47314054 122035775
-36959069 101918737
110172743 28141652
-39699803 109882458
-118750502 52399253
-132935155 105314440
-85386823 139687376
29607903 -31038679
52012931 43873173
-79991339 39985163
-91732525 40084952
114398111 21737154
-35474088 91535099
-102333607 136746983
-115585504 129577814
34236988 31726105
-125012868 59126268
78186480 46918014
37687326 -40089960
27183287 -27184659
-133932759 101871253
54045675 -49668543
-46610389 58187146
-106053565 135240432
-68585421 42613789
119705621 -12303082
-75654410 40654319
-63512892 44751843
52886487 -49243628
47636789 41862801
-39086150 70943700
-133979794 101682497
25543551 19010497
-40770023 67224127
56161694 45333579
107382810 31432808
-134291642 100341552
-114066122 48692996
-63084267 134411269
38220960 -40551784
-110809512 46601622
32472731 29745999
28924615 -30028924
27444851 -27640163
-129518707 113289565
108443488 30248588
-87182139 39717766
114816896 20966222
-129124361 65363116
117124999 -21013717
93657178 -46918506
111792446 -30960830
120261392 3889668
68149231 -52450523
113443080 23384315
-42283998 64437356
69359003 -52496994
-58344780 131709453
-36578444 100296577
29405418 25716405
-61018145 133317395
20696455 -4039332
-85773582 39688518
61812047 46694270
111136091 26858402
120284248 3710124
-128735378 64677312
-98321200 41375159
-58135629 131573856
68242285 -52455139
63153522 -51945579
81368125 46328525
-125083523 120156832
-133818036 102319092
39632331 36683500
99280670 38493197
-41369179 113304523
-51718783 52770148
120601226 167415
-106719249 134933298
20689426 -1240211
-133753391 76810678
-54028248 50786173
120358590 -8114376
94669414 41351223
-40548454 111704552
57116983 -50641486
-35459444 91083954
-66082598 43586500
41350501 37984866
118832984 -15954297
-117414906 51247825
42119841 38530905
-125954341 118988992
76302983 -52196311
-38501847 106915747
-40750243 67263505
115656779 -24342618
-98982820 137818375
41675574 38218252
-133219402 104422487
-42154616 114715010
-134714726 98172397
-70536481 41960190
-86716445 139671107
120234327 -9124403
96447178 40330821
-106816867 44487550
28153781 23793521
-55575161 49586343
120259552 -8932434
103928256 34823390
-36283643 80540888
-38268290 73109232
33363842 30772553
-93837244 138977213
114633521 -26336304
22073620 -14265081
110943577 27121793
120662325 -1471910
-41344318 66116735
29854903 -31391029
79911743 46624812
67552984 -52416816
-41020676 66732464
-123362760 122273589
-58062677 47848599
-118030049 127606853
120337971 -8294378
-36692332 78566657
-37268594 103085978
81851435 46220185
45893659 -45942079
41551304 -43158033
-129767452 112819015
93264123 42091223
-70450673 137387740
-76597768 40475454
107342892 -36504458
-71681496 137757201
-113838895 130839551
119405960 8671314
27022253 -26898598
-134680627 98368093
119845911 6543528
-134425930 99706009
-81328302 39856747
-83102320 39742079
116597615 -22286655
-127879323 63250717
83452805 45824966
-94355801 138886056
-48355713 123224852
103143073 35508184
-122979722 122714129
118392338 -17443537
-42428864 64191372
87449007 44587452
-123176817 56886065
-36517798 79361499
-95288343 138707899
-37172285 102734773
101274593 37027536
119624524 7672343
78148430 46923783
29851743 26358026
37302408 34720002
-133275563 104239134
48540410 -47348852
87311278 -49664815
46924056 41485489
-52350830 127172215
35123007 32645146
-89798066 139497109
-37414268 75775713
-121405740 54953257
-35506739 92271168
-127313040 117012177
93906752 -46788432
-111576223 132312451
-35441299 90056529
-61227389 45940947
73344142 47414342
95761412 -45764484
-35873632 96258664
-117573032 127994900
-99349692 137713634
-64534660 44267481
20846494 -6673623
-135354692 92605826
112300961 -30211357
108080711 -35690727
-55122991 49927087
29358201 25647259
-51513820 126416393
54026624 -49661821
-117100281 50988276
-134200216 100752445
38057083 -40411358
60892780 -51548373
98213397 39217460
21086243 -8927892
-53331883 128015891
-40390007 67996304
-108742899 133925080
-123266414 122385380
-35707804 94856063
-79432030 139325143
-41127907 112848667
96842061 40090782
-35443600 89082106
-60543978 133048577
-108146720 134234032
-134361006 100018378
-114306587 48861965
-77663105 40295898
-50413283 125368402
119604509 -12796590
110251878 -33067951
22263045 9994037
-42174059 114748607
113373166 23499424
42436579 -43777977
-135438964 89375581
20828437 1422797
80553887 -51528264
36825702 -39315728
20673483 -2343649
51655174 -48756186
-44811898 118831228
-131529075 70302066
57837278 -50838581
-46207818 58689971
51946611 43846440
43862106 -44718126
-131269861 69696956
-102938411 136525459
115895802 18814481
-35475197 87809969
20850165 1688835
22431999 -15659128
20994667 -8175030
-70395157 42004550
23850596 -20054067
-62138885 45448722
109102151 29473465
-38230941 106158919
57763433 -50818906
-35695892 94740130
-131904587 71220237
-73569412 138257875
-72209653 137905239
119008220 10281240
73725801 -52420996
-107358723 134626995
-36391019 99393261
100141973 -42907224
-111590606 132303628
-119230591 126541056
73639974 47397637
-114278594 48842186
-132064083 107748107
75952030 -52234825
-71886687 41559352
21772292 7911757
-38969351 71235177
110674517 27483965
-135258527 93942762
115369388 -24925202
21124712 4190070
-86095546 139683106
120299904 -8612576
37124068 -39587928
-106665366 134958600
-116582034 128804789
66685836 -52355024
21662156 -12409640
-80859993 39897605
86612218 -49905695
40066519 -42051991
-135435917 90321348
-35872511 83124607
-41511461 113568129
21440901 6213936
104323212 34467838
20774996 674783
40956054 -42724860
120611949 -4988237
-131456843 109243587
-110615437 46487935
-133113249 104762392
30844771 -32741687
-88109530 39758723
120645951 -864029
90858875 43230002
-102499982 136686924
23764479 -19822437
-38343848 106479024
-36431343 79779946
20854356 1738220
-80999453 139489835
116691909 -22066189
23196775 13169797
63923421 -52056579
-84747110 139682604
-85755731 39688402
54417762 -49798102
21011469 3292047
-121371824 54918173
50151985 -48109005
98112146 -44312638
119700886 7298232
90807022 -48281383
111395120 26498222
-132005918 71477259
108142049 30592903
-72261129 41455475
112074700 25519910
-122729549 56378475
-84901921 139684510
-38540659 72353687
32370594 29624666
21127335 -9237962
119846603 -11568306
69688756 47476040
-133004741 105101337
89301353 43886073
120395408 2748926
93765487 -46862277
34504128 -37036707
-35523357 86800351
-39473933 109362936
109171466 -34418544
-60604630 46291465
71073708 47484128
120284044 -8740285
-126911685 117617569
-128107499 63620585
-131212682 109808434
-115505530 49736684
-106750475 44456210
-60097927 132789406
-118076328 51807780
-54079881 50744537
97343851 39778473
76487994 -52174997
61112034 46563062
34464685 31966800
116461764 17570718
-131603340 70479590
-81497208 139531711
-134918404 82484540
61565279 -51677729
-35857360 96134735
20918921 -7465288
79734998 46657713
119104270 -14941280
-57398122 48291068
-131860823 71110501
-60713314 46229446
-63498224 134615806
-103767538 43167527
-77364684 40343810
22193613 9722174
62839804 46868301
-57918593 131431573
78592323 -51883158
87892675 44427072
27078420 21970338
49551374 42805362
111136484 -31886397
-55257937 49824554
31794350 28925130
30632241 27431055
114330439 -26887300
51296996 43578715
-81845578 139558043
68967459 -52485164
109335797 29190668
-36776494 101170842
-43932336 117564260
-55518598 49628529
120204739 -9342579
-36350956 99188560
23303703 13489844
120673165 -2566049
-57739923 48061580
-88722501 139579536
21698799 7560893
116192514 18173683
-46331150 58534510
-123903481 121633543
-35810479 95763333
-68803785 42536175
79953483 -51645482
-65297022 43924286
104744807 34079790
27328358 22410126
80355087 46539386
22706586 11599725
-97115010 41069582
56035751 45295202
99850397 38089805
114277899 -26981173
102929085 -40718421
111167347 26815297
23475327 13989114
30975781 -32913538
-40809190 67146410
-133750049 102576663
101808439 36608569
25992054 -24955211
96316843 40408956
-132713008 105974109
-78495570 40171995
-40352801 111301062
-131774772 108477908
-55897968 130026865
98318701 -44176310
113665830 -28041372
-39497992 69955761
93619477 41909465
-101926831 42483778
-118722224 52374011
-67198274 43133761
-116594055 128795216
-39647125 109762723
-85236280 39687819
-113500604 131070963
-120748450 54285301
56700083 -50522103
-35580576 93434959
-130809862 68673840
26824383 21512426
27990086 23527094
-103314511 136383224
20693382 -3935052
-60822897 133207531
-127016437 117461397
-135357104 92564282
38617278 35857837
-37431642 103658935
82421208 -51114516
-36154166 81266431
-36819316 101350821
-132274145 72178638
-121187550 54728741
-39083439 108424405
20814391 -6269262
-81678202 39829112
20681989 -1576347
-77990047 40245528
-104835989 43602774
-41054085 66667930
-94659649 138830022
-52402311 52157212
-118559143 52229186
27025827 -26904995
-57756626 48050470
22970613 -17496390
-73209250 41206374
-112277183 47500177
27282073 -27357996
-86303651 39694865
-92081508 40130472
32820261 30153080
21081508 -8891176
-76516993 138884773
-39958366 68916590
-99788949 137584229
-80879970 139479037
42614151 38870394
-132449148 106720727
80095986 46589815
34405856 31904918
87989866 44391305
36779577 34244717
-124775978 120552852
34677303 32188701
-75907446 138770310
-134378900 99933274
-77725831 139088746
-82600694 139606726
73192634 -52450751
-36648724 78759568
119472214 -13407172
-110810720 132772475
-36613327 78918828
23090891 12845573
-57183317 48437393
-127353769 116949661
-112854499 47873032
-78722214 139234071
96178454 40491332
102794650 35802986
31083920 28025699
-105824357 44031349
104588723 34224496
-134434926 79712887
-67752819 42920259
21062344 -8740323
-60566365 133061422
-110082221 46181568
79895276 46627905
-98479739 41417709
118437028 -17299932
20916304 2410381
-135435525 90351593
-63331839 134534166
104712231 34110093
-132276519 107189820
-88009153 139621352
-44027967 117706126
-109790375 46017551
85351212 -50311294
-36836032 77954527
-85506093 39687448
-105766254 135369357
-102122211 136822336
-121199305 54740766
120672441 -2240329
-130732296 110867635
-102856976 42819006
22357782 10355124
-133647079 76418213
34605115 -37142202
-131491305 70212511
-82999072 39747018
25803068 19546377
-103472423 136322471
-91792859 139282166
69357546 47468420
-42468871 115250806
-36561569 79156253
120270501 -8847270
-129113064 65342837
32347841 29597530
80771083 46455443
-97443246 41149578
-110178544 46236267
20918026 -7456280
-106872845 44514067
-134559252 80344342
23871236 15080532
-40754963 67254100
-86464527 39697903
-80053767 39978359
21012421 3300186
-67441172 136335496
-79831890 139371907
-70300978 42034367
-135236998 94187701
-99436478 41686396
-57869756 47975474
115581302 19468944
-44794418 118806845
-67860359 136495080
-71277427 137639707
-74684719 40857851
-39413730 70153119
120431682 2394152
24857915 17509729
-132505481 106564445
24093003 15659506
27837678 23275630
-48994822 55456517
-134859014 82087747
22331910 -15286132
109722540 28713099
65670405 47234824
-41107749 66564749
-70630899 41930809
117940603 -18817391
24533223 -21778310
-92467520 40183737
-124673829 120682592
105706532 -38188699
-36256038 98684298
-132445392 106731087
-109844795 46047940
-35772537 95444954
-42822149 115835524
-119280937 52879978
-41915864 65077344
57759546 -50817867
-135437369 90194095
-75193002 138626145
-101443106 137057211
115516370 -24629632
119736975 -12144697
104062068 34703778
100892466 -42348869
62422870 -51828892
114250840 22000801
-135131217 95235074
-48066922 56472079
-72956324 138103925
34649380 -37188249
-127614723 116544198
120367042 3010330
-111639540 132273562
102632267 -40967063
60099518 -51383455
90166957 -48557650
-118704467 52358180
21319715 -10528900
-78112191 139147531
112011486 25613040
-115351238 49621034
-50430635 125385427
-129740995 66505166
113084747 -28995581
80755058 46458745
45197466 40508836
-86854912 39707430
47254915 -46691007
25601546 -24160208
-47029323 121697165
105485569 -38404355
-114060160 48688834
-127807198 63135283
-126282801 60845413
-95306670 40670596
-38105979 73578511
106379624 -37514992
57859695 45815995
-42249219 64496893
109493080 28997893
-41430279 65956622
46836458 41438095
34058089 31534731
-76383745 40514390
119827361 -11672194
-90161563 39910841
-118423910 52110051
-132179439 107447440
33606735 -36071351
119769526 6948814
-128335712 115376944
-134993182 96356429
-116399555 128949372
-61233784 45937408
120515345 -6484118
-36179363 98254548
-52200075 127038598
27096699 -27031390
111256922 26691226
34651608 32162028
-108649188 45400492
-36451872 99695876
80875960 46433700
-98912696 137838051
114683141 -26244509
-36631853 100539638
64061195 47046619
25332595 -23591039
-55267798 129557720
21060519 3697230
120112129 -9983633
-62689247 134211624
87173061 -49713360
-47969781 122793105
-64512837 44277532
-107819451 44975467
62155233 -51783369
-35526542 92629005
-39552750 69828750
-93964578 138955350
54831865 44909907
-121145346 54685637
120297617 3602625
108954717 29649762
98229807 39206626
50217835 43110050
41170225 37853727
-121147982 54688326
-52934755 51695127
-81407900 139524566
-43459228 116846567
-97405210 41140188
-135021731 96140751
-134781974 81602643
92687663 42378528
55076818 44991028
38920221 36108897
35306712 32829928
-35441272 89321935
-47826389 122630098
23851361 -20056109
-84278924 39700886
67510023 -52414111
-101894361 42472450
-37372603 75920364
21401930 5991190
-63605359 134667970
-91652402 139299956
-84899575 39690324
109034847 -34582685
-118959598 52587104
-135286484 93601694
58668604 46023242
67867136 47406931
101368560 -41983171
76238818 47175005
77214767 47055963
-44144335 61497454
-37349076 103372034
30742639 -32606642
37870150 -40249668
80113587 -51614969
-85614896 139687098
67270964 -52398382
-122335439 55942450
-36206904 98411425
81904743 -51236462
119914877 6160776
-50353652 125309766
53988694 -49648412
82855334 -51007519
-35563443 93199587
30061537 -31680918
57148809 45621905
-37991254 73919637
-52103327 52422535
-133496691 75883480
-119340622 52934941
-130702653 110930910
116749982 16900402
-93636454 40363809
57174598 45629143
-46729325 58041101
21697731 7555703
21186538 4632138
-35578792 93411147
-79909953 39994153
54321711 44736437
-65307994 43919459
21583194 -12010171
-132293557 107144157
59685253 46263445
-81766200 139552258
22943850 -17410910
-70264539 42045959
56841229 -50562960
92694944 -47403492
112002052 25626900
-81384181 39852168
119141999 9764769
-76926756 138957332
-131161760 109923878
119190170 -14601566
79773004 46650694
44882535 -45349323
78648742 46845540
120547009 1035714
75050827 47293727
62010551 -51758137
-135263618 85492073
118758574 11189600
-39829640 69200803
-120955508 54493027
120222609 4183139
-80605855 139453172
-40166843 110908785
30197730 26841090
-125435430 59681397
76650366 -52155716
59978720 -51357161
-130662169 111016954
-69153042 136960410
-133214000 104439992
-63639062 44690495
-116790840 50737169
-60996131 46069744
51329186 -48620769
61932760 46715854
103200359 -40487723
-135370809 92315715
-119394271 52984500
-95292690 40667783
-131625906 70533913
112497489 -29913687
-48205530 123058035
117041251 16194101
-42864976 63469610
117986486 -18683751
-80769859 139468831
-91039421 40001936
72263801 -52488961
98774987 38841374
117755270 -19345129
-35467175 91337582
-81118079 39874539
49524088 42792635
76371245 -52188528
99770525 38147080
90976042 43178120
116397117 -22745990
119734028 -12159698
-46603452 58195700
58320143 -50964264
69244438 -52493850
84873643 -50455348
89337013 43871741
118858551 10833808
-39377126 109135220
120449158 2213641
-63454541 134594446
-83634188 139654787
20880165 2030460
43163633 -44266204
-37063492 77049382
-130994462 69077086
105550172 33313044
112543760 24814389
54830414 44909423
38771938 35986512
106316907 32550323
25560540 19046083
-80111302 39972159
-35625169 93987286
-103533954 136298632
33317912 -35749537
-52607161 51977871
27381095 -27530151
-135195918 94621198
105465864 33394923
29312527 25580135
-69244173 42383100
59090637 46125679
-60800533 133194873
107020801 -36848672
-133824711 77081310
87032346 -49762316
-134605462 98784169
-134314885 100234415
21070507 3776497
49296099 -47714045
29424654 -30773039
110933067 -32164603
116407115 17694845
33600771 -36064761
-38211805 106103970
-50581514 125532772
-69379478 137037818
-81478253 139530208
22077594 9252972
120648133 -931475
67387401 -52406187
-35483920 87590632
-133611855 76290903
98537826 -44030074
99233159 -43554836
-134952831 82725130
-73309622 138193646
67889787 -52436734
-35730090 95066174
-65157123 43986119
59130619 46135183
114255700 -27020695
119254495 -14340381
119534473 8095875
97488350 -44715539
-87011384 39712105
-114519796 49013558
-131920722 71260886
72186644 -52491357
119338232 8962397
-70078299 137269125
-111793530 47196369
-98572725 41442924
32774296 30099744
29832339 26330572
-111581840 132309006
-135005356 96265336
120624231 -4726425
61584617 -51681307
-41311095 66178994
36366386 33859392
-38291302 73043901
117262511 -20664619
-107137206 44640446
-103147189 42927879
120649886 -987817
-124864745 120439388
25516363 -23981937
-84859950 39690768
71855652 -52500283
-134412683 79604245
-64753948 135207619
-48977842 55474605
119613383 7725734
84157140 45633247
26659085 -26236798
-38544211 72344079
95158570 41080069
-135301670 85971558
113575057 23165101
59365295 46190265
-35511115 92354394
26658635 -26235963
38356139 35638165
119698781 7308746
-35820035 95840889
-129675897 66381187
24406355 -21471584
-132536785 72897919
-131149896 69424147
49817982 42928667
-51758353 126640766
-90057386 39901069
119653485 -12560703
119833864 6608687
-44169471 117914142
-80851624 39898376
110818590 -32319417
22094089 -14349417
116878396 16592774
97721893 39537697
-55966285 130076808
-62956949 45027408
-74390711 40923539
-132304283 72259466
109777121 -33673258
-56975703 130794429
21508949 -11617962
115468453 -24726529
118715128 11341141
60238666 -51413354
119221393 9447009
-61109091 133368178
-38292946 73039243
101627482 36751900
45889965 -45939971
117315785 -20527277
119337912 8963755
-44084310 61585586
-120137590 53686393
-36528145 79312595
20953432 -7800619
30744164 -32608665
100534318 -42618047
120621944 -4777478
25328456 18553597
-88306312 139605176
69933208 -52508791
89702535 43722991
-119161173 52770224
50927160 43421495
112474412 -29948880
-130630986 68291866
38770809 35985576
-66442401 43437068
-117699937 51486719
54343509 44743975
22295212 10117878
25758799 19456107
-40955874 66858296
-76250156 138835629
-61079764 46022980
-76277167 138840672
-35809304 83621076
-104803951 135785506
-104683941 43539075
75617716 47240649
-69189563 136972977
57317948 45669106
98998549 38688574
84065397 -50687381
-96065027 138545438
76828618 -52133928
-113944575 130766421
116516734 17444931
22745879 11732582
88000115 -49416056
55021993 -50001529
29029060 25158216
-133745766 102592709
106455667 -37437247
118567234 -16872563
120645418 -847960
-36439802 79738192
47974907 42036691
-60613890 133088642
51969144 43855535
81767403 46239383
24876045 -22579694
-36444165 79716729
-126864574 117687394
27420408 -27598062
-35881122 83059890
99130304 38597686
82881354 -51000975
-35576351 85996488
22686645 11531775
-44506345 60974323
119833720 6609463
59770489 46282567
-135360227 86865243
-134494428 99365050
22784252 11861041
-69406910 137047114
45091809 -45474632
-102711187 136609722
97478923 39692992
38103225 -40451021
-35647787 85133078
-73743035 41074829
-53391162 51309337
109579308 28891371
-72124235 41493088
120394792 -7783279
-59869339 132654189
-129308913 113677255
115532405 -24597089
-35442580 89173301
44872932 40315005
120428639 -7453441
-65534958 135554515
95558470 40853035
-47990805 56557923
21986104 8868505
-125685363 60017460
-35737518 84240427
-35443388 90274921
21954692 8733303
35465279 -38016421
-135091294 95581698
-131065271 69234315
73189009 -52450934
115610943 19408290
119900035 6244609
20716751 -4600896
-42913927 63390285
-35998139 82236988
91494049 42944416
81050473 46396999
-111226220 46849716
-35533624 86627995
28241722 -28963660
-104213011 43345505
-119021048 52642716
-53645166 51098642
-135010164 83145806
34752518 -37295084
109605622 -33887279
21668460 7412275
86329522 -49999837
93717870 41858503
-63534528 44741292
-43731748 117263246
-37484914 75534107
-65717328 43741581
-123484786 57243770
24769894 17307118
-103233844 42960786
94629904 41372814
21250031 -10087327
106541941 32320095
120405875 -7677617
114745334 -26128802
83122713 -50939565
-84757106 39692067
-37417797 103611275
62180232 46759150
-54991593 50027621
83107284 -50943529
-125426554 59669569
-98118780 138053167
-35504562 87146068
34793315 -37337169
30706325 27529860
103939277 -39842107
113516827 -28290670
-65650042 135604287
110200257 28106169
-134922971 96858828
61381563 46614804
-36340779 99135827
-92677830 139160760
-52321834 52228210
-133684041 76553236
70546178 47485571
120133003 4815609
40588389 -42450525
-106856010 134868726
-61245749 45930790
114864592 -25904867
116544164 -22410345
40577806 -42442550
-74324049 40938691
-76460796 40500262
-54395618 50492375
85096926 -50388644
33794114 -36277171
-35441463 89296644
33284316 30683202
-63247655 134492568
94866997 41242558
54438312 44776627
26185461 20307693
22188651 -14731032
-61270154 45917305
120368435 -8026322
-37682506 104493749
-58819069 132011504
35523501 -38074066
-119298233 52895887
-55305693 129586369
-135250281 85336591
-126612189 118057206
20851162 1700634
-35738227 84233962
44481262 40076610
120326054 3367332
-134862615 97263606
-125906697 119054756
-57582991 131208370
103189745 35468278
-117138466 128355262
64019696 47041065
25863858 19669593
-37963083 105370145
118391340 -17446727
28395335 24179980
97356690 39770374
117565927 -19865676
-133586937 76201622
-44711466 118690709
-130600753 68228126
89540265 43789442
-125488463 59752215
-134855842 82067148
-100679291 137308430
118545261 11917120
62687551 46843909
-100597609 42040317
-36793851 78130659
-77137702 40381493
88633446 -49177200
21048058 3596879
-85392748 139687382
93853807 41787641
116257926 -23057683
-56922649 130757641
-43721361 62127280
-132131382 107573403
108272171 30445052
22111966 -14422557
23348913 -18651573
-121987718 123808654
-52373040 52183000
28277355 23992205
60184542 46373238
120170014 -9589900
43179404 39248056
65456873 47212888
-72649909 41350925
54500937 -49826615
115510259 -24642019
-52871766 51749109
53173335 -49351806
-35493374 91998452
107347854 31470570
89713215 -48747129
118113388 -18307549
-53416318 51288344
-105791480 44016685
-87999978 39752986
-51995233 52519518
113354709 23529697
46314955 41151237
24403498 -21464609
-135311933 86111937
-131900521 71210010
97789830 39493921
-35650160 94267595
-74182300 40971230
-84268658 39701125
63015773 46895893
88448627 44219381
51815397 -48821757
99913475 -43072939
-42741718 115703978
-88041903 39755153
48408348 42254882
-41491065 113530574
-73522736 41128365
82832153 -51013336
-47860239 56706101
-43198743 62935179
21396022 5956892
-134729598 81289234
65128486 -52205879
26214790 20364775
-50757434 125703012
118636780 11609974
-76943605 138960240
21316458 -10508818
26596069 -26119506
-131616776 108862896
-54141749 50694797
22149907 9547690
-134281454 78986648
119781252 6887774
-118190947 127467973
-134484667 99414398
-109836666 133331415
47479684 -46809428
-49703978 54716828
-106731942 44447483
80691121 -51500399
21427400 6137440
-39754505 69368907
56833095 -50560617
39826376 36836387
23288521 13444836
-130743349 110843984
-88667907 139583098
64862533 -52175482
41777681 -43319285
-132337090 107026867
97510091 -44701716
-132152267 107518785
119900736 -11269204
42187103 38577614
-54049309 128605633
-36679107 78624787
-109274072 133641176
-42671622 63786222
22067162 -14238341
43938271 39737881
23870923 -20108234
-127177788 62156481
-36992070 102048806
-67777969 42910755
-36740881 78355944
-95490565 40707971
-134403583 99814659
111059964 -31991524
116925818 16477692
-93218954 139078567
-64696238 135181349
-131069383 110131319
64033549 -52071458
120606531 66746
29062163 25207967
28156111 -28825821
46573691 41294568
-131835879 108326517
-131045581 69190448
90759647 43273660
26675479 21238655
103970649 34785590
-110143313 46216228
72528926 -52479818
-120754912 125083061
-40285902 111160951
23265663 -18405342
-88911224 139566761
30548821 27319185
-106710632 44437460
113884586 22640760
-135392891 87518912
115925163 18752115
117396929 15287203
90488190 43391787
25323399 18542710
-69261843 136997755
-38657295 72041316
113292176 23631901
113230893 -28760069
63248451 -51959927
44559250 -45153007
21690468 7520311
-50847836 125789850
111983836 -30682169
-82705918 139612600
24859876 -22542751
101154498 -42148722
-121240172 124592177
87351157 44622188
-103410724 136346281
-69157923 42412718
-109507289 133513910
-112564694 47684458
-35613430 85525768
85484124 45241740
-67157524 136225060
87730541 44486231
95261292 -46050750
102616414 -40980234
116355723 -22839284
82850981 45980077
-131084799 69277933
-38021890 73827743
-135231060 85121877
-84531435 39695659
-43993617 61719520
118240839 12890892
71498296 -52507459
-115141887 129909216
20962542 -7885615
79594667 -51711902
-45931862 59042469
80027720 -51631401
103864528 34880052
100235456 37810322
-112500422 47643022
70377334 -52513392
58529245 45988563
-125979335 60420407
23573408 -19295518
85858404 -50152585
81780637 46236370
73932741 47379373
114688716 21205632
-113665017 48415806
-68278156 136649871
30327158 -32047259
73943408 47378675
120488708 1776923
115338897 -24985911
27449713 -27648525
20773053 644236
98136481 -44296653
57056238 45595800
-36120159 97906867
-78968397 40107982
60519448 -51472428
111204326 26764173
79799783 -51674265
116133786 18302418
-40668390 111947427
63423739 -51985931
-42589475 63922352
-63462310 134598249
-50211221 54205893
120119184 4908251
-135069168 83609623
84321198 45587000
-80564553 39925666
-61980602 45532454
32951005 -35332504
-36765780 101125346
101719247 -41707921
-35467037 88041399
77987549 46947841
-117428219 51258903
105661661 33204173
-54631822 50306444
-123364103 57102782
-36175365 81143281
-68132006 42778604
-53309882 127997450
-134080922 101265598
54303451 44730114
-80317114 139424279
24214528 15967955
-76134885 40560874
34346504 31842272
-111852299 47232874
82638385 46032969
-80064791 39977166
-135439843 89784328
104714263 -39136740
-91682819 139296138
-68091219 42793674
22307924 -15194997
41273999 37929366
-38849250 71540562
-94591804 138842702
64360302 47085606
60261612 -51418245
-114805846 130155211
-56204651 49125130
20743603 138313
-123765376 57575714
-113300444 48168829
-123357132 122280138
102691772 -40917529
36607983 34085754
-49808935 124764915
24194976 -20947267
-60968816 133289747
40162195 -42125870
-44139775 117870673
-37137293 102604626
57271207 45656126
-56692450 130596841
120611559 -32444
96086337 -45574366
103078823 -40591493
54364020 -49779592
-128668129 114813554
-128014335 63468698
22633280 11348161
-69408663 42327102
21593746 -12064558
114287910 -26963323
117665370 -19594524
-48013242 122842232
46520980 41265530
-120007973 53561917
-61076307 46024909
-127465682 62597983
-134458527 79829527
-87568782 39732745
117916184 -18888016
30324844 27015563
22210693 -14818180
69283014 47466403
67856284 47406320
72039136 -52495606
87112288 -49734561
119319479 9041626
25227273 18334437
71173197 -52511767
36856013 -39343582
-109452733 133543825
-91631079 139302621
-100945598 42152423
119423726 8593629
-126076159 118819817
52560023 -49118056
47308949 -46719608
20765413 521134
-123081989 122597523
120554249 932483
22817574 11971583
-126513059 61174274
-135389344 87438700
65989411 47265871
117859115 -19051758
-70815184 137500756
-129561781 113208945
-62806798 134271494
110413467 27828944
-85079308 139686104
-124614882 120757062
46384032 -46218234
112646605 -29684703
-130219989 111930312
46690592 41358673
70026790 47481554
-52032027 126888366
-101496712 137039067
-135117448 84017759
34471112 31973549
80510584 46508439
118519698 -17030183
-113753603 48476529
117455602 -20160969
-102094771 42542771
-130841690 110632111
24932163 -22707294
30752147 -32619254
-105543288 135467916
-42378971 115099079
30559951 -32362683
100595184 37544120
91456485 42961602
-36550812 100168509
-61835912 133765177
73321525 -52444082
-35860159 96156226
-124002873 121513493
-130366356 111633175
116105311 -23393025
69881035 -52507992
120537344 1168975
72128063 47464562
-39796967 69273699
-132054937 71603111
65491604 -52245054
46184541 -46106767
-36753291 78302742
34482382 -37013909
-65480234 135530728
-134857784 82079754
32332811 -34608117
40894272 37650592
-35457936 88345891
-107509614 44821723
86501523 44914246
-75034643 40782089
-66769384 43304105
119133589 -14826453
-75665947 40652018
110798589 27317804
-115136485 49461604
-106892566 134851380
112855890 24330098
-54313954 50557196
-88294731 139605839
-35462470 91188368
67104725 -52386765
22015598 8993927
-92826417 40236015
27003892 -26865701
-74087031 40993344
69347265 -52496684
120556308 902558
106167642 -37729946
22550328 -16085929
-99409299 41678479
31134017 28090531
30670935 -32511258
39342843 -41481039
-132702461 73370120
87178268 -49711539
-98910560 41536161
-132776586 73586424
48221920 42161681
81787821 46234733
-60884704 46132376
95551744 -45885429
-96444787 138461304
-36092349 81636591
76825125 47105826
115566491 19499174
116801597 16777446
87669636 44508289
-104746636 135809540
20705174 -4302347
-117046058 50943978
108691308 -34989224
25788414 -24545082
109467449 -34057977
43009242 39135533
101920521 -41547643
20986539 3074701
-92816240 40234496
36024202 33533583
-101937959 136887142
70880308 -52513839
-75071089 138600460
44285527 39955618
-43227114 62890434
-38893071 71428453
-55883861 130016531
66303121 -52322926
26524242 20956359
-64221849 134962041
-117231866 128278508
107855882 30913977
95085960 -46149308
116719216 -22001793
-134153502 100956325
83829273 45723866
-116875225 128569568
36536908 34019472
49893434 42963218
45388679 40621488
-39017554 71114241
39355167 36462409
-101286524 42264987
-134032220 77906488
120668558 -3194935
86235559 -50030714
-128006504 115918823
57321321 45670041
-130987010 69060624
86666574 44858844
38683447 35913018
104718254 -39133029
26122350 20184246
-37207903 76508978
85621217 45199007
-58252913 47724733
105905154 32964019
78353237 -51920916
-106870721 134861750
-59120064 132199336
99818089 38113001
-79537648 139337812
-113538044 48329257
20902149 -7293735
106874756 31974088
66367264 -52328512
21442347 -11250626
-49846020 124802545
-95775921 40767394
20679486 -1720916
-133370242 103924182
-134816118 97560948
-114061506 130685036
112591482 -29769669
-135364722 92428904
-45170470 60050095
96195145 40481428
-48044869 122877899
-65303775 43921314
43269133 -44335525
-38250985 106216254
114196795 22096623
-98494263 137953175
83509397 -50838504
-47707324 56881155
-125811354 60189122
56038678 45296098
-135331087 92984845
26627591 -26178271
23239081 -18325820
-85494698 139687375
-95827698 40778362
117993563 -18663027
-133921147 101917377
-99804218 41795157
-35440439 89463166
-36720751 78442807
-39354948 109082607
-67610060 136400309
117137442 15953906
32063118 -34283156
78771066 -51854154
-52591526 51991490
109728179 28706045
-131001031 110283198
22381222 -15471337
98746265 -43889411
-35841002 83367142
-82073740 39800846
-72176468 41478687
120626985 -365203
40720089 37520863
107375521 31440688
56665033 -50511887
43458874 -44459242
108319325 -35419717
91741039 42830477
-66559682 135985741
119778042 -11933063
-71376520 41705947
120350769 -8183332
-47731504 56853365
-133033023 105013791
49888471 -47989485
-132122351 71777850
-35587599 85847553
118047502 13475564
-45002649 119095325
-129994408 112378792
-50223547 125181149
114958351 -25726865
35726126 -38273219
-101321221 137098214
58240009 -50943762
20892138 2159780
-35455641 90940499
100505857 37610688
-117685133 127900587
44855806 -45333219
28162081 23806931
40139236 37079641
114511931 -26559327
-50719640 125666579
28855706 24895547
44082800 39828986
-67179815 43140998
33194026 30581233
-55021450 129370092
93756309 41838519
-36071542 97609630
-113477559 48288229
24353841 -21342911
103287321 -40413061
119802518 6776012
-76879378 40425687
-97877082 41258927
24571299 -21869253
-37757546 104733655
101771011 36638326
117768986 -19306711
105619470 33245453
-43867435 117467381
41253338 -42942874
-135367078 92385650
-132785312 105762710
-128004195 115922570
-39348439 109067133
-62967531 134352726
30996829 -32941003
110696943 27454038
-36699566 78534993
118392116 12415711
34230024 -36747227
86794100 44815600
-78229783 40209999
-56972704 130792352
-129382771 113541698
-110033794 46154174
-48253277 56263576
-102646246 42741234
-37138935 102610766
29738519 26197274
89719043 -48744729
107225506 31602125
86477431 44922280
21512200 6606967
74384211 -52376361
-76659076 138910331
119035736 -15205378
45090311 40445205
91532534 42926769
55767851 -50240893
-53707809 51047114
-61351221 45872637
-37071805 77017602
-48055468 56484972
-134972252 82864667
-96307592 40882752
120040080 5417336
-78525302 139206975
-128241414 115533749
-44968406 60326628
-134769084 97850444
20978131 -8027976
119707963 7262808
113176665 23819262
61891927 -51737122
-135322886 93106662
67897825 -52437181
76555400 -52167058
-69459593 137064916
-64660028 44209988
25287091 18464339
99985517 37992368
47057016 41556996
-47825373 56745872
-46089841 120534932
23308754 -18533321
84020269 -50699904
-56935880 130766824
-116218476 50283325
-43342221 116664846
-46608298 58189724
-134619202 98709592
-102236808 136781620
21490397 6488661
-52643896 51945919
-48842913 55618975
-127694930 62956981
-81161325 39870806
-43341220 62711525
-40050435 110658650
-129645037 113052101
-109417589 45811760
-123508012 57271026
-58366622 47651281
117183469 15837682
-59970351 46660666
-35495447 87331985
-86534973 139675412
115191394 -25276729
115452320 -24759034
112506497 -29899931
-116330245 50370883
-48267500 123127051
40802244 37582198
-36129533 97962915
86194557 -50044123
103394690 35291864
104563254 34247991
-133413043 103779283
-45542673 119823900
-76847999 40431150
38675759 35906617
93940676 41742078
120594371 -5320654
-133738852 76756251
-48811479 55652774
-72647621 138023278
44751815 -45270346
-72281513 41449910
110989842 27058823
120195758 4378877
41223553 37892647
-83135433 39740540
-77417135 40335255
-57116898 48482969
-89101112 139553182
25825869 19592692
-100749272 137285978
52446448 -49073754
83114391 45913169
-103642876 43118606
86838963 44800295
-104964061 43656887
-120618184 125218953
-90974981 139380093
-64170295 44436964
56360909 45393546
120296962 3607938
-134115338 101120044
-134621134 80675754
87201175 44674987
91053765 43143506
52227701 -48987528
100578636 -42585010
-36540936 100122334
75016397 -52325276
-36074921 81744152
-69381135 137038380
96144550 40511422
111739845 -31036714
63417614 -51985033
102586896 -41004727
22031930 9062766
47460494 -46799374
45085254 -45470727
-119071559 52688567
108389712 -35339015
-84600331 39694454
56537285 -50474419
-56254587 130285623
-61251820 133447375
-135424323 88437980
115873136 18862472
68203926 -52453258
34690825 -37231256
97141515 -44933931
-40620559 67523845
23583968 -19325129
-135165664 84457487
120125447 4866413
-132488126 106612766
-36565379 79138583
-55016274 129366124
98002976 39355565
-132890840 105448488
118643575 11586879
26952642 -26773566
-122364438 55974184
114652555 -26301147
-133304644 75231618
29954963 -31531949
33226847 -35646900
-135149822 84308993
78386968 46887126
-37602917 104234553
92461226 42488861
-35582368 93458724
75423584 -52288094
-124642958 58653179
108341935 30365297
-48693665 55780008
36910072 -39393147
-135338254 86500265
34883371 -37429719
120632712 -4525810
24940742 -22726715
-97908852 138107712
-110853489 46627547
81734422 46246877
116240373 -23096590
-92744514 40223851
87072582 -49748365
-130953197 68986122
41106705 37807226
63335570 -51972930
83137635 -50935726
76118313 -52216890
-69321886 137018245
57325769 -50699808
97098908 -44960486
30714465 -32569220
77067102 -52103761
-125208843 119993081
-84382527 139676222
-57761926 48046947
-47893471 122706534
74233387 47358822
-107074562 44610326
22194808 -14755441
-66797440 43292822
-49453670 124400350
103022703 35610647
-45797202 120157941
20787474 -5892902
54521239 -49833549
-107873447 45002534
-67930936 42853283
-118055212 51789597
-41059076 112716500
-125391172 59622495
-55857338 49377730
68049835 47416865
101581361 36788214
-36872295 101569500
35698602 -38246299
21180649 -9619778
-100228914 41924593
114784142 21027696
114065911 -27355199
-54335618 50539973
-95241725 138717242
78025861 -51970695
46897304 41471039
-110078499 46179460
28081456 -28704801
62328483 46784473
-135428041 88596800
66437786 47306023
-114916214 49299918
106647972 32210582
118177427 13085337
-36444508 99659768
-103795046 43178373
83055717 -50956739
-127449341 62572649
92241517 -47623106
57633042 45755335
-132611664 106265345
-55573006 129786862
-125126783 59274344
44701851 -45240015
93603061 -46946475
21004061 3228334
-66299651 135878848
-44775901 118780981
107750580 31030736
57101121 -50637016
-36784329 101203997
52184250 43941723
30027689 26605195
-106351475 44270364
-77075817 40391953
114885420 -25865474
120532626 -6260836
-35818337 83547625
22504119 10892466
24898728 17602851
-75699596 40645323
71766733 47473773
-64892705 135270420
60382185 -51443760
-133635686 76376894
-72126380 137882313
-130317185 67641258
88661426 44137886
44986162 40383011
-108954302 45561736
120580121 -5563587
88230731 44301679
97752821 -44546322
29876788 -31421939
-48838282 123750859
-59013832 47241427
29725001 26177992
-36036491 97388025
76391484 47157668
-116091674 50184607
-57442845 48260809
-43502411 62461608
-98652470 137910106
87445016 44588874
42209161 -43621432
120668176 -3222469
-119420599 53008874
105021387 33820310
-109599085 133463374
27531012 22759283
27970453 -28523423
-122968959 122726358
20790642 -5939353
-131075791 110117010
-109381919 45792285
-36674637 100730301
-59385740 132362677
87914880 -49447456
51126950 43506863
78267838 46905580
-121973279 123824113
94812523 -46301168
-38406660 72720646
53594373 -49506969
-38315081 106398120
108900992 -34742133
34251054 -36769602
89897808 -48670677
113327272 -28603143
-130816713 68688639
21820285 8134372
-131623380 108846985
-84735307 39692370
-134718571 81224767
-96820619 138374981
-129389668 113528988
-132076308 71658294
111536014 26299440
-130295339 67596843
-107204232 44672791
87852109 44441933
-135438185 89268846
-35462228 91180275
21619245 7166140
99258861 -43536938
-128127008 115722265
20740560 -5108937
91025932 -48184454
24509920 -21722399
31308690 28314875
92925090 -47289852
119315453 -14087099
39953235 36935502
-131825961 108351187
-127246695 117113578
116956883 -21430394
72178368 -52491607
31767244 28891580
102536148 -41046748
-124508884 120890246
-42210941 64562637
26702762 21289121
-71714571 137766655
-72914164 138093035
-35482378 91747107
82233583 -51159487
-134359064 100027568
79850652 -51664794
96937890 40031774
-88425990 39776649
49679027 -47893173
-38930351 71333700
-99644810 41747634
114924977 20761889
120576625 -5620276
119744202 -12107802
26240704 20415061
94766108 -46326724
-38435843 106734845
-45141326 60089735
39314211 36429465
31078678 28018903
113963565 22504596
116968443 16373551
-57338493 131043285
-124965695 59065281
77924507 46957122
-35917591 96582135
23668239 -19559337
-99592427 41732144
-126166224 118693775
-78407119 40184481
-48666408 55809571
-66453673 135942370
-35528527 92662503
110756908 -32402320
-89750237 139501271
-127026792 61928920
40546465 37390374
-42985597 116100073
118495712 -17109010
38476893 35740123
21070606 -8805813
-54153049 50685729
-68488290 42648679
-115303923 129789054
-106590226 44381056
-78549644 139210368
-39785724 110075952
58450291 45968726
34948026 -37495870
-117310848 128213305
120567885 729126
-59962389 46665380
-124108073 57989215
-108963152 45566453
59230871 46158859
52854807 -49231558
101356575 36963954
-131660625 108756960
70462009 -52513822
50464791 43219971
-58880968 132050374
116776445 -21866013
-135439806 89801605
-86758296 39704788
-44460668 61039550
120617573 -4871961
-103809467 136190742
108031024 30718132
116462550 17568926
-52935177 127680043
-118645820 127068808
21394204 -10974847
-75669493 40651311
93541974 -46977947
108123692 -35642202
-94299992 40478671
109958139 -33444720
-35509814 87044894
-134104088 78206972
74685707 47324470
23539069 14170291
33184413 -35598878
53639889 -49523486
-53150518 127863227
-68062938 42804146
29709222 26155459
-121445757 54994741
89229233 -48943497
120468289 -7036244
37014961 34460366
32706417 30020699
-124714877 58744246
-134834201 81928110
107674363 -36143321
-72847213 138075661
23099450 -17900595
21953958 8730123
-133998587 101606191
-52378342 52178326
77021152 -52109664
31075817 28015193
-60645537 46268080
47066690 -46590714
-134872183 97200929
-77707504 139085881
-109260658 133648447
-43796043 62014564
-134221406 78716158
118589920 11768139
-47825853 122629486
-38365181 72836073
-39038968 108314002
-86834521 139667952
-134497476 80025221
20675335 -2051292
90600391 43343193
-42484686 64097437
38552835 35803910
120568535 -5747637
-123186654 56897386
-35819620 95837540
-85298374 139687204
-113059505 48008160
-47049634 57653287
-39914166 69013647
57922845 -50861229
113101889 -28968107
117741624 -19383254
-59960450 132708280
-120520574 125315327
70418343 47485083
30578395 27358920
21968716 8793872
119688982 7357522
-35648118 85129465
-134642801 98579992
72997126 47431697
-78087999 40230868
-40204974 110989943
52429536 -49067130
-106237198 135156888
-130418862 111525360
-129135906 113990949
70812479 -52514073
-134952168 82720414
86264569 44992668
47322888 -46726973
26231296 20396820
20678737 -1769618
-113004434 47971718
-60054759 132763996
-48650825 123548315
-52374066 52182095
-85341120 139687307
-134790546 81655135
-42690413 63755220
81278014 -51376704
95516186 40877271
21167989 4502490
-98098577 41316351
-85320247 39687548
114307771 -26927860
115588914 -24481923
-120265545 53810155
-66008061 135756941
-86378121 139678602
21891963 8458050
-62516656 134123012
77557143 47009577
22520771 10952149
102101498 -41402075
-96877031 41013049
-133633637 76369477
120502747 1610704
-47550911 57061927
39726016 36757508
112880358 -29320145
-35690703 94688778
-45862351 120242514
107326279 31493837
-42215977 114820834
-42302167 114968482
-36791452 101234049
49758556 -47929882
-57897539 47957124
-128831113 114531031
120606731 62869
-71545811 41656651
59862546 -51331579
50443455 43210537
-130161360 112047956
73180064 47422849
-35440007 89771253
91654407 42870627
-39701729 109886820
40427841 -42329074
-51197732 53252923
29922421 26457697
-123121032 56821997
-72517774 41386082
23600651 14343250
40414210 -42318715
62340260 46786465
