2770
-105041333 -2556543
92121205 98241854
57834651 86900631
-50912568 -44816780
67548341 3439922
51165840 80261391
-34252386 -40246964
-22062806 -32113445
-91462684 39812842
109299005 2339748
64810615 91714971
-67476016 53533625
43932178 68616667
-38289042 51866127
-6287305 13164841
-89108355 -32157331
93520110 -1543257
121167529 9512960
-19677992 -29807163
-27691175 46441560
-87410942 -33621478
49402386 78011533
-105125979 -1977245
-10193692 25875510
39826505 52839683
-20436035 -30573837
119853244 88128733
102059125 -123637
138977305 56297896
-37440917 -41619986
96739484 97795024
-10497896 -16599695
-37822570 51691222
39656649 46400734
-17663597 -27596797
56401504 85674277
91491592 -1660540
-9696584 -14836167
101928268 -157059
-6740583 -5611155
121525542 86801987
-86933808 43934005
40370062 39678623
127881373 80492904
-26320422 45485271
-86981776 43895402
-91187462 -30169588
89875485 98303783
85066115 -1487720
-15952248 -25489080
52451751 14860572
-104389779 -6016069
137101966 32635979
-36860663 -41389478
-24392323 44019289
43011214 66403720
-37255177 51471283
102426101 96636761
-36283190 -41151683
39675909 50659914
53700175 13523149
-95948697 -24580739
-12044208 -19574289
54184188 83578718
-44373380 53683143
-104002472 -7613902
-18645295 -28707198
63962136 91218927
127408884 81046305
134777652 26837663
40261081 56283034
-49791311 54622376
-104003574 -7609660
94978815 98016478
-100742117 -16557201
95744323 -1319125
62897727 90564332
40524116 57767802
-25269986 -34780736
121331822 9647152
40434547 57290663
-57658349 -44995934
-21635095 -31721904
97476649 -1074502
-86217263 44499246
137820558 35009909
-50577378 54708182
42966959 30319527
42710281 65608803
54164677 13049759
-82254718 47271089
108970208 2200369
-105609513 4774948
105014826 733313
85253747 -1504525
44007636 68785551
66642594 92711873
-90327348 40943974
-71486614 52374413
-33596646 49855495
47012630 74468881
119190873 7985866
62705195 6166897
-74319395 51329676
47560034 21268790
-52291222 -44927659
-37877532 51712106
126850903 14929453
-5614210 4302803
70859111 1957759
44301993 69428884
-12124453 -19716226
90530202 -1687288
-77501439 49914938
-46459755 54117711
64545702 5046374
109417562 94218181
-41310260 52873685
49292769 18746312
85872842 98163794
51133360 16386600
-100143150 27695022
109050959 2234343
84545970 -1437402
-92944297 38220770
-98279703 -21101007
130458826 19456165
-27930960 -36677779
-70468027 52703420
-34772816 -40489179
-74259372 -41429679
71628874 94955320
39662200 50348620
41145058 36051202
-49045607 54529318
93967744 98115081
54328617 12885648
-105163072 -1707210
-36371789 51112887
-10736526 27016192
-12472917 30244567
137590777 34203280
122989278 85540407
-97707045 -22016190
-19413068 39455447
95562291 -1341250
-101478897 -14938461
-29431097 -37636884
121762117 86604691
-7292954 17825843
-76946732 50180865
-83410309 -36596731
94844565 -1421898
-68748322 -43280851
49495540 78137234
112097933 3641694
-30854815 -38479687
108558689 94579060
44312858 69452176
-101302392 -15340448
-46363283 54099655
-94949301 -25899033
43560946 67760207
-101622242 -14604749
-6746571 -5638794
-68370672 -43382115
-25777077 45086952
-28854968 -37277417
130851598 76588492
70761556 1997369
73507499 971838
42456264 31704893
-14078951 -22880029
47071958 22043618
-103182218 20352702
-64826115 54105353
-97442002 32349531
-20446041 40507909
104532226 579835
131788990 21437918
-93091267 -28130881
-73437973 51675665
40253070 40375553
105550494 910004
122185511 10363516
61116274 89383808
137887074 61355402
-5841420 9768542
-6888349 -6272417
-103954825 17720012
124455123 12436039
80188492 97406768
-103712736 18604432
-11167418 27872105
42552838 31433008
84893256 -1471606
40723613 37859114
71555325 1681979
117877150 89554352
-5673648 2437326
44885122 70637265
-60240426 54747203
-8833824 22625669
-62736112 -44527475
-102810181 21458449
-15966421 -25507530
-8413552 -11545736
-22068250 -32118370
-98505238 30652294
-100654404 26664376
88202033 98284312
63631392 5589428
-60544487 -44793814
-31937005 -39078756
139280641 42485495
-77719680 -39883829
82193924 97749833
80928276 97543108
-47922937 54367664
124534051 12512861
138361904 37156999
-105523191 2019348
134953537 69397236
-14181906 32957163
-98961947 -19949696
-65000325 54072362
137978944 35598105
139294923 42608704
-52590505 54870837
132942173 23339987
-87211414 -33785069
-93071320 -28153459
-100447778 27088120
-60199346 54751006
-41114073 52814693
-104810476 13867126
89957633 -1694429
48910932 19274456
39688167 50906844
-16812781 -26578149
-90608018 -30746866
-6366696 13628717
105981883 1057193
-105437154 809840
-97994571 -21562178
61706812 6821523
-10970580 -17561999
71755334 95003894
-95475115 35140915
-15314257 34563844
70215822 94385476
-55062365 -45034917
40297749 56506660
46816442 22462190
-6764942 15647292
41418905 35014728
-18695239 -28761949
-41470383 -42997013
39624312 48930236
-100231418 -17597100
108356104 1947414
-59196141 -44909135
40067735 41631066
-77449177 49940351
-6428363 -4047909
-99743332 28461809
127924095 80442054
56437365 85706125
123710734 84881050
-105189783 11429821
80838629 97527198
134887300 69539013
-5709894 1800911
39766027 44491050
-42642634 -43327157
-55649517 54962070
-105605497 4301294
-33716850 -39990066
-59605147 54802207
-55942560 54960979
41043130 36461746
75139859 447208
103671923 96289375
139611705 49236635
-88821116 -32414548
124234914 84385386
-105553493 2588505
-5895265 -372585
-104338834 16164202
139541526 45497165
59595876 88286032
43123136 29919524
-105106174 -2117126
82585634 97807081
-79587924 -38913336
93827379 98127132
-13615784 32100570
138026631 60827866
40881656 37144897
-80580720 -38355998
39856534 53158106
136419126 65907809
-98271309 31038915
-86011501 44657683
131019545 20266772
-94165127 -26873298
-84871470 45505376
130890304 20076882
73261933 95552721
110726468 93631398
-93345809 -27840330
-21886587 -31953231
-101018653 -15967363
83223751 -1284708
-6363361 13609743
134064697 71210854
-97124041 32829147
-104202129 -6818906
67014549 3706500
-105525252 2054504
-105394617 327612
-34285953 -40262806
-26005113 45255494
88828714 98298166
63351430 5761027
117705970 6937774
-80553206 -38371847
139619987 48506491
-15044086 34192510
-101380218 25088551
71571885 1675566
77641927 -239529
116808249 6342300
-61482073 -44691889
59709816 88371343
139588350 50094286
-31302045 -38731506
-88848575 -32390131
-105581143 3267605
-15195495 -24477324
138209797 36511636
110835081 3028202
87977577 -1668571
80446070 97455545
-12286915 29924499
70880719 1949018
-16346191 -25995370
-10565891 -16741383
131426649 75731376
45182119 25386327
47560484 75340776
137146335 63837788
-33859212 -40059122
-54015553 54936661
-96914270 33139134
-104730204 -4375589
98547834 -892120
-104663212 14645526
-59818728 -44860454
-102906489 -11256091
90363886 -1690038
97895056 -1006113
-5743130 1313951
-33241718 49679712
-83996795 -36198358
58721259 87614017
-35620483 -40868305
-9056622 -13280604
-89891959 -31434864
-93620659 -27521440
42089162 32787287
40084471 41507948
114633804 5010907
-103655334 -8881063
-8577947 -12008443
-89838616 -31485034
42440817 64860018
-59081037 -44917279
103084565 151384
52996643 14264740
133088552 73013123
-95267215 35413596
-61006231 -44745854
60294876 7807348
139619875 48076344
-83673559 -36419420
59124226 8681414
-55890156 54961300
-84383763 -35928778
-49145890 54542495
-6201593 12631686
-83131907 -36781622
40561203 57958220
-74299438 51337724
-105495014 1575080
-42296423 53157026
-25361980 -34850796
-6379933 -3779423
137489661 62745119
-100811959 26334276
-76552317 -40440708
72731937 95365882
-105031545 12544790
87246245 -1639169
-96869375 -23280661
-85222648 45249590
-70888729 -42646278
-86704764 -34192827
-7692256 -9317370
-21322530 41354101
40281441 56407989
74454084 95948772
-68017752 53398067
106279691 1161376
-98078044 -21428322
98254262 -944489
46979784 22193550
-38164463 -41895763
-88336133 42764087
127538892 80895653
43336604 67220318
-88362745 42741032
-47717810 54335312
-18202587 -28214648
99919699 97232180
-15204512 -24489699
132431309 22473722
138479587 37684667
-62914218 -44501501
-16227406 -25844116
-104692413 -4572239
78237614 96991519
-12156950 29697572
39644816 46741918
113862058 4574103
-25031961 -34597893
-71307969 -42509690
59571877 8340869
139094560 55536796
-68213603 -43423302
-87938613 43104607
55968403 85284745
-79829065 48704860
-87740897 43271310
-77136650 -40166591
73441123 994486
136008707 66962530
129018253 79090937
-100174299 27633899
129960974 77844876
-5891534 10261870
139355511 43164562
88242712 98285450
127751173 15961833
-104025772 17448072
55937455 85256558
-82523500 47100621
-77972255 -39758418
60848678 7412035
-56291646 -45033266
-88011952 43042325
127056165 15159854
66766445 3833129
-105451792 989413
-71251691 -42528263
-105509449 8129322
-5817296 412339
-60382563 -44809607
105386056 95753817
-67554258 53514443
-6069731 11727829
-96948931 33088256
61395093 89575880
-15673148 35046280
54849421 12374232
73292484 95563288
-7600985 18931610
40489413 39022917
-78673683 49324911
43619357 28710955
96058364 -1279360
-86566396 44226485
-105523393 2022773
-69248719 -43141777
130667952 76854357
88095969 -1672322
58682372 9025448
101661881 -223936
-68645037 53233032
-6628535 15003472
-16441624 -26116026
106396958 1202980
56059847 85367752
39642003 49774228
-80324036 -38502954
130592019 76963220
-93805977 37227499
-105096638 12107656
-22679131 -32661935
-90644804 -30710775
-6597646 14851603
-67940388 53417820
119266011 88567785
-88289778 -32879996
-5650967 6989066
-20349513 -30487988
-82473253 -37208501
67425457 93108280
-74927464 51079656
-68234304 53342076
48054229 20514978
-42120826 53108174
73896288 95767603
39620997 48059268
130646609 19723850
-100537059 26906267
-10886500 27318758
-15554364 -24963772
-102511729 22288798
54450012 12765101
-105560642 2744034
-87544852 -33510717
-38650040 51997863
-7887163 19879990
139618310 48761138
-60064731 -44839061
-12662892 -20641774
47889357 20763185
125435830 13415257
-102211377 -13156937
129384246 78616745
46860293 22389696
-66974052 -43729343
48846174 19365483
66770835 3830873
94229504 98091541
-38905764 -42165115
-100593500 -16866162
39967722 54187634
-95449918 -25250000
-53469288 54916244
132038212 74775716
91456018 -1661860
-100367069 -17326758
-23633623 43400608
87942159 98276261
42474829 64956628
136860402 31922071
-81687650 -37698775
47497658 75242789
97759642 -1028645
52001397 15367965
-11322917 -18247102
122517352 85957989
46173301 73050139
-88448434 42666572
-99629166 28674973
-37903742 51722039
117336126 89919795
129522519 78434494
-61366778 54629559
-8918389 -12923836
-56920360 54944909
131184489 76096988
139226685 54566705
107850076 94862770
-13785613 32361576
45164092 25421316
-11923290 29282514
-100053683 27869440
119621742 88303424
39805523 44005776
134892806 69527270
-45005604 53824645
39631646 49365052
71371477 1753634
98469639 97515112
-6207898 12672193
-90386851 40886466
85069578 -1488036
107330199 1545874
105869879 95590312
-5846077 9816520
-36076134 50988528
-93464694 -27703062
117550498 89776224
67835830 93309241
-38097042 51794778
40930692 36932855
44154936 27498376
-14675311 33673797
53946124 83337937
-37578949 -41673589
64274325 91404048
-90461086 -30890282
-32951172 49533194
-41333042 -42956307
-85494797 45048127
-61144078 -44730695
60148864 88695383
79705852 97311594
-6398291 -3882188
-86492922 -34360131
-66978076 -43728404
88021782 98278871
48136337 20392557
-102668391 21858682
-8175157 -10847679
55890645 11395032
67194249 3615867
40465894 57460577
128569315 79656972
-8520650 -11848803
-78026947 -39731028
-8450102 -11649865
116262591 5993756
-21287409 -31396808
127274858 81200352
-53601575 54921737
134369921 70608693
124345558 84278911
78961187 97155035
51427086 80573166
-77663973 -39911250
-102410588 22560159
-63688708 54305092
50886837 79922647
-7258787 17696819
127970984 16222782
-95110717 -25692156
-67536111 53518904
-41537801 -43016838
78014715 -330001
-37488108 -41638365
56221462 11095412
-49050214 54529928
91030430 -1675681
39628933 49228368
-12362994 -20131903
128366090 79907775
110510085 93731527
-19041903 39061708
62407375 90250250
-40630042 -42741216
-64026663 54248569
-24550367 44145088
48631395 19670506
-40490567 52621365
99489486 -711901
71224111 94797194
-38882647 52081086
51886269 81108941
-88428092 42684279
126783996 14854967
63585902 5617138
56680166 85920139
-17935567 -27911116
139513598 51570675
-103140438 -10557080
-96864484 -23287805
139185601 41724886
-22291373 42243155
45318761 71485572
91802882 98256778
135415203 28233668
89005650 -1691787
-22722950 -32700242
131752804 75227661
-11122042 -17859697
87041529 -1629017
-56715889 -45025680
133117113 23646057
-36571680 51195705
107493959 1608227
42761021 65745736
-39767783 52386009
-43909980 -43649772
59017286 8763952
-91503320 -29846818
110494945 2870380
-99680917 -18654482
-50190962 -44743402
129957920 77849046
-5666249 7335983
-57427145 54929049
-49261072 -44633205
108571420 94573848
133264475 72701038
-13809540 -22473894
-6418110 -3991762
66896011 3766782
-28815677 -37252504
42711371 65611757
139619701 48040993
-31684412 -38942046
137035767 64172091
-35384032 50688618
41912565 33339042
-101020705 25887081
-6238343 -2940631
-43889099 53568913
-76243307 -40581970
70516139 2098077
-87347810 -33673426
139090411 55565119
118606859 89044892
-53397452 54913114
44420112 69680457
-22239553 42196779
105244487 808247
-65970924 -43952620
66078148 92415232
-97281750 32592755
-84429864 45820470
-104226498 16642103
-58911900 54852932
-66400243 -43859710
100289562 97152861
118762478 88933721
-100547297 -16961124
62534331 90332342
-47388604 54281563
-72102442 -42239555
62292104 6433626
84387163 -1420945
44630839 26488388
71796056 1589415
-94310140 -26696857
127385882 15536034
-29724148 -37815593
-70626528 -42729631
49214378 18853563
119595074 8285455
137727388 34676620
42705877 65596859
134106097 25478520
113125809 4173996
-95559175 -25105380
-92454374 -28838536
83656714 97947505
-56235437 54958172
106628764 1286188
-51142139 54762080
-104896533 -3453628
-14838649 -23981102
-34568952 -40395164
54628238 84019261
-13755922 -22392029
93677720 -1530676
57701948 9817907
-6103535 11970898
50700796 79693361
62936828 6019835
-74735904 51159429
-100650976 -16747318
117870552 89558871
41395920 35098374
-26778168 -35888047
-93151326 -28062732
-89425437 -31868703
135728197 67645340
85497704 -1525311
66275682 92520091
76779425 -18537
98022074 97593497
138714119 38827814
98832548 97448469
-103162223 20414371
94810810 98034300
-73382933 -41772463
-6299107 13235497
-10537145 -16681621
-15849214 -25354423
-27393159 -36315240
-99826802 -18380201
55636371 11629018
-103670171 -8829463
-21967782 -32027242
39706027 51229464
-25749030 45066083
-90627944 -30727325
-5928976 -677901
102516061 -3970
46965910 74392647
-98666714 30380733
64256321 91393454
-94049284 -27013076
-66950896 -43734742
-72125078 52155811
138537163 58655757
139264453 42348967
90810446 98290269
64849711 91737292
-96409281 33865503
-5740226 8570303
49147428 18945637
91727778 -1651136
-66234315 53820258
-99504560 -18980671
-78589085 49368790
-38021683 51766529
125126076 83508789
40505989 38935597
-90175961 41089429
126785341 14856461
-27463107 46287140
121377050 9684298
97885612 -1007697
-57532570 54925104
-42475802 53206219
-39629539 52339604
-56715203 -45025695
60164283 88706629
-27355766 46213825
58530485 87463308
129699743 78198344
116505293 90461311
-26451163 -35655278
-6169768 12423787
53498890 82876631
-36850015 51309341
40997523 36650412
106008411 1066388
-99807914 -18415946
-60126252 54757690
-102581558 22098593
76225149 132166
-7742712 19409777
48511041 19843566
-102888421 -11308687
44080142 27662600
40885961 59482756
-105282851 -747059
40142143 41100089
76449521 70337
-42788918 -43366202
41279431 61077497
91033894 -1675583
124415709 84211065
139617968 48797173
-9679503 -14796508
-88391015 42716504
111123753 3164588
80428539 97452269
43639665 67945524
68954153 2775251
-62007465 54551103
-5610513 4707182
93384728 98162530
-66637578 53730821
136974120 64355128
-5619757 5956708
125158481 83476077
121464095 9756038
-104852945 -3705033
-89120702 -32146184
-102763302 -11667804
-77363545 49981830
-104650217 14711122
-101628473 -14590090
-40966649 52769786
-67871735 53435238
-86755147 44076934
-39422449 -42345077
61121286 7221581
127016254 81494036
-99996882 -18055138
54417446 12797359
-97500432 -22335904
-105609069 4680282
89570410 98304409
-88630747 42507009
-43956234 53585053
40537993 57839513
-31795924 -39002631
-8019248 -10371972
113401620 92286854
-10904089 -17429738
-66843917 53683703
-55638054 54962078
136099185 29872880
126475421 82093590
67376022 3525110
-105534285 2213978
-60188198 -44827862
70377122 2155799
72577535 1298679
71978979 1520030
84225338 98012515
-20814768 -30944757
-7532416 -8769593
115294550 91209419
84533214 98044966
99971825 -612311
79120112 97189442
139609420 47256855
-40004370 52464386
-88991372 42186740
102565762 96599542
-52275149 -44926587
129879080 18652481
50811949 16778183
61714894 89792781
57591916 9909427
98568767 97497184
-40408609 52595287
-5925919 -650903
133544319 72193530
93815710 98128116
111467434 93278948
106609902 95329498
40431424 39335313
-39782489 52390919
41426839 34985983
-33751658 -40007002
-38433621 -41995094
-99899093 -18242745
-96878319 33191761
-64706048 54127718
139245292 54417502
43168648 66804031
-103041147 -10857945
-11578070 -18727600
112166971 3676506
-102220145 23058540
-104676117 -4655751
-12860717 30894892
117267203 89965615
-51118414 54759946
-103501443 -9404424
127364283 81097709
42423763 31797531
-102166402 -13272189
46291988 23351495
136611354 65388046
-20512815 -30649671
-105057089 12376390
48749824 19501718
87136655 -1633839
-6703555 15362708
109283481 2333105
139407344 52915259
-37677077 51635581
89680119 98304398
-44011437 -43674079
-63113720 54395800
119577293 8272143
-102548703 -12264213
-19981728 -30118336
56892414 86104953
-56596566 54952349
-7909049 -10025654
-97680618 31981552
-86746037 -34160015
137433843 62928875
-10890784 27327325
139620395 48313103
133015589 23467824
131892610 21601253
50335108 79234454
74231860 95877461
138722283 57738662
134405977 26072662
55569063 84917365
-89556326 -31748100
42806539 65867543
-9631777 -14685193
104336299 519057
-52202075 54845820
40652220 58409770
139555450 45756824
-6559006 -4733966
139187021 41735593
-90662962 -30692932
131139036 20444023
-68993053 53137704
57671282 86765507
126008139 82596300
110577940 2908604
-24068565 -33834132
-25128795 44596723
-48933118 -44590120
48016211 20571929
45521811 71869553
50498716 17167732
-94738757 36089721
85754020 98154721
87064775 -1630212
139300922 42661271
80844894 -919449
103538985 96328103
72509600 95285501
-83171222 46679846
-43962019 53586439
84477427 98039229
-102700709 21768402
-21614760 41627231
-38001150 -41834637
43286660 29511218
-98238766 31092082
-103257053 -10195267
-54431279 54948193
-11752418 -19048838
-28680946 47090857
54397924 83792142
46704910 22647833
109563403 94155022
-19874406 39933174
-104289763 16375561
-64968318 -44154300
61386780 7038673
138699701 38753425
138155730 60317814
52646270 81963222
-91956024 39298023
-6241497 12884481
-9413814 24091252
-28674057 -37162282
132421445 74151487
44439110 69720582
70692388 2025599
99276870 -754230
-104598823 14966176
138336095 37044743
-52969808 54892338
-104380062 -6059154
40265792 56312124
137112130 63942054
105896502 95581155
104324595 96093413
42572485 65230570
76698269 3102
-14943790 -24128643
-99943741 -18157329
-95692615 34851431
-56389973 -45031828
-66333950 -43874314
135149431 68970999
104632191 611185
-10546471 -16701031
-51862450 -44897286
-32034287 49055080
-48146320 54401903
136096583 66742546
59655508 88330744
-75573797 50803566
-56893225 54945613
118951166 88797716
-69522703 52987422
-105512479 8081221
129735051 18457920
56322213 11005224
89409082 -1695120
129778715 18516694
99514677 -706822
-6922503 -6419520
40924453 59649266
-103283217 -10112773
75317564 393798
-63256621 54373897
-13350836 -21761959
104969491 718666
-18566088 -28620034
-104831053 -3828505
61191324 7173084
-35546299 50760048
135383536 68447297
-58101436 -44975797
-47199013 -44325414
-29733784 -37821422
82267731 -1151995
74175093 749806
-22866886 42749615
111392772 93315139
-69686884 -43015383
54463290 83856901
58240961 87231688
135468336 68253528
129086652 17605662
-100247503 -17565256
-59142484 54837135
-23806553 -33619639
50560392 79518471
90670569 -1684537
-5724816 8350595
139619098 47944281
-43890730 53569306
-24758473 44309153
-62597922 54471348
39637683 49619122
-41649173 -43049362
56114793 85417431
132064017 74734322
45938966 23974766
-61394765 54626307
87723631 -1659576
-32567622 -39411951
115298322 91207162
-105607835 5412457
120990710 87239037
-56537127 54953487
117567687 6844225
72029504 95107858
94563230 98059518
108428242 94632232
42247574 32310191
-16758145 -26510823
-6353791 13555064
121507646 86816812
-74307418 51334507
-81819915 47541813
-54460851 -45024710
139347187 53524221
-45794667 53989240
91370415 -1664931
61192120 7172534
-7817512 -9731149
101659725 96833338
-10360449 -16309738
56645545 85889793
-6824431 -5991525
128311172 16633882
44385370 69606838
-6747945 15569294
138400315 37326300
63226679 5838309
92411219 98226486
-10916647 -17454793
40423221 57228450
59022586 87849017
80171491 97403499
-97928061 -21668164
-97335214 32511952
-81717241 47604844
50079883 17701364
-6088817 11866141
116279833 90604249
-87210003 43710391
138763281 57522719
138938434 40074547
133281520 72670522
137397329 63047726
137163209 32822804
-20797995 -30928496
101203177 96944326
40721965 58742033
65601675 4451257
39645104 46732729
94681315 98047645
-64983986 54075483
39668747 46106071
139521115 45155116
-6822723 15908086
-92899170 38271358
-6781010 15720479
42332965 64549399
46650595 73869962
-89750705 41491566
-87139417 -33843678
-19477091 -29598336
69388944 94028479
58643520 9056081
-13575334 32037874
74946960 96102867
-74727012 -41238938
120543508 9013708
-64993033 54073756
138078631 60625124
-33942529 -40099280
119552254 88355449
-81897738 47493811
53566256 82946879
-91332673 -30021924
39675328 50647552
71759675 95005554
-35138167 -40654903
77900411 -302582
-100955609 -16103606
-88516070 -32683387
65697979 92210219
-104148916 16960433
-94389901 36523275
99769410 -654708
-102182474 -13231099
82149766 -1134313
-103382819 19718263
42731689 65666726
93852834 98124976
-18768960 -28842468
-13187016 -21501135
-103140110 20482256
138905591 39880094
-8809438 22560953
54876240 12348298
-5627638 3628996
-12040870 -19568361
82759101 97831422
-6235264 12845545
-88501286 42620475
-40040891 -42552198
116119864 5904219
-39291064 -42299916
96404043 -1233250
-89654350 -31657212
97388161 97697366
118213700 89321783
-21084005 41127886
115202778 5344665
44652039 26444724
-43386227 53444894
-59760180 -44865366
-27217009 46118444
-13517227 -22023281
-44824806 53785057
-100385998 -17288706
72955212 1163457
92443993 -1615776
-27357123 46214754
-23183584 -33097557
-83748490 46292676
-101469196 24884978
58576512 87499807
-14726899 -23823037
68232555 93499126
-99910870 -18220253
74773772 96049358
-5958758 -934331
61710301 89789691
89337395 98303633
-83361238 -36629515
-102599651 -12124747
122607465 10729798
-77864426 -39812175
-6605803 14891942
-6415340 -3976531
66797278 3817297
50959088 16597915
47699034 21053755
-63130266 54393286
133876711 25036890
-56561553 54953028
-50832608 -44809170
-38778399 -42119777
40693940 37998999
134053691 71232195
64330007 5172122
-5765530 8904477
40126156 55398110
131054259 76290769
-59979381 54770793
85890499 98165118
39642607 49794616
93594621 98146239
-76762503 50267337
132693003 73696371
139196812 41809902
-67658570 -43564492
-30352902 -38189808
131403993 20842989
116677706 90350860
-23838371 43570016
105468331 95726400
126294747 82289606
-42407967 53187700
-105460258 1097088
-7375126 -8206441
-87397553 43556681
80677736 -889355
-55359339 54961458
-69908145 -42949908
77748700 96874618
39707520 45354036
138970057 40266339
40387233 57027721
94351671 98080080
-101682100 -14463388
-15875426 -25388771
-38641029 51994613
60054464 88626335
-10663974 26867953
-8246936 -11061433
48361796 20060355
128176999 16470673
88984108 -1691518
-62623722 54467699
-99182800 29485528
133616498 24548529
96128148 -1270249
85683437 98149196
124174070 12165208
-12425753 -20239751
115885883 90849988
115497694 5521663
-78714456 49303689
-6521703 14467479
70156063 2248600
-105517916 7992976
-105068749 -2374035
-87027000 -33934747
-103068396 -10776011
-26510710 45622131
114609683 4996980
-84943145 -35529378
138580347 58449536
-79040144 -39208289
53354917 13883290
-105606859 4413955
-42390393 -43258715
-73900016 51496700
-49663850 -44683105
-46815877 -44258498
86541861 98209570
114384294 91741161
52787118 14491571
-60410821 54731060
42868272 30577648
39679914 50743352
-14953154 -24141729
121361352 9671395
129733184 18455411
128952727 17434258
139585855 50162625
-86794118 -34121700
139404996 43668318
-32115448 -39174209
-35358800 -40753278
40008656 42085490
-103341574 19851135
137700086 34580610
43020868 30180306
-41100174 -42886310
-24441234 -34134161
139420851 52767014
-31922104 48994915
-58829008 54858349
-91801135 -29537072
-93184451 -28025039
139572366 50495461
91719503 -1651485
80419429 -841698
139008257 40504487
128593649 16982149
-99162878 29520890
-9126512 23382130
-98837427 30089317
65565802 4470924
-87921520 -33194917
116756510 90300044
-5609915 5034109
-5626514 6252349
67519454 3454145
-8701469 -12346946
-6235446 12846686
138608399 58313203
56155973 11154299
-60122402 54758039
130399188 19371924
120940848 9329708
43206977 29708881
-24711259 44272087
-78113339 49611762
124360924 84264073
55802673 11475618
-23412682 43215732
49278753 77843423
133557783 24440109
-103059334 20727484
135892032 29358835
50732668 16876028
136478949 65747942
139159568 55077202
-71346311 -42496994
-73889140 51500973
40338814 56749892
-61458758 54618811
42054236 63714185
-105559800 2725165
-50421156 54692130
69229150 93957441
65894565 4292106
-20957414 41006609
-95115652 35609968
-12315513 -20049896
48306092 76466967
-99080078 -19742983
-81818416 -37618565
137790725 61706647
138760364 39070613
-11299088 -18201575
-21174782 41214329
-72537800 52009348
-34014812 50058136
115368688 91164968
-42103350 53103275
99100657 97397454
-70722680 -42699249
117869032 89559912
-6506079 -4462263
71170458 94775928
-87722704 -33362391
-95177450 35530143
91400724 98272728
-48948330 54516338
-65455633 -44058939
-8043375 20370823
-25886771 -35244105
-7053024 16888246
-94523171 36358813
77172258 96730086
-104053497 -7415894
-28075477 -36773481
-103442893 19522348
128104946 16383604
113700519 92123923
138254763 36698475
-105597401 3845791
-52893041 54888220
134746567 69836472
73001073 95461598
139525065 45218348
138016812 60865757
-5732113 1467801
-83840468 46229906
-43832009 -43630940
137234952 33044879
39974178 54241865
-30636158 -38354355
-7125058 -7253627
105825296 95605609
108425204 1975402
-22092427 -32140225
139285100 54085186
116040206 5854538
-69422615 53016304
-74971557 -41136991
-40479633 -42693724
136064268 66823793
-45567894 -44019124
113956315 91982380
129635869 18325076
42902093 66120162
-104256626 16515982
123445716 85126270
-67000003 -43723279
-21591916 41606038
-30659070 -38367557
-105556939 7262004
40152147 41031721
-6607173 14898701
63009866 5973833
57646846 9863673
-5857885 9936080
54121517 83515648
48117800 76188740
40120956 55361736
-34306213 -40272353
50105640 17668114
-20171327 -30309860
130123372 77621815
99075452 97402314
53590780 13636483
-69442896 -43086298
-99288969 29295925
-54225858 54942927
-57787951 54914622
-9583720 24496519
-81983831 -37516307
109872936 2589725
-73813056 51530785
51719495 80916115
-27771182 46495299
40315825 56614626
-105411209 9414724
-13337029 -21740114
-40267140 -42625737
-105558371 7230691
82908789 -1243062
-91305140 -30050015
-6617441 -5025035
39777472 52264607
-89808612 41437360
54795122 12426859
-6940889 -6497884
120837840 9247153
107609724 94956165
-35170670 -40669475
134115717 25497277
-46878397 54193798
127879383 16113598
-86451519 44316784
47128996 74657440
138044383 60759048
-83781859 -36345767
134435020 26131265
-105336195 -262087
-99187155 29477788
55814113 85143750
-71897378 52234877
105203912 794918
134717166 26710885
51232856 80341862
-60086926 -44837070
-50377760 54687583
-28710453 -37185532
63077643 90677565
118120333 89386711
59173045 8643888
-105321944 10320168
-11567440 28632002
39871671 43297996
-100056613 -17939585
-48350589 54432308
-64433581 54177348
46637224 73847475
102874635 93178
51780312 15622205
-90120864 41142064
46280609 73237603
43227672 29657310
-22870580 -32828645
39620656 48142960
-78455898 -39513287
101188116 -339043
40767625 58953695
-12324331 29989325
-53197920 -44979706
-103630987 -8965288
86009757 98173896
-104700726 14453515
-25802768 -35181868
-20288633 -30427330
-58218689 54893979
97400059 -1086627
-58100858 54899996
-5745253 8639124
-21062119 -31182808
79413772 -642730
70449697 94483263
-40261361 -42623873
-81705080 47612287
59478552 8411210
91246648 98277980
86553212 -1601402
-96563541 -23722341
-93908604 37105615
54022248 83415285
-38624837 51988768
126266430 82320138
101891628 -166350
-99297326 -19356747
48181177 76282839
-43885103 -43643778
139513424 45035527
-93521349 -27637290
131401227 20838781
39715198 51381973
-47877243 54360533
-91338574 39940067
135167306 68931574
80132661 -787143
124256929 12244614
-77085294 50115224
137420759 62971582
-29330223 -37574728
78942691 -542129
-25186688 -34717007
-32422734 -39336414
-55758992 -45037692
54731585 12488642
110771525 2998477
83607518 -1332703
67742817 93264099
-6028915 -1497757
-7564718 -8882190
76915393 96663330
68622364 93681550
139618438 48746811
45660888 24480880
-83833677 46234550
54532241 12683914
-47079970 -44304951
60699861 7517148
62215700 90125273
137388906 33533875
45898672 24047251
-24842078 -34450392
-36806649 -41367593
-105591304 3599863
57759169 9770523
-6129231 -2225891
-82069069 -37463266
-45480257 53925246
41258985 60999866
139569924 50550460
-10385592 26287312
72809648 95393697
56723473 85958019
80522863 -860950
-105395323 335201
-18166060 -28173418
-15208627 34419513
-77748333 49793862
-57582251 54923167
67695373 93240982
53788046 13432630
49537090 78193037
92835814 -1592070
112147752 3666801
-86210920 44504156
138938171 56535896
137058578 64103764
105100797 95847647
39819083 43851427
-21141100 -31258135
63002008 90630093
-69084634 53112169
94686434 -1438257
139570804 46078070
-10475868 26477718
74964593 500590
-63041491 -44482539
98859441 -834553
102794948 96537526
60634681 89045424
55365548 11881839
44528356 26701009
130648086 76882898
54175044 13039337
-42070475 53094039
-96246483 -24169773
39987223 42258922
78456089 -433214
39789334 52411169
-62274370 54515938
104896448 695167
-37589022 51601653
87924621 98275669
-10262391 -16099888
-85201319 -35341087
87181212 -1636035
109291881 94272169
132839265 23162252
51533908 80699178
-53302635 54908824
-96194320 34166570
-5790541 9208865
106153071 95492045
-32460514 49280339
-47393740 54282419
39756770 51994810
-28975134 47277463
74997210 490602
-100448141 -17163215
117313394 89934925
125765836 82851606
-99052174 -19792018
95102397 98003001
138366003 59433932
68184597 3132467
-9378180 24004970
-5712636 8166257
137497337 62719652
-41720263 52994148
-89811569 -31510415
-6206235 12661532
138886717 56838458
56498553 10848545
-82914096 46848585
-25639256 44984113
-6728948 15481405
132505222 74012247
133094469 73002711
91852924 98254567
-36577724 -41274022
66329118 4060605
124386879 12369888
132921353 73304976
-23557174 -33412712
-65671374 -44015113
-100892235 -16239491
-93445208 -27725629
93190985 98176779
112176923 92927332
137431481 33672275
-41606145 52961001
-5760455 1084393
82600402 -1200311
126957165 15048372
-30357771 -38192657
-73471868 -41738544
-25760691 -35150592
115423035 91132273
-94462475 36433891
52179807 81443569
-58539793 -44951996
-82018353 -37494854
77387246 -175976
47990025 20611253
-61213028 54647139
130489946 77108597
-5765903 1014983
43462099 67524519
65545334 4482163
-58045504 54902727
-75074168 51017930
128532175 79703055
-19018568 39036667
58523236 87457552
85508352 -1526191
-84633056 45676386
55950985 11339980
126686176 14746604
85261408 98114063
77464231 -195336
-87067665 43826037
76998553 -76235
129127438 78950699
43871527 28129177
-105529747 7791446
-42708416 -43344774
73257765 95551278
-49927865 54638185
117275752 6648927
-12368583 30065705
132761017 23028224
106283952 95445985
117573833 89760499
113109346 92443636
-100302387 -17456173
-6508684 -4475826
40477402 39086721
-57516437 -45001551
-27096534 -36110899
-21762350 41763524
97265174 -1107684
-92414028 38806634
139513009 45029204
-22676476 -32659610
-67145604 -43688985
63487874 5677080
128895663 17361690
-46381771 -44178959
115011831 91377337
-33799576 -40030262
137938194 35444016
-88414917 42695737
104208550 479903
91552110 98267104
130452539 77161601
-8415281 -11550678
99914733 -624358
136548477 31048849
84951217 98085944
73503855 973079
106532196 1251368
72294019 95206424
49264359 18785113
104758293 651059
-61529338 54610447
-31839274 -39026084
-56300705 -45033142
-67976943 -43484332
-78734702 -39368963
124666428 83966396
-59568795 -44880937
-48925276 54513234
41782682 62849300
-23343050 43157017
-6210705 12690158
70388711 2150969
73600980 940119
-102730623 -11760175
52820459 14455288
136810869 64828937
108816941 94472525
138059768 35909791
-103271999 -10148205
-104559851 15155160
-75382644 50886340
92146751 98240568
62517276 6287521
-37958975 51742916
-98805284 30144532
-9588294 24507292
136839760 64746198
-11006088 -17632233
-94297934 36635942
117513819 89800903
72794067 95388132
-81644232 -37725286
125217431 83416413
133208558 72800802
91821617 98255956
-7577262 -8925650
-8699392 -12341314
-19484727 39530489
45414771 71668140
104559146 588255
-73485361 51657552
-90428526 40846076
89580651 -1695551
134943748 27190606
40538882 57844088
-82683532 46997980
133418949 24186252
88617867 98294382
58923347 87772031
-6684852 15274372
-101762029 -14272717
128180100 16474429
-105223169 11168528
137296927 63369238
39716459 51402353
51589992 15843866
138006634 35703962
139206771 54722482
73287182 95561456
43852517 68436531
130162702 77567404
-27199832 -36182417
44438292 69718858
-104344158 16141019
102085884 -116756
-8054851 20406204
85325570 -1510770
-92179868 39059516
133878446 71568677
119452097 8178761
44080474 68947001
-19906453 39965892
-8227578 20928269
-59233596 54830598
-100880099 -16265392
-102438167 22486640
-32295095 49193540
138576878 38142604
120273369 8802595
-52492175 54864791
-7089336 -7110960
-92796506 38385934
126399490 14432643
39915141 53725478
136267132 66306712
74964107 500739
126473507 82095678
-55608890 54962085
-38746621 52032576
62515945 6288380
-25318188 -34817487
-21460409 41483515
-80752185 48180874
71349299 1762334
-100219808 27544221
77202997 96737978
-5769365 8952658
-24930378 -34519166
128096353 80235620
-18582268 38562043
-102004169 23605272
100141091 -576186
44188253 27425726
-48239646 -44491730
98955671 -816363
113967167 4632535
94860758 98029061
39629630 47343503
137124523 32704500
-61309830 54636127
-64518532 -44237870
-6734922 -5584957
138481555 37693728
44022589 27790046
56313325 11013160
-7932431 20024039
58598326 87517075
135485952 28395874
130761787 76718971
-5958448 10855889
-105608877 5276226
53443390 13790317
-99090715 29648429
-102332003 -12843578
74334975 698174
-7968113 20136525
-18014895 37925980
138356069 37131515
-87286982 -33723314
45927665 72613801
42605637 65322438
-51877772 54822606
124173816 84443901
-98065668 31372399
104695433 631137
83676117 97949832
-18797214 -28873233
63660837 5571527
76168715 147894
42344828 32024977
-105140287 11798543
133297975 23967855
57105516 10320455
104345025 96087122
45399270 71638787
-6481935 14259756
-7783757 19545073
123971648 84636121
-92122557 -29196709
51053924 80126238
107072944 95159620
-10924806 -17471051
40502735 38952671
-80047529 48583187
-10618885 -16851027
-91980678 -29347736
113653220 92149882
-24990983 -34566185
139087808 55582833
-94972117 35794098
133974410 25223675
134786743 69752069
109085954 2249119
-94442396 36458664
115323261 5416641
-31667928 48857230
43331222 67207144
-98195927 31161841
-23685983 -33519934
-74858776 -41184197
48039093 20537631
-6086531 11849720
130990040 76385610
58730501 8987587
137141484 32756245
-82968938 -36888614
-21564342 41580421
67864259 93322991
-78528878 49399893
-82376006 -37270291
49169824 77694079
93831639 -1517905
-77597902 49867833
-90903479 40379041
-79938632 -38719845
55392375 11856626
120342628 8856437
-73095321 51805001
40427062 57249599
71251563 94808046
124069331 84543512
-25044769 44531960
40125028 41218628
-95292105 35381153
-11772968 -19086336
40550920 57905816
64446918 91505082
-98649324 -20485997
-19810279 39867525
-105474387 8640305
100946460 -395877
46944198 74357114
45391462 71623983
-27538172 46338167
-11073670 27689326
-22421746 -32435092
108988842 2208194
-41823744 53023951
109059204 94371045
-92791227 38391806
64086674 5315725
-14885158 -24046506
139608901 47232364
-96348054 33951736
-84398999 -35918052
129694291 78205652
-9596773 24527246
139177399 54945472
47898911 75860154
-44323529 -43747448
-70174315 52793840
103465852 259628
-76338199 50463032
-64919820 -44163516
132235994 74456122
132950663 23354726
-21051065 41096411
127561748 15739824
-50193767 54667879
-101233219 25419589
85695062 98150113
-76575325 50354259
107044082 95170361
-69460389 53005430
39625355 49008681
138899086 39842124
138964995 40235324
-26946286 45930358
-13641606 -22216313
-50344134 54684033
138920978 39970615
-100679460 26612293
-21727925 41731832
-83098826 -36803414
129060874 17572550
-7946249 -10143538
79245770 97216264
136853421 31901954
74825215 96065324
-12062869 -19607393
-34023722 50062401
-32645152 -39452124
-62661412 54462345
-57533274 -45000906
40332222 39897533
99138132 97390202
63223863 5840059
-6025489 11395575
-97949693 -21633757
-59002197 -44922702
-59319470 54824284
-87747496 -33341603
-12833689 -20926114
-6390086 13760582
-102105222 23351802
-97878560 -21746663
95505402 97956893
-9062298 23219252
70190783 94374925
71832968 95033519
127469271 80976480
111983918 3584495
-62824325 -44514692
122276509 10441810
-79447893 -38989574
-100754303 26455796
-102819490 21431789
39781372 44295473
-49615459 54601456
74798284 96056973
61371592 7049069
134393222 70561882
-49604275 54600104
115285349 5393944
-37630534 51617672
-75047416 -41105056
-94153808 36811172
80031780 -767539
116675217 90352461
126439129 14475735
59475277 88195182
-18781763 38780587
77978078 96930110
40475951 39094460
-72551000 -42080426
-97322364 -22607233
138310663 59673597
68205970 93486536
77710119 96865172
76838740 96643127
-20542603 40603175
129999555 18816750
-20997580 41045181
-67657492 53488930
57614986 9890194
106334834 95427968
-12351193 -20111555
135525684 28487661
-79908111 48661001
125142596 13116747
-79048808 -39203692
131070712 76266394
-96505837 33728721
-60351738 -44812553
-13122702 -21397754
-81799378 47554448
-45837058 53997708
139259167 42305073
-30147291 -38068803
74039890 793931
-83617048 46381858
49570306 78237531
-6546314 -4669536
44478057 69802557
43575338 67794243
-6032242 -1523242
46661262 73887883
-7490016 18544438
-71366073 52414608
-19451578 -29571643
77022548 -82489
-99327808 29226078
113255386 92365610
-10443846 -16486245
126677497 14737021
-12537015 -20429443
42389474 64712969
60258375 88775062
77262242 -144262
102555909 96602182
130438925 77180854
-6246220 12913860
-6085142 11839726
-17393539 -27279387
62239885 90141112
64753895 4926361
-104702055 -4522467
-52024408 54833365
41005787 36615984
-33971687 50037459
-76220014 50516687
-85559753 -35075449
-26220873 45413133
-21572008 41587546
-96892717 33170701
-104099904 17156999
123073389 11144008
-51021925 -44826978
135980246 67033134
43762159 28379019
-77057653 -40204189
132415438 74161432
68422513 3020333
-5619920 5964874
-32510627 -39382309
84950192 -1476981
-95768630 -24825050
98409642 -916996
-102680882 21823852
50874765 16701014
103285902 96400732
-85777621 -34911545
-86203335 -34585854
43611983 67880592
-69914261 52872254
106042629 1078273
-85097943 -35416785
63898919 5427801
-13662452 -22248476
136155263 66593941
131857118 75063717
-66660851 -43801381
-91047179 40235258
-16542108 -26242249
-21950016 -32011076
-46631980 54149458
139005016 56124871
-13872640 32493961
99156494 -777771
-50654348 54715908
73183657 95525548
-102697788 21776586
123314630 85246260
39634460 49490279
-8221682 -10986589
-90025247 -31308858
57610217 86714699
-63133366 54392814
-41365768 -42966046
-80386434 -38467415
-105465419 8759931
73461750 987437
39774764 44378493
131196446 20529769
44276522 69374155
129423599 18043816
-10938347 -17498003
-6329954 13417292
-9054377 -13274875
-74133968 -41479895
-103316777 19930400
70594718 94543201
43562935 67764915
-11377975 -18351860
-5804669 9371460
69534988 2516046
-67362670 53561175
39737908 44878442
-8555179 -11945211
73718143 95708214
39838219 52966509
-42471900 53205157
69193430 2667397
-43592615 -43572291
75735211 96337772
-45642639 -44034388
-103748673 -8552906
-77074982 50120127
-80189928 48503106
-41363580 -42965395
-23710314 43464277
63667775 91041554
51086152 80165257
130671100 19759037
-105534247 2213287
138615219 38329098
60414982 7720645
97744906 -1031074
-9162442 23472542
83449470 97922169
132257099 22187169
-5701230 1940772
-20332933 40395660
62579773 90361594
88385115 -1680305
-67889611 53430712
77096753 -101748
103357181 96380423
-41803443 53018123
-79193767 -39126456
90295081 -1691014
-24239779 -33972703
-7353181 -8125793
126120893 82476259
114728632 91543033
40973660 59858444
-81581205 47687832
136139886 29975849
-94632421 -26298753
129848304 77998126
-61598698 54602128
-60649899 54707417
-96079140 34325969
139498336 44812859
113601127 92178395
48094099 76153431
-48302895 54425286
-49956941 54641502
132156279 74585579
-86586015 44211009
-46952559 -44282722
135110060 69057515
-21814438 -31887191
-29560107 47640068
78128432 -356996
138088003 60588206
138323975 59616432
77502029 96813661
130733107 76760452
112414591 3802471
108099642 1844586
100512696 97103591
-66858118 53680427
139616104 47649326
-6898097 -6314606
-80220738 48485698
-13266989 -21628909
44115313 69023688
-60652114 -44783022
68210335 93488605
-98753642 -20308735
-10374922 -16340499
-103382653 -9794628
-105349390 -134926
137342786 63223328
-7230557 -7664978
94591483 98056703
-74945528 51072085
-87878654 -33231175
121701858 9953687
139177366 41663145
-21988298 -32045891
-21541641 -31635131
-32623761 -39441058
-29938213 47868569
108959814 2196008
-104923351 13219199
40744893 37759994
112875649 92567208
-11230379 -18069661
-56142700 54959246
-93655555 -27480562
117772864 89625596
64351535 91449360
-104401989 -5961673
-6209534 -2758498
64728290 91667818
-61703729 -44665173
-6989854 -6703876
44423345 69687291
-5672425 2461646
41271114 35562887
119653875 88279302
128216138 80090730
-60318221 -44815735
-24432226 -34126979
-30550549 48229056
-100557982 26863379
134164619 25592935
-80260450 -38539048
-12975286 -21158650
136429117 65881226
133974587 71384852
88485426 98291550
-98909577 -20040611
44067954 27689510
-105214174 -1315843
57060024 10359445
125506872 13488334
138979410 56284890
90106042 -1693208
134160594 25585044
-73822445 51527114
-78077342 49629886
99615861 97295154
-5813018 459405
-70208343 52783465
89193851 -1693747
136978052 32265345
123862445 84739061
39656025 46417189
-53268630 -44983071
116501981 90463423
-100477476 -17103666
108486069 2000153
-16413003 -26079921
-18213567 -28227025
136939540 32152079
-9499303 -14372243
-43592466 53496425
-34438062 50258386
-21237487 41273788
-79325404 48979959
54597102 12620138
40664671 38138952
-50888476 -44814500
86358642 -1589063
-48158846 54403792
120857959 9263242
98928694 97430349
90256857 -1691516
106308256 1171480
139426994 52697925
-68334390 -43391678
-48208570 -44487089
-6191536 -2642445
118354651 89223165
131061981 20329534
-41867490 -43112306
64854381 91739955
136662772 65245945
-81774252 -37645716
49186245 77716667
89035568 -1692146
-73823015 51526891
-91416954 -29935655
139291761 42581199
-100065021 -17923258
110559393 2900046
-51414163 54785735
-20406051 40468305
-64930058 54085745
85760031 98155187
-63344543 -44436039
-70639988 52649561
-19151318 39178667
123002251 11080090
-35951833 -41011405
-46751690 -44246986
39753207 44662518
-102367692 -12749647
-75979401 -40700612
46672720 22701754
-44809470 -43857496
137015244 64233287
93958471 -1507022
39669573 46087380
133969282 25213823
-58942514 -44926725
41784828 62856357
-24375830 44006101
-102052924 23483482
-39654955 -42423998
53602236 13624581
127090694 15198894
137803429 34947965
-43352380 53436348
51563741 15874647
-17696897 37559739
-61965851 -44632283
-81949236 -37537767
39974474 54244339
83324830 -1297642
62919714 6030640
53737297 13484852
-104958494 13006502
98541820 -893211
-59939341 -44850118
59273465 88041869
-91689051 -29654272
-9597544 24529060
99640292 97290163
116842375 6364431
-93720450 -27404304
-16582075 -26292222
-105004347 -2795814
-89726898 41513802
-12126304 29643659
42592286 31323359
66346533 92557426
-99998293 -18052418
137999672 35677257
-18527427 -28577338
-104372881 16015057
-56289188 54957470
41883838 63177935
95231276 -1379749
131853789 21539895
123489222 11522609
49377345 77977601
125167204 83467261
70333544 2173995
43746680 68194186
46656139 73879278
-88540061 42586574
-83436515 -36579189
139562701 50705700
121204240 87066023
67757546 93271264
-94868635 35925755
41512251 61928179
82068845 -1122018
139536065 51207176
98162270 -960528
-5884007 -266605
123138210 85406403
-105356753 9986728
-70976556 -42618002
-7419037 18290411
-70724568 52622821
68802064 93764274
79697659 -701069
66725371 3854261
-7975319 20159130
46926478 22280802
98490148 -902553
73086291 95491544
121549020 86782518
-103834618 -8242954
-20928616 -31054731
-75112334 51001782
-63974438 54257460
-36102849 50999857
138701725 38763833
132178796 22059766
-18829488 38832485
41919542 63292047
61825650 6741805
81326279 97611711
-90401149 -30948449
-40626611 -42740138
-78651841 -39412088
69164298 2680448
92151945 -1631438
-65832814 -43981671
41143843 60552858
138679284 57959766
-17505323 37335594
83754508 -1350288
139414231 52840290
138781725 39185023
47170940 21883916
-6824956 15918032
-28082480 -36778101
91849384 -1645858
51277633 80395438
133799423 71718395
124790157 12764486
101817920 96793818
-96951414 33084607
-93224807 37903184
128625093 17021314
-48686810 -44556308
-48019674 -44458447
39632589 49408629
-6450824 14093836
62763975 6129409
-83313447 -36661363
57702735 9817254
131504575 20996642
92478949 -1613786
-37826340 -41768486
-32524947 49313936
115391679 5457719
106012295 95541132
-5980633 -1115699
121939061 86455500
55745775 11527945
41210325 60813034
56372372 10960505
124771508 12746041
41177733 60686212
-12136275 29661218
73584375 945738
-66487617 53764488
85326419 98119710
-45200836 -43942435
-75035874 51034096
-35087100 -40631951
119091670 88695571
123215224 85336683
-37727659 51654984
74848513 536332
76566099 96570212
-7235806 17609241
57333845 86482682
-44563888 -43802517
-13492439 -21984576
-32010636 -39118256
-67617150 53498928
-62990677 -44490150
59183120 87972712
118271735 7327602
126720378 81824446
124298452 84324323
77595376 96836886
45475515 24826156
91683904 98261835
74913519 516278
78563826 97066635
-88178000 -32976240
116764247 6313824
-75227524 -41028646
-64643427 54139262
-92183431 -29131524
66252638 92507917
122840905 10936027
49341607 18679795
77823178 96892762
-78137967 49599341
134092228 25451510
-17370864 -27252491
92388545 -1618881
65445016 4537425
-12531895 30344927
66441428 4001663
-77008052 50151880
41862481 63109217
-103221437 20230945
-75575430 50802855
-17267957 -27129942
-23616875 -33462499
-72677875 51958713
72641649 1275483
-20934069 -31059981
137643967 34385503
40904956 37043618
68782978 93755529
-87737343 -33350119
97617973 97660677
-46623934 -44223818
39824318 52815607
-44351063 53677991
78217397 96986788
63299903 90815981
-29384630 47532464
-88734282 42415695
-73984336 -41539299
100307954 -539973
85114299 -1492103
129051240 79048677
132594494 22746131
56579975 10776702
-13000355 -21199523
-29044324 -37396764
-65034681 54065780
-6094630 11907708
72143446 1458343
48780238 77150258
128125397 80200590
45404112 24960907
121220722 87052586
125963178 82643947
96240879 97864187
94691230 98046635
-96126455 -24336478
-83076512 46742263
139314523 53826547
112572962 3883946
39633284 47169238
136047342 29742681
-103983460 17611004
-8949960 -13006038
138893499 39809652
-104533414 -5357129
41634165 62351557
-92165158 39075286
-103504676 19317812
110149700 93895525
131038603 20294933
-82228318 -37363532
121963209 10173836
-13449532 31841566
40432284 57278266
-103374993 19743574
72210730 1433296
-74571240 -41303087
41152020 60585172
-5664538 2624456
-82869322 -36953567
-74356187 -41390642
-87485969 43483688
42312951 32117844
-27620020 46393579
137945529 61137260
88788216 -1688641
-6376344 13683354
137019625 32388621
-69217553 -43150603
67823978 93303502
46584989 22849497
134256385 25773822
135101799 27533252
125564346 13547673
68696375 2893142
122721658 10830357
132288275 74370735
-54945805 54957676
62602567 90376240
52266716 81541501
-105599074 3923416
105918776 95573480
-27750786 46481621
-30096372 47962804
-103974600 17644840
79182012 -593830
-56961941 54943801
125371909 13349759
80800329 97520350
-105175591 -1613523
87966077 -1668191
-102039130 23518034
138218748 60060289
56560302 10794032
111510707 93257901
-105517847 1930054
-31038953 48508272
82463311 97789544
-23495009 43284874
-94623551 -26309822
136414761 65919410
39839232 52977306
-32163644 49124001
92056387 98245058
-30930656 48446988
-21012904 -31135704
-82423880 -37239911
85188389 98107619
-41714007 52992338
-86115508 -34653640
39699350 51113212
96146389 -1267851
-87151819 43757769
88155901 -1674114
139609811 47275677
61442907 7000328
43502122 28988510
110042914 2665407
43301025 29475840
95722104 97930729
-10405842 -16406031
99108551 -787062
103035089 96471289
112259374 92885558
-32430654 49264729
101143395 -349657
-15619866 -25051246
-9738730 -14933619
-97962585 -21613222
-11854228 29158044
78223849 96988299
125894127 82716879
40479013 57530729
129123319 78956008
83976550 -1376015
-84821084 45541694
-11662649 -18884137
-32355211 49225175
-11712106 -18975058
-7530079 18685580
-96716954 33426223
-105405515 9477952
-104488141 -5569488
-59177037 -44910505
-95673331 -24953104
-74376373 -41382473
-105583560 6583701
-84572468 45719509
-32767968 -39515412
-93900827 -27190708
-104319563 16247701
-23947866 43659862
41396538 35096121
54904956 84288295
-51191059 -44842273
116174268 90670598
48413429 76623789
-57299824 -45009347
74235242 95878555
49609323 18319202
137362682 33449332
51715642 80911636
-35365277 -40756146
135987484 29593659
104079484 96168144
-6154954 -2400791
85871990 98163730
-19227959 39260147
40282110 56412056
-15633474 34993540
-6705718 -5448706
86792701 98224411
138857112 39601230
133151677 72901742
-69817701 52900977
-46019885 54033791
102618249 23425
-91490532 39784170
-33408057 49762530
-15820927 -25317289
-101101226 25711446
40748897 37741450
118428172 89171438
-83436862 46503128
-62631500 54466597
57351827 10110985
-38167673 51821129
138277280 59815628
-9399231 24055996
-105492498 8385943
-75704492 50746427
41489292 61846845
139615703 48989454
44322556 27135925
-67188715 -43678743
66498724 92637134
-51364835 -44857386
85678726 98148824
-5643494 3128530
39636624 47030638
-96504104 -23807015
-6259200 12994024
40002831 42132132
62963802 90606041
-50272216 54676364
-11298290 28124219
-51229341 -44845655
64448934 91506257
-57513710 -45001655
-102752636 -11698015
-15491880 -24879955
46026348 72790328
-26785447 -35893184
138473948 37658758
130469217 77137987
-90125018 -31213930
139616379 47670727
134639686 26549813
130861545 76573985
-100925829 -16167592
-50683146 -44794597
-105564356 7094842
-11338121 28200261
117117206 6544101
41106033 36206638
-9656954 -14744007
53748369 13473446
-92364719 -28936006
-91073828 -30284293
-5610108 4805726
56967560 86169884
138105823 60517675
