2542
-97951202 -43787655
-39724480 -54086970
-57659751 -59058394
-21968040 -39434916
-80578641 37114214
-19904818 -36499910
95192739 -6469034
-61010019 -59224842
120541853 -43231202
-14024483 -23932054
-102816480 -37846692
-99385908 23759462
30447310 -21048617
105897904 -86089010
-111091705 -17702423
98421970 -92079988
-76309216 38621627
-100772900 22109476
-106345283 -31969206
24757232 -31319527
120957397 -47435954
115308704 -27009373
36511100 -14080304
-73654346 39346651
104229714 -12853971
-15828649 10397722
-99732701 -41822910
107081143 -84898864
-94961402 -46665051
82331273 -1539017
120581665 -43518119
45842091 -7058114
-107611477 10834561
115565933 -27506187
23866897 -66830696
-24275963 -42259428
-22579730 -40225358
-94584548 28532765
-60595984 40753835
34254599 -16377793
-63362111 40744730
-81496353 36731994
-74823628 -57509294
-27642884 27269354
21723321 -41987362
-105171352 15672213
-15139645 8697865
-84547107 35302154
-86233569 -52862844
110910828 -80413362
85602898 -2415436
56533905 -2396025
115735569 -72651701
28440143 -24063495
118449964 -34373361
-111693211 -5750397
-106081373 14016187
-37134166 34252933
21929643 -40838026
-89642672 -50771588
97161047 -7614370
21924519 -40864809
23671565 -66264297
22389482 -38693577
-61140599 -59226773
-57365905 -59033019
46363909 -93735266
118370036 -34136581
-66579940 40541076
-35449113 33252388
109507217 -18309138
118474396 -66046642
-98017055 25256030
107780207 -16336457
34780696 -84677964
81010355 -1251469
-39070219 35296165
120138082 -59682172
102523133 -89087145
68372030 -317627
-102263251 -38623502
64699332 -649802
-37687937 34562609
63121082 -99616078
-28127699 27717267
23050410 -36198829
-89260258 -51025236
-48267212 38898409
78658512 -99662212
-12997586 -20043638
26349275 -27817678
-60789624 -59220809
47924254 -94584223
-12282022 -2409948
112904081 -77579751
21943754 -59728499
-72307775 39655205
94654500 -94316847
-99465557 -42131161
-102828544 19366769
120742362 -44831526
-14656279 7384934
-39652586 35588864
-111315942 -2187887
-87751482 33515315
120333967 -41894618
45570196 -93275291
104257248 -87614739
-45722813 -56571116
-111388918 -15741286
-83595394 35775283
-41351486 36389558
40762319 -10453662
-97493809 -44259714
-107101247 11960970
114926676 -26295623
74431076 -100131217
55109089 -97641932
-90242334 31900909
-14360097 -24981779
21876815 -41118073
-30990165 30136931
-88646729 32959122
-86763021 34099651
50387299 -95783518
39762732 -89258816
23086993 -36074461
-13152971 2260118
27098771 -74110362
97474527 -7808060
109422293 -82286053
110864544 -80474442
108512981 -83345074
-33066969 -50140702
-44337667 -56077439
-13781095 4653550
-14194180 6010163
-50970527 39578599
-66649081 40534407
21360779 -55932287
56514854 -98091366
-104819497 -34737638
120618192 -43792798
113565131 -23953776
-111105662 -17620831
21819337 -41433229
-41369829 36397781
-72672610 39575468
-11863394 -7021255
121012084 -48685630
21072053 -52132991
97343984 -7727013
-14443467 6768146
26409472 -72795030
-85197585 -53426705
99946129 -9451600
-66947321 40504532
33610440 -83402178
24390167 -32243146
-82637412 -54689069
-35611156 33352525
-95580786 27644690
64215470 -99779141
-27052613 -45170282
96639528 -93194025
74483477 -100127623
-18848968 -34803971
-53758451 40115414
-49661591 39269264
-47923145 -57262862
22329781 -38947920
-56768126 -58976001
-40913598 -54653238
70939826 -100246491
79354495 -943337
-18569206 -34327973
76054378 -499017
-46233468 -56741636
68686537 -301836
85534769 -98098428
87357883 -97507679
-78472079 -56374988
119847815 -61084076
95679579 -6741223
120779151 -55312576
-14355989 -24969396
120167752 -59526442
21038498 -50698487
-107404698 11300033
-61391986 -59229529
-15411048 9389028
-35526323 -51762837
-60932556 40760906
-45216706 37933422
36073731 -14502943
102745854 -88905530
-82632618 -54691265
-105445688 15188386
21120742 -47344591
-17603702 14122549
-100257032 -41202767
-111754645 -11677652
-26465780 26130616
64409190 -99805432
21662183 -58132090
-15618702 -28361024
-52611903 -58377135
21186056 -54111515
24872900 -31039134
97419416 -7773777
113083403 -23190083
94476011 -94412037
-36379621 33815934
120572666 -57040981
-64645326 40688487
-111128728 -17484161
34034017 -83874245
117089598 -30775888
-12923332 -19702755
21039123 -49730147
58347055 -1883591
116442952 -29312162
-13014569 -20120031
117184222 -69491939
29694544 -78368575
-40865894 36168628
-104121499 17416764
-105989129 14190993
21036512 -50322040
86730291 -2773397
-111506909 -14769104
-107772846 10462157
38468024 -12308513
-93569868 29389901
-84195892 35479696
-40961914 36212811
-103001289 -37580046
-101830114 -39210521
32187936 -18769728
82256836 -98971353
107554871 -84399262
21091856 -47893514
-27058879 -45176341
119301113 -37188146
-16446395 -30248752
-57478605 -59042958
76845221 -585148
119087605 -64070009
-95630124 27599452
-35217935 33108044
115702165 -72718220
24011812 -33255914
112430923 -22202012
-13919002 5122037
27317734 -25983993
-81236554 -55305004
83988133 -98540001
42749171 -9017595
105651520 -86327013
-108140806 9580272
-108870624 -26134679
94848412 -6280794
-90610982 -50106297
39765056 -11232490
70111218 -255146
-56241390 40457116
41777140 -90791528
22027065 -60150099
-24585714 -42608185
21189108 -46342493
62482916 -983647
111191237 -20454077
-47988821 -57281807
-45913599 -56635539
-50635307 -57965543
26345545 -27825110
-50740579 -57989572
-104937787 -34537132
-86407404 -52765099
38344572 -88078327
-26099134 -44222895
120452640 -57865033
48674853 -5525687
33025477 -82729896
25645679 -29278098
-83489399 35826425
120895806 -46498901
-95839263 -45868964
27477101 -74794143
-91230958 -49662411
-76861267 38450921
78546044 -813740
120227890 -41290987
57917014 -98494696
-23866382 -41788008
121006633 -48519920
-13798354 -23175745
32172176 -81703981
-14135841 -24289301
97416101 -92721451
-110309809 -21405369
48521395 -5602749
-108807912 7845620
-12876290 -19480657
-101004506 -40282006
110802199 -80556412
120905200 -53867125
118194806 -66862541
-106547740 13105642
-12609738 -18113250
52586683 -96718144
-76605505 38530877
21193824 -46282737
81836311 -1426884
113738532 -24236344
-11821030 -10037705
-66663550 40533000
-15754374 10222795
-42079861 36709332
97151201 -92884831
47802615 -5972567
-19391274 17231257
-23364981 -41194300
-110844253 571030
-54958396 40296390
-31572958 -49048993
-12787325 -19046279
-43980631 37480056
108244415 -83646701
30292542 -79228191
-107973174 9987927
70351120 -100241887
-21393788 20199348
118377686 -34159076
-93746282 29244171
96221124 -7052459
22337228 -38915865
106165838 -14666723
42593030 -91368009
-77003637 38405761
-30044363 29377709
99328189 -91472521
41127260 -90314527
-30938880 -48559351
24302009 -68019923
-15203829 8864069
-111580141 -4395655
-105731968 14669697
-45800475 38134814
-89821846 -50650997
-78235426 37995310
72055540 -100236198
-37660917 34547712
-48934358 39081223
36038284 -14537650
95570751 -6679758
-39928966 -54187095
120915434 -46769870
-64062498 -59180755
108951153 -17650945
-110502015 2149744
-40809853 -54605357
43606873 -8442063
21735365 -58577399
-72480424 -58080456
109701408 -81948658
-108700047 -26602208
-111554690 -4140528
31504608 -19632323
-46159087 38254549
22964210 -36496705
-25973580 -44094283
27725540 -75229871
-111799455 -10458884
-85228907 34947490
26738446 -27058519
69064147 -285500
118466421 -34422602
78682473 -834659
21157542 -53724220
107996978 -83920310
22325203 -38967670
39378969 -11545117
-45811385 -56601130
41873750 -90861072
-108234898 9346874
117495845 -68726984
-111199322 -17050650
75512017 -100045875
85554804 -2400816
104685651 -13263729
-110780547 -19347085
120596534 -56864633
91669040 -95791030
-23992146 -41934028
-108376092 8990119
-51032542 -58054965
115553459 -73011390
38871111 -88527005
55587439 -2693163
-27464667 27101689
-89006499 32728150
-86899483 -52483424
21741155 -58611590
-11817284 -8706221
21494669 -57000204
-38019777 34743791
-67176013 40480399
22578538 -62568527
-107055677 -30520709
83330269 -98711646
121011255 -48659302
-44453160 -56120364
95315046 -6536746
-92364972 30349871
117325926 -69148566
-50744384 -57990436
-61415376 40767092
-105900256 -32820475
-13819421 -23248085
119602481 -62135282
-90412294 31782923
43394981 -8581865
-12130062 -14839697
108686663 -83147373
-19194298 16912826
-21888066 -39329117
-104699527 -34938838
-93420741 -47974665
23359265 -65309304
-86889961 34026316
-13530309 3754614
69195250 -280496
35400729 -15173874
-72862258 -57995519
-65454521 -59098643
-22178892 -39711087
95144110 -6442235
-55788007 40404167
-21405918 -38678629
107587852 -16129208
29053733 -77402634
67587794 -365659
27605002 -25473436
-81684745 36650865
117736917 -68109029
45717864 -7130823
-110431997 2445223
114901392 -26249348
-99811051 23268903
38585687 -88285350
116919832 -30379129
120365568 -42083333
-97575230 25713958
-110885239 363745
119472906 -62652644
88863297 -3532521
-59106756 -59157940
29667170 -22164878
41356758 -10008349
-92552354 -48667161
21113397 -53019358
117379826 -69016027
114811563 -74407295
-106487132 -31689238
-105009486 -34414552
120779919 -55305027
-51200689 39629165
107466535 -84493472
23339989 -65248154
-35297050 -51620269
50395970 -95787449
-34126358 -50865019
117838012 -67842445
24131588 -67565170
120800684 -55096493
108969811 -17672660
107407301 -84556373
88222077 -97200332
112077430 -21687201
101358850 -90002746
-98669760 -43020245
-90044430 32036985
-65322522 40645473
-99258881 23903566
51914221 -96445504
77079487 -99880059
-82056640 36488012
119413803 -62881151
25866064 -71685702
-52908133 39969053
21036646 -50384452
38128257 -12602854
-13909445 -23552739
104702652 -13279204
-30428712 29690795
35701674 -14870700
21065571 -51952667
-53610039 -58553585
-57764136 40604359
-17015831 -31436649
27413543 -74681017
-23807323 23256414
68018889 -337725
119220793 -36894820
74884048 -100098325
73145079 -291067
-61742485 -59231263
21965833 -40651062
-91380073 31090869
-23697407 23127381
-45571810 -56519518
-108531124 -27051514
-12014424 -4764792
95100708 -94074792
-16779862 12491461
113678953 -76354387
121020891 -51494075
-33918111 -50725772
-15121438 -27113023
-102471934 -38334153
-11993327 -5006613
116733393 -29953978
91950878 -4830872
-91804033 30776554
-79510320 37532548
72929377 -282429
-111813652 -9526951
107755280 -84183702
-59982579 -59197743
68007459 -100154752
93095153 -5375504
82775501 -98849000
-53172389 40016157
53535230 -3409557
-15000558 8331496
115707843 -72706931
119403277 -37571785
114959759 -26356348
114274918 -75355056
120605438 -43695555
101563115 -89846118
-87962702 33386439
63933282 -99739462
-27903176 27511308
-44658275 -56195801
-16569962 12050822
-79959831 -55822600
120434844 -57979579
-111132268 -999645
-51070304 39600659
-76469176 -57035511
41597848 -9831632
-13170306 2333280
119656423 -38580446
33114890 -17658935
77640395 -99808545
-61449109 40767350
120555039 -57168282
-111262428 -1821520
92719683 -95300304
-15570306 -28243733
-28980864 28477446
21036859 -50045718
74262503 -350767
35977956 -14596877
22167899 -39669996
60017736 -1475816
53651815 -3366159
-84147674 35503801
53298504 -96994473
-50787109 -58000117
-67706563 40420311
116541447 -70966037
-11834165 -7830060
-98203679 -43521686
75920543 -485699
97158750 -7612962
55764507 -2636002
-106418712 -31824823
-48299407 38907459
115823700 -28018164
-16516094 11935924
116271302 -28943800
69493507 -100222772
34788364 -84686036
50995150 -96054292
-84562743 -53756798
-111620772 -13628804
120075890 -60000243
-98121155 -43609051
25448469 -29710386
29936994 -21771433
-111563655 -4228895
25063290 -69905375
87065012 -2885362
-108933271 7496623
108307028 -16916352
-20197013 -36943813
120008570 -40160357
92894206 -5277276
-92493362 -48713071
-66256479 40570985
-18389647 15553355
22134259 -39826641
-107291073 -30013126
-111750387 -11763071
-107970793 9993645
31226258 -19995168
21285708 -55232880
120836543 -45779898
31090330 -20174887
-97516890 -44236189
-32922343 -50038688
-82912178 -54562199
74831002 -100102391
25185512 -70188775
-93395227 29532836
113065633 -23162489
114947433 -26333700
-20400097 18783771
-77786154 -56611765
-70414478 -58486170
111506988 -20884432
-35896942 -51989692
-39660011 35592534
-39929259 35724609
70708222 -247662
105915699 -14421476
-18246125 15300184
-95517966 27702114
-42801493 37012653
41531650 -9879934
57648567 -2072271
-104703728 16469199
88613244 -3437862
74566398 -371345
28710324 -76864222
111419918 -79728375
-100605350 -40779247
-59609238 -59182658
-33117055 31713223
55483958 -2726906
-18560642 15850581
47867634 -5938507
105075379 -13622116
-110494036 2183823
-17765230 -32888438
114424816 -75095129
-41092409 36272464
83652659 -98628724
-30723003 -48388908
-73238774 -57908687
119268042 -63426646
25354497 -70572888
-12816364 727606
-78342811 37957835
98794260 -8659275
88213050 -3289534
-107885837 -28658984
24875135 -31033764
106457917 -14957492
26795732 -73543760
-17211150 -31826420
21791295 -41591286
24898794 -30977018
22443397 -38468866
118430385 -66178170
117079901 -30752967
32509034 -18377511
-12477398 -17345978
23768587 -66548382
-86428085 -52753409
-57276615 -59024962
-12425462 -17023639
117348270 -31399414
-110634045 -20031991
71081520 -100246564
-15497276 9602493
-58979777 -59150892
26468415 -27581860
76133182 -507029
-11991806 -13438034
106574960 -15075365
-111501927 -14813628
21040828 -50907781
-111177645 -17186349
111964741 -21525940
-111798416 -7962164
87375818 -2991688
-25298714 -43386775
-20484060 18907494
-75020859 38993086
118094131 -67145555
-95001029 -46629925
-111582314 -4418065
24137843 -32911068
-65227702 -59114681
-107626099 10801154
-110236157 3232461
110719600 -80664474
91065579 -4433549
-59176469 -59161673
-97210799 26083044
-51672849 39729347
93272989 -5463367
-12093573 -14506427
21414442 -56383017
-86930571 34002750
-91178992 31237540
-68987186 40251541
-100776764 -40567301
121031752 -50932361
86587601 -2726464
121034539 -50684360
-88917437 -51248361
-65020299 40665810
21363784 -44534696
-41296282 -54827385
-45232063 37938823
-63153761 40750747
-19352726 -35631987
-94531676 -47041209
-107863994 -28710703
-21202963 19935463
-65660451 -59083184
-68524066 -58779090
-104599728 16641964
21133249 -53356244
83899967 -98563559
42869674 -91557993
58551554 -98662772
83932790 -1938360
-102124040 -38814133
-92869239 29955479
-12513684 -17563599
-109135084 6916902
-48187178 38875809
98698440 -91897691
117487112 -68748922
22804331 -63424678
96149106 -93482620
-34471255 32629712
-12020752 -13767830
50884072 -4487635
-13122305 2129478
-108579656 -26923762
-13684521 -22777626
-108137825 9587614
-24378321 23912772
-20850607 19438483
-69753665 -58596992
83729971 -98608498
-95185553 28002737
-42961513 37078122
-14010765 -23887383
-110581701 1803301
-64413643 -59163715
100202798 -9634708
83557328 -1839687
-35479820 33271429
-37683157 34559975
41468339 -90566883
114287649 -75333121
-23210726 22545195
-22428806 21570715
-111359235 -15963468
-13281097 -21252389
40054611 -11002154
-100997903 -40290339
119045706 -64214830
24626578 -31642196
-102933012 19216359
-58268918 -59105443
-20642484 -37601421
36338867 -86247659
22660703 -37605915
91089791 -96049027
113458221 -76711539
21269003 -45429877
106694928 -85296168
37278267 -13363191
64256121 -99784722
119509505 -37984305
-45715639 38106047
-110513321 -20563898
-26315027 -44441903
-60029149 40736800
-75470984 38867554
35920279 -14653690
34721856 -15877268
-16301067 11469531
-110159533 3526440
36623139 -86519489
-110738788 -19547159
58308251 -98599380
-78069441 38052697
92489138 -95410535
-68262558 40351171
-102019389 -38956204
22516953 -62323750
-14839421 7895840
-94899274 28257344
21520127 -57184394
92503260 -95403824
116121690 -71864208
-64252157 40709230
74603292 -100119199
-18590404 -34364465
73621130 -100179734
-89179114 -51078409
44508732 -7864042
41099755 -10199188
-53758809 -58578102
-103990014 17624379
-59263313 -59166185
-104088899 17468450
-19093525 -35210461
-74288663 -57650277
-105686779 14752544
117377234 -69022426
-108614274 -26831987
-111798261 -10506564
83529039 -1832378
27701215 -25305515
-11820271 -9989205
-77442065 38263738
-111642772 -13372083
-30122156 29441592
22168797 -60827318
34654504 -84544596
104799389 -13367535
81677525 -99101141
-99746137 -41807270
70533739 -100244057
-111411168 -2893085
23749640 -66493340
92646067 -95335660
25691922 -71314885
-21868293 -39302869
-16065357 -29405889
46812501 -93986727
68193262 -327487
-12054434 -14123473
34231343 -16403067
100556336 -9890957
-92027779 -49070483
67209011 -100099876
83058528 -98779767
-62410357 -59227764
-103886204 17786716
-21588738 20465251
-62910355 -59219305
-92912514 29921146
-111740880 -6518518
112764939 -77791705
-79130535 -56137133
-101373176 -39810936
105736309 -86245476
25505262 -70908396
114969491 -26374249
31976096 -81460177
-35460281 -51721945
-102025151 -38948409
-44241545 37578837
49211429 -5261384
-50564352 -57949212
-44395124 -56098834
-97799648 25482818
-69615104 40156447
47146048 -94169795
-109262448 -25001372
61660549 -1133527
120052823 -40377659
53162235 -3550629
74397144 -100133514
-84391679 -53843781
21116841 -47412484
-77530437 38234570
-98486399 -43219162
97958047 -8113131
-95113227 28067433
-107338819 11445697
-65208292 -59116005
-27097939 26751439
52974434 -96870220
-29931339 -47747056
69639163 -100227056
-67138434 40484438
-103239134 18768719
-111787152 -7577032
-102291238 20122319
-13306704 2892675
95692852 -6748744
120672088 -56271866
-13091124 1994995
-54314965 40203052
30858157 -80007370
23722182 -66413201
-26341159 -44468230
52902290 -96842207
103183246 -88542588
58559682 -98664867
100654567 -90530173
80079733 -99421976
-51566248 39707145
-89134630 -51107464
-81362182 36789215
56243022 -2485153
-66118622 -59045718
-69600578 40158739
27706438 -75196726
31013999 -20276550
-24484047 24031807
-44800737 -56247599
-111705452 -5930480
-27057306 26712192
-79234505 37635991
-13585581 3958410
-99894562 -41633643
57101778 -2227580
-73422290 -57865251
53447205 -3442543
-39535391 -53993353
-12225620 -2832852
115609189 -72902080
99398350 -9068885
-19688994 17702670
66724331 -100060293
99773692 -91163222
107021759 -15532641
31810891 -81252311
47200775 -6293651
-89065332 -51152593
25031142 -30663144
94197960 -94558487
104677966 -87236432
29221402 -77660108
118545535 -34661739
-110995494 -218412
-79100215 -56148316
-99199601 -42433065
-24074732 23566672
119807760 -61262928
58800428 -98726267
-26513676 -44641059
-12954701 -19848163
119964064 -39946629
54839327 -97550422
110387865 -19400733
107312362 -15836431
65600671 -99950229
105739367 -14250641
88053487 -97261695
84897755 -98286822
21394757 -56221684
-70746446 -58427054
-103256241 18743394
-23043269 22340660
117020884 -30614154
99731734 -91192658
-19876147 -36455794
106408933 -14908392
-110147890 3570480
67689028 -100134406
-12195820 -15394425
67173399 -396040
118196118 -66858816
60641916 -1338982
-70078746 40080983
48867938 -5429659
-91205193 31218515
-86007121 -52988810
-103761083 17980565
115342630 -73419044
42887582 -91570196
-17254977 13450101
-111764465 -6994438
-47064732 38543611
38034460 -12685058
-63486320 40740729
-73810157 -57771039
-31598149 -49068113
-62076199 -59230630
120144939 -59646419
-97253795 26039896
-107800815 -28859387
-53704843 -58569262
100129794 -9582378
-108848286 -26196733
-105960875 -32706832
21098171 -52730087
-45473798 38023109
102289422 -89275446
-76688694 38505036
46707114 -93928195
-44729468 -56221747
41756103 -90776338
-18599528 -34380149
120560556 -57128697
-104220006 -35722357
21132533 -53344736
-105006658 -34419402
-40969750 -54679035
120369077 -58388605
-47728299 38743452
-99130438 -42510779
-102401537 19969620
119630406 -62020621
-62146479 -59230213
-103965347 17663078
-20730134 -37728203
-51706976 39736404
-50465698 39463697
120921267 -53638567
48063499 -5836639
120515615 -43048473
103949501 -87886077
94317744 -5997499
-106814648 12562929
-25091020 -43163365
108213051 -83681607
21085642 -52463831
-79870251 -55857389
-11888989 -6503543
-16801094 -30998053
-76656431 38515077
-11816686 -8766667
21485875 -43557788
54410155 -97401289
23158731 -35833970
115776768 -72569318
92567332 -5119859
-13541381 3795713
-60159041 40741272
89193574 -96833268
-102160474 -38764424
28511420 -23947889
-98128894 25138246
111603424 -21017813
60046989 -99023952
41820698 -9670243
-20163918 -36894048
23514831 -65793134
-47272862 38607373
42994153 -8850579
-27210988 26860168
-111224089 -16892588
-89067595 -51151122
-106292050 -32073160
110648808 -80756608
100236484 -90834247
93388154 -94972434
-106163321 -32322101
52273237 -3900693
74020375 -335702
51006864 -4433754
67345214 -383023
-12965152 -19896143
-105830877 14487051
-18264825 -33795994
-54425738 40219730
-71355542 39849935
36632417 -13964879
-12133478 -3592750
-33195268 -50230559
61876632 -1092768
94430189 -94436326
-102470570 19873429
52239621 -3914317
87411828 -97489014
51164365 -4365215
88455926 -97114079
-110161392 3519395
-103140940 -37376075
110572162 -80855863
-84209017 -53935753
120846019 -54606332
47410454 -6180588
-103223005 18792567
-11833197 -7865044
-106795757 -31064521
-69577492 -58625002
120901234 -46571820
22330955 -61550312
-37899962 34678748
-104687312 -34959203
109585481 -82089521
39137445 -11743947
108684654 -17343497
22747248 -63213945
-93506045 -47904919
37171957 -87032394
37065602 -86934200
22222384 -61071851
48650737 -94955416
89166898 -3649513
-20458043 18869242
-15056777 8480626
-81346042 36796067
114203169 -25014960
105746927 -14257931
-75153412 38956590
34241224 -84100845
41314520 -90453631
-74304966 39183445
30579258 -79627108
82843338 -1660604
-97677119 -44072016
-101868947 20695987
21648250 -58044353
32988354 -82686405
89865165 -96565908
116724581 -70559024
-14503837 -25408416
114867425 -74305805
84355204 -2053110
64983570 -614311
43624769 -92062842
-83317044 35908931
-41938448 36648327
62819029 -926468
120674754 -44243311
-111628704 -13538024
-32022178 -49386214
-53699365 40105732
116068676 -28518743
-28862215 -46836436
106395704 -14895155
39155797 -11728749
-50372686 -57904554
41324373 -90460912
116742529 -70518606
-83068924 -54488917
-11940818 -5679805
22899794 -63769224
-101009964 -40275117
86676202 -2755550
-45775980 38126526
63784713 -99717912
-101955568 20579704
21047790 -49182023
-12523487 -841238
-71838242 39753634
-61879056 40768644
-72401396 -58097644
48056635 -5840190
-88448908 33084282
74159242 -100148971
-26770467 -44895216
-19253188 -35471217
-111150106 -17355389
30166525 -79050208
-29411216 28847886
-36038897 33612786
-11924451 -12544982
43843047 -8288051
-43218930 -55644716
53102042 -96919455
61494262 -1165564
21077748 -52278211
46264166 -93678528
-106208008 13773442
-11966971 -5329879
44026156 -92323226
-48193833 38877694
-111738631 -6477441
-74586166 -57572655
113043160 -23127647
-13438768 3409334
-46770373 38451737
110967747 -80337978
-111609914 -4712537
30439477 -21059510
47589490 -94408104
119533199 -38078352
119136429 -36594021
-105419747 -33697306
117531897 -68636089
28244507 -76108702
89515061 -96706687
-68300850 -58808806
82190078 -98986678
44975034 -7575724
-98492937 24749477
-107678088 10681840
-16351382 11579800
52106860 -96524770
72885232 -100212393
31760135 -81187992
-77181517 -56811306
-28608810 -46612866
-12593966 -437203
21585418 -57635422
37015257 -13605651
21658025 -58106010
88139964 -3262864
-111814053 -9449025
-111415372 -15536558
-110598433 -20191718
90383403 -96351851
27436420 -74721815
71368597 -247688
-14023672 5466789
73629918 -313890
113571597 -23964238
80718897 -1193039
66790802 -100066003
-95821761 -45885209
-26423457 -44550887
28800387 -77006901
-69844745 40119629
-102672502 -38051894
116119027 -71869761
-82556104 36263597
-11915442 -12406439
119365500 -37428494
-66705659 -58991508
-22015703 -39497693
54752205 -2972668
58916882 -98755511
-109663070 -23740515
86382684 -97833277
34074708 -83918965
118641515 -65535741
93666459 -5660903
31209781 -80476305
-21193867 19922794
-66084842 40585996
-44223181 -56034568
-16556251 -30484278
116774010 -70447477
-18186872 -33657280
-35519487 -51758611
41247067 -90403680
-85271933 34924660
88767732 -3496164
-23302361 -41118822
42045737 -90984015
-34737757 32802583
-97635903 25651762
95565058 -93816616
43948090 -8220159
69359271 -100218447
-78811038 -56253847
92551101 -5112118
119637005 -61993355
119652304 -38563294
-17619791 14152982
28495574 -76519639
-57851337 -59073998
68198820 -100165998
26154991 -72284146
-100296684 -41155029
120036485 -40296854
-16154970 -29607892
120601687 -56825930
-33973794 -50763153
120535652 -43187579
-12083209 -14407810
-55174346 40325804
40396858 -89758799
108282399 -83604338
27228391 -26145682
-78022991 -56531269
90612840 -96254901
-23883452 23345266
-76906485 38436628
120174314 -59491630
78446028 -99694519
40335908 -10781709
-55428024 -58821763
-11918464 -6009058
22704029 -63051919
-13076762 -20395111
108508099 -17142568
98046040 -8169484
-66864824 40512977
-92525827 -48687823
-109304566 6411453
-37098176 -52695116
96990360 -7510244
-13793917 4697831
-72873511 -57992968
48413151 -5657504
68556385 -100185039
80444817 -1139734
-56833789 40519990
45712801 -7133796
-18084092 15010160
-14183012 -24437852
-100169080 -41308226
-110763799 -19427821
-59783207 40727406
-100625652 22291638
-11862473 -7042165
-54018323 40157138
-109769859 -23383562
30375743 -21148364
-54670728 40255716
-95158801 28026696
23307612 -35348345
91137967 -4465265
26684816 -73331906
-83276707 35928123
-100417065 -41009358
-105112190 15774931
-35699542 33406786
52827269 -3680228
-60667276 -59218151
109830435 -81790636
116047240 -72018799
-15564381 9766687
-71090940 39900632
21228211 -54621373
59218456 -1663307
-111310379 -2148901
66267700 -100018655
44396252 -7934653
115032030 -74003465
-31717021 30695370
-111810263 -8578354
74300607 -353245
94971196 -6347516
22010078 -60065661
26865127 -73675066
-57651089 40595042
41928893 -90900610
24463557 -68439032
36027033 -14548681
-19828568 17919731
98779960 -8649734
-109397122 6127612
-69587238 -58623469
91267403 -95970854
-105275254 15490441
-99475783 -42119454
-81063178 36915077
119149273 -63853818
119267302 -37063813
36919028 -86797933
-84444583 -53816968
25896670 -71750067
21686542 -42210038
-89480287 -50879913
120538036 -57288855
-43769162 37398770
84524321 -98393002
48366603 -94812017
-87764077 -51970299
121021072 -49006374
-107953604 10034861
-75686208 -57268555
-17157261 -31719726
76184965 -512362
24199682 -32744680
-59537020 -59179417
35603351 -85523987
-59780968 40727315
46879074 -94023530
113690753 -76335105
48714674 -94987372
39851187 -11163608
-50773357 -57997005
98816114 -8673871
-56827312 40519341
48150179 -94701262
-111155608 -1140720
25637570 -29295661
112574845 -22415627
-36447520 33855980
75246993 -100068983
-17213908 -31831863
-41492214 -54915049
87981840 -3205603
-37925890 -53155489
76249146 -519048
-26899229 26558656
45354901 -7346028
44784716 -7692546
-72888624 -57989538
-36159098 -52147500
120507979 -42996178
22134937 -39823461
27555989 -74933606
-50725547 -57986156
48428211 -5649866
120607098 -43708127
-92394627 30326964
25432119 -70746451
-37126862 34248787
-44065634 -55975050
-40149497 -54293788
103527590 -88250876
-82722484 36187374
34050511 -16600784
-111718870 -6139957
64361777 -694100
90472911 -4178980
92451967 -95428172
-109888197 4513582
-84337712 -53871052
43681264 -92099822
-103007828 -37570544
-34302165 32518775
-102015513 20498816
-22605511 21795337
86489307 -2694409
84449189 -98413986
65639703 -99954482
74631593 -100117167
-15475825 -28012282
-110375400 2678411
50738333 -4552097
-97228407 -44528015
-107812219 -28832649
43184241 -8722445
87249311 -2948135
32940248 -17863271
-23872075 23332014
-103155905 -37354089
42322970 -9313276
-104047304 -35996824
-12522795 -845302
-60901133 -59222971
-67819623 -58869393
-108928362 -25973074
-42429373 -55320530
-89364285 32494107
30726258 -20664699
-22183270 -39716778
-65902923 -59063884
64937779 -619917
108200095 -83696008
-11817690 -9793729
-96151155 27114193
-102794411 19415659
25789181 -28970209
-24936922 -42995827
120298247 -58806721
-11863095 -11434613
-111715089 -12383123
-99266655 23894779
97150084 -92885515
110994006 -80303101
-74089793 -57701077
36388802 -86295720
103896535 -87932327
-15669450 -28483117
21069992 -48415588
95211966 -6479648
-86049944 -52965106
-43323982 -55686667
-99455135 -42143085
28000772 -24792117
118936886 -35909612
-20596917 19072549
-12562699 -17848590
-67789548 40410393
120901361 -46573549
-83261612 -54397923
87079692 -97602836
-111341345 -16093840
-18298446 -33855504
-37458552 34435452
119785981 -39134260
45329590 -93131979
72229202 -260813
23198620 -35702120
38601561 -88298886
95717807 -6762899
21099037 -47745738
120434051 -42508523
21152140 -46847309
-44849146 37802459
32877511 -17937222
-109998064 -22585967
-17011490 12965260
23689917 -34174704
88352891 -97152246
89336804 -96777190
-23334544 -41157651
-100005599 23040066
121010791 -48644763
-30885885 -48517688
-111145280 -17384644
83204979 -1749914
-107956440 -28490696
-23133454 22451088
-111764701 -11462930
-49648011 -57728489
-46856695 38478886
-13802382 4726981
118305763 -66544208
120629911 -43883474
-107637756 -29237106
44981156 -92921183
108509885 -17144589
117623237 -32089717
70691323 -247776
60723913 -1321627
116319920 -29047344
89505459 -96710505
-37333829 34365651
-109119569 6962294
-107077214 -30474881
-62643342 -59224445
22825335 -36991854
106238397 -14738510
108096361 -16682267
-33481301 -50428746
-14093355 -24154107
-53442836 -58525480
-49186103 -57610266
-13470230 -21991760
-68911618 -58725065
-32499459 -49735966
-94131851 -47383517
-38062993 -53229777
-41894282 -55091797
114073183 -24793881
-14381883 -25047267
118958501 -35982028
31914971 -81383531
75310955 -100063536
42953590 -91615083
-35715530 -51879203
-30871382 -48506266
120849737 -54563643
114880200 -26210651
-105926031 14309612
37074280 -86942233
-105909676 14340232
42257667 -9359162
79126393 -905396
102160130 -89378628
-82865904 -54583707
101203857 -90120484
87934692 -97304523
-64332520 -59167871
-103152781 -37358680
116111965 -71884479
-44095622 37523797
-15043575 8445736
-18508907 -34223780
120726493 -44687792
113906669 -24514410
-111115384 -17563510
-97390963 25901536
115693999 -27758726
-77065516 -56848615
-65675286 40619408
-69438673 -58646620
66147125 -100006955
-48144336 -57326282
-11904097 -6239816
-41726319 -55018473
49961760 -4905023
103407105 -12139616
-73165604 39463172
-14532617 -25492343
-91741383 30823439
60726313 -99172048
113916432 -24530683
24975836 -69699588
121016243 -51668145
103275706 -88464784
60247601 -99068717
-39577233 35551525
-107691681 10650504
-103331155 18632095
-67591928 -58896409
21794342 -41573967
-24787251 24368996
-91793381 30784536
-33122203 31716831
-41811684 -55055831
-109355323 -24719137
52712467 -3725283
-14106736 -24196833
34029475 -16623923
23637560 -34329778
-67374529 40458588
76496245 -99947598
-104974761 16011390
-81181573 36865513
-109643398 5342602
84649922 -98357639
-63497038 -59202998
120576385 -43479355
38919589 -11925483
-101342069 -39851135
67933638 -100150217
-85276582 -53384819
58384980 -98619513
111677551 -79372198
26110128 -72192542
45429191 -7301643
-75245937 -57393512
-35751036 33438282
22124341 -60619869
118793779 -65053273
-60326530 -59209168
-67248750 -58935129
119187111 -63719311
25041077 -69853349
77284653 -638520
-83343886 35896135
-88326494 33161086
-41149835 36298572
64790334 -99854910
-109301253 6421508
-13500465 3643135
112567171 -78088993
-80015308 -55800957
109319140 -82409235
120744179 -55644934
-91258037 -49642695
96828639 -93080721
48779534 -5473496
-19566960 -35973474
-39170359 35347174
-47120449 -57023407
93229197 -5441649
-29938424 29290291
37445573 -87282414
28066974 -75812649
23317354 -65175998
104894094 -13454461
21314466 -44981246
78368229 -99706114
95648239 -93769683
120909347 -46683617
88619782 -97052852
-73925537 -57742380
-80012282 37339510
-71920874 39736652
89099734 -3623436
-20893144 -37961794
-80000148 -55806879
-104252322 17207928
-78140128 38028338
-106178177 13830917
-12849177 887706
-75564494 38840906
74006194 -334856
57002030 -2256639
-94327673 28754147
-49264131 39167937
89232479 -96818086
-65590763 40625882
37876675 -12824279
68298265 -321618
-75353719 38900694
-28384675 27949931
-12127399 -14816060
-38089276 34781326
62715539 -99549347
46041306 -6942514
-106460403 -31742327
89050979 -96888593
55465877 -97760341
117927245 -32889919
-50800227 39540452
114960139 -74136122
80649535 -1179399
23739327 -34029877
-108330520 -27568771
-82137577 -54914721
92463768 -5070592
22649604 -62844705
109749392 -81890044
120924123 -46896856
120212231 -41205395
-27859237 27470706
33984412 -83819580
-102555844 -38216571
63529738 -813304
-39638391 35581842
112457532 -78251842
109069583 -82703960
-39276219 -53863418
36457645 -14131410
-88305940 33173933
59079256 -1697379
-87750379 -51978613
106799456 -85189507
70443553 -100243069
59190288 -1670167
80975119 -1244309
119725298 -61621846
78170117 -758092
99235301 -91536113
31470627 -19676252
-106457603 13285250
61074167 -99244062
-95776227 -45927403
-27029704 26685480
-37809810 34629529
-106216903 -32218897
118351898 -66409779
-93913501 -47567405
-22596642 -40246754
31363542 -80677818
-80636423 -55553407
74615154 -374820
-34137788 32409989
23589737 -66020261
-11971888 -5267551
-100041403 -41460275
44522854 -7855206
-25166435 24782174
70063896 -256044
33937920 -16724969
22899480 -36725060
-110620999 -20090792
-28153723 -46203606
-33711197 32123285
21146042 -53555157
-93719946 -47728642
-104520408 -35235308
57372867 -2149741
120039563 -40312028
70859005 -100246270
28706386 -76857958
-99212870 23955488
120205756 -59322921
21792972 -58911419
35299730 -85216378
-40930067 36198184
119852273 -39429192
-85628495 34733386
-108450396 -27261725
50775287 -95957470
39486225 -11457631
85869764 -97995647
113295347 -23522324
119912318 -39703811
-82917275 36097198
83765939 -98599043
-66491287 -59012113
47161501 -6314973
-59376550 -59171842
-36310052 33774752
-91129309 31273544
-95951422 27301854
88644909 -97043404
-19942555 -36557822
-22109909 -39621171
-12256511 -2597829
23049704 -64291927
116903578 -30341633
45294995 -7381946
-14181878 -24434300
-27272311 26918863
21173351 -46549179
-12643340 -18297431
-50992298 -58046060
32602946 -18264319
26531725 -73035375
-49561667 -57706746
-106975663 -30689921
40611904 -10568547
21704455 -58392364
-24614187 -42639917
-98048412 -43685713
21207477 -54378520
-77665604 -56652231
-88317824 33166506
119906400 -60816758
-104734642 -34880168
-41824512 -55061428
-22477527 21632912
-43451581 37274623
-79230826 37637359
52602567 -3768721
21161199 -46716886
-86866661 34039814
120422090 -42432554
-111514751 -14698273
-12680421 -18496287
52140354 -96538456
-98843733 24366868
118710248 -35173115
-111241728 -1684675
-12661259 -68549
-31786312 30747509
-11842180 -7568622
21706351 -58403837
84115864 -1987605
120446784 -57902918
49550590 -5098411
95316408 -93955667
106189336 -14689940
66061481 -494704
-12931659 -19741562
114331791 -75256860
26967819 -26625508
27050023 -74020389
-72475251 -58081585
117465351 -68803461
97846016 -92451412
-12277809 -16022012
114306039 -25191781
95812055 -93676640
87108797 -2900203
-77949980 -56556225
-74213888 39206850
39017822 -88649802
-16299500 11466085
-111085609 -17737810
94247277 -94532674
65159087 -99899948
77598821 -99814067
-109342987 6294323
-100835586 -40494023
-61875765 -59231277
120860973 -46061196
-12405127 -16893641
-96399850 -45340253
-102748954 -37943205
-13064355 -20340806
-36387061 33820329
21156006 -53702127
-11995885 -4976552
77656566 -686781
119981806 -60461898
-30265603 -48021332
118708752 -35168383
-65124283 40659020
100371950 -9756724
-58968243 -59150235
114679882 -74644357
-85453251 34827858
-109161431 6839486
57994468 -1977479
24111387 -32982808
86495457 -97796761
74060661 -100155043
116000910 -28378850
37641498 -87459174
-45261185 -56411680
-101194579 -40040590
-26768173 -44892962
112685886 -22582077
-97378469 -44376812
-84628499 35260513
-59397677 40710240
-90238563 -50366144
-54949183 -58757742
-95454133 27760264
67344036 -100110059
32846040 -82518742
28143624 -75941040
92449358 -5063760
27630299 -75064029
-11855966 -11266565
67724701 -356382
-36754037 -52497605
-62279889 -59229149
22498337 -62248711
-13904210 -23535215
21169313 -46604050
35411288 -85330020
81265927 -1304191
-29270018 28727281
65176079 -99901957
41064098 -10225867
-94141709 28912535
71441378 -248224
-20050551 -36722592
69411807 -272986
51464917 -4236206
-107476970 11138792
-14109901 5744289
47593699 -6082830
-22056765 21088983
47138148 -94165498
-72118642 39695418
110445155 -81019209
-80609777 37101596
54829650 -2946062
-105530367 -33499097
-93122505 29753433
-81577641 -55159730
-63072995 40752846
62836621 -923540
50893413 -4483523
-27344856 -45450671
-109065127 7120468
49259006 -95254836
-73220507 -57912970
-88152864 -51731809
52277030 -96594011
-63209721 -59211845
117419111 -31574433
78568946 -99675944
120644869 -44001158
40910880 -90152094
-77619389 38205025
98806921 -91825440
-104538255 -35205975
-12247131 -15794344
25817657 -71583414
112084287 -78796112
-103276684 18713086
33879695 -83703649
99890946 -91080619
59868921 -98983492
-57755676 40603670
22941626 -63917262
-94698148 28433888
-16176562 11193578
-96366939 -45371746
-11965337 -5350815
118138029 -67022811
35388333 -85306695
-82769083 36165894
-106331992 -31995217
115761558 -72599777
-108045331 -28276332
-95944281 27308525
73458340 -305274
-56032622 -58895885
-90897375 -49903024
48092415 -94671476
79210217 -919212
92120819 -95583651
-84359477 35397434
48837553 -95048468
-111565412 -4246400
29187010 -22885592
-14225527 -24570387
-58288709 -59106846
33412216 -17316104
-78984797 37728049
-35573214 -51791783
21805883 -58984472
-64855255 -59138769
117730117 -32366372
-24039437 23526014
-42484446 -55343656
22826747 -36986720
-73245586 -57907088
43965289 -92284091
-11889631 -6491832
32222068 -81765521
26752628 -27031448
-44994186 37854523
112679188 -22571996
42309791 -91170645
30600134 -79655833
-84266987 35444037
38623114 -12175923
-110535912 2003746
59593727 -1573553
24279500 -32532546
50216625 -4787431
29008194 -77332101
21047880 -49177780
-111308990 -2139198
118436435 -66160161
78399585 -99701456
87970098 -3201375
-50914299 39566073
21471531 -56828244
-80363837 37200604
27500989 -74836483
-63032900 -59216468
-95693252 27541392
-111240977 -16782867
60186560 -99055188
-100115102 -41372657
103010489 -11806226
-16823433 12581560
-17365288 -32128152
-87796039 -51950877
-70586999 -58455737
43274132 -91830877
121021552 -49025895
57193987 -98292251
-12323045 -16344207
85219629 -2300390
-21946812 -39406890
-106737704 12721092
-13625883 4104902
55469556 -2731622
26831485 -73611529
-94272830 -47263650
-98871626 -42798730
41167296 -10148788
-15016868 8374910
-37798364 34623263
99272856 -8982730
97876708 -8061269
-49890816 39326127
77266077 -99856985
121032665 -49630890
-16133509 -29559735
-28427168 27988093
-110787853 849027
-16543813 11995142
77095757 -99878075
41937275 -90906610
21523221 -57206443
55448748 -2738445
30667362 -20745122
-101591575 21063676
120260387 -59021807
97734664 -92521940
95834603 -93663769
106033385 -85956736
-111734240 -6398969
-53348091 -58509296
52111621 -3966452
-69962406 -58562968
21157080 -46775581
53167806 -96944672
-13247657 -21116564
-14851908 -26392679
-62763834 40759673
40978024 -10290475
-87205129 33842080
83974276 -98543715
-71390805 39843067
32975062 -82670808
-11815015 -9452299
-103514754 18356564
90795031 -4316217
94424944 -94439102
-57576379 40588743
-111674360 -5490051
119305014 -63290598
28784029 -23512103
-73893804 39287662
34696606 -84589202
39313452 -11598802
36997674 -86871185
101724899 -89720873
108926764 -17622597
-111612659 -13719746
94490736 -6088950
90126238 -4034246
-23285885 -41098912
-11818543 -8597567
-101116066 -40140682
84390408 -2062853
96902278 -93036294
-13367956 3135163
-12463054 -17258279
24148572 -32882071
53187399 -3541005
119629383 -62024844
-103795492 -36390080
91166815 -96015227
-27901759 -45972629
112826501 -22794952
45340127 -93138294
-99273828 -42349296
80855631 -1220226
-72630898 39584729
-46663113 38417764
71358139 -100245550
-54294940 40200010
-13499949 -22103828
115409029 -73291642
30835660 -20516196
-63596603 -59199546
120825820 -54831253
34442001 -16175396
-57770581 -59067511
-12836660 826947
-109030898 -25681673
-11824915 -8212151
79371467 -99546966
-111710608 -6009349
-39318541 -53884765
-110413637 -20984035
-78142123 -56490278
31936588 -81410672
-96516474 -45228187
31786922 -81221964
32851414 -17968069
-69987136 -58558877
-98377116 24874067
24221038 -32687636
-20548748 19002274
21371914 -44464426
82714202 -98863765
52623230 -3760532
-86287199 -52832786
-108272856 -27714378
-33298548 31839831
-109717598 -23559460
-45816437 38140208
77193222 -627090
42162218 -9426511
22752960 -63235198
109139786 -82621517
54323554 -3122504
-87115480 -52357429
90086940 -4018032
-54556230 40239052
-86620045 -52644288
-59881578 -59193938
120084131 -40534452
-97751646 -43995139
-111323809 -2243400
-85722985 -53144702
102491924 -11380745
117024278 -69871065
-61194061 -59227465
-96786322 -44966081
-105241452 -34012398
29733438 -22067501
77485084 -99828993
-99471323 -42124561
93574571 -94878785
-37802885 -53088367
-107094255 11975906
-11916737 -6035915
58624479 -1811650
116477757 -29387819
-110527992 2038039
-67511115 40443114
-30036081 29370893
-45853595 -56615370
56932567 -98216162
85946817 -97971642
71198876 -100246321
-49682939 39274609
-108326391 9116613
-111813413 -8897659
106276215 -14776043
-105544975 -33472764
-74823421 39046721
-24946480 -43006263
-16987624 -31379651
120314951 -58710029
-26805034 26466521
46909074 -6453098
25357405 -29913746
-25770675 25421835
-110182405 3439452
61944259 -99412955
106454381 -14953942
-14082821 -24120380
-99475508 23657140
79674913 -99494702
-46806026 -56925600
-12728103 -18745671
120631550 -43896259
48240014 -5745773
-104861426 16204182
69570369 -268083
102874792 -11693759
40088050 -89517390
-90889840 -49908410
33857624 -83679121
-14217822 -24546462
98646828 -8561247
107579870 -16120659
-58443855 -59117571
-111806773 -8350806
-68494774 -58783048
-16746779 12422741
-111784448 -10965378
106748742 -85241336
27836282 -75420878
-11880265 -11794430
-13071299 1908605
32995142 -82694366
-110828622 -19111518
-33134953 31725761
79375523 -99546280
38709011 -88390212
-11896109 -12086406
87131161 -2907801
73977136 -100160034
73927120 -330214
23897379 -33576028
21834276 -41350205
113119191 -23245781
43130280 -8758690
-56058473 40436259
-31453541 -48958013
41362744 -90489234
104216263 -87651135
-87507899 -52124795
58404424 -98624594
-96286548 26985805
101216147 -90111183
-88614204 32979789
-52339135 -58325275
-63082441 -59215236
-12509501 -17538807
81956122 -1453543
-49434951 -57674540
38803338 -12023213
95337429 -93943984
-50893331 -58024014
-76033901 -57166786
48196693 -94725178
-77049657 -56853691
108226231 -16826223
36177485 -86091419
114317154 -75282183
-45927118 -56640072
39235287 -11663095
-13251969 -21134172
-60194983 -59205078
23489400 -65715183
83572178 -1843530
-60218598 40743209
-62278499 40766533
116825767 -70329886
96552428 -93245831
-88049136 -51795915
-108476633 -27193714
24632001 -31628674
-44659307 37733550
-106209258 -32233657
120732986 -44746140
-73891278 -57750919
-15791113 -28772180
41652363 -90701190
-63588040 40737222
21038405 -50688065
41887723 -90871102
110048921 -18973153
21039003 -50751348
-14320327 -24861445
62213053 -99461903
-55380292 40352963
23328644 -35281134
119178357 -36742609
-80488650 -55613176
67408462 -100114787
117512106 -31807118
64441109 -683479
-80580825 37113330
101161016 -10340309
-20078248 18301994
-68993559 40250617
-84968995 35084265
24940801 -69616424
-31846407 30792576
116474456 -71112541
40857578 -10381370
109056935 -17774394
22405725 -38625395
-44363062 -56086905
-91702266 30852636
117674460 -68271472
107544460 -84410390
-54113649 -58634720
48322277 -5703728
81373551 -99166360
106278507 -85714850
-44319288 -56070578
76523048 -99944646
-29239976 -47164133
89311797 -3706152
103476448 -88294540
87730380 -97377391
-32947621 -50056573
115609900 -72900680
-81961152 -54992799
64754618 -642769
-99375175 23771680
119413041 -37609103
-43337619 37229464
-21478204 20314939
65309962 -99917575
-82132638 -54916918
-32743694 31448984
116296373 -71496053
96025557 -6939024
-96223305 -45508524
-108196452 -27905280
22540859 -38073783
-93720845 29265268
-24382514 -42380137
-100016246 23027462
97052674 -92945020
-91662853 30881992
65885742 -99980578
-55802351 40405907
23208919 -35668286
113710548 -24190456
23854748 -33697068
-76947479 38423630
36756400 -86645456
-110890127 -18801340
44380330 -92548487
-111673201 -5474642
-107889210 10188353
-107784694 -28897115
90113774 -4029100
56219959 -2492303
-99153696 24022053
-48892206 -57532594
-64368358 40703422
117756919 -68056645
74415899 -360922
30338466 -79292645
88014917 -97275638
88003728 -3213493
96720452 -7347490
119800736 -61293978
37373206 -87216649
120928860 -46968170
-29067124 -47015009
117401033 -68963581
23424857 -34977803
54359617 -3109730
-21753121 -39149266
-88465498 -51536464
43313788 -91857325
120721687 -55848174
63208754 -863115
93565781 -5609946
-61168409 -59227140
37724467 -12959704
-107919793 -28578262
-83761067 -54157358
66176780 -100009860
39506801 -11440903
-36833296 34080787
-18209126 15234356
105058617 -13606544
55959865 -97919390
-100178443 -41297026
69425814 -100220636
-38901985 35209831
-111798387 -10501609
-19008022 16606703
-42650134 36950133
109431214 -82275361
44888147 -7628912
21067508 -52008470
-101948573 -39051748
-82470734 36302421
-111735194 -12046798
-64490778 40697011
110602753 -80816309
40147595 -10928926
121028916 -51114877
74671154 -378870
-44714803 -56216413
27800761 -25133347
-23306063 22660664
-91495335 31006101
-35673704 33390950
120690213 -44372545
-54237639 -58653888
-14775870 -26183153
-57515871 40583558
48422499 -5652762
88444354 -3374790
95382095 -93919114
104370679 -12979581
-97836816 -43906878
97525405 -7839798
90146325 -96450620
-44389726 -56096828
120693559 -44400892
-55622755 40383824
-17770663 -32898550
30627446 -20799820
-34607362 32718301
118135399 -33462977
46411805 -93762405
119050673 -64197745
-32655327 -49848319
-53573074 40084793
-12751511 -18865653
24157237 -32858690
70560480 -100244319
-83217506 35956211
118010916 -33117660
-25043217 24648927
23906107 -33551368
36784547 -13821226
-51761080 39747540
-13989338 5354685
-37495041 -52918414
-16722766 12372693
94442164 -94429984
27396388 -25842804
57975579 -1982587
-110769112 939653
92542802 -95385006
78982318 -99611180
23526034 -65827336
25701982 -29156645
45647111 -7172448
-107338676 -29908641
-111333417 -16150817
-88094430 33305336
49964246 -95589302
-110759723 -19447369
28041043 -75769016
-11962641 -5385603
85393295 -2352105
97703953 -92541319
21903313 -59516663
82307754 -98959600
28131806 -75921301
120650769 -56444962
-13762767 4589990
-70672308 -58440457
-92233496 -48913632
119541449 -62381890
-54417126 -58681071
-106998945 -30640854
65854364 -515850
-37310671 34352640
29248808 -77701866
-14597636 7217553
39539374 -89078708
96685857 -93166373
102116265 -89413477
42026445 -9522890
111339038 -20654324
111800843 -79199387
45804155 -93412902
-92021115 -49075536
-35428851 -51702436
-111814517 -9200379
-45275165 37953954
97601361 -92605831
32735048 -18106234
80295616 -1111384
75324143 -100062403
120565655 -57091901
-63869789 -59189056
-38273581 34880179
60713890 -1323741
-12069870 -14278015
-43519492 -55764010
-61273633 -59228389
-81752113 -55084260
-22204845 -39744806
26373318 -72723332
-27537719 27170615
-109356114 -24716709
121034203 -50721173
-16219455 11289151
-47558566 -57155918
-109888503 4512512
116441934 -29309952
-111335219 -2324721
-93216282 -48140565
-34783653 32832112
-98904410 24299874
-84623694 -53725605
51748040 -4116800
-29319542 28769685
-14164681 5917688
-16468519 11833813
-15071290 8518893
-11921775 -12504440
-69772175 40131382
27086272 -26405833
-21181745 19905896
-46415734 38338394
-17865979 14612452
-76244083 38641307
62783787 -932353
-11879124 -11772098
87931325 -3187437
-20639975 -37597780
117303517 -31289817
-11950300 -5549067
30202571 -21391881
-34672203 -51222912
-103646309 -36619305
75790745 -100020039
-41525122 36467045
57675009 -2064931
25523965 -29543608
91219889 -95991847
21043076 -49432953
27156556 -74216449
86410587 -2668900
101186926 -10359881
-38674838 -53554613
22836059 -63540260
51122455 -96109779
113683990 -76346159
114383751 -25326473
112117526 -21744906
84571305 -2113354
33280940 -83026472
49988695 -95600656
21452313 -43811307
-110439631 -20876024
52592276 -96720365
-12636690 -201343
106758085 -15261371
115037969 -73992464
112956000 -77500058
-17181481 13305129
104604079 -13189674
-83030711 -54506843
30063802 -21589269
28305102 -76208699
-111711034 -12446673
-31190688 30293115
93827667 -94750075
-34144800 -50877278
-58462186 -59118806
-50135556 -57848201
-111760143 -11562718
37652399 -13024215
31188315 -20045166
28635669 -76745137
-59588092 40719091
-12977589 -19952955
-104131191 -35863999
-106694599 12809082
-12948201 1355576
30258075 -79179675
24051876 -67347732
-30914207 30077340
-29193451 28661500
30876320 -20461295
105458915 -86510814
-58166841 40635452
114613169 -74763314
-21314445 -38552696
38538536 -12248095
99666380 -9254787
21063955 -48588518
87907735 -97314195
-46522707 38372890
-61902823 40768608
62159698 -99452308
-17570785 -32522758
120942627 -47184875
68294773 -321809
