2528
89544589 -139092016
94753298 -139562388
57232375 -120372331
-76394072 -18262641
-121770553 -72154471
-39849670 -29718844
139932054 -114613478
-52921250 -114306062
137775183 -118021122
61243012 -124911896
-84180573 -116541771
-38834986 -30591324
-35141202 -34211332
-50392133 -113183181
76485679 -135356201
-99533749 -26368558
120658813 -45745008
49271725 -105606482
115397469 -135946096
81520099 -137257159
-79929291 -18706405
-121016884 -58509602
-22225928 -62707192
139695010 -115019297
130232682 -52564033
-121901837 -66157698
-100661753 -108989925
58572214 -122015021
-68611841 -117952928
-101068933 -108701106
-117481810 -47429315
55240100 -61561038
-23659347 -81069634
-98326144 -110533394
49993915 -71593325
-103300740 -29122847
-23513447 -55611974
-73524539 -118038524
145151249 -77488789
109681984 -137867021
130468549 -126416611
-121926735 -66993996
108242578 -40962876
-44001505 -26596331
59200467 -122738618
48032547 -101317271
102364655 -39926815
-35947477 -33355348
142872285 -108638759
-106926347 -103782431
46951460 -84023434
-38062248 -31288414
-46334508 -111010780
-76034791 -117895591
-121672404 -62915218
120035622 -133786586
133254354 -55548472
-81049044 -117226610
50568145 -109025001
-37450964 -31861043
47017031 -83467112
46679290 -87609446
-91951201 -22243624
-33498159 -36089255
83751947 -41287480
140218042 -65084095
109651960 -41320850
-28575162 -92956441
-114000976 -95095548
59005800 -122517392
-80884429 -18870560
-99012205 -110099360
-111665103 -98424385
-95775071 -24111420
-23761458 -81442918
-40471206 -106920222
112365997 -42135532
-23495093 -80443820
-29517129 -41597594
-73404660 -118042185
-28144568 -92190852
-109834893 -35447150
81241053 -42028241
117506917 -44160551
-48377237 -23962879
-41850769 -107997989
-28705198 -93181605
-21947457 -67100503
-34311909 -35135534
-62492920 -18963929
-51354309 -22497213
-22097775 -72055465
95828620 -39604566
143678488 -72646427
-25348555 -86213269
146627362 -90710106
-23336244 -56322658
-21963781 -69663558
-55618403 -115325360
144306413 -104693929
146064828 -97158397
136902945 -119243790
118977769 -134330660
-22159894 -72767142
-73440598 -118041118
56750559 -119745190
70719810 -132354947
143389191 -107331798
-30216329 -95618863
145983263 -97673620
-98981401 -26008207
-22381636 -74708178
-98101008 -25454937
127921512 -128603758
-38355960 -105107381
-25549841 -86721728
-89595375 -21285245
-22027874 -71057279
47032171 -95850182
55352015 -61396489
-111393520 -98776495
-31175380 -97018734
145690131 -79899619
-63839034 -117403374
-82707923 -19237344
91407678 -139323489
79750062 -136659001
141271707 -112136548
-63704903 -117381169
126453897 -49459282
90435556 -139211575
-53630240 -21536076
-31299002 -38935404
116991558 -43927393
-118183349 -87073803
-98830862 -110215606
-91645064 -114016265
47611474 -79788300
-30309105 -95758826
75738538 -44176184
133500292 -123381105
-21961064 -66551063
127111640 -49956307
-45126847 -110267398
-114476799 -94340411
52579321 -65961570
125573440 -48820045
57134915 -120247121
-59115120 -19735969
52970505 -113949549
-49163109 -112575449
72273814 -133259206
-55191398 -115175746
71090386 -132577411
-106982038 -103727794
48773914 -104050098
140690772 -113251863
-42959442 -27317741
-91438492 -114104306
-51547026 -113716745
68975212 -47948564
115784978 -135787374
49753483 -72229057
-44214411 -26453688
143555702 -72309503
-60149329 -116654055
84345635 -138062976
-110490784 -36225093
114288286 -42816275
-109319807 -34858065
-121562497 -61945935
113857446 -42655998
-24297100 -52887145
70955193 -46699216
-55300530 -115214397
55275506 -117687145
47188306 -82211748
50369378 -108546717
59880935 -123491804
-42084098 -108172720
57919800 -121232887
-113114956 -39700463
145945348 -81294003
-79910494 -18703365
-104080200 -106363702
49564592 -72747726
-42730847 -108646103
-62058771 -19049439
-25287278 -86055178
-89696969 -114803671
135051629 -57589767
124502566 -48080972
-108669413 -34140011
116123919 -135645423
137495289 -60773979
-36764765 -103600029
141951595 -68459513
-22489342 -75467244
-30979008 -96740277
-54340222 -21262927
140334382 -65292071
131085571 -125840008
-78597265 -18509114
136494464 -59405267
102748361 -139223430
-111739671 -37800828
116908072 -43890281
135846441 -120627552
-23924907 -82018113
-32618273 -98949696
-21938561 -67868126
132575967 -124362724
-115007649 -42666438
134041670 -56415235
-86110819 -20114386
-60534115 -116745800
96063104 -139594661
145840090 -80691543
127433183 -50205559
-93459158 -22932249
139986951 -114518231
-37193088 -32108463
47706169 -79326353
141655279 -67835622
-121684765 -63036061
87168719 -40503181
-110578811 -36331983
-76271496 -18251826
-102946700 -107287051
-114864953 -42425988
-22045682 -71340699
-44782133 -26080970
-102519413 -107621098
-120046622 -81686384
-91220283 -114196118
145400209 -78533819
89779046 -139125060
-22061675 -71575733
-35411075 -33920311
53142460 -114255386
-49011256 -112497424
64064398 -51665841
-120433717 -80236730
60203266 -123838080
-83660704 -116670098
126974419 -49851204
-88049224 -115396921
-121926338 -66975601
141017139 -66562238
136624281 -59577397
-96664357 -111521907
-30581289 -39963737
126073874 -130016191
101114453 -39798620
122457503 -46779267
-21984312 -70211074
143620543 -72486489
137476915 -118448021
139427625 -115466812
-35312385 -102101193
126351532 -49383451
144720276 -75877154
47630055 -99500087
-22511144 -75611429
-115221900 -93094066
135840484 -58560896
-108887197 -101750043
76673178 -135438326
-106166037 -31615737
48984108 -74467171
-118019785 -87466932
84546012 -41082608
109004627 -41151012
-23016577 -57735242
139386461 -115534777
144736827 -75935287
-69229901 -18137097
-60905676 -116831348
-121862136 -65307172
108579186 -138151559
-89942374 -114709692
95427547 -139583290
68910764 -131204529
129198455 -127544389
97588002 -39606979
124598741 -48145679
76223971 -43955937
142017307 -110595026
-23751693 -54719684
-95579709 -112121363
138699963 -116633832
-103611348 -106752329
-22778652 -77192825
-113345716 -40038424
-115226040 -43040486
116489160 -43706809
-21941260 -67508588
72799783 -133548605
-32477475 -37357786
-43845324 -109425411
134792022 -121915207
-113471265 -95902567
-27164828 -90320091
-72486589 -118060688
126262266 -129878322
-32073703 -98243550
-102615044 -28580409
146636325 -90181621
-83450045 -19406970
-84811924 -116377945
-121667017 -62863443
85874531 -138425340
138113101 -61670229
-84472795 -19660355
92711393 -139443429
-121795868 -64293981
-93362140 -22886114
53213736 -114380701
-31154444 -96989237
-84320716 -116506164
-27044134 -90075618
-52767409 -114242496
-22891508 -58346490
58267152 -121653331
143505096 -72172785
-86860629 -20342416
-82387214 -19167707
80185301 -42383034
-37882226 -31455061
-56901353 -20378332
-93814771 -113023841
56855254 -59312753
-102256797 -28304654
133536786 -123341243
-51140510 -113532993
-33563588 -36010758
-29415724 -94366564
-115192909 -42983259
135082048 -57626307
-121796942 -71819186
-104178526 -106280969
-24747128 -84586550
-95658173 -112079168
-83336975 -116747034
-21938619 -68273590
-117312247 -47059080
81259486 -137173695
146638224 -89209694
53483921 -64347718
-25218334 -85875382
-92448986 -113663112
-24394179 -52585707
72973526 -45553569
-121825072 -64702462
-119827969 -53691222
-115617361 -92397396
144482365 -75069310
87460781 -138748234
-38968445 -105653544
112967048 -136857046
64519703 -51279535
81124117 -137129720
-118247897 -86916017
-81942396 -117052629
98982769 -139543058
143015255 -70908129
66427191 -129437695
47229779 -81939228
-86078996 -116022399
125851454 -130177234
52989276 -113983182
113588924 -136637596
-26538075 -89011979
-81912194 -117058787
97447780 -139591457
-121811343 -71622839
-45720804 -25488477
-113564616 -95762788
-66272012 -18385787
-83298656 -116755990
-35483750 -33842728
-121834464 -64844893
93712094 -39683771
-25465966 -86511825
-53793866 -21472023
65230085 -50695106
-28717364 -93202534
-32152271 -37780340
-29391147 -94326790
-42400449 -108406261
-121937695 -67843873
140157554 -64976874
-75928782 -18223199
142255059 -69122589
-121888813 -65842408
-22241639 -73564059
146439929 -94063448
50462917 -70422433
146606555 -91419132
124286887 -47937036
140082456 -114351365
121799014 -46389070
119721007 -45244241
-116892474 -89952307
-113290722 -39957342
69710282 -131726418
-115117021 -93274558
-69920670 -118022975
51175432 -110406579
-53800816 -114658074
66096078 -50011559
-90046646 -114669311
-120494372 -79992489
137627279 -118233995
141248841 -112181772
111636222 -137296050
50176163 -108067876
107249010 -138459456
-28175862 -92247568
146583839 -91961487
-116264913 -44930589
83637115 -41318260
135901383 -120558005
146611751 -91270502
-42068572 -27966231
-121905395 -66253364
-121622697 -62455786
121640843 -132898615
-120630452 -79424264
-118154533 -48983638
-121398765 -75388338
86658126 -40604441
-120510539 -56200904
145089459 -77243883
-41172668 -107477949
-42787158 -27440820
46848313 -94160293
146273384 -83556422
141203355 -66924578
-66397604 -117755768
-121311316 -60171085
-92814490 -113496939
50528344 -108930341
90764131 -139251560
-120848468 -78445585
-90318251 -114562867
133813206 -56159494
-119954110 -54118433
-68576794 -117950578
49371665 -73296762
-104129300 -29804949
145845046 -98477007
115747905 -135802723
-91971840 -22252644
47942142 -100935744
-47579522 -111728966
-61514329 -116965059
-121391021 -60686954
-26153546 -88157661
67808775 -130448640
81517520 -41939632
146301797 -95401367
131548821 -125394012
-74069716 -18109151
-93667788 -23032328
-21938823 -68317544
-102439887 -28444940
133609813 -123261217
-27977087 -91884325
47115567 -82716332
-60413591 -19409982
61822254 -125483127
-67838273 -117895320
89388390 -139069373
135688805 -120825696
51193610 -68749725
-31500093 -97470518
86086440 -40724394
50381207 -108575576
63442060 -126986683
-31148370 -96980672
82829674 -137652979
138987433 -116181294
-23618795 -80918158
-121648029 -73442427
-30586231 -39956464
55002682 -117281124
-78945699 -117570207
-22986106 -78246750
94846558 -139565821
-27296069 -90582178
-111193762 -37095984
92941936 -139461062
46906469 -94755754
77332740 -43475973
-112613704 -97141206
-21978602 -70073856
109309026 -41229722
71037932 -46649787
141646737 -67817962
53903248 -115551657
-46856451 -111317678
64180710 -127629709
-21947052 -67121771
-22235237 -62621489
145572686 -99872514
-119909732 -82160861
120259980 -45528906
-81434153 -18973712
60143275 -123774128
67645606 -48862981
136089231 -58877684
-36347771 -32944998
-24459194 -52387405
64222183 -127665066
-117934083 -87669226
-51378353 -22486359
-72725897 -118057490
-24535601 -52157859
-84640238 -19704026
-74557190 -117995056
145430980 -78670313
-111798226 -37877994
-69280378 -117993007
112423703 -137041282
136079841 -120330344
-22379770 -74694242
-58232341 -19978874
117121721 -135210354
88071770 -138858417
-119656427 -53131559
51327094 -68461173
-23778445 -54623455
130739126 -126166160
108221112 -138238213
-85233419 -116263660
-73865837 -118026523
-118805923 -50644897
50628039 -70029538
98842106 -39646515
-40438120 -29233986
-22826296 -58681636
117387099 -135090258
-109434278 -34987382
86658799 -138591670
-57433993 -115913759
130149935 -126706830
131601585 -53853494
-50153319 -23059030
82420936 -137533629
-92073823 -22297378
63566025 -52099587
-24306819 -52856670
-31191216 -97041016
77265076 -43504357
124513642 -48088408
-83023798 -19308090
-121278231 -59966831
-61715486 -19119885
-39793602 -106361557
47084009 -82947391
-23917596 -81992934
119846394 -45309717
-79022974 -18568184
-47669779 -24348197
46644335 -90276426
83681801 -41306248
82440459 -137539416
-31340757 -97250154
69139268 -47840059
89253205 -40146604
114214252 -136407561
-89307834 -114949675
100429757 -139454137
-50582331 -113273515
-28593361 -92988117
-34851077 -101597960
59559215 -123139532
-77285555 -117776929
127013754 -129314718
-47582242 -111730483
-23143143 -57152944
53919942 -115579126
131354614 -53613588
-103907003 -106508386
-121846946 -65044604
70566805 -46934155
103429740 -139134799
139323274 -63557341
-72975714 -118052930
59852939 -55734556
109893625 -137809337
-111892511 -38002902
116481964 -135492276
-117416396 -88841851
103293505 -139153282
-22360768 -61576760
-24053509 -82453219
141686122 -67899537
-70460492 -18085536
137126632 -60258408
-121768010 -72185331
111800162 -41951776
143263874 -107658698
-121163067 -59293842
-98873460 -25938993
-101343047 -27624189
-30734385 -96387668
-121760716 -72272580
-94683905 -112590451
-73425683 -18085827
-121142777 -59180705
-22192819 -73103461
-80223442 -117372462
47363661 -98075536
50604512 -109111021
123272980 -47281677
46884485 -94539184
-40666481 -29049840
-121800954 -71765541
-23919845 -82000684
-37186786 -32114554
-42204112 -108261771
-118304866 -86775463
-80643222 -117300087
69230745 -131416014
97973146 -39615770
146249456 -95832985
-116098035 -91513794
121559015 -46250215
146326930 -84013877
145588643 -79399748
58132765 -57704201
59712897 -55887322
-96346455 -111701249
-23301695 -79660786
-75437795 -18186319
99372972 -39672748
-121912386 -66457911
-80192294 -18749706
-68905938 -18155725
142967214 -70789362
-28463013 -92760051
130519199 -126370010
-25234019 -50210922
-85666609 -116142071
51568283 -67951634
-23974196 -82186599
-106556101 -31986009
-121528566 -61676718
140978227 -112708543
46669439 -87874648
116810649 -43847204
-109584190 -35158106
50647607 -69983591
-32867370 -36863183
-22124246 -63754155
130705448 -126197535
47076999 -82999842
64724123 -128086867
-67733122 -117886557
-31470381 -97429617
59459871 -123029378
-120681022 -56922099
88370450 -40286538
-121873606 -70603992
50591820 -109081053
46655487 -90853106
74758963 -134556100
136601928 -59547647
135288889 -57876659
-55183076 -115172788
50666373 -69939647
82439402 -41656870
87434592 -138743336
-121070958 -77335694
46704598 -87051925
-33391395 -36218044
-102514755 -107624699
-55739828 -20760277
-91793403 -22175025
47415308 -98370452
60389717 -55160559
-71074558 -118056237
101378149 -139372954
-23152263 -57112237
-96065873 -24270381
-107269079 -103443456
87053000 -40525646
49717184 -106868613
-110221759 -100225279
-113652479 -40497101
-62645783 -18934769
130592119 -126302692
-42991853 -108832682
-71366445 -118060427
-88853673 -21011957
69309557 -47728408
-47024702 -24712586
-70719739 -18078544
71117835 -46602257
-26512529 -88956527
50559184 -70192237
-112874289 -39354205
-42890954 -108760855
-117100293 -89520242
-31327820 -38895240
126043659 -49157796
-104714764 -30305313
115944800 -43475169
-36676679 -103512625
-24381358 -52625146
49307979 -105713358
-22787371 -58887740
-22250071 -62487675
-96216622 -24353775
94765564 -39633124
120337271 -45570420
-107337642 -103374855
46665180 -88002930
-118361125 -49491941
-112194703 -38408811
-36971815 -103803777
73504003 -133923352
49574633 -72719702
65963616 -129081856
89693690 -40082812
-116451641 -90835424
51777323 -67521658
46671824 -91389145
-25813606 -48762820
-66922758 -18315876
75886083 -135087393
-118671022 -85841246
-103060151 -28930297
-91338894 -21981028
137659173 -118188289
78655811 -136251803
-64838548 -117557081
-41924693 -108053578
-103715383 -106666924
134765731 -121946219
-63905617 -18713134
49241660 -105517247
-22016901 -65259048
94742922 -39633978
-107970240 -33398287
-105391618 -30903671
114175358 -136422145
-21969069 -69821007
127365029 -129043596
66266361 -129315217
-121692060 -63108773
-111772895 -37844573
63457025 -52196008
-72275964 -18064837
-22091217 -71972711
-95493458 -23959854
129452793 -51871298
-105409925 -105207230
64690164 -128058682
47453866 -80611852
-60432895 -116721978
47128473 -96571886
136546352 -59473883
84429982 -138084294
146558192 -86743637
-109332661 -34872542
-26157966 -47959663
87656391 -138784363
-119410157 -83761187
128149792 -128419580
-49704346 -23279137
46639911 -89732138
-59086901 -19743465
78100502 -43162042
124338827 -131224422
-121527442 -74459397
-121799896 -64347639
133547576 -55866532
-40998275 -28786191
139120911 -115967464
-97064987 -111291505
-102298253 -107791090
118710146 -44732668
141810631 -111036033
64767238 -51073395
73112338 -133716710
52610070 -65904339
-24442677 -83689871
62328434 -125967409
-53580188 -114571589
-118773191 -50557079
117616985 -44211261
-26842213 -89658924
54043645 -63414530
82430967 -137536603
-121698769 -63176612
72356157 -45890916
140586175 -113445631
-110620085 -99745079
-121763840 -63891947
130869622 -53151936
-101806161 -108162369
47129028 -82620145
118442532 -134593963
71798804 -46205265
-43365950 -27031662
49097722 -105082085
67188012 -130003385
-93560111 -113146864
-55821986 -20732222
-62992394 -18870475
49318505 -105744240
-22009196 -65399730
47799558 -78891100
95859332 -139591896
-50820349 -113385184
-26526991 -88987941
144744373 -75961878
103726230 -139093254
78315429 -43076809
-113551222 -95782906
137013409 -119093175
-90761596 -114385169
135825548 -58542040
-65406619 -117635247
55087079 -117407645
91262653 -139308016
46855007 -84963200
82262162 -137486247
-21972103 -69905246
128713139 -51240503
-22318756 -74221040
110202454 -41472603
-73870054 -118026360
129736122 -52119607
-110874884 -99431401
48192997 -101963821
85900538 -40764906
124546451 -131085515
-102142551 -28217794
113057432 -136825723
-28946348 -93592161
50872391 -109731305
86497487 -40637443
146264579 -83484514
60875200 -124539341
57033737 -120116263
138584883 -62383942
-23190482 -56943349
56804346 -59379746
-99377428 -26265519
-84595291 -19692242
111197246 -137431853
110248430 -41485583
-82333464 -116971139
76741551 -135468047
-113056953 -39616439
107680383 -138363794
-34197883 -35266286
122548028 -46833981
142815246 -108776669
129885573 -126943856
-93741604 -113059369
129906304 -126925391
-121869807 -70677600
-69529461 -18121748
136153107 -120236087
-107262231 -103450294
-121870465 -70664994
-81485138 -18983602
104469073 -40214777
130896172 -53176890
-111657580 -98434226
-101918828 -28049190
143218107 -71419566
95521090 -139585471
-69466401 -118002561
-32267353 -98497651
-113248614 -96231903
146025559 -81785174
134868456 -57371218
145151004 -77487808
-26595298 -89135553
-121814889 -64554599
135940483 -58687617
49295888 -73518171
-27429044 -45283508
138138863 -61708524
-32093673 -98269909
146457523 -93862684
71405238 -132763023
47963054 -78170780
115518804 -43299168
-67107951 -18297553
-101504237 -27741887
-109801521 -100718976
-121744814 -63670625
146604892 -87731778
62629819 -126249396
134187539 -122615590
-24251520 -83096412
51630518 -111373448
142656929 -109153485
-59946755 -116604459
146183116 -96339872
-118390907 -86560832
118329808 -134648409
-24659175 -51794220
65186826 -128465901
-118196053 -87042869
115822464 -43424154
128033351 -128513802
66543215 -129525417
-47059227 -24692763
142587996 -109314908
-22548249 -75850536
-114801350 -93807599
62688419 -126303686
126072071 -49178469
-121489832 -61382856
62790407 -126397758
-38952363 -105639432
-35411116 -102207124
144688071 -103431174
-79766831 -117447015
-22411405 -61200846
-82118278 -117016383
-119467002 -83588223
-121936500 -67653986
126982375 -129338696
-67837314 -18232150
55263029 -61527209
-121938048 -67949330
48332556 -102498248
129412430 -51836230
79866574 -136700653
-95235382 -23822987
-26648075 -89248749
78794251 -42891040
137378705 -60609437
122191136 -46619786
89941580 -139147303
51383718 -68340206
-68388492 -117937534
-59398979 -19661542
54785206 -62244765
-108983134 -101644513
-90446869 -114511821
119325283 -45040543
107800753 -138336386
56157624 -118944179
-116089601 -44597722
146557254 -92468692
-119220448 -51803714
-29140245 -93915908
-83073418 -19319399
-112769587 -96921902
85829604 -40780560
83883118 -137943295
140829546 -66204392
-110008716 -100477183
-117743053 -88111476
-26705430 -89370935
141691453 -67910608
-120251168 -80942169
47154798 -82439679
-62967866 -18874942
-96092876 -24285269
46673982 -87747606
146628831 -90641964
82157691 -137454757
107393681 -40768154
119887372 -133864760
-44337811 -109755658
46776604 -93295079
108487415 -138174034
55549945 -61108876
-99057612 -110070080
-95681686 -24060902
-45489778 -25631607
-60511920 -19386795
98327258 -139569501
60242815 -123880117
49946348 -71717048
146569342 -86945822
131197938 -53463095
48943789 -74594751
-97332380 -24992423
50825588 -69571398
146062911 -97170921
-25664038 -87003175
-24756339 -84612836
50828018 -109630134
-120423292 -55849205
143655606 -106612908
105843854 -40452446
-27682617 -44794718
-103675757 -29427882
-48210473 -24052379
91079568 -39908102
113945971 -136507411
-22095933 -64094994
-52909530 -114301240
47421395 -80791433
106791260 -138556606
55781592 -60777639
53017208 -114033114
-107732694 -102974334
137135655 -118925110
-86138186 -116004907
48074415 -77706393
-102070133 -28163002
-80858518 -18865855
-103644681 -106725016
145573224 -99869955
-31271991 -97154264
-36098958 -102928438
60331644 -55221792
145631710 -79608688
-33429569 -36171894
65652470 -128838140
142255412 -110072597
92947428 -39734504
87528638 -40435114
69010766 -131271003
-82790965 -116871656
55492195 -118003625
-116343357 -45081525
139775819 -64314041
145052675 -102095462
-35222101 -102003784
-39180798 -105838741
-25091480 -85539017
-93905304 -23147714
140847023 -66237434
136672540 -119554191
55487087 -117996223
82427734 -41660328
-70118646 -118030578
47923871 -78338994
95269108 -39616776
52270215 -66547043
-62570241 -117178273
-49679609 -112835964
144800783 -103033503
146017296 -81733120
-103272706 -107027106
137334708 -60547704
63264340 -126828126
-28145083 -43935604
68590289 -48206818
-117635239 -47771365
-117121861 -89474788
145674560 -79821196
144731973 -75918208
130007605 -52361109
138404099 -117088668
-116717976 -45820275
145705130 -99220185
-28097308 -44022521
57120964 -58966842
131765069 -54014132
135943479 -120504546
87730554 -138797850
-22657250 -59614428
-89495901 -114879573
-44596379 -26201708
-117319653 -47075084
-85119925 -19832569
116602275 -43755900
-41434454 -107680899
-21999697 -65584176
-66136437 -117725953
-112345153 -38614138
-22246922 -62515815
137504818 -118408483
-107111406 -103600213
66758959 -49508843
-83044763 -19312862
146041322 -81885475
-51956614 -113897494
131567284 -53819975
124987281 -48410410
96233465 -139596336
74709358 -134531924
54026140 -115752944
142769101 -108887395
-42062964 -108156982
51839149 -111799514
-112432966 -38735003
-77783590 -18406559
146041516 -97309256
-112401309 -38691344
143841350 -106090627
127283111 -129107267
-73246148 -18080806
-75480435 -18189329
-121082106 -58850968
-121731419 -72606079
-108139051 -102552778
47211299 -97136555
130398222 -52714870
76947509 -43639131
124219515 -47892405
-66939789 -117813229
143997968 -73560612
-21938224 -68131028
111084241 -41729874
92865765 -39740618
-45480742 -110490150
104374684 -40199904
-117076679 -89569875
-96307634 -24404451
-36513412 -103349471
93590140 -39691073
129314002 -51751031
-64753658 -18582561
56721411 -119706585
120586616 -133490431
60060524 -55510429
-21939153 -67751478
123650994 -131674009
117566571 -135007979
104332340 -139002680
-22674160 -76611006
47582522 -99261846
-22092248 -71985833
-70161300 -18095278
-33880857 -35634692
-60773715 -19326084
94490773 -39644188
-106979685 -32397285
-63973410 -18702147
101321822 -139378284
-76079861 -117891865
-22676637 -76625269
-39696924 -29847187
-115590029 -92446394
-121635970 -62574656
-47674154 -111781622
-22785930 -77231925
63004124 -52602772
77071748 -43586096
54142744 -63253992
-63449303 -117337816
119138547 -134250011
-47971939 -24181816
111015780 -41709269
-34799266 -34586820
59775142 -123376708
83435098 -41373121
129888113 -126941595
-114188981 -41326648
-26562624 -47062291
-55345249 -115230153
68603284 -48198016
57222841 -58835855
-101436758 -108434896
-27162951 -45811077
113217599 -136769740
-41383262 -28485961
-53831643 -114670062
-27362619 -45413761
-22454131 -60899266
-22354461 -74502248
-121653963 -73387303
-117859406 -87843506
-118433088 -49672845
80251440 -136835936
46760358 -86126942
59852287 -123460709
146639541 -89460076
61526381 -125193669
111852726 -137227440
-112375399 -97471709
118326668 -44546052
-99626259 -109697458
89496326 -40110900
81382568 -41982664
102273481 -139279581
-107520761 -32937070
140238353 -114075736
91642146 -39848372
-51481992 -113687641
-76637570 -117842363
138883681 -62850113
75119052 -134729576
78637679 -136244810
51009076 -69156772
63513573 -52145916
-69230084 -18137087
64187068 -51560838
124724823 -130964974
-80658658 -18830036
-22745861 -59112948
-80091327 -18732912
140301150 -113963546
-104728886 -30317577
-96982193 -111339524
51584287 -111277630
-87111764 -20421673
46740419 -86426459
50122801 -107933066
111880622 -41977453
-111540119 -37540159
124073679 -131399644
83652880 -137881956
106725378 -138570221
62548275 -126173561
139046836 -116086427
-42124720 -108202924
-22410069 -74916893
47435281 -80714177
-119736049 -82738967
-28510212 -92842956
135451701 -58076073
125967389 -130093523
-58395006 -19932807
110351490 -41514853
132319038 -124626362
-121931266 -68895085
-64389867 -117490641
-82985227 -116828055
-48012158 -24159874
-62781418 -117218082
48340860 -76666667
-36816402 -32476327
114965348 -136118646
-109558632 -100998503
66561538 -129539222
123316707 -131886743
-52649303 -21934103
51162043 -110377299
-120830214 -78531208
48089598 -77644553
137845306 -61276605
145257266 -77921712
-60132586 -116649990
91076696 -139287549
-91449505 -114099639
47374635 -98139081
86879052 -138636024
-121937974 -67920836
-120102936 -54641471
124927836 -48369560
-111079389 -36951549
145581156 -79363879
-23627207 -80949735
-95539945 -23984714
-21969426 -69831115
-78566663 -18505011
139882059 -114699802
-107181237 -32596431
-110802346 -36606160
57721864 -120989061
105906528 -138731748
-90359689 -21580925
145865874 -98360798
146596763 -91670437
139740384 -114942291
-48359841 -112155214
-99129842 -26104031
-121882992 -70412223
58381320 -57406467
-26311746 -88514336
-22131625 -63669701
89931107 -40050087
94190291 -139537953
-115705045 -43888060
-116280413 -91167077
47163480 -82379914
125437009 -130472389
-121717546 -63371726
141821144 -68182106
-80197277 -18750540
109275937 -41221067
-115530907 -92551938
89168706 -139036674
64032135 -127502401
-96698398 -111502521
-73090858 -118050407
146517740 -93088584
-84328007 -116504300
-56410831 -20535793
-112582973 -97184147
78658149 -136252704
-120765411 -78829447
-118683022 -85809670
82292535 -41700617
143001617 -70874323
58899719 -56800251
46667328 -87936995
-121670202 -73233398
62255679 -125898633
137791484 -61198457
-41939047 -28063044
-121782765 -72002887
138271002 -117289815
97729523 -39609864
-23654479 -81051549
-29932672 -95184488
-40577798 -29121090
-30653743 -39857395
-118533153 -49927865
-32182699 -98386985
-70877638 -118052447
113031292 -136834802
-92666341 -22562670
122886292 -47040754
92306331 -39786124
49413376 -73176313
-105823486 -104830337
112156785 -137129251
66173645 -49951832
46663516 -88055935
121404936 -133033970
121456169 -133004719
-22537117 -75779596
-31176104 -97019753
107358696 -40760462
133943260 -122891331
97108316 -39600182
77781806 -135905422
-27618951 -91211180
121171806 -133166063
53530868 -114928322
-70211059 -18093534
-42641212 -27545950
-90805161 -114367442
47622724 -79732237
129096413 -127631706
-59680130 -19589576
48803788 -104148674
-36277829 -33016022
144044658 -105496822
60490130 -124140805
49244658 -105526168
81803522 -137346148
-110625605 -36389052
146396870 -84675874
105921460 -138728929
83673558 -41308460
67659155 -130342633
138698124 -116636692
114127615 -42755976
-50345342 -22966585
-121888280 -65830461
-121901671 -66153346
-59349212 -19674462
46785336 -85784950
-45991217 -110804252
-106844125 -103862786
-66034145 -117713896
61453423 -54074421
-31265305 -38982476
70424639 -47021362
54241713 -63095005
121597872 -46272576
-59307522 -116442064
130101974 -126750083
-29568981 -94612728
-30548509 -96115348
-100551555 -27060346
121736255 -132843385
-91204301 -114202795
-76609559 -117844999
-33845916 -35675742
78110131 -136037774
47010796 -95678182
112170405 -42071171
83545582 -41343005
-120955415 -77928306
49004418 -104792621
146300449 -95412892
93060429 -39726265
-57210460 -115845432
144900009 -102672604
67870439 -48703882
128426542 -51002667
-35345227 -102136499
47534308 -80182184
85591515 -40833892
91374414 -39875995
121977611 -132702416
146290156 -83695839
-110062045 -100414442
-121935571 -67553022
60147112 -55417748
-120212733 -55041890
-55288471 -20917251
51847763 -111816887
-53812451 -21464790
-117766505 -88057808
146489489 -93471192
129575928 -127217223
-74854042 -18148791
99063074 -39656747
-65768593 -117681598
144174535 -105104194
-22215702 -73324435
113321242 -136733188
105042469 -138886870
-57431383 -115912968
-48485706 -112222291
87575361 -40426479
-118033729 -87433782
140272564 -65181272
129434936 -127340198
95559197 -39609663
-90372507 -21586007
-42217462 -27855748
86638015 -40608542
46653456 -88426542
-97487578 -25084303
-121929150 -67113565
122400584 -132450973
50491158 -70354569
-21985040 -70227929
-60241254 -116676265
89164812 -139036085
146353994 -84260191
-69813532 -118018534
57822762 -121113742
-111674890 -37715817
74223368 -134291461
92699378 -139442481
-22773602 -77165586
-23561420 -55426875
-121097652 -77193109
118316233 -134654943
70735517 -132364465
96558018 -139597920
118578176 -44667989
131909184 -125039004
75593330 -134952688
-35732706 -33579441
90458585 -39981523
-28108603 -92125457
-121920566 -66736678
134982906 -121688499
57196495 -58869643
-75690975 -117922662
-99233777 -26171568
-22387941 -61372361
48831993 -74954894
-61087789 -116872189
-111481807 -37464652
-121788448 -64197085
-90845988 -114350786
51643649 -111400569
-28284967 -43683434
48932357 -74631142
145866791 -80840325
125541420 -130398629
114660681 -136237513
-96569572 -24551692
-85657641 -19982760
-81050904 -18901126
-46033955 -25297223
106808180 -138553095
-72013490 -18063752
144026675 -105550340
67800982 -130443140
75525613 -134921204
-22121753 -72344323
126059126 -49169046
-36541215 -32750030
146189195 -82900924
70874688 -132448454
144656075 -103541830
46913767 -94825647
91606052 -39852011
133629418 -123239673
-30425497 -40194406
-73462514 -118040454
86561191 -40624289
145232693 -77819866
-121230570 -59681562
-115303687 -43175292
126978241 -49854121
47953861 -78210010
-120060762 -81636350
64739442 -51096408
66694363 -129638902
146639728 -89615907
-62398880 -117145278
122175012 -132585769
-96408990 -24461180
56586470 -119526840
-81633781 -19012750
119707206 -45237062
97916437 -139581684
123552914 -47459161
127610189 -128851404
47293718 -97658441
-110324180 -100102967
-77253135 -117780405
145967135 -97771558
-120518955 -56235417
80974153 -42115467
139546557 -115269066
50689973 -109311426
114626499 -42945267
143448459 -72021210
47747917 -100066531
-95473616 -112178128
51473418 -68150280
83670777 -41309207
-97093886 -24852697
145115989 -77348395
130476893 -52787030
-21938235 -68139085
145958088 -97825967
74614074 -44710679
-108080633 -33513399
69909846 -131853320
140139030 -64944162
146623638 -88329469
-45058979 -110224206
146355417 -84273454
-22048074 -64750467
81004970 -42105311
146529000 -86272198
146520473 -93049310
-59108523 -19737720
-22093649 -64123783
-32092191 -98267954
-121263062 -59874930
-112466470 -38781319
-118913787 -85189471
107069893 -138498004
-47950763 -24193388
-100378078 -109187559
-93101538 -22763450
-47515456 -111693165
-21965652 -69720974
60601714 -124257203
126447314 -129741579
-29462529 -41685310
81962732 -137395326
-22026188 -71029022
-112796332 -96884023
145339646 -78270219
-120832741 -78519401
-83483693 -116712448
144367422 -74696055
52316978 -112738719
-119180342 -51687555
-111422474 -98739262
-44562830 -26223640
74286356 -134322998
119224756 -44989505
100564799 -139443687
144995439 -76880849
-24320512 -83313542
64275267 -51485765
146460698 -85370542
120118842 -133742424
145230087 -77809122
117345132 -135109374
-29654899 -41378038
-28883221 -93485550
91510067 -39861817
48850764 -104302222
122127471 -132613974
56389610 -59934410
-109741657 -100788259
135072973 -57615398
61200156 -54327085
-22338230 -74375991
-48580836 -112272683
-114256110 -94694367
-121934878 -68638145
139836419 -114778260
69151590 -47831947
-115546495 -43603223
-91715123 -22141234
-21938914 -67792521
129353967 -51785570
78953270 -42830593
-24129419 -82703454
93942307 -39670800
46802503 -93629200
47711789 -99896358
49387417 -73251158
78962632 -42827054
136844620 -119322841
-48042521 -111984050
-92417948 -22450331
-85373866 -116224700
-100823575 -27251517
46839517 -85132716
-106590243 -32018801
51179678 -110415853
139885377 -114694085
54185009 -116010039
-121297360 -76043119
146487471 -85698897
-58018245 -20040415
59527845 -56091154
121167771 -133168335
-47703889 -24329279
-44624696 -26183226
-103873196 -29590918
-84530236 -116452125
119043959 -44898427
-25572061 -49350513
136717980 -59702603
-76776250 -18298315
83311793 -41407053
-82373292 -19164734
-49669493 -112830934
47359776 -98052927
65017847 -50867425
60773408 -124434847
67578617 -48910745
67169593 -49206020
-36072926 -33225733
53610216 -115062880
-30701316 -96339502
-31698164 -38386411
84244132 -41158859
-106605178 -104094226
-59535413 -19626402
-119980517 -54209682
-68755574 -117962303
71633775 -132895817
103186094 -139167585
-61469628 -19171882
-121539434 -74365717
-121328615 -60280072
109065663 -138029342
73773012 -134062727
138865167 -62820895
-96028240 -24249669
124943724 -48380466
-43283471 -27089219
-22195463 -62997905
144886455 -102722533
-36260867 -103094103
80951699 -42122881
62758538 -126368420
-96236849 -111762375
65589319 -128788188
-121366712 -75601604
48580064 -75804205
61040219 -124707454
143703601 -72716276
140527959 -113552599
-60386622 -19416378
-73105760 -18077330
133044237 -55323915
-46314698 -110998964
142176278 -68947976
-24099583 -82605663
-71264638 -18068232
69118077 -47854023
-82420014 -19174728
-113313564 -39990978
146262429 -83467094
52229384 -112570166
-43547812 -26905621
-25303730 -86097779
-111071859 -36942078
-30503345 -96048594
-24254571 -53021304
-106954640 -32372696
135343790 -57943668
146065030 -97157076
93021788 -39729053
69929718 -47330089
54766448 -62273489
127018577 -129311029
-78021929 -117692195
127841192 -50527936
146317717 -83932501
84352491 -138064714
-33857924 -100465767
-56774292 -20418585
59717663 -55882102
139225947 -63398478
-38657521 -30748848
-119120190 -51515045
103374331 -139142362
71229656 -46536077
-109114333 -101499208
138530092 -62299677
50540372 -70236967
103397616 -139139191
-24681275 -51730139
-82131883 -117013551
82052973 -41773030
92342393 -139412973
-89223246 -114980925
-47776107 -111838052
-88578165 -115213572
141444116 -67404133
135474819 -58104559
131646470 -53897450
113361724 -42477132
113054387 -136826781
-105901896 -31369474
97288347 -139593779
112572530 -42204464
57808533 -58099764
-55970175 -115445368
-121626540 -73637445
87852940 -138819854
47473412 -98690459
51354743 -68402001
46658596 -88224631
58126158 -57712180
80725928 -42198083
-68591284 -18175838
-38618815 -105343985
56233547 -60147345
-121239975 -76390329
141103109 -66728618
-22373964 -74650704
127274810 -50082269
49812098 -72071642
129811851 -127009355
-116446828 -45282561
145961053 -97808181
-45553435 -110535396
-29531220 -94552370
48902323 -74727215
-25426296 -86411579
97563368 -139589455
115196867 -43169194
-98281136 -110561326
100636068 -39757949
98954387 -39651592
-55642071 -20793865
68053752 -48575532
-69478116 -118003140
-101773632 -27940813
-113453501 -40198341
-101015671 -108739234
118278044 -134673295
83522209 -137846620
53512902 -114897721
46895031 -84551725
-66523526 -18357745
-111994122 -97988960
56049018 -60402200
-56234755 -115533712
128777232 -127901786
143739772 -72817457
-24436592 -83671363
143577252 -72368095
-98491621 -110430129
146628302 -88528959
-91126853 -21892333
59703505 -55897613
51359402 -68392049
-41689939 -107876306
-22753359 -59071837
146235711 -83254577
-82664311 -19227745
-62693389 -18925789
56825249 -119843763
46785372 -93411493
114202245 -42783906
-88321620 -20824063
129458067 -127320087
-60570464 -19373090
-34436795 -34993373
123063929 -132045151
-96660170 -111524289
125375386 -130515735
-72756871 -18070399
53667141 -115158824
-23439702 -55902372
98748221 -139553509
105345670 -40361754
73384182 -133860605
-97077011 -111284513
-27216540 -45703573
-121133642 -76997136
-47462616 -24463846
-121937648 -67833271
138360716 -62041509
109295227 -41226110
-109846291 -100666993
144228214 -104938662
-73153507 -118048923
100355578 -39736253
77639368 -135847161
-111347266 -98835822
-120507088 -79940606
50597356 -70101842
-118264074 -86876229
-34988974 -34377552
-92430032 -113671633
-29340365 -41883048
-22035179 -71176678
-115111402 -93284178
-23212951 -56845309
-106586342 -104112340
60702789 -124361993
142936197 -70713144
136809161 -119370741
-117578969 -88482272
-116585726 -90571394
-119875592 -82276521
97349387 -39603023
-50665386 -22814736
-85880344 -20046865
-101295285 -108537889
73047370 -133682003
-47387110 -111621072
139496617 -63843620
-66945711 -18313567
-22184225 -63109497
-121587383 -73976093
-41470106 -107708324
-121637111 -62585000
-60382115 -19417448
-36737692 -103573212
146321498 -83965750
-121091479 -77226285
113851831 -136542034
75815978 -44140630
71578489 -132863841
-23991482 -53882220
146219492 -83129031
-65694374 -117672313
-32783258 -99158586
-22096015 -72033429
141629913 -67783231
113222362 -136768066
137944643 -61421679
139955988 -64623961
-121737904 -63592974
-61069241 -116868062
-73353854 -118043650
53184326 -114329094
-109194179 -101410216
92767937 -39748120
-97035360 -111308712
-92458361 -113658894
-91166987 -114218359
-96577200 -24556011
110888356 -41671202
146027075 -97401211
94093127 -139533092
87782966 -138807312
-116323266 -91084643
-31073059 -39253246
77635326 -43350472
113168507 -42409009
-105609939 -31101383
116548464 -43732505
-84978589 -116333227
-47679775 -111784742
63887458 -127377460
141574856 -111525928
62990788 -126581072
146322849 -95218292
-100077531 -109393792
146490888 -85742829
129952601 -52311893
50737807 -69773423
-39173101 -105832064
-89873051 -114736389
-57526359 -20185731
-54974754 -115098175
-68991755 -18150585
-100937674 -108794879
-34699268 -101429300
-74019027 -118020377
-42331397 -108355612
146572011 -86996559
55008302 -117289576
-63825560 -18726231
50441029 -70475229
-23024862 -78431314
-48248113 -24032107
-21938665 -67843089
-108013434 -102684151
-76369367 -117866954
91185230 -139299580
146390629 -84613193
97896779 -39613791
49239286 -105510176
-57218137 -20279594
142097591 -68775331
-108982769 -34482476
-119181269 -84437162
-26662722 -89280034
-98644011 -25793156
111861477 -41971329
62203204 -53347117
-63244006 -18825383
-43109237 -108915772
-116248548 -44899258
60078075 -123704368
-87543621 -115566013
-82832627 -116862374
-74961654 -18155193
-47427582 -24483532
-21979392 -70093384
53654324 -64058708
80276427 -136844598
56317660 -119163686
-101075956 -108696071
53598112 -64153557
95249204 -139578647
-99215065 -26159382
117426851 -44123866
-33892918 -35620543
99102421 -139537301
91076354 -39908462
-75244400 -18173126
-121928280 -67068836
77462016 -43422070
-49182643 -112585439
-64672411 -117532965
73249069 -45406620
102302018 -39919636
91195157 -39895304
-39892349 -29683169
-29054806 -42353456
-32677034 -99024357
-120906326 -78169167
-27770996 -91499992
83226053 -137765125
116848398 -43863866
-115094272 -42813912
145549540 -99982142
53104800 -114188833
-103311244 -106996083
62238140 -53313961
-89463248 -114891806
143362915 -107400910
-120802895 -78658011
-110703694 -99642721
66578274 -49644153
-50736807 -22781228
49913924 -71801949
125677725 -48894241
54153943 -115960038
-55521363 -115291740
-21971848 -66229072
-35389684 -33943210
141438575 -111803023
-103541071 -106809755
-22071308 -64417427
145802440 -98709959
49970866 -71653154
-121671737 -73218609
-73373645 -18084305
48656317 -103654727
-21998658 -65605186
143235616 -107731478
-40267895 -106754691
110127734 -41451608
47413237 -80837150
-44889168 -110115462
71032866 -132543166
-82432054 -116950080
97192979 -39601047
109633134 -41315780
-25209464 -50275292
90210133 -40013107
-40540966 -106976612
57580474 -58383016
145243832 -101330055
-43237629 -109006075
-105565611 -105066341
102060755 -139303243
120064698 -45424794
46862958 -84878574
46796553 -85641025
143723212 -106424925
101944209 -139315815
91956184 -39817826
-99422514 -26295151
146357090 -84289098
-78048653 -18438479
-30016882 -40812917
-39155171 -30310889
61948759 -125605436
-93823956 -23108020
-45851451 -110719090
137359613 -60582625
-25304119 -50028605
76750646 -135471991
-40976254 -28803548
-27035438 -46069517
-38052807 -31297113
136771052 -59773884
-44618370 -109940038
-49125310 -112556089
138908190 -62888860
69933119 -47327940
122677293 -46912563
-36294089 -32999485
145988340 -97642540
-24405223 -83575567
90832595 -39936360
-101604825 -27815838
-60903152 -19296614
77494538 -135787396
-79540434 -18645018
-22648795 -76463497
-41679149 -28259285
-100289725 -109248520
78998846 -42813383
106334681 -40546912
-28904396 -93521377
-36367067 -32925454
-104832445 -105719601
-83462760 -19409980
-38628132 -105352311
-37900444 -31438122
65411163 -128646374
-119120591 -84611201
-111422262 -37387856
-97370259 -111112613
141722296 -111221177
136420853 -59308345
-55833958 -115399243
-21956180 -66722124
60517511 -124169437
59101203 -122626139
-30631134 -39890516
-61935146 -117052871
-58397617 -19932072
115792224 -135784370
121099478 -133206711
80364208 -136874908
123751656 -47586755
-27108878 -45920213
-110940023 -36777019
143674774 -72636124
146549698 -86598781
-102389125 -28405911
-114918607 -42516039
91733144 -39839315
133965446 -122866456
68776449 -48081273
-29374364 -41827809
52444023 -112980444
76517705 -43825680
-70262873 -118035621
-104225255 -106241499
-77944815 -117701587
-120239883 -55142963
125482992 -48756019
115912224 -135734426
128972878 -127736781
-22117309 -63835101
136635009 -59591691
106256242 -40531473
47130887 -96589004
142182408 -110234474
87890719 -138826584
-37274847 -104097755
-21997388 -65631117
-23147137 -57135096
71363540 -46457354
145917858 -81132394
-67005356 -18307618
86017719 -138456689
-94980407 -112437739
47683584 -79434542
47859336 -100574005
131742973 -53992335
-58751571 -116293493
114898505 -43051051
-121934026 -67419319
146237056 -83265102
113640072 -42576838
-100569528 -109054497
-102658815 -107512935
102473937 -139256440
-109444133 -101128834
113872717 -42661602
140787110 -113071567
-88081813 -20741575
49082097 -74161944
-120321078 -55450409
-110133319 -100330260
146639665 -89679479
-78190001 -117671303
120411372 -45610385
114411310 -42862871
-47485448 -24451037
-28092949 -92096919
-118285641 -49304359
-40215975 -106712134
-115027048 -42699364
122941911 -132120867
-116495625 -90749241
65997577 -129108218
95436053 -39612477
118970538 -44861703
-115839098 -91995041
50422611 -70519784
87377902 -40463289
-121937082 -68394790
-70734767 -118049211
-66595761 -117777462
47022248 -95770938
67805818 -48749419
49922350 -71779841
-81335323 -18954698
124189851 -131323170
71511899 -46370772
-24633857 -51867980
-98443515 -25667149
134649077 -122083209
92836564 -39742837
145329024 -78224647
-23650404 -81036393
78449818 -43024098
-23979542 -53922651
-79062339 -18573835
145896402 -98187537
51218120 -68696378
46646805 -90438992
127597827 -128861154
104762144 -138933840
-86490331 -20228198
118915559 -44834301
140929729 -112801350
79118401 -42768477
-94386611 -112741071
-36177316 -103008805
-53257046 -21684656
143239679 -107721036
-120705534 -57029882
-121912321 -69671514
50428720 -70504992
49305339 -73490372
58708917 -57021103
-24365565 -83453512
-121915646 -66562794
120596292 -45710822
46654075 -90795559
-121742992 -63650014
-44899656 -26005185
143542221 -72272963
-49261229 -23501874
52097099 -112312605
144854893 -76357964
-29916348 -95159188
-118274741 -49277452
46862504 -94312610
56410895 -59905551
50384179 -108582819
-93599051 -22999224
92859048 -139454846
139364284 -115571292
-85183373 -19849954
129762500 -52142918
93387371 -39703877
64623970 -51192375
110246004 -41484897
141917236 -68386019
-70310663 -118037200
-24061218 -53648541
-37580126 -104388952
-92401639 -113684379
-92361087 -22424843
-52412415 -22033873
-63206924 -18831946
47332810 -81301753
79787008 -136672244
137785285 -118006496
-120903693 -57945473
-70065810 -18098765
47687400 -99779796
-59621670 -116522994
-60558030 -116751396
144350819 -74642982
112776907 -42273663
99755811 -139500793
145450605 -78758308
133802041 -123048887
48371313 -102642516
-116045615 -91612242
-24308649 -52850941
75655653 -44214416
-84560875 -116444141
-30660418 -96279763
-33903250 -100518961
-41862504 -108006827
103910270 -139066555
145355081 -78336783
83734747 -41292072
134969069 -57490948
-118086903 -48820638
137299429 -118697626
-85052698 -116313145
104385807 -40201647
99461677 -139518289
124599722 -131049632
-88529773 -115230622
84807114 -41018267
-23259639 -79482970
146323699 -95210777
-46177423 -110916741
146238136 -83273569
130567167 -52870217
127748435 -128741933
121961062 -132712140
46787860 -93443880
-33018957 -36674300
-25513166 -49497107
-26074996 -48149667
-120985835 -77775927
-45249363 -25782410
-75635415 -117926813
146599363 -91606774
-24467353 -52362718
-48286782 -112116067
-115939543 -44317539
-101463128 -108415614
132798436 -55064697
-110086172 -35741403
128141189 -128426560
-50727635 -22785524
126732743 -129528058
86390779 -40659668
-30177257 -95559613
-103082782 -28948306
-40683945 -29035848
-98417343 -25650798
-121629751 -62518642
103787267 -139084477
97730243 -39609880
-58117141 -20011860
-28984019 -93655495
-115120733 -42859192
-22108949 -63934787
131318016 -53578317
-38512734 -105248903
131240051 -125692555
132476531 -124465218
-102050693 -107979062
-70671668 -18079739
-121937491 -68325991
-100612518 -27102955
92483574 -139424951
-78580857 -117620479
97901654 -39613914
120320637 -133634502
-22631162 -76359365
-85132130 -116291485
-97571840 -25134505
142741560 -108953125
70325054 -47082839
-90974629 -114298028
-75048022 -117966891
-66261774 -18386956
-121319882 -60224856
69349642 -131493703
-30055971 -95374512
-36003042 -102829569
144110213 -73895967
-23978758 -82202084
-106229898 -104451578
140453876 -113687834
-36570379 -103406570
-22607837 -76219513
46766182 -86044243
93588919 -139504825
64835933 -128179308
-121094205 -58915744
-121311702 -75953889
-39915100 -106463206
105355479 -138832484
-70811859 -18076383
-92028436 -113849955
144288689 -74446192
70233625 -47139565
52200168 -112513598
48686365 -75439079
110335773 -41510374
74281789 -44875258
-114976945 -93512950
76297035 -135272648
-34351487 -35090363
-121912303 -66455309
122767348 -132228347
120539461 -133516126
145301735 -101087521
49961284 -71678095
46642654 -89057357
146615144 -91165833
101661491 -139345167
-121812610 -64522351
-110872208 -99434722
93755680 -139514740
58007326 -57856259
-40706029 -107109218
145077336 -77196437
125182732 -48545616
57043271 -120128632
-121799674 -71782743
142882827 -70582832
-60819726 -19315567
-100808569 -108886490
58956725 -122461203
-121648435 -62688720
146357935 -94898953
144663042 -75678158
46901465 -94707272
-90611336 -21681445
138976241 -62996859
-84759377 -19735475
-65270908 -117617177
-121406856 -75333494
-32207652 -37707720
-22094833 -64108838
114213402 -42788093
71126234 -46597272
-121221426 -76499425
-32698260 -99051254
-94512189 -23449639
-33997393 -100628965
-121740216 -63618801
-83651235 -19455010
65203559 -50716538
-53309895 -114463987
47141596 -96664424
-52629954 -114185192
138556017 -116856472
73857771 -134106214
-97146825 -111243832
129915456 -126917233
51768793 -111656973
140415893 -65439186
146587300 -91887168
-56687737 -115681172
-48573313 -112268707
-31018190 -96796161
55720507 -118331539
-100292020 -26880450
75339687 -44361849
-115953931 -91783171
130676279 -126224663
70921201 -132476387
131918983 -54166723
104134860 -40162948
51811832 -111744305
109418615 -41258560
116609255 -135437033
-121934970 -67497269
-103786322 -106608420
-121627714 -62500417
-115862843 -91951431
47468428 -98663467
-66622072 -18347109
-116489813 -90760653
79915201 -42478032
-114071763 -94985081
67240990 -130041948
-81645015 -19014971
61414874 -125083327
-80579507 -117311309
-81102781 -18910770
50891572 -69421122
-45282482 -110365869
-45618945 -25551368
46756550 -93013861
-44918449 -110134281
47197887 -82147886
92948370 -139461539
-117017567 -89693506
-98042457 -110708351
144237122 -104911003
107645340 -40824258
56052982 -118799284
-73235562 -18080530
119267611 -45011227
-94935203 -112461182
-121902545 -66176355
127694587 -128784668
-92011262 -22269904
84309650 -41142140
-102523962 -28509810
53004339 -114010125
-24604538 -84173520
145809150 -80522291
118853591 -44803518
-21938179 -68070554
-62478508 -117160688
-120956698 -77921927
64118836 -127576814
140245133 -65132318
-115757997 -43984170
107329300 -40754019
113381791 -136711715
-121394684 -60711551
126977308 -129342564
-121825981 -64715985
-119308626 -52062425
53658831 -115144849
-28258805 -43730337
47188884 -96988093
138421060 -117062883
87226459 -40492077
63575312 -127104575
108978944 -138051509
138138293 -117488297
-79909536 -117424180
140573815 -65727580
-53997562 -21393209
-43030228 -108859901
146623114 -90886978
-103506922 -106837584
-22738806 -76975584
-119039666 -84840162
-119342703 -52163663
60499545 -55045317
144908059 -102642854
-109707132 -100828099
136762257 -59762053
146508832 -85982352
-98259167 -25552455
46642029 -90077297
102712376 -139227846
143661672 -106596137
60315568 -123957194
50319144 -70772387
48344874 -102544288
-114351658 -41585463
51323461 -110727010
51718991 -67640594
-102759241 -107434523
-26505459 -88941148
-120685552 -56941935
74799718 -44620060
132573487 -124365288
-41703427 -107886550
-22160355 -63355373
-50292362 -22991990
117356114 -135104376
143098592 -108079714
67938588 -48656023
-29280369 -41980919
-89778862 -114772474
125423374 -130481993
55079394 -117396158
-44626842 -109945564
-22208846 -62868167
-23455204 -80286672
59929615 -123544523
-28148365 -92197742
-30696302 -96332187
61303813 -54223237
-35722672 -102537411
-104474170 -30097800
-50982361 -113460322
-34083253 -35398658
-55254479 -20929269
-57477962 -115927065
46774412 -93265393
-120190775 -81166632
-49180177 -112584178
146408502 -84794915
49443682 -106106557
127270995 -50079311
84779471 -138170965
52369406 -112838862
73849802 -134102134
-53505297 -21585433
49110062 -74076051
46647592 -90484561
-96611987 -24575729
98581375 -139560272
-23124012 -57238856
-57322210 -20247658
-33322183 -36302007
47915973 -78373222
48583975 -103405385
-30476628 -40118394
-29720574 -41274259
-121700628 -63195570
-121423539 -75219047
59597855 -123182199
-103372834 -106946371
143003547 -108316871
-22415427 -74955508
-109459391 -101111518
120375317 -45590919
-107421610 -32836914
122700426 -46926682
106507376 -138614612
-29986785 -95268118
59133721 -122663061
146634307 -88861526
-31505482 -97477927
49157799 -105265344
-107317618 -32732473
120166288 -45478817
-107285668 -32700509
62052279 -125704885
-117916654 -87710063
-108991451 -101635335
47364989 -98083252
56303977 -60050958
91440534 -39869038
-69551156 -18120707
143049577 -108202454
-72338829 -18065301
-99665220 -26455870
134191542 -122611037
-100805602 -27238803
-84158485 -116547343
135997083 -120436256
64046288 -127514572
75944736 -44081867
48332456 -76698099
-39244772 -105894122
-108532820 -102134683
83997511 -137973334
-101840116 -108137055
50159412 -108025681
47736789 -100014425
-26174232 -47922663
115233450 -43183833
