1704
138085812 -81301144
96347589 -126745898
-139714945 2585611
-55690712 -42430558
38376025 -73690144
-42380827 -19949573
41717255 -95734393
-71546769 -52843183
91879398 -27540802
-128840021 25571424
39333802 -87820383
136175608 -63197151
137622825 -85224676
50592527 -110314652
-108632199 -53224015
125258553 -111015285
-108135533 -53413441
136490975 -64307900
137110101 -87966382
137767851 -84245768
-42591466 7484136
43689016 -100110926
-105485178 41120509
131810950 -52885278
38714520 -70518612
-62992153 35107428
-137875932 9578292
-106023630 -54152602
60923412 -35527997
-64983260 36357496
110942448 -121955617
48146065 -107285552
-85136696 43102436
-43127283 9194960
-94856547 -56417482
95640251 -126856972
39298383 -87652618
-89805182 -56596091
-40603494 -8530262
76431096 -125994070
-137573382 10437295
82832555 -27701004
-51239516 -37479134
126430605 -109677103
95067573 -27876680
-94433270 43248356
63934898 -33711566
47892937 -106942851
-92741565 -56554544
-45099199 14200598
75720106 -29000230
62125993 -120048163
96630296 -28117404
-45605399 15273169
-50636893 -36695787
-126844673 27805661
-77096838 41549686
-129117703 25238166
-43838825 11189789
-127971290 -39781189
-80792306 42433502
111979629 -33404404
80046804 -126732544
119156820 -38114204
72284664 -124794744
126595645 -109480746
-49439687 -35037816
42317895 -97191323
74697732 -29276183
40743753 -93039176
-60985843 33709366
-96340435 -56267358
38612832 -83522043
-131115925 22650934
39525725 -88684185
-88408154 -56555287
84481834 -127266742
-102617271 -55127897
63866269 -33749807
-46335736 16714586
55662261 -39475866
86358908 -27443307
127349175 -46258596
136130886 -91768848
133974893 -97609505
-139352514 -17551984
-44902363 -26968658
77517688 -126245314
-83947138 -56161816
86089470 -27454166
41200257 -94363459
113560219 -120521401
41914217 -58589302
-116394542 36210516
-48438089 -33531689
-56193914 -42913585
-78128279 41826370
-63850950 35662645
54000371 -40968851
114707067 -34989044
-110907457 39073460
-106591753 -53964155
39980265 -64322557
-138475641 -20909031
-121322149 -46023672
-134944492 -29636108
56424933 -38833997
-67078277 37537815
-130644701 23293286
51099029 -43930754
128268454 -107366828
118309529 -117353958
-55694224 -42433976
111191927 -121827581
-83325660 42871070
38253202 -78656628
-52347069 25636150
-140322746 -11530920
-136208682 13813120
-132867138 20055921
45561900 -103461481
-97277324 42945689
-62770571 -48163860
-66521118 37236792
40779744 -61667889
-130053179 24070348
-55290470 -42036561
137013357 -66411349
-57969876 -44515913
58395236 -37290262
136532657 -90353590
83502467 -127183279
-99812162 -55739588
-64487890 -49262368
-42343663 6610908
-87399272 43297714
-105159494 41221107
95511507 -27939925
-137476945 -23904796
134701557 -95876933
-139632106 3018202
53110398 -41825994
-85715029 43162211
-61961021 34407119
95825251 -126828923
-73976555 -53769464
-106812430 -53888913
98149404 -28400283
65840048 -122110900
47222122 -48812024
40895685 -93493466
-138328158 -21393919
-49112132 21354376
-41618878 -16807300
56005122 -115631903
41686966 -95657318
-109087021 -53045212
-122057296 32235169
76697214 -28758032
45119489 -102722575
48737337 -46753007
-102711116 -55104496
42482109 -57247785
-51912012 -38316968
133210878 -55558398
-90522837 43398097
-49321906 21662944
-100599032 -55584985
-43917728 11395651
-96435093 -56256262
-47996333 19624028
-118844113 34633597
55105579 -114854877
62541905 -120300083
136158373 -91676857
-133192340 -32736538
-139026764 5710011
55207590 -114944887
-54699564 -41438327
-48065833 19736508
-140565585 -6335740
68549584 -31447346
-124338675 -43472283
72030471 -124708409
-65506267 36664674
-58486782 31750494
-115579292 36691879
-104965890 41279757
57879352 -37679216
-121187541 -46128322
84112374 -127237533
-121593705 32606529
-53049125 26450529
-122342075 -45206285
76482804 -126006606
-51320952 24378806
47317328 -48675951
-89593024 43388642
-103624900 41662728
-136209867 13810471
-97815329 -56073609
87897830 -27409154
-64326508 35959526
-72584347 40052693
-55804548 -42541014
138047063 -81768992
-140246095 -952347
130997395 -103323259
-43435712 10092675
65217041 -121793284
-47552478 -32093289
-126996525 -40848610
-117255331 35679261
-71991417 39819813
-42337376 -19791712
120661400 -115469762
135533186 -93629232
-138046007 -22275964
-95403065 -56367391
-121633366 -45778881
78566950 -126463869
71324357 -124460544
104791804 -124588065
97968777 -126451902
92723509 -27609639
128098015 -47222771
38237741 -77522956
-134058197 18064982
40121214 -91002578
94442035 -27794442
133816721 -56852112
-42023339 -18584438
91527595 -27516357
-41761055 4263137
-116686183 36033211
106841744 -30998020
41491826 -59664498
75363304 -29093899
-55543301 -42286475
-138733038 6813208
-134559195 17159946
-89116262 -56580854
38675140 -70807869
-42303641 -19667731
130684858 -50983939
90890858 -27478446
129208976 -106067152
-82079538 -55876371
38253938 -78685751
-115761400 -49789923
40240187 -63399162
-136676490 -25937079
-40651818 -3678676
131420124 -102612570
39194240 -87141857
-111267449 38911434
-74746060 -54033100
74926089 -29212528
68462837 -123331397
-137673471 -23362369
69293583 -31135720
124821630 -43325609
-115880861 -49720009
-62436094 34734442
126955853 -45771035
-95221750 -56384680
110987598 -121932577
134116510 -57530214
-60594342 -46622906
102063622 -29357595
-55691447 29227504
65229512 -33016249
-72524865 40029723
58630699 -37116177
-95100883 43192066
-116458425 36171910
-140536096 -4864408
88248614 -27408001
-136309220 -26790610
38647570 -71018317
-59403567 32499068
38563411 -71709396
-56951816 -43616299
119087285 -116756411
-139843629 1868313
-73322858 40330662
-104746162 41345288
138217601 -78822349
41955565 -58487840
-54448516 27974208
138237558 -77478984
-99467494 -55803192
-63252093 35278116
110297625 -32537567
55534507 -39585953
41331539 -94723329
-139984499 -14207207
49784083 -45449802
138226379 -76348383
-129596675 24649184
-115976632 -49663639
44993345 -102506478
-40738835 -2451663
39179686 -87068239
-52901186 -39485614
-47528548 18849098
-47471815 18752917
-79695776 -55405899
96581065 -28109047
52293492 -42651410
137328951 -86896943
-118452764 34899257
40289497 -91584693
59487727 -36500246
-116086315 -49598727
-84875170 -56276940
-43105213 -22332295
-135952574 -27580101
-139537161 3490398
99398801 -28669639
137862082 -71291493
96612706 -126701587
-48596080 -33777262
-42857194 -21563230
-41325041 -15279384
93309948 -27665951
62507753 -120279605
-126862436 -40990691
-105032953 41259538
-53710119 27186018
61285243 -119521774
58377120 -117512254
-69167551 -51791417
40773244 -93128499
57658748 -37848762
104986109 -30296560
135506773 -61109960
135956005 -92339666
-62124400 34520599
-60283295 33184294
-104471935 -54629305
131664862 -102188510
87668796 -127404764
138167383 -74758922
-41635023 -16884433
-119602307 34103274
86138664 -127363924
122725950 -41206421
-112869202 -51352083
93445376 -127136051
89844034 -127382187
44392968 -53373700
77646457 -126273401
-53464482 -40119874
43964908 -54171649
-92163665 -56576362
-49372009 21735916
-129706743 -37714988
-49779724 22319660
59533405 -36468181
41145223 -60605999
-128318929 26181320
132291008 -53758517
-40594377 -4926300
-137535439 -23745379
-44351845 -25686558
-103945870 -54778507
-140076411 380110
114877392 -35095803
138147996 -74415809
97072053 -28194662
53021375 -112901899
133975789 -97607475
-58313838 31605171
-112577697 -51496184
40838058 -61493144
-64017589 35767518
38662705 -70901933
-136478953 13197804
-45900182 -29072721
110721784 -32748602
99141284 -126204617
-140212185 -661724
-119871479 -47113686
111767322 -121525486
78832885 -28300452
-57190707 -43831849
-109985548 -52676743
69172409 -31185514
-136012625 14245919
113005158 -33973353
57270846 -38151667
38277918 -79415312
-49427157 -35019686
-40746033 -10837643
-54769704 28306627
-65327012 36560352
-42545402 7326289
101065368 -125734479
123470698 -41930832
80671976 -126832297
123119501 -113230528
137993299 -82344728
39035280 -86303553
-51604026 -37937833
118895793 -116905793
76365515 -125978087
126506445 -109587125
42598752 -97830898
96731072 -126681330
83544071 -127187219
-140472699 -9659767
102390730 -29452925
92859318 -27622060
46937742 -49224298
75403101 -29083312
-127231932 27392688
130140523 -104687034
67512939 -122910616
136131964 -63050747
130952961 -51419567
136778129 -65415589
-123072888 31389185
-51252566 24291980
67616397 -122957595
86661992 -127383168
50530490 -44572452
-93047946 43336492
110649880 -122103526
73169928 -29732377
-95444714 -56363326
-134996166 -29536278
137965329 -82618933
58373841 -117509812
39044342 -68462467
-56456814 -43160651
-40571638 -7332896
104611200 -124651047
103500967 -125021337
-101633160 42157981
38916727 -69195163
47598607 -48279465
-139811922 2050749
133033942 -55197901
-41832326 -17782242
98194875 -126406498
138114041 -73894958
55005217 -114765839
77370351 -28603259
-47263917 18396199
38386968 -81269817
101138839 -29101082
119325191 -116568723
53914021 -41050176
132151201 -101316082
-63560329 35477539
-77356618 41621600
-139750039 2395845
104343793 -30073120
-41942449 5048084
-48947977 21109408
-140444193 -10094044
-44274685 -25498629
-138879604 6275382
137192211 -87578883
46940700 -49219964
128142101 -107534922
70795736 -124267162
-124835369 29807324
136535064 -90344606
83050398 -127138200
50855727 -44202654
45730941 -51079626
-140164919 -12924569
38276908 -79390031
-140557612 -5670168
-127442248 -40368198
-57734875 31108830
104034393 -29968969
-40572676 -5803001
-137176143 -24699451
-41293427 -15098038
-133566823 -32115694
134966211 -95196695
39501103 -66238709
-46352888 -29950863
137420409 -86410894
-63984887 35747010
-129772869 24427850
135756988 -61854590
90246958 -127367608
135160183 -60137446
128918751 -106477651
74144751 -125380819
63747534 -120999699
-95921362 43110521
128986400 -48433253
-130163248 -37131890
-127069875 -40770416
-40678048 -3260787
-83929890 -56159509
-85933720 43183046
-99887479 42521588
-136109992 -27236115
47510669 -106413454
-133006498 -33037259
-117402677 -48789661
-133933471 -31487380
-79815560 42228656
-106299392 -54062074
-92568843 -56561766
-56232527 29746327
122551565 -41041086
118394462 -117289877
72604798 -124901317
-108748790 -53178669
48238333 -107408966
70781494 -30554141
80893842 -126865750
138206040 -79184463
138196654 -75384690
-77823854 41747161
-119681269 34046832
92204342 -127250401
129263809 -48827396
42125972 -96739761
70330482 -124091346
49583992 -45692105
103462586 -29782376
138031971 -72877932
-98832972 42710001
115187544 -35292670
71172780 -124405783
79232248 -126590349
-87133668 43280147
-60450052 33310670
-41200186 -14538344
-41463197 2826048
103185884 -125121195
109336366 -122738369
92489431 -127226892
-129319076 -38196534
45057756 -52198867
-72524676 -53233419
38435999 -72958319
132329303 -100986008
-123502874 -44220785
-106474947 -54003517
82234040 -127046263
107394056 -31223256
-140139553 -83297
137375809 -86651228
114256154 -120105017
51481475 -111304706
-140507570 -4179307
39341428 -87856135
126668267 -45422307
-77946841 -54983177
118955836 -37956884
57362593 -38079468
96866954 -28158285
116539306 -118627096
-95843038 -56322665
111480385 -121677327
-140191263 -12714367
105723641 -124250701
-86163547 43203897
-139978298 1043623
41785394 -95906425
100279631 -125936236
-46208456 16471526
-120348315 33560675
-139396846 4148798
-120952666 33105399
-57661774 -44248831
-52122048 25367476
-45324068 14685226
-133123381 -32848681
-116475612 -49365271
-130064721 24055484
-84087684 -56180384
138236482 -77072323
60240637 -118834677
-49891435 22476559
-98937687 -55896101
103713783 -29863410
130112305 -104730331
106060269 -30692341
51178067 -110972719
135114221 -94802919
135963814 -92314686
116024128 -118976128
39807901 -64975647
91942605 -27545458
-64321795 -49160389
116246114 -118826879
-111814412 38658666
-77377048 -54830961
102903971 -125208604
135389532 -60773815
82524075 -127080482
135541419 -93605207
48815771 -46652207
131174363 -51787010
136137316 -91747386
-60060390 -46217410
47970225 -47767861
-130455330 -36749268
138095111 -81180195
68072120 -123161175
79048123 -28259720
-118478677 34881834
-136696233 -25889929
-126396953 28271656
-125142428 -42719622
-128758555 -38871857
-139737882 2462047
138062887 -73231680
-73302625 40323223
-140513503 -4304874
-119610904 34097140
49770294 -109349598
-106045158 -54145599
-135963843 -27555704
41083018 -60781378
65002418 -121681309
71876813 -124655480
122063585 -114229234
55991256 -115620206
138008236 -82191790
-43317052 -22957594
50853641 -110610996
80521063 -28007039
38382186 -73608415
-136666131 -25961766
-47802510 -32510547
-67835863 -51136450
-127500786 27100389
-65178212 -49676765
-139652122 -16119315
-95004247 -56404541
138066723 -73277703
69448779 -123743514
-41041758 -13480864
-136470230 13218020
138219828 -78741311
84569631 -127273277
-71257799 39519499
134597396 -96136856
119195419 -38144607
-137068333 11770931
-140266562 -12068449
124793198 -43295115
-47840703 -32573483
-40624954 -9023175
97238316 -126591200
42232018 -57825210
83450125 -27637727
104542696 -30141266
56508595 -116050847
96007457 -126800605
-126235638 28436636
78169709 -126383885
41729833 -59049710
131099345 -103154292
-139329172 -17655467
-118272500 35019818
39084690 -86572639
-115781583 36574373
81261780 -126918986
-46298103 -29846826
-43042520 -22141862
40578050 -62289584
-138961937 -19166188
39183800 -67726892
132690202 -100298324
-134211383 17792914
117260846 -36693731
-105362203 41158780
133057868 -99569776
127588566 -46561571
-112639189 38262213
-132073145 -34479856
-138372589 8045916
-139529797 -16729832
98845166 -28546156
-108982212 39883102
-128064436 -39675882
-102300989 -55205351
116985792 -118316947
-60268109 -46376499
45082000 -102658612
98289063 -126387263
-125535643 29135276
58318196 -37347685
137241312 -87339618
106524397 -30872063
51220075 -43796956
-93301180 -56527032
-104573664 -54599734
138201474 -79308559
38411254 -81571455
-118300072 -48205220
-52052169 25283256
-91729226 -56588359
-64781058 -49440204
-99190704 -55852464
138092968 -73607588
-59911105 -46102003
-88090289 -56540541
38560841 -71731838
-60222611 33138032
-129505373 24762874
-102399554 -55181448
-55745119 -42483437
136224587 -63363432
104282359 -124763738
-90989263 43396326
-47291782 -31648175
-40693864 -3032459
-116822181 -49153363
-40659147 -3556118
113255137 -34116854
54964153 -40086730
-54638655 -41375506
-71555884 -52846931
43853659 -54384859
-75890528 -54399603
38979919 -85991704
-98862706 42705007
-139980258 1030948
39303301 -67139914
-130690782 23231409
-135831112 14637141
-41197617 1318582
55683259 -39457843
-58102236 -44629308
-87204085 -56488712
-90271901 -56601018
-42790344 -21348364
110535920 -122160489
-44719363 13349530
-134932025 -29660113
87940318 -127407116
85132539 -27504507
-40569298 -6053787
-57927381 -44479336
-117603109 -48661493
-131128399 -35837404
-139002038 5806929
137770063 -70586271
-136238108 -26950972
-40741666 -2417807
-117309965 35644725
-78916420 42021983
-51779815 -38155159
-42143390 5856946
-55943643 29471264
-53250208 -39881153
43770916 -54545076
128574110 -106954009
-123062946 31397689
88993184 -27413709
-112736980 -51417737
131109733 -103136989
38844614 -85175375
-98299760 -56000199
102403273 -125359370
138233512 -78048048
-140501930 -4065700
-80549159 42384410
132582493 -54309705
-46807582 17588509
-139627370 -16246092
111868057 -33344387
-66390495 -50368662
138124257 -74043133
42815000 -56508558
90900172 -27478942
125782171 -44386705
-88353491 43349127
-55955326 -42686243
66843036 -122599506
-124410932 -43405967
86031892 -27456675
-118938654 34568604
-69275245 -51842256
-115524939 -49927005
126963030 -109036178
-137543843 10518566
-40597950 -8380834
-61609726 34159828
-140422912 -2818024
87240710 -127398060
79897852 -126707578
-69775726 38870660
-136489678 13172918
53606777 -41342704
-117473719 -48744387
38244667 -78248140
-60340824 -46431785
-134732493 -30040033
-126097461 28576747
130230057 -104549006
79287922 -126600510
65958986 -32645705
45846205 -103921560
-120366482 -46750967
132035182 -53288038
95154342 -126927277
-137808287 -22978515
-118498477 34868504
48029162 -47687958
-60439647 33302817
-68479744 38255493
44383143 -101424367
131644340 -102224439
-51300224 24352530
-44675577 -26452379
-51349588 -37618816
-53536188 26995307
128456210 -47701702
107754132 -123441740
126219310 -109925538
-98032829 -56041250
39095229 -68187015
-42691954 7821970
-125903704 28771374
-43809675 -24316810
-41372831 2342568
-132187673 -34308576
41843119 -96050727
136189829 -91570788
-41672777 3858710
61498631 -119657580
-47492578 -31991942
126811939 -45595721
-80796592 -55638126
124616818 -111708920
119685877 -116279666
135766003 -61882159
107683700 -31344462
100189510 -125958510
50474419 -110179046
-42744608 -21199363
-105493332 -54321729
60872960 -119255055
-48232006 -33206547
137845267 -83659420
41168212 -60541706
-134057212 -31270489
-88840705 -56572099
-86114967 43199578
82707666 -127101256
66444990 -32407091
137971306 -72254428
-98219745 42808890
129052871 -106289038
-50851897 -36978959
-52086979 25325257
-41152953 -14238757
78066912 -28453358
-103723596 -54839685
-61034156 -46948543
41063446 -60836990
-64456292 36039267
-137556646 10483396
48474831 -47094281
-80661129 -55610942
-135403077 -28730210
62169750 -34741071
-52050713 -38485267
105443847 -124354196
-137095052 -24906927
137004171 -88445318
137567196 -69247622
-69127715 -51772531
134265315 -57877249
74599012 -29304063
-103084123 -55009569
-52126192 25372458
-137208202 11412897
76516195 -28801329
-52927048 26311445
-56704649 30186552
-40580156 -5424589
74019636 -125343886
114652865 -34955270
-61843085 -47528371
-70576659 -52432164
106238066 -124055438
-57762647 -44336759
-133815477 18488115
83344383 -127167987
95117115 -27883537
45889048 -50826062
-50667386 -36736203
-40599454 -8422576
-119111547 34448919
134402868 -96611355
132521214 -100623562
38310543 -74708348
101591399 -125591776
49045611 -46359854
-40566711 -6397517
96978982 -126637954
-86064954 -56398852
120090538 -115948769
-95242569 43178960
-100468485 42407774
-77507701 41662732
-94242158 -56466582
130279370 -104472557
-128819706 -38799345
-135665573 14986423
126932744 -45742774
52389917 -112264032
44332529 -101331711
130936244 -103423890
-138896258 6212736
-135713077 -28090672
108699147 -31786454
122296910 -114013518
127564584 -46531001
133472691 -56105715
127407467 -108484071
-140557204 -5648529
-44349576 -25681062
104577843 -30153405
-137404504 -24099943
134548870 -96256528
-126642158 -41221705
-65375024 36588391
-128540371 25924557
112495627 -121129259
-109264515 -52974037
134837740 -59285424
48456145 -107697191
81396896 -27878164
-99199216 -55850972
-40587578 -8060638
-139305546 -17759180
101789891 -29279675
93722518 -127106247
-44709459 -26530525
-75080026 40939419
105014443 -30306643
83592811 -27624208
137277245 -87160642
-96576431 -56239353
138181091 -75031340
98695793 -126302032
98438653 -126356326
56578535 -116108168
43620044 -54840924
40450331 -92117728
121237556 -114971326
-100214665 -55662143
134596669 -96138656
117924092 -117641228
-135987544 -27504278
-72093186 39860405
111716455 -33263422
-49422143 21808657
-126849409 27800666
130241656 -50284947
127912876 -46979836
137854781 -71232552
104589265 -30157356
-40803221 -11463635
133008010 -99670325
93711563 -27708545
-77532834 41669525
39175746 -67767788
40291735 -91592260
74619224 -125517662
38377997 -73663788
-73168603 -53477468
136486775 -64292439
38241512 -76783214
129197120 -106084094
58487949 -117594536
-53195524 -39819735
76588244 -126031988
-138246100 8452553
-56941078 -43606545
-50398865 23173570
-78924076 -55227585
38392023 -81334530
-65556237 -49897347
-132305754 -34130368
-115030667 37004244
-55571414 29110276
123678516 -112677562
-85887645 -56382506
106952638 -31042628
-40585950 -8003765
136847289 -89116926
-136581651 -26161713
44053757 -54003144
-97341898 -56140669
38700912 -84198854
-81530156 -55778589
-60446249 33307800
-60783160 33559851
-101594135 42166822
61743432 -35004478
103679824 -124963630
84877072 -127294940
40486345 -92234222
111804860 -33310555
117620152 -117863730
98164107 -126412740
-98408626 42779264
-46103561 -29472508
119327603 -38249191
75447920 -29071431
131438934 -52235684
-101600423 42165399
-56466410 -43169602
84282674 -27564660
-54207773 27720965
72327125 -30006982
43027383 -98762988
-43626792 10622610
44334531 -101335386
100405814 -28911249
131907681 -53057953
-116950185 -49074114
137010886 -66400391
95453912 -126884509
72381364 -124827189
-40566335 -6666308
40658293 -62038914
-42144140 -19063628
-135569938 -28388853
137598256 -85378351
-95250149 43178247
-140448692 -3174600
138037304 -72936948
-83600916 42910574
-113429986 -51068181
131557097 -52439581
-47962293 19568694
-138624386 7197383
137375291 -68162021
-62957009 35084173
54918723 -40127282
-130480626 -36715770
38237787 -77274335
38272716 -79281359
-138496629 -20838560
52541049 -112418793
113298983 -120673777
-135259346 -29019090
128442662 -107132630
96397037 -28078255
118874832 -37893944
-131308187 -35586330
-40810910 -1662065
-55205283 28747783
-96329121 -56268672
-108206779 -53386639
135166989 -94660050
39545958 -66044761
-42494490 -20353309
-75303241 41011551
39729702 -65284344
-66058712 36979974
-47956919 19559943
-45326083 -27893277
88858699 -27411857
-48211569 19970231
128503929 -107049582
-72068353 -53054292
-117957725 -48431413
120503707 -115603534
-138282397 8337107
-54543284 -41276699
-42366864 -19899064
-41869184 4737938
-65448043 36630898
44987043 -52320381
135996558 -62606554
62603551 -120336954
-82779318 -55991793
-46129181 16318479
107219988 -123664559
38241538 -78034878
38978501 -68832437
135730360 -61773470
-140083402 -13534127
54954782 -40095087
-86586649 -56443257
-93127313 -56536253
-101473689 42193902
-40607991 -4560322
40240522 -63398014
112634836 -121051731
-51682453 24831330
-47572588 18923422
120953661 -39597155
-66005485 36950001
52313981 -112185765
95105172 -126934120
-134434519 -30593107
76878741 -126100670
-140430721 -10281399
136422718 -64059022
-104116193 41527111
-47473133 -31958925
136696178 -89727378
105634982 -30532298
85406063 -127327759
-134556537 -30368637
-88069350 -56539498
-43606146 -23770011
114002826 -34557637
114119951 -34628280
-112537898 -51515675
97658608 -28303572
132294588 -53765187
-138759590 -19921274
43585050 -99905755
-44390973 12577266
-75905709 41200493
75247741 -29124842
-51522540 -37836246
130871384 -51285956
-123382896 -44325493
54104257 -40871521
124552947 -111776535
-58011263 -44551456
137726252 -84540610
-40566370 -6689625
51712278 -111553281
50130616 -109778621
-107342420 -53703494
63933400 -121103599
-139239490 4840142
-133858663 -31617295
-80120245 42294742
136872410 -89012139
121826889 -40370717
-139059096 -18785811
125291119 -43836623
-51064791 24051522
48745323 -46742720
-55876851 29407039
-92174418 -56576017
136880016 -65835783
52075490 -42878285
-40894884 -879030
-75476669 41066797
-107056563 40600563
84270902 -27565595
129724588 -105315535
-88782185 43366275
77442029 -126228645
-50273378 -36207305
129511951 -105629067
-135928467 14428407
38974594 -85961094
93034919 -27638673
-139513231 -16809592
47572034 -106499426
-55150645 28693042
-64353689 35976272
-41980930 5207538
46990220 -105668448
-59200264 -45539940
-112506643 38327182
-57921585 31270573
-40773437 -2055299
135253485 -60393085
-59571927 32632657
78522178 -126455022
-136715749 -25843188
-62740363 -48143641
-82004962 42659699
-132627746 20432061
123404902 -112950389
-140241690 -913744
-140342168 -1873006
-88360533 -56553207
94402280 -127026512
-44444014 -25908240
66140994 -32555579
-62458199 -47953245
44459219 -53253235
134768354 -59108007
137754474 -70474022
115172814 -35283248
-136683404 -25920583
-60916557 -46862202
88778411 -127405075
-46533657 -30290002
138138805 -74266246
-101227503 42248280
70106528 -124004822
-138106749 8886985
-115348051 -50028426
-85496148 43140388
134072605 -57429184
-40839371 -11820424
84762285 -127287075
93688206 -27705978
39281961 -87573851
69969994 -123951466
-43864304 -24460332
-89385890 43384180
-120818298 33207866
-140545089 -8057918
-137281605 11221687
43945731 -54208224
134369011 -58123453
-72338430 39957164
57670559 -37839635
128851735 -106571208
138215376 -78898887
83079879 -27674733
-59072655 32233032
121815348 -114455744
45386640 -51643789
-50636120 23490992
59254554 -36665116
44205551 -53718805
133428766 -56012689
50297525 -109974087
-111552742 -51984359
-40686431 -3137883
60593826 -119071188
63062883 -120607921
81170055 -126905976
-126822378 27829153
-43181607 -22560940
68008874 -31682751
-126270431 28401181
-136773852 12499465
-99753688 42546786
-60517774 33361679
-125513185 -42361006
-139425205 -17222936
110808310 -32792269
-110754596 -52344998
-62382011 34697586
135485692 -93767053
-139892957 1576153
133682618 -56557313
-139731469 2496770
87674707 -127404831
-123944336 -43829646
88607844 -27409370
54007943 -113854261
38802833 -69911133
138127059 -80731054
88400977 -127407733
-96360795 43061218
-40700936 -2934994
42538236 -97695122
-48997653 21183870
-128306057 26196138
47253362 -106048731
41057848 -60852935
-106481193 -54001420
126687379 -109370714
61868468 -34926611
137552548 -85656441
41890703 -58647286
44135132 -100965833
-95365593 -56371019
-49786040 -35532334
122835939 -41311524
-57951855 31296643
84043370 -27584226
65912879 -32668683
69677931 -123835775
-68788008 -51609732
88277348 -127407984
-117731167 -48578898
-135406907 -28722448
-140400353 -2531689
44377280 -101413658
-138455222 -20977230
133278475 -99117913
-140361151 -11126506
135101589 -94836921
-67838366 -51137728
65305717 -121839164
136525856 -64437065
-80677411 42410461
47054392 -105761882
41419094 -94958689
-58735735 31957363
42547681 -57099613
101799557 -125533601
110548709 -122154114
-107281946 40521220
-45978590 -29227903
111977553 -121412716
55046703 -40013297
102132742 -125438461
-81315323 42534859
45224475 -51915445
131266584 -102873805
-138459040 7760734
40097058 -90916789
39438239 -88299353
-115624819 -49869312
-126149905 28523699
85034872 -127305319
-48657709 20668438
-62144784 -47738459
-114703487 -50389964
-87206724 43285121
92680953 -127210175
-124034227 -43748855
42554359 -97731403
137423630 -86393280
122862444 -113479051
85528384 -127334547
96400958 -126737096
-140278602 -1245921
114244666 -120112016
106844629 -123816822
85926540 -27461438
118510708 -37614289
-122889679 31545183
81516378 -126954191
-132736404 -33466021
-69253085 38628052
-136617387 12873659
-101842711 -55313715
51864307 -43100815
-113217364 37973097
-52327753 -38817006
135499805 -93726235
125485831 -110763208
129936831 -49818602
126352044 -109769857
-102516050 -55152923
129827584 -49654191
-137142973 -24784648
-82259114 -55906963
-40587557 -5143829
119329545 -116565266
-62589378 -48042109
-44103443 -25073579
138236302 -77046555
81413084 -27875930
43731327 -100193760
-109086942 39841474
-46936150 17819634
38825139 -69765497
-140563452 -7134951
-67900390 -51169326
44225237 -53682251
-43975764 -24749131
-104463019 41428117
-44831109 -26808144
-70107571 -52224693
-66851843 37416576
-99533734 42587393
44493209 -53191734
124854080 -111455525
-62811125 34987184
136863639 -65767157
-50207892 22914202
137742485 -70388942
72975655 -29794212
-95634854 43140549
-40939179 -506846
38407717 -73287090
121756265 -114509208
98253589 -28421469
38374293 -81102552
38386076 -81258282
-54787112 28324469
-128215834 -39503437
-40568844 -6096885
-54844346 28383005
54607182 -40408075
38279043 -75372865
-135527194 -28476925
-55937189 29465069
40201298 -63533099
132191348 -53573806
52413222 -112287984
65512563 -32870686
-49400186 -34980602
-104801761 -54532579
-106234586 40879739
39442701 -66496676
98982484 -126239830
-126283241 28388109
51882988 -111734980
111039263 -32909858
116720572 -36313952
97897460 -126465999
-94673143 -56432937
99567937 -28708681
134641770 -58789359
39177453 -67759105
-54246797 27762257
58253232 -37396287
-138049537 9061500
138078298 -81396190
-119756046 -47196938
38307469 -80050194
-89483443 43386388
122324109 -40827807
-71489842 -52819727
-134882171 16552014
128218079 -107434022
58974190 -117949982
-125954778 28720278
49030979 -108437666
-84424587 43019476
-41075982 -13722915
-82833180 -56000255
89227330 -127398203
-55502189 29042309
-97324811 -56143003
114008877 -120254723
-100660270 -55572403
38450297 -82014909
134033680 -57340118
-40857442 -11989839
-40665866 -3447945
84142023 -27576020
-41212181 -14612604
71077002 -30445104
132591948 -54327865
81979274 -127014786
-87275347 -56493464
-140371018 -2187198
-40840747 -11833526
113098614 -34026778
65376934 -121875848
-114904717 -50278436
-86398685 43224123
-43841510 -24400610
-70032101 -52190775
92148899 -127254783
-83932345 -56159838
-123300452 -44397054
-45278411 -27791687
40488774 -62573959
-95661017 -56341645
131144319 -51736727
-113047335 38059091
62467261 -120255277
-102340397 41992050
-115733348 36602506
-78871641 -55215001
110865421 -32821207
-99979910 -55707728
59241945 -36674088
-107122149 -53781368
101704246 -125560358
108330124 -31622731
-94872303 -56416122
52937551 -41997465
113013186 -120838067
57727100 -117019978
131611772 -52534682
39406058 -88154148
-85134588 -56305975
38887327 -85442286
-140557574 -5668150
-84464106 -56228121
-76977247 -54719842
-48050163 -32914974
44947090 -52389387
86276830 -127369538
80787608 -27966140
-45460968 14973787
-107566261 -53623168
-48396899 20263375
92732727 -27610470
64502823 -121415498
113694567 -120442210
60591485 -35746364
138045754 -73032082
92478554 -27588180
-122723674 -44888995
-140434565 -10228940
-97422477 42925812
137145530 -87801037
-120264926 -46826146
99472344 -28686539
133618497 -98397878
-110878751 39086233
112103562 -33471497
-76573390 -54603954
-107499587 -53647220
-48077350 19755081
46525501 -49838087
-78021163 -55002501
130539620 -50752047
103507198 -29796660
136694700 -65082810
97239752 -28225061
-135385292 15562443
-59414380 -45711452
-75360420 -54233611
-40578045 -7685866
-117090339 -48986729
-129791920 24403764
-140410700 -2660418
64272739 -121290627
38934509 -69089082
38522276 -82735825
-40815477 -1616281
-139791928 2163784
107068098 -31089400
-46040819 -29350117
-55087608 -41833445
-138599917 7282317
41283096 -94591530
94973188 -126952242
-124738204 -43102303
-60597083 33421189
42831028 -56473758
-138486619 7668449
59479427 -118309919
44866986 -102287491
-114787197 -50343716
128643616 -106858883
-115075911 -50182599
-53218852 26642192
83516033 -27631432
41560248 -95330723
-78973608 42035649
114708176 -34989736
-120030972 33794065
88970574 -27413372
-94749912 43222781
-47329221 18508981
128418691 -107165026
-56543463 30037534
112240243 -121269982
-43577382 10487357
127934174 -47007627
-87223881 -56490042
-68167232 38100263
108094232 -31519935
-122045681 -45448353
44965884 -102459104
-123988608 -43789906
56106700 -39098670
111506653 -33152473
42148605 -96793657
98825627 -28541919
137698762 -70087189
-41063671 -13636824
-123718220 30827379
-138666398 -20253987
88497677 -27408676
-40589571 -5076368
-90829959 -56601189
69298012 -31133907
-137335351 11080175
136342147 -63771527
123594468 -42054181
108153000 -123270590
73631379 -125227013
-51008590 -37182729
74997082 -125623023
-106750610 40706338
60013468 -118680241
-49329678 -34878051
56801570 -38526443
94881279 -126964650
-43831553 -24374450
45896434 -104001701
121139686 -115057081
116976108 -36492249
48339434 -107543289
95647442 -126855895
63209942 -120693285
62249573 -34692405
114636684 -34945206
-114444921 -50531501
-44368007 -25725648
-85858514 43175990
60006641 -118675571
85228315 -127317359
107535019 -31281977
104598201 -30160449
61835309 -34947211
125690468 -44282733
-121707241 -45720185
-125314677 29350165
-93954466 43283186
-138885642 6252708
38324036 -80346585
40663900 -92794430
39427068 -88249179
-135264407 -29008996
134143852 -97222561
-93304344 43323090
-41258591 -14893472
137073274 -88135431
96098893 -126786134
55684605 -39456689
58668631 -37088332
77501680 -126241798
99305359 -126167664
129050688 -48523877
-88160302 -56543963
-40573694 -5741652
38328516 -74394275
78138931 -28438451
-53784505 -40470750
-40566613 -6423078
-76035220 -54443790
41056010 -60858173
-85122227 -56304622
-118776300 -47883788
42182044 -57943031
-109721244 -52787249
-48672100 20690543
76439730 -28819832
-139013134 -18967307
85092601 -27507008
-129444558 24838226
-103121859 -54999795
129619897 -105470541
-40729179 -2569271
-108408287 -53310163
-42666020 -20939380
-106152112 40906875
-59032844 32200713
-92559883 43358356
57796378 -37742757
-51357176 -37628407
43783819 -54519997
134344647 -58065274
-139914123 1447446
113203378 -120729015
-73796496 -53705747
-137693926 10100996
-60613380 33433387
39797362 -65016770
-139951571 1214404
-102723905 41897523
41564543 -95341904
117535957 -36891253
55307991 -115032995
-140212026 -660400
-44377394 -25748309
92786886 -27615389
-79938583 -55459348
-127414818 27194361
119404949 -116505274
40228784 -63438290
38319142 -80262247
-51440609 24529785
-80852099 -55649152
-140566090 -6744571
-40615689 -8823838
-69327825 38663195
93703624 -27707671
-140234941 -855106
-101361818 -55422543
-50973218 -37136920
39829027 -89922362
138102795 -81077221
51885276 -43078597
138230576 -78246599
130772269 -103691125
97498011 -126542966
-72644602 40075872
119497078 -116431653
-133783095 -31747622
91100366 -27490021
-131278505 -35628008
-123018735 31435453
-63689208 35559973
52942457 -41992575
-78869551 -55214498
-75064327 -54138071
46273681 -104593083
-62629110 34865136
119261288 -116619366
123602796 -42062511
-114726337 -50377361
-86827404 43258127
83253300 -127158946
137970666 -82567746
-43985967 11571535
38959673 -85874704
133593796 -98451200
-63752966 35600550
-113578081 -50991722
76053220 -28915313
-138027595 9127859
96725802 -28133761
-136489234 -26377717
-40630878 -9142417
84397499 -27555682
42425660 -97439608
-112293319 -51634499
