2486
130833342 99377546
-70288022 136392892
-93214440 42965045
50261576 93799031
-116243251 71600102
-25868909 112565249
-23312242 65005021
-116372825 72024090
-36440570 124801331
50696657 39872281
-46946502 131545095
55779648 101019800
64671539 108659084
117980039 24105221
-44287206 42674220
48888852 91480540
142579718 67822836
-27890643 115606670
73360225 113332154
-42396729 129075567
-33836637 122467251
44824397 52375733
-93467810 43110158
-97159107 45459629
-39754054 45508773
-23492518 64628845
-116774968 73435973
127539859 31425090
-116742243 73314932
-79120466 135282392
-30090453 118446253
-70758420 36476582
-42054520 43986049
111106235 113618048
142407874 62983383
-97178044 45472887
142086457 74210829
-80799953 134886551
110010880 20310651
-59167921 37302179
118963470 24700437
-115945436 102177516
56092132 101356494
42584499 67417987
101013937 116459581
141804073 58379020
-55365138 134671366
-115656802 69828587
-106006105 53369701
-81872524 38248916
80655460 18619080
-117699454 95290277
73124951 113233461
107539363 114886304
43026244 73811448
-50258910 132982319
-42508433 129143710
-84464454 39045125
51982789 96356669
-63907368 36635771
129335129 33273323
-93514765 43137267
132103397 36545141
63847460 26258168
86486709 116802206
-67820481 36429677
136808955 43848432
139820551 50783292
46986193 46660773
44761663 52579721
-24327101 109866468
-29027600 55723538
-117969364 79217266
72351202 21451868
-22757517 66216491
53963937 35418506
-18794591 91921009
-95578768 128452390
-93316689 43023370
-53386083 134088811
-58030195 135318509
-53296960 134060475
109974470 114053587
-108470688 116453076
77617133 19467962
49001122 42669428
-34157008 122772576
-108077748 55881117
-23184786 107574400
-113593648 64842586
133244749 38077312
-118475723 85164017
-26502956 113572018
-97298964 127292489
137090432 89960649
137182055 44569927
107688988 114839145
-40636382 127947277
117438010 23790179
-96452984 127875899
78293960 115089837
140572114 81215740
56741558 102036881
96042261 117055612
-67094863 136405659
-62401980 36797396
-111698313 61262053
-58577254 135432367
-112792392 63242367
64528216 108562288
-28775495 116799974
65324562 109091081
-100101518 125165526
61459569 106306871
-116231598 71562619
142267354 61557932
42640738 64792185
44753306 52607128
45756648 84702693
102714327 18212365
43532240 57483422
-24756218 110657664
44009487 79029698
-49457911 40189715
-115989048 102045523
-20333410 72979511
56226523 101499407
81199512 18488650
107281340 19384296
57305732 102607689
-97055111 45387049
140837541 54076228
69678676 111620270
122005132 107602968
-80105364 37792661
141967017 75005354
118707049 24542253
122274631 107405459
95532391 17262369
-70199473 136395997
-86501629 133068928
127449286 31336752
64046070 26119400
141255355 78624831
94117725 17198889
50536532 94231188
-114549152 66964836
-74016486 136118995
89421653 17275456
126010925 104359154
-117195668 75115145
-32160639 120777160
126618414 30546782
-19212544 77965172
-101548102 123938766
142521801 69666758
51312718 38949684
-21081591 70541591
46883287 87459663
99780737 116654704
135393286 41342096
-112179077 110744034
-118472510 87807814
-54191728 38513662
75899905 114309676
79091558 19030198
61722792 106514796
91989431 17178892
-39653829 127270995
88577346 117014573
-115419702 69169560
141068371 54958275
-118374400 89847063
-62917866 36736812
141896576 75437381
60763405 28607814
62826453 26994594
-118465944 88027683
72927788 113149664
89248521 17286730
-94454272 129156206
-82862583 38534926
-86937389 132898326
42780905 62741326
66169600 24722040
-40022520 45321526
-76404530 37055283
48640791 91029126
-22970555 107109265
-35437544 48909477
139773048 83703674
93227972 117171209
-118430478 83953032
105251605 115544041
100241223 116585534
-35831666 48565871
88363331 116996906
-75975440 36988419
-117681499 77460973
-19851463 74843545
-18519559 84754233
73883080 20804257
-62958389 136118062
69298115 111422072
56286275 101562588
42584023 67069288
53773814 98699576
-60247438 135740822
48938435 91569465
48056495 89919792
-115075779 68261551
136522042 43312402
-86504866 133067678
47090655 46430148
-81165454 134792250
53364007 36162471
49766800 41354919
-19521463 76329496
125306609 29370265
-69906555 36445197
105992113 115344021
-80619933 37918428
-74981062 136002257
-31436744 52855314
-114243137 106594448
-117692573 77521955
44312965 80210535
55181391 100357454
-70526682 136383741
-107396740 55018287
-36665257 124987874
86427328 17555840
49293213 42157053
42603863 65762973
-27792583 57380594
-19655901 75698035
136452722 91165510
-62331886 36806048
129659340 33628189
-23512122 108261927
-79580058 37670206
132503379 37068281
-115883998 102361405
46930076 87564751
-46424783 41558099
-112255732 110605814
52986588 36645830
46369289 86259612
96612739 117012779
42955544 73260195
51867532 38155080
95282680 17248244
44003802 79006379
-54673003 134477701
-18492172 86657953
99314688 17630462
-44514475 42549257
-28477892 116406846
133832790 95433630
-37823848 125915515
42587040 66615967
-104393513 121225386
-98228840 46229422
64258706 25972411
79564083 18900270
46000433 49010017
-39056356 46007793
56873060 32179141
130930342 99261977
136407864 91247356
-117719315 77671027
65180133 108996799
102493206 116183580
134916009 93783504
117321181 23723459
-33240197 121884113
-118487135 87095637
-117755477 77876875
132048842 97875833
-81381237 38115152
-34594177 123180616
-41530778 44316831
42598862 65952665
-20502245 72388832
-21596262 103769462
102425502 116197221
136501795 43275160
50304080 93866478
-19506599 96448480
139023501 48645261
-118064173 79901134
132207167 97671218
-86105467 39630378
-117187209 75078778
-73237904 36650953
42598358 65973471
42698777 63788102
74620365 20513692
54510442 34765313
-109335410 57584478
-72127940 36557575
-118260462 91227609
76608255 114554450
-89768977 131671990
100256515 17767553
-67459816 136414525
-65003008 136303319
142401934 71437344
87865437 17398495
91599922 117165674
-33386776 50821111
130019099 100320593
-113997929 65708590
-72862804 136233734
-19759548 75236602
-115324315 68912331
-86600246 39819614
-106832743 118518149
69455099 22846382
45931518 85162972
124809528 105405053
-34157649 50077164
131031484 35210000
64123494 108285024
-104786116 52034616
140248639 82277464
137719070 45662168
-82076260 38305968
129896475 100458574
-116148389 71297934
96052951 117054870
-50406405 39810533
48558985 90877802
-60207716 37116180
-18511423 85018470
-42980101 43423291
-94496311 43719709
-50263389 132984073
-110708351 113216001
74805788 20442731
117568016 23864914
-104772126 52019859
-33081578 121725713
-49648894 132738791
-43540779 43095564
-18493411 86003274
42587006 66619005
-45600471 41973009
122869486 106959574
-97714494 126996397
52631923 97239267
-83565666 38751559
140262671 82233107
124621218 28787717
-29789782 54768152
42583989 67263996
-87438571 132696259
-75717416 36950047
97393271 116943521
140427090 52648481
-79641368 37684190
70683659 112123983
141014048 79606037
47615428 45315907
-67471301 136414761
-64122326 136233898
-91282956 130928605
-94983739 44020359
-109787378 58235437
48695651 43220803
89152357 17293252
-96714010 45151727
-94138099 43503632
-30083918 118438414
-108234883 116764486
-74204656 36752631
123346784 106591669
-45677647 41933351
96920728 17363792
-19396111 76957864
100231874 116586982
119480491 109324782
94238703 17202748
-116866918 73782722
76856578 114637458
-22655531 66448887
47099976 87940995
43488367 57708171
-110182844 58823674
-18852945 80425097
-46074092 131118057
-116929236 74023627
120395405 25623934
119370549 109394737
53129288 36461635
-87988320 40383028
141978245 74934206
44215056 79842398
-45317303 130730370
-118491605 86476144
88391740 116999305
-88656651 40671791
-18689138 90864960
139098969 85515186
138687529 47824482
71391106 21888880
-32231257 51998652
-67119121 36444014
-115425470 69185256
-87062325 132848543
134768976 40334711
-24603704 62470009
112212130 21189132
-35440519 123943489
-67655370 36432166
89235842 117063136
-91779911 130670579
98602699 17538938
-118017325 93295806
42594015 66170218
-97972994 46041399
130881504 99320254
-80047381 135071494
131762705 36110553
109259665 20038120
-33300008 50906872
-75952325 135865420
108318664 19715717
-116677536 99771279
-112648816 109880298
-19839603 74893469
-63311220 36694263
134677164 94159761
98537173 17531036
-29792343 118085323
141726467 57955318
-100603828 124750187
-115807679 102586593
122046219 107573036
139986790 51270420
44004948 55339632
-63846814 136208962
134005853 39171381
-43102523 129499448
-88403794 132289164
123646489 106355917
138968915 48509042
-102514058 123064965
-86378489 133116288
124234251 28468046
95841700 117069113
129097773 101332902
133660738 38667564
124806425 28943047
43624905 57025690
-68506409 136425170
91675331 117167102
-106641453 54105039
-110585141 59441171
76690977 114582263
98744982 17556397
115735460 111492462
-111411317 112074744
-107285380 54880839
-99473536 125669554
54916198 100056103
138792214 86274905
142299074 72504763
94448776 17210147
96105373 117051196
-39887583 45415314
88583702 117015084
-114481298 106045329
47343347 88466000
-32422658 51798171
-116209597 101358212
-47256110 41158710
-118005046 79466601
136298923 91444631
114237954 22107604
-28300950 56681111
43337839 58525244
-43187371 129549347
126020553 104350497
109179414 114340909
140815037 53993612
-98056431 46102442
-87189343 132797530
-51505986 39398713
92955597 117173976
-58771664 37379049
66503093 24516350
-65270201 36529057
55336478 100531448
-94439412 43685114
58147899 103426717
119348517 24942008
43667978 56820090
-57528158 135208390
97322042 116950352
-51211668 133344283
-117993425 79384412
-25161144 111374499
-111207386 112412944
-103022983 50264618
-111014268 112727745
-32171587 52061610
-113907242 107339813
-68688887 36425562
120663460 108546107
-70449697 136386818
-81970733 38276301
-91523615 130804534
135974520 42330739
45920881 49215354
43779454 78043891
-26593113 59139384
-114726607 105460059
-94131716 129350527
100457143 116551589
141968086 74998603
81785407 18355358
105464300 18862879
47012539 46602314
-22510453 106065216
55352448 33801443
-23103906 65450080
-118193864 80976501
-115888551 70502487
-88655153 132179215
127161319 31058840
-84203368 38957907
87073361 116870768
47677524 45188624
103374759 115997049
-113809059 65298634
64245984 25981160
-18933843 79789984
61950909 106692686
71235353 112388620
140753642 53770995
-54636194 134467101
117147091 110725905
-67892302 136421580
-78198410 135473908
-57629815 135231125
110287409 20414411
-101536269 48901155
-32031500 52210280
48359955 90504347
-118472690 85049045
127651376 31534470
-37559572 47141489
97699695 17437759
-92857991 42764201
129334615 101077949
-26890529 114162301
142400896 71449455
57721940 31333440
-91669768 130728377
124185427 28428175
-68442165 136425148
138160252 46613327
73280453 113298850
47675341 89157631
-94925226 128866485
106674674 19201923
137100831 89940326
141812258 58424943
-108734655 56751969
101933580 116293416
97839507 17452338
-96463834 44981768
139540050 49996273
-89953133 41265413
42605161 65717774
76001522 20005193
127921957 102547981
-78037566 135505465
-19091733 78701823
88511107 17341511
93436797 17182632
135533989 92774005
45915173 49230192
139916768 83287484
-96272596 44853332
-29431507 117639060
46122018 85649463
-114631300 105689930
59253846 104446081
-97887821 45979357
43784719 78067505
-39668622 45568910
132473446 37028633
116994252 23538959
-89352479 131865518
135545730 41596420
-118191954 80959111
-19907736 74609708
-45879916 131020132
-20532389 72286178
88136026 116977128
-115708068 69975004
-18796350 91936893
-97401141 127220273
-98281375 126582004
110355800 113910355
-19140388 78396794
56196604 101467688
53806562 98739851
129632903 100751721
-88501860 132246463
141347502 78225795
139962465 51198107
128682649 32579388
42704178 63709490
80591467 18634846
117991302 110238851
102717626 116137668
79677637 18869788
141490360 77575319
-118286774 90946641
60237006 29048231
46956465 87623736
46606255 86823645
-108772917 116046414
-118048876 93064409
-117364872 75870257
-23682226 64241456
50175994 93662498
137448943 45104362
-24390673 109985850
128526444 32417131
-19002863 93556925
-118426372 88978906
-38375256 46512718
94083433 17197848
114514850 112109018
-33898223 122526366
43254976 59011030
-84935946 133643649
-100624172 48117213
-21755851 68655341
128925691 32834784
-41317812 128396396
69347000 111447764
133335191 38204111
46287001 48291604
-67240621 136409520
-58421387 135400576
50676384 39903408
119282580 24900293
-118016076 93304798
-72277252 136281657
-32032891 52208798
-29153641 55562208
-25383211 61094081
136972336 44160847
-36513740 124862323
-116399124 72111820
56390215 32678743
138821400 86204141
-105413774 120140975
-20615895 72005950
68641063 23280710
-24365705 109939056
131976733 97968303
-111136750 112528693
-28707081 116710311
134438199 39821773
93751028 17188981
42614556 68925679
138289499 87448472
142172033 60770819
-40367101 45084988
-34401549 123002028
-87988440 132467267
74134593 20703617
127297779 103160734
131347652 35594155
113055189 112792533
-71487310 136335351
142510304 64463301
-103304741 122314549
74845317 113923002
66610498 24450870
43703144 56655343
-103575537 122049876
-93447537 129751870
142437060 71004646
-45485970 130818185
102349676 116212383
-57712084 37600984
128242851 32126249
139727599 83832868
58328624 103597539
58876544 30245512
-112251965 62237715
-42950802 43440686
-115797188 102617277
67624883 23850458
-107553203 117637246
-20272903 73198142
66076429 24780152
108297024 114642167
-29594858 117842383
142346159 62305182
-48364793 132195364
-43487544 43126262
-28112299 115912620
116172138 111261586
-46156775 131159435
-86989023 39972547
83795998 116397025
126887463 30798630
-113505402 64659135
-21857969 104461292
-59076473 37319625
-112308527 62340331
-20820389 71343636
-82310427 38372692
140517333 81401635
-63813230 136205817
50843327 39648576
111574918 113428375
137615875 88903731
-57293977 135155169
110026798 20316573
-21075775 70558961
-54040768 134291367
-82970130 38567331
44456114 53621200
42635362 69443077
-111878204 111276838
-101627164 123868950
-82225879 134501887
-99641339 125536496
-36094321 48340867
-83621407 38769219
-20605428 100809597
47760719 45019511
141843163 75750092
-43135818 129519056
47515452 88827934
117130088 23615225
-56062752 37994573
-30074060 118426584
-18795648 80919780
-89021175 40834189
-86598752 133031311
43111695 74421040
92763684 117175034
45416145 50586146
-115109550 68348404
-118167065 80737363
123702215 28039043
141686910 76603795
-84843670 39174661
-55212285 134629519
-18683177 82052767
91517080 117163975
-85895558 133298441
98950536 17582353
-20981744 70842789
139313618 49389565
50635578 94384500
70480217 22326425
-18665523 90591589
-25232992 61351477
142571553 66063806
66708277 109959135
141290042 55874351
-42898793 129378713
130776791 34906117
-22107377 105093354
139291735 85018540
58547475 30548577
-26874542 58712036
45576689 50136546
-25522935 111992559
-111621552 61130709
97151267 116966313
-104865064 52118127
60326077 105377873
49208730 92046902
-21665665 103955973
135851824 42117670
92059547 17178107
-118301469 82068567
-19631809 75808309
-116925405 98841672
-76792600 135731297
136119459 42585603
-87160548 40041215
-25064085 61645174
126035010 30013227
42892709 72723737
-80772185 37956750
142118245 60367292
92520611 117175317
126970658 30877264
-73515206 36678176
122832664 106987578
-111688543 111605061
135574835 41645366
106318808 19098829
142222878 61177612
-22152218 67645961
138460840 87057696
57222081 31826510
-18734926 81498678
124497475 28684782
80961797 18544848
-116033150 101910777
-47075013 41244109
-18640824 90284848
-40525719 127872824
117661408 110431792
97730083 17440894
-113482861 64612580
-26890174 58688575
138376153 87251975
-118438397 88731791
51911751 38093139
-113837898 107489740
-25903535 60228720
-57583984 135220902
44195569 54582964
60718352 28645029
-47193601 41188087
137119987 89902828
-117785196 78049946
111158666 113597103
-22054246 104960795
50791146 39727865
-103775576 50998583
99324455 116718925
103327534 18343252
-96043286 128149341
49733626 41410010
71206663 112375062
66936626 110096411
84668387 116544827
70533499 22300205
-110284751 58978223
54926137 34283229
142463319 63704826
-64750250 136284997
-21421201 103288585
-40943157 44698902
-49280777 132587312
119663421 109207489
46885673 46885678
-109247939 57461000
-91839550 42211208
44254003 79990195
-112631201 109913432
53526917 35957554
-75034216 36855075
-85110789 133582394
71881784 21662481
44121679 79480321
-118475335 87701590
-19979846 74317044
-60586013 135796229
-97413717 127211358
122835250 106985613
142477600 63916564
-118364332 82859553
-80526922 37895267
-81740427 38212421
-31965857 120569980
-18649929 82449650
-33852351 50367992
-20912141 71056627
54455883 99521200
-39583013 45629439
142570612 68328464
142312456 61972307
-112780667 63219974
-94668036 129025593
-118483031 85497855
-114404032 106225461
100732632 116506872
93764846 117161409
-95531141 44367297
-100890103 48341856
42823383 72063085
-34716597 49557203
-117177178 75035814
112087012 113214787
-108628525 56608572
-117738933 77782071
-103474715 122148887
-56008559 38008513
-113502591 64653324
-29876254 54662731
-98148912 126679932
-54084865 134304658
138679822 86544585
-80146518 37802507
101136517 17912258
123765402 28089368
51910132 96255312
-118261942 91212249
48718766 43178502
-57592715 135222853
-91942941 42265960
97577405 17425332
-69312036 36431904
140651994 53410936
51907794 38098674
77587261 19477344
-79897667 37743530
106527807 115191685
-19399111 95908026
-114023467 65764778
50479009 94141582
-72555137 136259778
136596768 43450510
68873429 23154759
-20287046 99703653
-20477285 100375894
128665005 32560988
-82743990 38499498
-46997709 131569511
-18676031 82134943
-112481567 110192492
55414610 100618490
133042461 37796697
-95814964 44551130
-110676208 59583761
-111562641 61030527
129262011 101156483
84160246 116460669
59670212 104814279
54053220 35310238
-32521146 121154472
137724921 88676268
-108782882 56817486
-117355543 75827150
44050860 79197963
-21665638 68894445
109744229 20212356
-77876645 135536490
-64372648 36595121
-18491632 86413472
66302627 109711156
-84886691 133660774
128065459 102404035
142442863 63422372
114805905 111965791
-105570047 119969039
66345182 109737419
44198352 79778441
110143808 113990419
138668521 86571458
-73545966 36681292
142112603 74024342
-63321921 36693150
-51624203 133494163
60757957 105738406
94439784 17209812
74836206 20431171
42774096 71532237
-39151261 126911500
-58569134 37419621
-47514832 41038237
-89788473 131662817
-75135819 36868591
-18681799 82068495
136219475 42763526
67035026 110155056
-103498230 50724500
58804645 104039449
-51603915 39363457
-62408127 36796643
-40409628 127794257
43403267 76190028
141553785 57078259
-52238338 133709742
-114347698 66494768
-103205157 122410879
-98103381 126713437
-102031460 49343103
42859790 72420527
141903286 75397229
93159986 117172039
-89900831 131609751
49234110 92091112
-31292419 119835031
-34716110 123292695
-62969525 36731045
132981748 96637447
-100946327 48389759
-89568787 131765590
-118256401 81580829
105375656 18839333
135109354 40877322
-58099765 37517002
-51699067 133520924
-79958443 135092535
75922883 20032912
-57620034 135228947
-70358547 36460038
62940435 26910430
-104990729 52251852
-58955915 135507452
119669892 109203319
138174118 46644088
57169329 31879361
-101371091 124094007
141819511 75884871
-108147134 55971256
65480150 25158859
118374437 24340223
-102854754 122745631
96233692 17308744
135200259 93325822
127510105 102954694
66455500 109805231
-37056763 47542669
-96760430 45183507
87268024 116891968
125681171 104652969
-115053783 68205241
76552308 114535549
-117701093 95281174
-109160933 57338959
-47033004 41264046
117611473 110460703
-78289409 37394534
50528528 40131970
135444148 41426570
-88636399 40662870
43392024 76128476
104636810 18649822
138526362 47444896
-53068265 133986920
-101711047 49055795
67404531 23978149
97137779 116967549
110777268 113747900
-57247789 37705813
-48355946 132191472
114470544 22220099
103766628 115908784
-20707294 101144452
-99013563 126028350
48419291 90616484
-105061463 52327557
85988625 17612244
45088533 51548806
104886550 18712536
-31587023 120160169
-77307797 37208557
-38528559 126452842
-97017671 45361015
57160933 31887787
-107053886 54598258
-111923544 61652832
53024227 36597073
-57852108 37570280
-80430963 37871570
141926953 59096735
141410674 77943234
44032247 79122575
124994485 105248375
114301845 22138358
139649718 50299048
97365449 116946201
100635038 116522894
-45846214 41847318
47430818 88650884
-80860006 37979086
114545549 22256693
-102308833 49595879
73501016 113390540
53499578 35991789
142433468 63299590
-110655362 59551026
55792117 101033354
42599565 65924285
61429517 28067765
-55748405 134774011
73997707 113592521
-23365844 64892327
-67042427 36446179
-22249864 105443560
59777593 104907910
-20310080 73063355
112312138 21231946
-96324817 44888276
-21909856 104594880
43193190 59393535
-116647158 99880474
124870094 28996799
121097996 108247817
-82441177 134439859
42778479 62768663
46826822 47018749
-116244144 71602978
-44022975 130028898
-39438575 45732176
140453101 52734423
-49347968 132615217
-18755643 81293744
141984273 74895735
121030348 108294698
-31855205 120451226
-93303823 129834332
-34384094 49864593
-34068159 122688440
-19105678 94237198
121322160 108091284
42622239 69132748
69292911 22931382
-51770106 133546193
-24090422 63435333
-82482454 134427848
51676193 38425425
-28774638 56051491
-117950908 93758650
77366325 114803344
-29063622 55677292
-54260335 134357106
50714084 39845564
48696654 91131749
-116953296 98732363
130955421 35118733
-95094545 128760559
93819280 17190621
42674211 70179010
87749835 17409589
44152429 79600798
141568773 57151222
-91695002 42135179
-77636663 37268602
139911147 51046727
58515973 103772839
-93155304 42931458
-65805174 36497395
47245767 46093310
-43940389 129982452
113111057 21583294
-54600798 134456878
-78927735 37526423
46544128 86677624
-69736228 136409680
-105941010 53295971
136213573 91597735
104822056 18696209
-22684865 106468630
139785183 50681726
138879886 86061402
127353432 103106965
42593789 68169240
-22988701 107149154
-102181935 49479762
-63624542 36662622
-99299693 125806174
82229080 116091382
89929956 117104873
-18688905 90862350
45200220 51213344
134031404 95141502
-29026263 117125088
-64748833 36565455
58026821 31039398
-83408428 38702126
142547792 69075510
-58443379 135405093
44850977 52290228
81941089 18321183
-118267756 91151407
99565599 17665197
-117401209 96810407
-18850345 80446646
42593301 66206360
-94946490 128853234
111893415 21054396
-74355515 36770214
121937243 26698428
-23714699 64175983
-32974344 121617819
-25468084 60950196
142535122 64967081
-115164968 68491976
-97730562 45865526
-60707313 135815500
71460446 112494220
50177785 93665366
120887332 108393270
55348663 100545050
-34066134 50163827
-114691808 67305977
142384475 62713992
-118310902 82177796
-94116974 43491016
-116231806 101287060
142578765 66458022
86798994 17511138
-34302368 122909338
68865410 111191636
132373793 97453490
-108519985 116387329
69886263 22624075
-80156016 135045560
-112012145 61808819
-48081109 132069566
-101458580 48832882
78386677 19233324
134348039 94666402
-109745933 114675527
-24731855 110613641
-110236363 58904683
86368669 17563154
-62188744 136026318
-110043615 58614517
48242936 44069559
44067120 55087302
130244037 100064792
-117893157 78712250
-19253688 95121437
71760261 21717953
73188968 21090260
82550142 116158247
-20690925 101091207
-108156500 55983455
56832329 102129963
136432979 43149138
-40893611 128118689
-103455183 122168004
62814885 107347551
-99651289 125528570
142491782 70209230
94175061 117150033
88572315 17336546
-114876028 67757347
-51962133 133613897
71890511 112692203
130951565 99236597
65222047 25326481
-43971964 130000234
-115776166 102678562
141949688 59236843
136833197 90456266
-25964525 60129825
46907526 46836531
-32426116 51794569
-99133052 46914373
46296028 48269487
141000594 79658336
-64148986 36614115
-25935307 112673208
-118321568 82304822
-118208076 91742603
-43336918 43213595
115386560 111672988
-47430226 131772909
-70259860 36456449
100921285 17875376
-21925517 104634980
-91305776 41933434
-20903168 101765909
-79171093 37578995
-97627345 45791318
142582066 67604857
50733007 94534120
54309617 99347992
42611838 68846288
43538177 76897294
139883662 83384415
-60623286 135802183
132773879 37430334
-18673246 82167404
94568319 17214752
65187305 109001498
-83120060 134237399
-84347280 39005784
-108814167 115990237
124144032 28394450
93815362 17190525
141875630 58789277
-62139614 36830295
118069762 24158252
45150662 51361219
74046118 20738839
112306655 21229592
-19249357 77753464
85610259 116686651
-70369123 136389910
-90707887 41631892
127035903 30939185
-113590497 64836002
-111359265 112161643
-33308036 121951425
139525625 49956896
-52393043 133762636
-18719390 81658199
-18934433 93064761
-116186361 101432261
68489898 23363503
69699461 111630976
-45263818 130702353
125153622 29238385
73687669 20883543
-62816640 136102073
-18567193 83677351
43358688 75943339
-78609683 135390722
-117496394 96351561
-28621927 116598120
63366588 107750573
74256841 113695445
-19369180 77098603
-60059744 135709077
-118228204 91550921
90062676 117111751
99135277 116744295
-117458648 76314227
-18753145 91532333
122127254 26836903
-20968287 70883877
-102898466 122704225
142331864 62161269
119422927 109361459
-114465153 66767218
142035363 74561417
-20749175 71570612
-48695362 40511038
-91624691 130751931
90456028 17220657
-19672933 75620786
87656979 17418696
-116051648 70996473
-43662035 43025965
-117318808 75659175
-115584611 69624838
-68363499 136425008
-74896986 136013189
-31172966 119701549
-88748406 132138005
142543828 69177014
-91439902 130847879
92585605 117175357
141588784 57249513
142365307 62504960
-24885383 61961011
137622030 88890969
-62736103 136092807
42584453 67408333
114845601 22404640
-18631531 82687457
-108342183 56226936
89746482 17255932
132618473 97129219
-69465234 136415693
68660716 23269996
-23817744 63969797
-45856599 41842044
-22017341 104868070
-60255451 37108184
-83013333 38580422
45171481 83051803
-18672569 90675010
-109057838 115655000
-115319363 68899093
-95823677 128293529
47913629 89637904
52012328 37952991
-77626606 37266733
142547408 65265134
-37764023 46981363
141749594 58079449
-114397481 106240643
46091582 85572731
142564056 68584267
141659820 57606916
52858472 36812723
44950908 82377234
-107502455 117700651
142187326 60890362
87729920 17411528
123522298 27896659
-103797716 121829697
129391676 33334725
136657455 43563440
-37633787 47083166
-61723857 36885317
-117673308 77416144
-111228176 60471606
86387089 17560850
91264396 117157943
130983385 99198480
-115924416 102240698
122163582 107487180
125975905 104390605
73572606 113420036
58907046 30217695
142583640 67339709
-18669909 82206639
-107482782 55125171
140819922 80339217
-107004663 118311632
-108052118 117002416
-67305345 136411098
97761503 17444155
-20692831 101097417
-36049222 124471068
-26604853 59121366
-31561156 52718496
142500981 64296802
-42156201 128927468
95178964 17242746
-56880346 135058269
-75840704 135882135
142434038 71043797
138220867 87602501
-29635903 117893131
120126711 108905372
-25608267 60714920
-20118527 99075977
68002659 110715708
-117045955 74488776
78623633 19163790
-35551073 48809755
-117789556 94774696
-41064308 128231176
131908183 36294918
-58252293 37484842
142072184 60040179
117865826 24038079
-66816765 136397113
94581040 117135456
-99593903 125574229
136506332 91067216
51673080 38429855
106811951 115108257
-21050112 70635861
-82228948 38349335
-43617718 43051350
-98943930 126081918
-21095776 102351030
-54239543 38499417
-41077823 44610305
119436128 24997657
121722191 26543343
92717961 117175178
138931327 48415907
49542290 41730930
-34090705 122709830
-89971221 41274013
-53710986 134190563
-77501376 135606719
53038932 97772655
73370715 113336522
-108464542 116461256
48443640 43688413
-18600962 83120452
-30531618 118968028
142392466 62804107
48084367 44376440
61447128 28053742
-80645201 37924753
-118446280 88554263
43010346 73691619
-106391336 53812102
102033832 18076488
-106104123 53481275
139775820 50654957
102321118 18132654
139041104 85661276
89021549 117048292
-64009735 136223894
-115365688 103826974
120135997 25451473
142569755 65985691
141194236 78881606
61646322 27896030
-19127191 78478341
-92503936 42568483
48616861 90984988
-117596295 95844937
-49063667 40353986
88713324 17325397
133453722 95979151
-108721600 56734272
-71206186 36498915
-52731283 133876321
-68791520 36426072
-32769166 121409534
57030956 102331970
-50201960 39890369
137060065 90019868
125545286 29578181
75752727 20093394
116928299 23502131
-28431706 116345107
43214417 59259985
124289425 28513227
140418627 81730078
72667332 113037432
-73602634 136163263
-99556636 47246537
81628093 115960294
140706090 53601269
-73036618 136218175
96547845 17332733
-24442168 110081987
135114141 40885064
82426675 18217921
-72822883 36613123
-110432568 113645712
140484185 81512849
42602323 65818552
-19842305 97968270
102708363 116139584
-111205084 112416727
-73831291 36711110
-95733270 128352408
-115553337 103312912
130858269 99347915
-83897735 133992514
-60620673 37048579
67886470 23700808
142480172 70394525
-111193923 60415285
-82271976 38361651
124988764 105253245
-25339434 61168730
-27415206 114933546
50323633 40453290
-80804660 37964990
-52982015 133958864
117709487 23946832
-80042107 135072747
-57270454 135149758
90365777 117126132
42870979 72525540
-115802034 70247233
47038799 87806470
-25486984 111932042
118267427 110074739
-34905107 123464955
-108582799 116303229
-27512159 115072736
57009781 32040172
-20056640 98836930
-106102845 119370529
-85093560 39261882
134747425 94049845
-20264334 99620925
-116829455 73640231
-34202764 50034602
141724686 57945830
-32492593 121124874
92184963 117173766
60696514 105687615
50512801 94194272
-113185628 108840493
135772245 92369955
-42285787 43842855
-39385587 127080286
137679941 88770451
140320537 82048639
95360674 117098194
-18788754 80982375
-35456779 123957806
142172845 73573606
-25251125 61320219
105852895 115382557
-38644362 126539267
47301894 45973024
141831691 75815735
-21921289 104624164
62525197 27219460
-54065447 134298811
98429416 17518232
-100916941 48364704
-87164018 40042612
-73094208 36637460
76977154 19673472
120132275 25449015
-71819139 136314327
100420515 17793300
119542421 109285199
135781965 92353286
-36532147 124877629
-44221793 130139872
-93878622 129500695
43077342 74182475
-45781562 41880220
-111821869 111374931
-118349034 90198677
-41089436 128247651
-39353094 127057004
128023559 102446186
-107611116 117564631
112076973 21131677
-23298261 107815810
-18743680 91439295
42821763 72046567
-89509991 41057469
43104165 74369434
-117998181 79417933
111739733 113360360
-108902457 56980901
-118427779 88951250
-117356808 75832983
111125433 20740328
138395828 87207037
77083222 114711961
-101234811 48637819
-77978008 37333334
-87066196 132846994
-22184217 67567191
-117482377 96420508
72100515 112787094
66400994 109771776
-25658176 60631856
108820335 114465722
-19096831 94181061
-87205843 132790874
92797371 17175813
136711913 90685342
-114856926 67709955
114323182 112202062
-55598118 38116195
52966358 97678629
-98317634 126555081
64361452 25901966
-118456143 88308662
137257293 89631734
-19498631 76440885
141331107 56052819
42624572 65159310
121405570 108032572
-40810865 44786546
56211465 32867265
128704492 101748520
-116443692 72261846
55193082 100370628
46192820 48524171
42833512 72165131
103837033 115892575
125254484 29325210
-34373786 49874213
42800241 71821459
-113080727 63801901
-83231855 38647293
142361974 71881137
120400330 25627231
134715327 40250578
85117626 116614761
-105975080 53334524
-70263414 36456575
139526711 49959857
-19707217 97383320
-86200839 133183957
-65628631 136343138
-114106108 65947883
-102218911 123336832
101114515 116442271
134133044 39360442
66508430 24513087
-53837512 38620813
-111759547 61367491
43059983 60291999
45876167 49331963
-103731343 50954584
-107270075 117988320
120569689 108609597
78168946 19298340
96579851 117015426
-108249795 116744940
142551967 65388378
92120745 17177503
100307054 116575287
139358023 84844042
-63563841 136181749
-104170302 51396151
134575158 40032493
-73114260 136211027
-81122541 38046871
-46277324 41630925
46011956 48980494
69035022 23068103
45676879 84488082
125902379 29894268
-18660747 90534071
-42899538 43471188
-18916815 92931911
122540931 27143159
-28479917 56440796
50411498 40314836
73055558 21146633
-114386829 66585042
45871137 85005579
83351676 18035090
108910921 19916192
-18602833 89758020
126658622 30584183
-97023999 127484933
115828137 22906791
89202121 117060861
81278951 115880572
100773722 17850648
79843256 115524874
-94017172 129418738
100500239 116544698
-115621336 69728140
141988550 74868314
125236312 105041182
136931084 90269257
-61549955 36909386
-56327491 134922943
-43636069 43040831
-23678509 108601379
59643945 29559421
108755609 19862820
-111423021 112055149
71359659 112447106
-116846424 73704561
86290364 17573026
141563664 77224426
-32079665 120691319
48232611 44089382
-113088342 63816914
-44752290 42420131
-118361898 90024671
71785490 112644311
116550719 23293789
-28202513 116035762
44687721 52824225
127018312 30922468
116715515 23384198
75012398 113986061
-112418388 62541286
-71017495 36489013
42670128 64240341
108054910 19629084
-115646120 103052082
-82886552 134308220
-84529602 133783208
119168304 24828338
-87592418 40217382
124613992 105569027
111060317 20714380
139669889 50355411
44598883 53124125
-81466549 134712350
-108316254 56192750
-118491612 86468738
-22737341 66262212
-111953219 61704932
62524637 27219881
-118488083 87020796
-18694118 81929871
52742072 36965626
89305275 17282968
112230716 21197069
66250124 24672044
-18541805 88664586
-32981427 121624966
-114298686 106467968
-73047279 136217201
-118060320 79871930
-58835366 37366467
-82424453 38405630
139816798 83578233
47180850 88117233
56924525 32126702
-21062053 102250317
101334148 116403737
120358146 108751695
-33223115 121867122
-116866668 99068580
43425276 58041431
103213425 18318286
108292362 19707004
70588827 22273060
-80358349 37853772
77988048 114997536
67473365 110412616
-25570381 112072129
51990502 96367397
-39273232 126999613
95157563 17241638
44957243 82397070
43996568 78976635
69646059 22747270
-95030097 128800989
-108394575 116554145
43334317 58545319
141248139 55695251
96795530 116997664
-56482232 134961492
-31138253 53187766
-115611540 103149829
-86713767 39863882
-106723979 54202703
-97485560 45690027
59163065 104364699
43935306 55629219
-76047339 36999357
87509467 116917191
140751891 80586013
47743715 45053945
134175792 39424405
-36141658 124549696
-56927361 37780875
74519064 20552817
137766446 45761847
42612112 68854445
132629051 37235640
-82448714 134437669
141499701 56819418
-46615012 41465040
102668548 18202915
-116464326 72331895
122382614 27025173
45414325 83759393
-25361257 111718866
73864162 20811891
-98290616 46275198
-116024299 70912422
-100193231 47759832
78304259 115092907
67585949 23872910
-19620281 75861499
-97570316 127099858
-19654744 75703302
-106058712 53429500
-118265103 91179270
68899518 111209998
142484005 70334561
-118364072 82855921
-81195268 134784428
-18533896 84369738
-101560760 48922737
-112377614 62466449
79558999 18901641
-61047702 36982398
96246545 117041028
-117837627 78364610
44916742 52080954
110999976 20690429
-57010972 37761074
134133190 94990054
101502102 116373588
98813570 116785753
-92869476 130079733
63953504 26183897
-29873033 118183697
46990292 87699050
94719198 117129742
105939127 115358738
44052948 55144326
82632642 116175074
135428237 41400105
106794626 115113396
96830304 116994713
-19257051 77709887
-56097997 134864803
118335473 24316787
-107704604 117446822
-23426425 108084518
-43729439 129862874
142494676 70161241
-24999610 111091833
-116480399 100463622
-111927078 111191316
117131669 23616116
58300155 103570743
42933446 61273548
81438687 18433343
-20093749 98980851
-106455949 53887340
-34831841 123398387
139451726 49756752
129294399 33229223
123490970 106478712
42901722 72803872
-91016914 131063851
118807516 24603976
-34505933 49751307
-113414238 64471599
71291377 21935684
140192298 51896567
-109834711 114545444
45943068 49157814
52939412 36707116
42786120 62683130
126138542 30106682
43420995 58064497
94002022 17195472
84694450 116548998
-117499279 96337308
133252118 96263102
-23852449 108949458
-96491178 45000236
140799039 80415500
105968929 19000247
42975423 60930522
46409512 86356728
58709667 103952193
-50173129 132948634
132838460 96832924
-117233516 97570959
130211377 34248564
-100198291 125086363
94524809 17213043
112421142 21278906
-87672639 132599721
43534299 57473007
64372969 108456622
-111513901 60948042
-51807820 39290785
-24817355 62082666
-87746578 40281408
141452292 77752754
-55770008 38070645
-107094426 54647442
-83099895 134243565
-68743858 136424536
-23179995 107564134
42868316 61849976
103318178 116009521
123308732 106621337
-38359435 126325684
85277482 116638638
-28369818 56588280
-110753780 59706065
52486468 97044993
-105286286 120280058
-21984365 104784756
-63452248 136170570
-104067239 121558862
-36536743 124881448
-76650850 135754952
-117250498 97496435
58396566 30689395
54781420 34449653
-65567740 136339608
115816383 22900622
-19122380 78508287
-94537947 43745090
43843618 78328110
-87373057 40127313
45932784 85166256
-116826227 73628032
-101280279 124173080
-63830061 36642949
79237832 115361270
85685193 17653567
136285314 42881586
-108538070 56487192
-117893790 78716303
-117975490 79259445
-115695693 102910818
130228835 100082190
129882540 33876525
-113803725 65287194
-46833119 131490779
-20968332 101966603
-109688830 58091611
-21296582 102936604
42601701 65841665
95764983 17276652
136263484 42842359
98967118 116766230
-116596325 72789250
-117446948 76257731
-28423596 116334244
-81454444 38134744
-65468321 36516660
-24942607 61859291
52497929 37290343
-118194333 80980783
-103635919 50860036
-75712742 36949365
53563882 35911363
-106758423 118606730
-105676353 52999189
-26957020 114261770
126946671 30854555
47897233 44745447
102295917 116223058
-108034935 117024635
67376885 23994275
-73139403 36641659
-18929063 79825783
89023579 117048437
-117443546 96608981
-19636349 97062912
120044778 25391380
69951301 22590999
74345736 20620347
-83340866 38681061
45803154 84826444
102025270 18074841
141631817 57464390
107066612 19318787
111212509 113575523
56695370 32361386
-23043304 65581718
-118488442 86989815
-81505914 38148590
-91923539 42255662
45367190 83624713
138737971 86405613
69774323 111669433
80447532 18670633
50477784 94139669
-54520002 134433438
48758275 43106422
-35627338 124107240
-35918422 124359143
-26930495 114222151
133235474 38064357
-117857892 94360676
101990561 18068180
-47674431 131885531
-18702315 91010370
42583957 67243431
130138579 34165558
110555703 20516868
44343394 80322699
-59635912 135634686
48607191 43383591
-49460692 132661775
-67630081 36432596
57419054 31630557
-43038591 129461701
-31994561 120600660
-114479665 66801189
-106076339 53449580
-83772033 38817302
141908258 58983364
55679803 100910900
-18497522 87192736
126645123 30571617
-90424862 131357715
-26027525 60028208
-28920552 116988709
-118118546 80328511
-80048507 37779118
101025319 17893082
-61284598 135903033
134802996 40388256
42842585 62095930
42883747 72642876
73556158 113413271
133464765 95963476
-18717058 81682603
52984776 36648181
-107110427 118183456
47472612 45612178
43416829 58087007
-114458634 106098367
-77891551 135533639
129113741 33034891
-64503412 36584485
-41083950 128244056
-118453148 84463855
-101315951 124142065
-91990249 130559229
-97871703 45967647
-80924919 37995705
-77085916 37169328
-116891403 98973562
73027847 21158400
77091026 114714505
66651334 109924644
109669006 114165777
-116714274 73212427
-71333879 136344323
120971898 26015642
132588937 97168655
55615027 100839903
43210468 59284657
-49550172 132698504
42806645 71889579
130954407 99233195
-111254939 112334619
-27168043 58276262
-85868671 39541930
101178839 116431090
-113661422 107865553
-116936469 98798435
-115946452 102174456
-105560677 119979394
127459898 31347079
-25993972 112768085
70542524 112054944
-36505318 124855315
-54581105 38399166
-25658633 60631097
-64714792 36568022
90284401 17228263
138514649 47417643
134205537 39469037
142503167 64334970
81419909 115913075
-38689319 126572678
-19178643 78165070
-29423863 117629492
-109191850 57382236
139045576 85650033
74746494 113885384
129831865 100530865
-40930135 44707503
117048199 23569181
142137080 73844947
140907232 80015008
142308092 72419955
-66539536 36463294
140162178 51803031
-85080380 133593100
-68658881 136424893
68215852 23515333
48452873 90679644
73415097 20995745
-32720880 121360161
142096282 60209361
67514667 110436576
112371133 113093391
140336626 52353812
-112122507 62004963
142195481 73395656
-118137220 92367848
42607909 68724309
-109697919 58104830
-19762082 97624773
-117353529 75817869
97798824 116902661
88290644 17360020
45537772 84106419
-98188604 126650659
-18560279 89044350
120907624 25971386
111769037 21002520
86941722 116855995
43157805 74729171
-89624897 41110881
140641743 80975530
73615290 113437561
92892961 17176313
60276637 105336071
140552452 53067949
120059656 108949553
98837641 17567991
47624010 45298261
-75420970 36907658
-82986705 38572348
139134966 48927091
-105056604 120527998
68712039 23242070
42646172 69669805
-54287166 134365064
63607916 107923262
-102863083 50112595
115416184 22692920
108081140 19637626
-116276333 71707080
-95216291 44166534
-113279416 108652505
98052918 116875357
108402142 114607241
-79676409 37692219
44227954 79891548
102307525 116220758
63592986 26438073
-53291547 38791598
-19903072 74628903
-76025517 135854319
-67616557 136417514
87732737 17411253
-88038886 40404473
-90503207 41530958
-47957673 40836176
-72934386 136227401
139294221 85012030
69987058 111777849
101062398 17899448
102601203 116161619
139174723 85321879
-98348689 46318365
53766793 35659784
127289259 103168952
-81640380 134665305
137058962 90022016
-21771639 68613873
-18507072 85182622
42609211 68765763
63317784 26635330
-118443631 88615519
142287031 61734784
72023233 21598406
58823842 104057030
99407348 116707576
76353625 114467829
-63264644 36699137
-53122523 38845865
-20631103 100894794
49445247 41895806
54523094 34750456
-93831195 43321733
78495384 115149449
128907019 32815035
-117412984 76095547
110406287 113891125
139857324 83461069
43260261 75371554
-113949354 65602219
-89534874 131781340
-115163289 68487605
-18715447 91150800
104345066 115772428
91993222 117171868
47776733 44987143
-54110908 38537859
137030374 44273134
136998370 44211130
-26425646 59398279
-91433473 130851199
-38157444 46678007
98452465 17520951
137803899 45841052
-110848394 59856308
-85713436 39484685
141550596 57062806
44209942 79822855
-116992262 98577898
114928218 111904900
142561891 65691634
-72347512 36574072
-50340992 133014381
-50602338 133115356
105078488 115589049
45533054 50257411
137401871 89341784
-52009793 133630564
-67309137 136411188
125711489 29724543
130311988 99986822
-18551699 88875324
-77425367 37229763
141142942 55258125
-78004660 135511854
-102298824 123263653
141411274 56410200
-96027465 44690561
-27108366 114486274
-103769867 50992898
96414846 17322334
137993264 88103583
122394071 27033679
-84134443 38935148
-21055871 102231776
-28219465 116058813
42659373 69921372
141676427 57692489
-44016677 130025363
-108153849 55980002
-35869948 48532880
-102828711 122770253
142176260 60803633
117087282 110759584
141264264 55763819
120438363 108697996
-59734253 135652282
-68127987 36426495
-35866911 48535495
42972908 73400178
-25895213 60242253
-101964766 123567456
85130450 116616696
-25666906 60617364
-68044870 36427168
-18719552 91193845
-18494878 85855324
142240244 73027581
-55182816 38228954
44621673 53046529
-35602908 48764424
59465752 104634503
-51760856 39307435
119886933 109062646
79926923 115546844
140450430 81625145
-82180944 38335644
-51891013 39261420
-76931340 135707738
-27759468 115423292
-67893041 136421589
45222723 51146697
142567006 65875293
-20936449 70981575
-115322863 68908446
78549862 115165413
102636037 18196232
-51023265 133274465
142387475 71603105
-85822349 133325558
-102159650 49459453
-23169638 65308427
125471473 29513597
-82718056 134358552
-70056255 136400686
-115031192 104702733
139886937 50975861
62481793 107098565
-54507507 134429800
-111154202 60350184
-110248689 113926956
104218518 18547835
49693549 41476780
130288152 100014210
-118263096 81650107
-117719015 95181007
119479478 25025287
84034360 17911728
126905367 103535192
124621466 28787924
130565540 99692981
102270408 18122613
-117903267 78777286
-83001982 134273367
123738139 28067634
-103830246 121797227
-92426478 130324183
-115729304 102814259
49286840 92182631
46533945 86653567
93035995 17177401
-18934215 79787209
-80147578 135047584
86639360 17529992
124435234 105717454
-46551655 41495923
-108991580 115746735
102942154 18260055
-105504605 120041236
-106226409 119228930
58438457 103700527
-118044659 93095810
-45457504 130803422
49432570 92433263
116503304 23267925
-22386239 67078522
141709826 57867058
-98911321 46743408
45814890 84857517
47156992 88065429
-111590199 111773020
141641873 57515319
128838413 101608061
-89226373 131923200
73038586 21153838
125838008 29836839
115762326 22872298
56597712 32462341
-100952124 48394706
-91113072 41835147
119978376 109002899
-62510038 136066089
69540966 22801686
75718645 114245123
-84725577 133716387
-105882421 119620485
-118152584 92238059
125888168 29881572
131033064 99138815
47122686 87990665
-118319273 90573194
104437953 18600861
-94548924 129098554
-107394644 117834654
86930488 116854718
111346410 113521540
95070456 117113490
-113861512 65411513
-73174283 36644928
97880079 116894072
-85113758 39268997
120910632 25973454
134271941 94781663
68896579 111208417
-18595610 89648087
57584460 102883038
45910874 85109338
-31535631 52746483
142432554 71062864
91967801 17179154
82725724 116193886
-60287679 135747532
-116562304 100180549
142506257 64389799
95609643 17266992
-59195310 37296989
61216761 28238204
131176177 35384840
-94449794 43691418
-112803593 109586563
-35806225 48587833
141700023 57815472
73496090 113388506
132976389 96644795
129967304 100379001
111124662 113610694
-118339083 90327930
-96008735 44678209
122036182 107580354
126580916 103838740
-18806339 80824121
84451328 17841180
54957798 100103699
87916671 17393665
131577485 35878375
106892932 19266570
140674153 80862159
-19335879 95574602
122210849 26898261
142141424 73812588
141486672 77592645
111137630 113605515
-23405375 64809680
-112660502 62992060
97224719 116959521
129650362 33618269
-114688317 67297546
-104324792 51554203
126994791 103450573
-96868076 45257499
140255846 52096016
-27050950 114401412
132691303 37319084
-21550178 103644350
-93652734 129633029
121814945 26610020
123760538 28085488
-103276790 50508704
116462853 23245913
90372357 17224291
-115276552 68785130
129460520 100940957
-35399749 48942811
-58306535 37473525
42586152 66701905
141246168 55686896
79497998 115432574
108632559 19820940
127052314 30954795
129454376 100947666
-20593263 100769036
43267282 75413693
-112774636 109641879
-25702709 112292299
49147509 42410886
66336530 24618630
84960759 116590816
-48640766 132315729
-53424760 38749294
59534847 104695478
66903944 24273850
75440256 20206271
48074002 89954032
55024351 34171124
134739813 94061784
-109739084 114685526
-107264515 117995149
-86493369 133072117
-31299401 119842803
68429268 110953814
139938127 83224601
134275813 94775816
118456378 109961049
60292998 105349917
141225996 55601786
93384844 117168942
48364963 43836877
-114206942 66173991
-75169699 135977200
136211026 91602285
