38
-119761315 5654060
87980206 -97548716
106421071 -55733673
57889768 -108676639
-112235675 -21618406
-99882825 44688924
-117623448 -9715376
-32931473 38582684
-83178931 -43393689
38596418 -105377009
-119718900 7013405
73839834 -11795411
105959464 -51303810
-21890652 -9635866
-74362817 54563033
-62382056 54225820
105899590 -66477625
96163619 -28240794
-34317128 40032997
48982352 -108125979
-66995761 -45148522
10097736 -40094494
83284944 -16469622
8604688 -44371328
-102695517 -32853247
101372590 -80769404
-116512390 -12975431
36841424 -104665169
15416794 -87181499
-97714437 46236001
-117088440 -11377131
106474227 -60557043
6673455 -62749098
103894215 -42738568
-118190789 -7688854
-117610652 19306583
-106237702 38980319
97248316 -29707805
