2702
-22830049 116734533
-20417043 111459318
26109038 -102270144
-115978755 83202425
41951186 -119048795
-59479471 43904656
31616834 -44516641
-117005311 94361499
116103648 -59394399
118715792 -68990787
-111312475 70142648
106377552 -43599981
-116428212 85690018
30384230 -45995747
87609421 -123827651
91222966 -32271434
107016007 -44314935
-43499795 137458170
-96570863 133663347
-53068772 45318024
99375279 -37237975
20009213 -85013872
109556102 -107056212
-39698511 51455485
100309694 -37955060
-63893365 143235822
29173869 -47569415
-25456264 121132666
-113349330 112127343
110452340 -105808915
-22801401 116680360
-46050237 138725508
-76843664 44308785
-18013514 103271626
119121727 -82567798
-109550418 119616745
45134242 -120974298
19411019 -78080393
104359544 -41508771
21491655 -91555866
70729623 -27277280
23450550 -96963884
41391659 -118675806
40119170 -117786026
-67952059 43342184
108037370 -45518813
-17304826 98701003
37943164 -38398446
-35077712 131803580
42387799 -119332381
100927128 -38448499
-45013589 138232184
116965610 -61835048
-26015541 64715730
43313071 -34607060
45302703 -121067403
-73490649 43754417
65339219 -127094190
-114668155 108474781
41740441 -35609840
113794316 -54248301
-92444225 136384543
-76317447 142460609
-17049593 95169167
-116934725 90485775
28680484 -106269575
-113472412 111821003
56674686 -28907283
109201101 -107528727
86692415 -124175812
87289857 -123951320
88396857 -31007337
-37709342 133844241
-92722004 50447579
-77118302 142302195
19627535 -81979386
-18673126 106099703
116635864 -60853072
70553636 -27272923
85685343 -124534727
54319938 -124930064
-70882167 43483124
115571091 -96459345
-116758969 98395553
-115992480 103397851
-73498049 142911453
45630454 -121246130
19647366 -72335364
116482585 -94101134
77032371 -27845014
119381317 -75744410
110472338 -48739282
-58801107 44012860
107865201 -45310411
-73205301 142948850
-56385322 44476575
-44145937 137796500
-101647037 129398403
37086584 -115411596
-32225699 57421816
-75564918 44069700
89807460 -31612035
-88897369 48375655
56788181 -28877546
-17910981 83914886
115239980 -57282500
-115804508 104272794
30833122 -109075831
79582887 -126212710
104756937 -112617736
84059364 -125063776
-29815923 126742445
93460901 -121092110
-108816117 120769532
25019813 -100281848
119057724 -71382995
-37465632 53000024
-110630495 117782662
-88675872 138398314
58195678 -28532233
-18348275 81867641
-68367312 43351685
33806644 -42148345
19432610 -78942524
-20011376 76287115
91878467 -121924139
97897908 -36173055
-21678974 114418124
-22554155 70460839
19448632 -75154265
-41447242 50365469
116146849 -59507737
85418556 -124625765
20192126 -68418697
-112395180 114326734
117189011 -62541701
-21453837 72739727
22508120 -59917570
-88318207 138568482
81448301 -28731970
-85117441 139941718
37199376 -115506854
108933757 -46642384
80652842 -125977983
118598774 -68320914
-19297439 78401899
-115987185 103423583
119232014 -73112749
112992252 -101756425
-112871217 113265508
-51739707 140942645
119112399 -82654459
28247624 -105652129
-31463417 58176310
-108532830 121196351
22051367 -93312789
-22314799 70932231
77672871 -27948146
-49380166 140119971
106796869 -44066421
-23447725 68801486
53933774 -29713278
-92343750 136443732
20630048 -66256350
92623638 -121541328
30287417 -46116963
113097500 -101568204
-46549198 138952657
-28833212 125614741
19426244 -75777952
-17143959 96909915
-59414326 142752204
-17310489 98753189
34165188 -112730913
29387015 -47282750
-17029311 92174642
-42365740 136834804
75747350 -126855735
-33063301 130037945
-43301045 137351671
95762513 -119747871
-101960348 129094910
-18924352 79651138
23498776 -97075976
-116866251 89468109
112626633 -102395910
119376789 -75601793
-45039115 138244684
-60854375 142952325
-108371927 121434619
84486807 -124930641
-83424472 46102516
47982025 -32081323
-86583499 47321373
-99401939 131427293
-115036085 79402874
-56784067 44391514
-18839651 106714407
62315451 -27764778
93926652 -33686171
110125834 -48246691
-89150104 48499545
-76770733 142372616
-106184730 124410763
-66826094 143333058
61662863 -126656780
118247103 -66564899
119195121 -72691074
88986588 -31253914
-108108865 64848919
87186619 -123990735
-22794726 69999122
-102803960 58416181
43535364 -34471875
-48439279 139754425
69426837 -27259717
-107665448 122447208
-116996709 94717921
-114470504 109083300
92861262 -121415913
-18320264 104679643
113442683 -100937114
-31808207 57831029
98851262 -117668566
93822387 -33627657
42266433 -119254200
116308107 -59938297
113132791 -101504663
-27914778 124495956
22962699 -95784809
48660612 -122753668
103299156 -114017535
19646481 -82175109
-30400885 59284307
21234512 -90663931
42136287 -35349613
23688006 -57010712
104497236 -41643918
26205121 -102435740
48286312 -122581133
-112194493 71911629
62857030 -27690230
-34795288 131567347
-54737222 141802321
-22963802 69681479
20753262 -65723762
-100959682 130046065
29240581 -107040192
37037540 -39149425
19799632 -83534946
100055424 -37756451
-32965492 129947227
26414602 -102791795
19411581 -78113958
70039039 -27263741
105484658 -42644591
-96046749 134042247
31111624 -109410485
55620614 -29197143
-99605854 55413850
-54748754 44861596
71178112 -27291186
-64146734 143251031
116732908 -61135155
88725785 -123375648
113488783 -53668252
-50064262 140372154
-82173879 140980403
117987547 -89077768
-114671099 108465511
-23061757 117166903
-34674519 55201591
-58801964 142654120
-65279620 43363574
118812583 -84929126
-60808065 43720285
116262330 -59814841
-17032661 94628669
-114260848 76965366
98339010 -36482493
108145668 -108868335
-91619670 136861037
113478127 -100871071
117502160 -63599759
72706397 -27368870
-112278575 72089864
52436667 -124292679
55143477 -29336550
-17433183 86887021
-72045110 43586993
-17140367 96859471
42531929 -35094838
-79248747 44852938
-112027847 71563646
-109597877 67127051
60381227 -126438817
32796153 -43203217
-117015867 93372111
119145687 -72181056
-109096881 66329910
-32339639 129355054
-112322988 72184751
48236065 -122557687
103040251 -114254599
-108252580 65057374
110532348 -48825888
-103591924 127424372
111214061 -104681282
29210324 -47520081
-40082241 51207666
95757216 -119751157
-25328070 65726782
19912925 -84373458
-81127980 45366256
96353591 -35143980
-116941284 90603182
50000537 -123341103
-95365020 52146936
119355177 -75044267
-40134564 51174258
19524067 -73800810
20000904 -84960759
-108791946 120806322
110608618 -105582897
-63140380 43483840
-87635283 138883833
-98523987 54510239
60206235 -126406389
-112451026 72461244
-32482500 57174801
79342400 -126262097
-47639592 47240476
117503400 -63604129
104614002 -112760074
-116700859 98937262
19771004 -83304339
93464277 -33429166
-90601646 137420964
-24248215 119235671
-90567941 137438979
-28784468 125556997
-114697498 108382120
-61005100 142970809
90489682 -31923126
-26549747 63965205
-47636968 139425258
-29596870 60169920
19964302 -69797254
119390404 -76081692
-17068855 95634396
-20892716 112637656
-49004956 139976816
-86688085 139300846
-82576677 45816457
-109777601 119245489
37849632 -38474353
27718926 -104870054
71083629 -27287921
-116667783 99223124
104105885 -113256918
115748294 -58491847
79177061 -28224083
-116999934 92070684
-81322556 141242907
-100392926 130562075
94991314 -120216712
-116860108 97277155
-113764396 111069721
24008825 -56301364
-116973219 95398465
-28935373 125735192
-61103404 43684223
-116367291 85306069
-22763890 70057654
108092848 -108932965
-19268196 108171160
-36880685 133231663
-36238479 132738386
96988210 -35556870
-115188304 79938728
-99235178 55098396
-64413815 143265665
48085168 -32032559
44980510 -120888593
-17039579 94872649
-116628780 99543110
-17753781 101891775
-42501810 49755209
52197830 -30313594
-115499979 81114895
-63286149 143194115
43207267 -119847460
-18473679 105319018
-22412084 70739143
-116086476 102929083
25640405 -53078667
82615849 -125482678
68576242 -27266568
54354722 -124941057
95037424 -120189213
-42578692 136954787
-17033789 91995354
61892751 -27827163
119256959 -81095173
-90560279 49223767
-54429206 44943589
117948544 -65282451
84037690 -125070416
104944924 -112428772
-45717593 138570382
-20661821 74590391
-19767563 109691792
-97868843 132679254
74856240 -27557839
-33010623 56677690
57378884 -28727353
-92788604 136179267
91007211 -32167434
102330595 -114887600
44280869 -120489493
116251278 -94734238
-113455626 74803710
-114519435 77731740
-56371622 142187279
-75862886 142544500
-109680836 119404507
-115583384 81450755
74574903 -27527783
-43225391 49356009
-85306759 139867748
-52881355 45372860
-113864862 75864216
53982061 -124821829
-100383212 56096055
52443877 -124295279
-18362487 81807483
-116445531 85802833
-111166197 116801475
-45406431 48244266
29669025 -107609493
-111849768 115467614
-113736282 75523193
-110378616 68440181
115995407 -95405434
56519068 -28948520
20644720 -66191517
102660838 -114596042
-82748253 140793849
21646793 -62453559
103683809 -40860342
55305922 -125230913
81351467 -125811383
115928328 -95576734
-49193614 46617610
-22258416 71045097
19959927 -69826299
-21493439 114014502
-98484645 132188494
-61550401 43633031
44384897 -33969640
-66369071 143329235
-17950818 83709515
113195161 -53127595
58260262 -126002001
95899946 -119662304
-110400350 68478079
-31481477 128508781
119289271 -73870318
102309755 -39613596
49348590 -31458301
-28862200 125648997
102323993 -114893376
-78172042 142072931
99803202 -37562032
24903631 -54462960
80533790 -28514106
-18017654 103292017
-17084909 90707025
-17378068 87326136
-116948214 95933838
-78469417 44662929
69940196 -127256839
114315140 -55282109
-101498475 129540472
20776133 -65627732
-75946378 44137420
74430783 -27513010
102510534 -114729382
-91390029 49676793
107345154 -109824882
85337332 -29866274
47563354 -32282231
-72343393 143048785
-72546818 43640273
-42168713 49944270
82201178 -28925050
25117795 -100469772
-62221266 143103004
102303040 -114911694
19784608 -83415018
60407234 -28075841
93414443 -33401847
-88546429 48206536
60380937 -28080659
-22781800 116643203
-17101354 96255733
72896745 -27381833
62849081 -27691281
-104292819 60010305
-22785032 70017501
75377436 -27617779
22493870 -94563270
-91925485 136686753
33558720 -42401491
-17178443 97362035
-52796877 141268999
-54013368 141613172
41910289 -119021899
19525348 -73782380
-27828307 62279690
-20023058 110411899
-46169920 138780595
-114051084 76372001
78585304 -28109850
115756030 -58510963
21735601 -92349335
49201633 -31522933
-50016826 46311805
100774367 -38324922
116758140 -93310017
-25094222 66083200
98920305 -36901262
109964244 -48021216
-78540691 44679757
73418489 -127098313
119303492 -74086538
118106012 -65939746
-73866779 142861847
39630615 -37090959
24196553 -55899443
-78729308 44724822
84717852 -29662499
-45447867 138442406
-90109567 48986133
116422812 -60252126
-47727886 139463379
109550044 -107064374
-22128744 115359422
-19032410 79276874
97930935 -118323444
-108755666 65805425
89601775 -31520654
48859821 -31675448
-44198873 137823688
-77313305 142261560
68596130 -127253180
-116436894 100920483
-18885925 106879905
-76310537 142461917
90678610 -32011474
-111715556 115737415
-104819812 126057459
27368882 -104334146
-108937695 66083435
-83575275 140511660
100786139 -116185014
-37763260 52783645
-63667472 43445663
-116748648 98495966
113312669 -53342068
95416248 -119960738
23585664 -57243364
-21290573 113562017
-117006174 94318639
-18591324 105785816
-64770600 43383857
99544658 -117154045
-96244695 52766480
69815039 -127258024
-48387222 46933278
19487903 -74369223
49884337 -31227422
19487607 -80145087
33375550 -111928579
-90117238 48990129
108311688 -108663754
-63188290 43480138
-103638228 127374625
-49933437 46342035
107506567 -109635875
-26615544 122792080
97500149 -118619382
-41781482 50168328
-115468888 105674658
119403295 -76945261
-113162832 112580729
-21763695 72067493
112022934 -103406425
79957770 -28386161
27987407 -105271180
19417197 -76123420
-55978398 142099944
-97396877 53622020
95509851 -119903578
-35298485 131985802
-115366950 106068181
-17223622 88780302
-95985528 52581000
-17305322 87961243
119239292 -81318276
73282994 -127109041
-63460526 143206853
-109943602 67697295
-100871906 56539810
51909909 -30420125
33700898 -42255879
61832092 -27836418
23924797 -56484334
33044135 -42938587
-111078961 116964860
-20962420 112803361
42484954 -119394610
-71892460 43571797
119028123 -83381357
108525217 -46122073
-19399301 108586657
52845023 -124438000
-83669234 140478576
38144479 -38236326
48293464 -31934958
47815996 -122359000
48784112 -31709645
-99080233 54968365
63351032 -27627483
-107424991 122780046
-42238615 136762522
-46813634 139070375
-28957130 60906093
-45466317 48215614
-18005805 83433297
-89240635 48544354
-87405297 47679594
-72690005 143010418
31451670 -109811196
114310421 -55272469
46109404 -33017779
-29991886 59729494
-43770757 137601513
-29608717 126510279
-112829526 113361149
-17721740 101705251
82139582 -28908784
104925324 -42070854
-17532319 100501195
-106345064 124207606
-74502488 142769749
-116110292 83860358
22315615 -94072126
56324555 -125518604
118205228 -66375419
71411082 -27300000
64640852 -127032292
27039272 -50703999
25164928 -100559485
-23104452 69421363
-111805357 71109492
103057442 -40280461
-58892935 142669184
-81354491 141233359
-107849112 64477790
-58321707 142571730
-65410288 143307633
-100234914 55963699
-105584623 61514365
-109903376 119036781
-115000258 79279962
-25462431 121141884
-26352952 122428541
-21602038 114251899
24413355 -55446497
21707344 -92259777
118769426 -85202174
45789967 -33187452
56450314 -28966910
68360813 -127248822
-111369499 70251898
-50272638 140446727
-17198403 97601776
-17052764 95253548
86111993 -124385633
-17071837 95698254
92545757 -121582078
-116928758 90383035
-109846706 119131101
50659273 -30906453
-85735351 46969839
114042133 -54732785
-116391414 85455804
20905531 -89419932
83730242 -29355986
-17938653 83771745
-97828684 53956126
-37073122 53290552
-107787231 64390422
110224100 -106134312
-17882680 84063658
-17553688 100647201
-32906397 56774657
-39890750 135336124
-66304813 43338475
-98553943 54534569
-21755908 72084070
22844950 -95486847
116977021 -61870279
60312419 -126426143
-78150076 44588883
27950733 -105216878
88883750 -123309146
70778334 -27278595
111534372 -104186569
95060203 -120175604
-90078688 137696770
112690259 -52233239
118797897 -85023148
55791814 -29148375
19405781 -76872744
-96083351 134016120
-44505457 48687245
107026742 -110192227
109315266 -107378037
-57822365 44185893
35485595 -113995560
117797616 -64686510
119355494 -75051407
-28389514 125082494
80469556 -28499484
46415384 -32858017
-98801796 54737361
-32784679 56888600
22223590 -60707306
118938300 -84070086
86699236 -30346125
23106375 -58378408
-17377619 87329843
-104539141 126378918
93765806 -120923383
-94834753 134879903
-79189598 44838051
-44963571 48459199
-97649191 132850508
32725277 -111239860
-100639662 56327454
19410364 -78039466
102299329 -114914937
-108659508 121006662
-17265331 88345161
-40176263 135519138
112146081 -51314795
22619060 -59620469
110372278 -105923686
-19383430 78129814
112509625 -51923383
97668103 -118504790
111806523 -103755939
-19438300 108707870
83111301 -29175227
-92095252 136588767
-27083426 63243570
-109872542 119088160
-105298019 125496720
81610667 -28772556
65381518 -27421801
-19352039 108438322
98400247 -36526014
-54248819 44990869
-72198849 43602776
115353264 -96974965
19490643 -74322277
-32588904 129593358
-76806744 44301398
-91778201 49895790
88525747 -31060473
31724468 -110126587
-17051891 95230704
-73875630 142860622
90366745 -31866152
-24331700 67293821
-17320771 98846674
41186979 -118536627
107065537 -110147855
72479733 -27354385
-54109940 45027760
76907989 -27825974
94782940 -34179278
118078205 -65820769
-18809143 80062761
-100320953 56040360
-114115945 110113885
-96253372 133894104
117970693 -89146843
44474631 -120601521
-117014649 92982343
76881056 -126697530
-114886248 107770454
62565862 -126789864
118102089 -88596541
21462352 -91457290
-17758443 84748270
-87842694 47877463
-47348251 139302803
-88415667 48144380
43368371 -119946141
-85293818 139872832
64876798 -27465115
46851999 -121884755
-103395225 127634197
98170876 -118155716
-116420399 85639675
81195038 -125849609
-104913693 125948690
44149615 -34106476
-19691227 109469623
-19859862 109955989
116517913 -94002052
-41262276 136190761
32019777 -110462101
44952473 -33646537
-44363867 48758916
99102877 -37035421
28636468 -48311737
57364637 -28730886
19553129 -73404530
73536834 -27430784
117257392 -62765576
116850166 -93035903
40244258 -117876123
-17597027 100934524
102595394 -114654232
119402744 -77652079
-22994889 69623669
-17239209 88612942
82037776 -28882084
21084614 -64406326
-46263658 47843362
-67211300 43333800
-29371204 60426303
-105281731 125516096
115942138 -58977805
90394379 -122640499
67152507 -27310442
-34134482 55666277
-24601202 66857110
-35839184 132423232
-26854048 63550418
44548097 -120643695
42215237 -119221072
68621431 -27265840
-49518169 46495079
47948644 -32097166
-47596863 47258461
-32557630 57103197
33043195 -111579840
-33116409 130087000
38735507 -37770141
-26607260 63886121
-17018830 93876380
25392374 -100986317
20775047 -88887151
-17490113 86463317
74382078 -27508113
-27689202 62456044
20619951 -88218221
25422992 -53476397
-19029281 79287558
-22301942 115708932
-23621875 68494735
25128769 -100490701
72597993 -127157609
110715252 -105427138
108004374 -45478695
-45289308 138366251
101709754 -39097471
-41553796 50302241
-115313195 80396283
-90994041 137208786
61631362 -27867590
50374598 -31022594
50717586 -123636509
29986544 -108020755
-34089728 130961446
-29909846 59820106
-23776308 118439978
114808329 -98199450
99998334 -116807203
-20243405 111006433
25320945 -53666083
23942177 -98073093
-31530842 58108258
-39298356 134947584
-106419099 62553775
-104668038 60434860
-115065119 107163487
-110142929 118632781
-63639173 43447570
19505790 -80444103
84240616 -125007834
-100302642 56024015
29721442 -46841426
-71692655 43552621
-17274655 88253024
-93342233 135841338
-112297508 114536587
-22846366 69901519
-17260454 88394038
-115900150 103837145
-103411377 127617057
-30001829 126948295
40632685 -118152194
-19676000 109424895
-29269116 60543455
-110000161 67792242
-83590263 140506397
38760971 -116769045
19853428 -70572953
98928396 -117612242
-99996665 130913572
41587067 -118807304
-89417697 48632650
-17503500 100299340
-27918566 62166129
-32109517 129132102
-22586101 70398845
-25163057 120689241
50774473 -123659390
24234635 -98700394
-115976138 83189785
-105575743 125163233
-116783586 88519318
-19670411 109408444
34889159 -41083668
114774091 -98273530
43355655 -119938383
-117014446 92954549
-103130099 127913229
-17015882 93327005
-106923368 63210462
45375090 -33412273
106224069 -43432158
-76196096 142483430
-97936852 54041007
19405340 -77584749
43157448 -119816775
54881417 -125104109
-51554166 45784125
23433244 -57595950
22722975 -95172150
67036824 -127203631
-103765041 59429152
-97913785 132643971
-17462722 86663756
-101081674 129932896
40627795 -36370670
19572248 -73164805
-116097216 83792842
29890941 -107897854
-116709569 98859488
64129465 -27538727
-96999487 133345709
-30208177 59492720
-89239012 48543548
-105351734 61234160
106120140 -43319383
79915693 -28377094
53087573 -29996989
31369161 -109714749
-17961481 83655308
117174663 -62495197
-85250807 139889702
-58336187 44092552
-112621562 113830294
114053320 -99764457
-111368743 116416393
113063053 -52889405
-114987820 79237564
105592150 -42756982
119212051 -72879497
27710612 -49661927
44834342 -120806445
97771236 -36085496
-74574301 43908017
-29480112 60302130
-102256717 128802891
85072697 -124741295
36498381 -114905450
113203297 -101377059
-117006844 92382793
114950092 -97889285
80538373 -28515152
52295561 -30277889
63666765 -27589994
50839025 -30834167
-35798759 132390956
117969103 -65366088
20366185 -87020083
-116950692 90781022
-18402632 81639318
47377078 -122146260
-116902078 96704976
43313851 -119912840
60346919 -28086913
119216949 -72935550
-17122517 96597188
-18794675 106551407
-40829268 50739273
68861685 -27262656
-64062296 43420731
94706879 -120384863
19511380 -73988905
-44675712 138065027
45214032 -33500921
-17112216 96435703
31766810 -110175066
-117012467 92749087
-51019295 45961389
62029510 -126712848
-111000282 117110982
-117004632 92272838
26480270 -51617383
-27898475 62191349
70054073 -127255489
72987045 -27388238
-108579734 65540503
84580787 -29618619
-17344858 87607210
-95124819 51982631
-37331706 133568350
69095067 -27260668
117324160 -62987870
-41904372 50096720
-86813864 47420023
-75221177 142655555
-110632875 68888421
-111977978 71460836
22607092 -59652245
100634758 -38212849
-20752940 112300238
-25304621 65762224
-26885057 123158189
95423480 -119956332
-102351897 128708071
22725891 -95179746
-25725832 65135336
88466612 -31036042
-40700794 50818525
88064209 -123647287
32121841 -110576667
-93773861 135570967
84436978 -124946377
-106197273 124394948
28705499 -106304658
-54611833 141770383
-29294730 60513992
-116874099 97096149
-57525125 142424411
93114667 -33239060
-25232117 120794609
-111233326 69992090
-17016116 93486484
95839325 -119700124
19910255 -84354859
20915274 -65060696
-117015071 93618028
-49580040 46472012
48533541 -122695513
-18151244 82738739
62574476 -27728371
23710063 -97558437
-81564519 141169986
67965612 -27280414
-27390453 123826457
68917165 -127257339
72288594 -127176450
-18273535 82189645
-113912663 75992948
-37224683 133489172
-76295334 44202046
19529470 -73723761
73442370 -27423040
-103310917 58943443
-26981992 63378657
-79787202 141674844
-28906737 60965330
-76606949 142404912
25273810 -53754366
111039215 -104946034
-77148263 142296005
106057610 -43251865
75434686 -27624701
103079558 -114218823
111119197 -104825379
30855729 -109103219
30016098 -46460834
65405902 -127099585
-83795114 140433921
43602568 -34431316
-100888823 56555384
20280856 -86581131
-18022680 83350124
-21366740 113733317
-113116417 112691636
-48784400 139891050
119383214 -78711097
34144754 -112710601
19931950 -84504586
-105214082 61070476
47220143 -32450517
81381889 -28715536
104638092 -112736164
-115130491 79732525
-20938681 112747115
-17089005 96036562
-99090356 54976827
-47597440 47258218
-116933459 96203175
57063602 -125712860
114120467 -54888682
-103716911 59377057
-40783740 50767296
-96199026 52733615
-55691694 44632671
114704083 -98424026
102671468 -39932852
117716531 -90140969
-101336810 129693752
-20492159 75015580
-69847454 43413661
-116424621 101000002
-109686774 119394787
-88905979 138286990
20012904 -69482072
105116533 -112254500
-75308081 142641019
95229706 -120073816
-50841600 46021764
99256685 -117369986
-41817727 136519678
-84456107 46473643
19581537 -81466129
-91095758 49513793
102777519 -114491783
34655320 -41308223
-108111401 64852578
64575177 -27493461
-89288370 138098765
50941431 -30793346
-38801787 52054309
-22695382 70188369
114717233 -56123567
87985828 -123678740
119126712 -82520903
-113634851 75259357
-98054049 132533318
-38506419 52257750
20845822 -65340157
53400300 -29890180
-18635445 105956149
74643517 -126984458
66986943 -27318181
46264837 -32936286
-39398637 135014203
114705833 -56099145
29853370 -46670085
95990068 -34913566
119396675 -78131971
-114833681 78723214
27534769 -104589983
-26364746 64221819
102423792 -114805844
-116602052 99753053
-115915821 103763945
28317585 -48766147
63849273 -27569251
-42089723 136677237
-29383569 126254674
100374826 -38006361
118136336 -66071008
20340702 -67628256
118444128 -67508114
86819427 -30390609
68249766 -27273042
100254842 -37911992
20953170 -89608378
30500356 -45851362
71088492 -127231338
-21549007 114136384
-50912609 140669289
-38061054 134096367
-49151920 46633537
-116352160 101453247
-23033726 117115133
-20851483 74127994
-19009449 79355493
26256822 -102524244
90122107 -31753978
113330811 -53375404
78861660 -126357146
67590677 -27292614
111496482 -104245760
-51588310 140893802
-26861024 123125824
50778622 -123661056
-41191680 50518578
-114193303 109895149
60853710 -126523163
113049815 -101653719
24157756 -55981748
71852154 -127199755
27808634 -105005017
-35262714 131956422
116497089 -60458887
104022318 -41182133
76847496 -126702594
-17032276 92053100
-72708953 143008250
20251129 -68096338
101241810 -38706217
88281797 -30960257
80745705 -125956448
117278589 -91683681
119362142 -75207314
-17802671 102168571
97999270 -118275888
-49949059 46336359
-79566896 141732510
49599002 -31349464
-17800607 84509772
-51756414 140948003
56134963 -125466818
48085300 -122486926
117190093 -91974209
-25590639 121332513
24524922 -99301557
42023217 -35423397
-17017176 93693267
-64195970 43413001
25724622 -52926870
70261465 -27267060
-58060134 44142011
20521949 -66746987
-114187554 109911516
-64234945 143256023
26588712 -103082703
-114708548 78319773
-17124549 90038727
-112614175 113846723
98531183 -36619538
-30604649 127600344
-112104804 71723489
-93559384 50960756
-116496620 100520667
21248715 -90714869
118096322 -88621288
-39930620 51304992
88844537 -123325713
-44216998 48833858
62889535 -126833475
-114875065 78859354
-95723497 134270844
95880955 -34845258
-26411504 64156638
-111287272 70094573
-114348239 77219822
-52259142 141106200
78154728 -28031369
53911637 -29720487
-93867670 135511392
89001459 -123259176
99666618 -117061610
73162021 -27401117
119010622 -70997826
-47545041 139386500
106259530 -43470796
-41456360 50360045
96447741 -119315049
24445473 -99139048
-44498055 48690978
-70907330 43485082
117899563 -89433778
21695996 -92223645
-105303131 61176203
75661085 -27652732
29910699 -46596104
-116996817 91952811
-17021053 92614302
-33258891 56448929
-56914014 44364528
-17373285 99301047
-116998372 92010302
-25908877 121797679
-50158616 46260787
49868454 -123285263
25262771 -100744321
-48514180 139784329
75644723 -27650671
115454676 -96736913
-82142468 45676453
-62122146 43573481
-50564509 46117400
-66657123 143332131
-96931849 133396305
-26726611 122943800
-113445659 111888087
47471523 -32326939
-17647930 101258404
69349912 -27259741
116535571 -60567146
24710421 -54844122
46825240 -32648202
-79973518 45041601
-116973391 91272543
106069227 -43264389
-22186025 71191061
-24926155 120323323
106449650 -43679348
52709728 -30129129
-17820291 84400674
-46519739 138939428
23909137 -98000773
91118968 -32221145
107737110 -109362584
71715522 -27313158
68770670 -127255697
118763497 -85238935
-57480235 44251126
57373919 -28728584
114901859 -56523978
-47683260 139444694
96099032 -119537252
21637903 -92037158
93765027 -33595605
-96591339 133648333
-82673093 45848139
-18503583 81227350
84210315 -125017239
113859683 -100144586
-107458119 122734531
19407744 -77847979
-66142246 143325786
119136057 -82431821
47516199 -32305159
57593280 -28674732
-62260155 143106735
61154211 -27945045
74609107 -27531351
19658161 -82291940
-17054268 95292292
38381182 -38047887
63029235 -27667789
38142463 -38237941
-98030504 54114887
19410669 -78058792
19425398 -75806775
-116545166 86488714
-57939217 44164179
93512338 -121063840
22672661 -95040472
119008492 -83538449
78370666 -126449182
-17125771 90020283
-116792850 98050774
75784894 -126850918
-46027447 47951863
-26375078 64207397
28915950 -106597312
-90775178 49339148
-96202554 133930687
22542734 -94695168
-63098920 143179757
-109646870 67206826
-67264754 43334038
-17331634 98943730
-92826272 50510250
-36815189 133182110
78726845 -126382922
-102157549 128901146
61922962 -27822581
-93401848 50862478
66859072 -127194888
47504738 -122208682
91522412 -32417896
-29831804 59906717
87351251 -30591667
80978975 -28617893
48541250 -122699054
119402948 -76894208
33716142 -112279085
-30033496 126983131
22686963 -59441407
-20483109 75038581
19707396 -71762494
105788765 -111555039
-18902821 106939792
46278230 -121590126
-26390082 64186474
36075961 -39987430
-18562574 105673473
-47771740 139481691
-23805440 118490082
-23712308 118329429
118864597 -69933229
-116553590 100116889
-112657919 113749206
22991170 -95856025
-112250435 72030012
84868375 -29711190
-115483874 81051166
-56943026 142308285
-56572190 44436289
-104439916 126491247
-22485718 70594366
-80185270 45098916
-112583554 113914653
-24430428 119534166
-99150865 55027508
-79908711 141642579
119183240 -72563383
33167131 -42808749
96250696 -35078316
44288872 -34025280
65365036 -27423134
-24284812 119296001
-83141621 46005197
20514102 -87735880
35582498 -114084795
-27731603 62402117
115963605 -95486876
-113226646 74239826
59221977 -28307483
42526479 -35098312
74051629 -127043265
-69547109 143269306
-20851716 112539403
57513732 -28694139
116498092 -94057724
-93909441 135484770
70976332 -27284431
19761126 -71296746
40098120 -117770806
-31351405 58289944
78367538 -28069671
-29998843 126945007
-53566705 141490657
43799994 -120206427
-18788738 80137107
89753690 -122931384
-55409278 44699205
-18158013 103959269
-70756210 43473515
-84727525 140091281
-60516440 142909191
-17091334 96079239
-18728469 106307462
78330929 -28063014
-17045204 95045560
-114686870 78251084
-21351183 113698469
67252731 -127213398
38849739 -37681690
-68951027 143295957
-83866442 46258387
32034117 -44041182
26816656 -103456926
28066985 -49130941
65399643 -127099082
106962800 -44254290
-79180242 141831133
-73536526 142906407
49757301 -31281498
115107741 -97537630
-49348023 140107843
-108852695 65953115
36229049 -114668318
-18958450 79531851
59829316 -126334348
19814115 -70871036
41488833 -35778057
-28104366 61934470
20058022 -85318649
-71499759 143131961
20978480 -89707263
-98799735 54735664
106820854 -110425964
61394665 -27905421
-64791396 143283911
85747815 -30006257
-99304298 131510089
-22684778 70208686
69904974 -127257205
117977760 -65401494
-100685210 56368890
59215794 -28308770
-61381855 143014982
23476013 -97023161
-17029915 94517979
-115276394 80259669
-95637556 52335861
-67712730 43338275
-52869057 45376486
29953948 -107978941
-60438312 142898886
119256434 -81101983
-19410568 78045052
-73297984 43729636
-107708750 122386654
-68292674 143317114
-47800698 47173081
107055829 -110158969
52748366 -124403963
-85230125 46769040
-50877978 140657494
-112901233 73470525
83407911 -29260770
-95261231 134591148
107157385 -110042379
-17190880 97513038
-63543630 43454130
24759986 -54745567
-75800380 142555696
-83476991 46120794
-76073768 44160716
-86961523 47483976
116738741 -93367137
-100513156 130453933
117682479 -64251412
99076295 -117503615
-65895199 143320858
-111062169 116996144
107238448 -44570631
30140707 -46302135
-83935489 140383677
86062272 -124403231
-91632693 136853673
100312464 -37957239
-18119570 82885895
26915394 -103616765
-111049824 117019108
-86063758 47103792
29530685 -107427511
-100837613 130158552
67137655 -27311114
-30854929 127864354
45742682 -121306602
34639923 -41323112
-17032249 94612661
-21077275 73594006
-62989404 143171030
119015239 -71034515
-108249919 121613343
-112819880 73283638
-40755815 50784518
56999406 -125696464
-52947589 141313447
68644634 -127253941
-36454124 53760966
52712970 -124391442
-111074351 116973454
-100026936 130886984
107784845 -109305499
93100140 -121288184
53436829 -124641569
-58576903 142616110
-72898857 43680719
46586008 -121749332
19547345 -73480065
-90689733 137373727
-116704766 98902510
50387303 -31017367
-113849972 110842501
97219971 -35711095
-18237259 104317316
-115121757 106965175
-88819147 138329169
93663700 -120980196
-57398620 44267052
-66025178 43343234
117168826 -62476327
-116872952 89555526
25110307 -100455479
-21533406 72564586
-110315611 118336087
99797585 -37557731
-18928236 79637493
-108823863 65909110
31807773 -110221848
-18344965 104785136
47209473 -122063622
116412794 -60224456
116332179 -60003622
74878466 -27560282
26118349 -102286255
119131004 -72039244
112439799 -51804959
119363815 -75248428
39084355 -37501669
23890269 -56560086
31807572 -44297805
49060803 -31585399
80663765 -28543964
115713551 -58406284
119301041 -74048232
89046746 -123239856
-76853901 142355999
-45620865 138524715
-68284015 143317334
35421109 -113935915
44840267 -120809787
-109593354 119547133
-109697039 67288864
87170387 -30522515
-38996341 134744834
-99665342 131201779
19545732 -81018008
47750059 -32192045
-20041451 110462426
21593459 -91892725
47504783 -32310720
118532134 -86557792
118456650 -67571297
-34942875 131691237
-69517160 43396022
-96530241 133693084
19446302 -79309118
-63885840 43431486
21358098 -91100379
-76649505 142396575
-113805065 75704683
-87451457 47700237
-41668085 136432017
-92420311 136398660
-115274811 106413010
119170465 -72429885
92359702 -32840698
-116799354 88685205
-51693630 45739001
-113890990 75934447
-72714164 43659184
40790727 -118262936
24738508 -54788208
104640582 -112733691
20272115 -86534946
20935313 -89538102
-52509267 141182746
73731244 -27447289
-33227877 56477337
118199579 -88169302
-115809832 104249023
62969519 -126843921
109241343 -107475745
117890567 -89469555
46169858 -32986001
43190062 -34682551
79257444 -28240172
-104052713 59743641
-115563907 81371429
-115776945 104395005
82837128 -125421508
-112769809 113497202
25356991 -53598857
-58763725 44019101
107084197 -44392948
-111972955 115216324
-117002997 92198384
-20630755 74667405
-44113407 48887084
39700636 -117480270
-75993062 142520919
91126609 -122294593
-58109591 142533805
-31328407 128353473
-61840776 43601957
64719213 -27479694
118765320 -69291773
58122145 -125970217
-112977910 73648603
-17662959 85315376
-116386809 101239842
-66244877 43339363
-115816808 104217792
-63796257 143229651
119273259 -73642347
44713042 -120737782
108267944 -108717873
-35447960 54558861
-45367850 48262777
-77322855 142259550
-115103257 79636545
54186982 -124887789
67598477 -27292332
112212869 -51425141
116420299 -60245180
59451998 -28260201
104910173 -42055566
-102615698 58224259
73067435 -127125344
83196364 -29199556
108060285 -45546725
117278864 -62836655
24542599 -55181912
-35194115 54766915
108842210 -46524553
77797465 -27969200
35214719 -40775829
-116677417 87525500
-78086212 44574339
-18412749 105069497
-51648782 45753462
-116128915 102709448
-80699480 141424573
112678090 -52212203
-61659514 43621153
-89214430 138135477
-54082608 141631767
-53774300 141548152
50202117 -123425465
119375414 -75560845
87411071 -30614716
-81813023 141093701
76422243 -27754679
80183327 -28435412
-101308369 129720577
56599610 -28927110
-74475526 142773824
116635486 -93667438
82412571 -28981513
-87817317 47865845
-18352523 104817211
104626747 -41771994
-40605267 135789036
-29331966 126195593
-91504631 136925862
-52431492 45507739
-91674432 49836799
-115637167 81672777
25989582 -52457217
78476398 -126429791
54846139 -125093386
-35566539 132204215
-17317059 87853723
58910680 -126146154
-57560153 44235667
90782936 -122458751
-48771949 46780664
20536752 -87841032
90593658 -31971629
94547926 -120477731
-105470321 61376321
46011054 -33069703
79357536 -28260398
80227953 -126074137
104362950 -41512102
116652370 -93618755
86864805 -30407495
19953280 -69870647
117852119 -64898190
31961371 -44123201
-109410727 66825362
-100598217 56289840
84156827 -29485634
78011302 -28006090
-18912712 106974720
91060006 -32192765
117930698 -65210350
-62984613 43496195
-103512657 127509219
-99357009 131465446
25049031 -100338090
-59089596 43965676
32661737 -43348278
-114788317 78575558
86740922 -30361514
-25769143 65072021
-17040507 91764346
-87440237 138971623
-59769481 142805529
-24365613 67238311
19427166 -75747176
22249193 -93884918
-34629914 55239467
-115494306 105574430
86881360 -124105755
114938361 -97915165
-69060641 143291591
73547130 -27431639
117380432 -91341230
68549583 -27267017
-104289184 60006239
47949751 -32096640
53410332 -29886792
-50453416 140510582
-54486250 44928787
119262507 -73497061
-111354386 70222880
-111210132 69948205
31879300 -110303253
-111948543 71400431
-114653211 108521732
21223403 -63895478
-33019214 56669722
-71655716 43549165
45329725 -33437164
19459968 -74900608
119322207 -80123435
20565363 -66547108
-62102884 43575379
-69575218 143267874
-41981005 136614534
36905265 -39262161
-105021203 60843489
-18623220 80757634
118972348 -70701743
-49302602 140090661
86889980 -124102538
-29180889 126021541
30889697 -109144295
98464960 -36572157
-43726654 49088510
78326170 -126457272
-112713043 113625522
-110836071 69254569
116796817 -61323972
-104544651 126372660
-19017931 79326393
-116904541 89998507
-78279057 142048312
117743708 -90038600
-17086142 95983148
92909656 -33129252
-19333783 78286242
27795251 -104984942
20356479 -86971192
-22136210 115374632
-67619003 143329781
95052439 -34339179
99770373 -37536914
-109353387 66733876
-18641679 80686817
-61122324 43681974
-90667974 49281420
-48778719 46778012
-83012398 140705472
46362970 -32885193
25846557 -101810159
86004541 -30095833
97481858 -35887622
41515869 -35759876
-24474902 67060523
21435642 -91366781
21173204 -64077794
37402137 -115676669
-17680138 85210337
46511513 -121711045
57286570 -28750321
-95119004 134688158
-53928795 141590316
81309560 -125821676
71621349 -127210534
82802089 -29088156
23708424 -56964677
112512092 -51927581
-38194089 52476298
-49740369 46412670
109538893 -107079389
42582538 -35062627
-24469931 119598263
20760779 -88827316
90341754 -31854620
-104762382 126123686
-33720536 130635160
119004932 -83566509
36169242 -114615194
56624641 -125598937
-25180277 65951268
21128515 -64242410
118886446 -70082274
49115158 -122958195
-24583670 66885216
101975711 -39324212
-116993257 94837378
113848472 -54353073
-46302892 138841353
-66427542 143329957
-75127864 142670988
118830846 -69708891
-90009049 48933933
-108749245 65795692
-116922877 90285178
-84492017 46487024
-43878644 49008840
114160953 -99549632
116581574 -93821816
-109975614 67750976
-116255130 84644553
117701559 -90196992
-35635618 132260004
-117008084 94216422
-31168363 128189629
-81107490 141306604
-17290572 88099526
-18449296 81447009
19699742 -82687282
-25922533 64849446
-112866131 113277204
51072537 -30741467
19623795 -72579652
-107347572 122885994
-41857632 136542937
118726595 -85463955
-18931455 107040641
-91328924 137024103
-78978734 141881232
-110165353 118594518
24392498 -55489567
53468298 -29867261
-19686901 109456928
22888710 -58921190
37348553 -38887454
88920231 -123293697
-60679016 43736603
108037470 -109000488
-65267096 143302827
-55072960 141886139
-114086717 110195697
42379548 -119327082
21630851 -62505082
82971284 -125383889
-25562504 121290841
-83452884 46112396
-88098181 138671445
19443379 -75282830
23242274 -58048546
-97929835 132631351
-35710954 132320615
119398625 -78011932
115096782 -56957111
-22910565 116885936
38824746 -116818426
34823449 -41146475
-57018922 142323834
80104965 -28418178
50802344 -123670571
-83253351 46043413
119337632 -79840547
-44950169 138201050
-116881160 97001388
24037480 -98280015
52404430 -124281036
-23138501 69358943
-109295497 66641957
71371571 -27298429
-46146624 138769903
114773812 -56245291
54099527 -124859758
21029112 -89902607
46990705 -32564840
59807436 -126330074
114412541 -99037148
102248704 -39560321
100846957 -116135903
31296206 -44890367
-35737883 54324614
67366640 -127218174
-31212477 128234940
-113969983 110518073
119372633 -75480948
67303232 -127215548
-80379528 141514462
-98342429 54363592
-116956076 90888631
-117000572 92096215
28716375 -106319892
-66459822 43336511
-20695216 74508011
43915761 -34244188
100089776 -116736294
-17637303 85474919
48314548 -31925143
109210123 -47002561
115542094 -57990502
42908288 -119662096
-103938771 59618433
-49023630 139984023
-25288559 65786539
-18601674 80840841
27323163 -104263032
95508205 -119904586
-28389012 125081883
102218466 -114985424
-39226906 51766931
-70195749 143232200
-116795874 88648084
34543237 -113102528
-38339780 52373912
71292980 -27295396
33228240 -42744587
-33723849 130638118
-62956594 43498469
81942893 -28857405
-106610058 123867026
32105976 -43960518
-48420178 46920060
-110435076 68538791
32199272 -110663111
-99732276 131143967
22762075 -59245707
-17767037 84699109
-30740387 58922831
-82085683 45658466
56252141 -29020504
-116841505 97505614
-17027985 94433529
-76229630 142477155
-116962733 95638200
-114049005 76366236
-20403236 75243055
30623235 -45699764
66970503 -127200444
-38232813 52449009
-82911708 140739354
38209479 -38184347
-55497922 141988702
104520331 -41666690
-116766717 98318831
-109671532 67247110
-17055597 91340928
81843306 -125687707
-65996066 43343820
-33289318 130245732
-60519187 43757286
54897437 -29410454
19625568 -72560835
-116257608 102008229
-108705804 65729970
90931475 -122388195
70503080 -27271786
-86581379 47320471
117333347 -91500669
-81214421 141275065
-81491843 141192028
-112836640 113344868
34898848 -41074426
95631403 -119828928
41868904 -118994623
-100357658 130593665
32919729 -111448559
-27511289 123982843
65169683 -27439353
-111697419 115773567
-36501697 132942566
26383847 -51779483
117251898 -62747447
-22470239 70624704
22863937 -58984150
-112821618 73287609
-66652732 43334737
-105844036 124835393
71613524 -127210880
118238240 -66524503
86961564 -30443668
-84522713 140168350
109761420 -106777528
111466371 -50226754
-32397685 129410841
20793715 -65554470
96565072 -119239368
-51579862 140891060
62661769 -27716412
31772742 -44337575
63355176 -27626977
47458535 -122186142
56557225 -28938359
-107197104 123090256
105894532 -43076942
47455726 -122184769
44882048 -120833327
-17867009 102519731
-89141525 48495311
23220076 -58101973
26272834 -51967854
-77603440 142199599
-95811611 52457925
51456731 -123927531
22082601 -93404629
-19668352 77264458
-62930077 43500636
82740277 -29071007
-33084528 56609268
-25111142 66057187
40731620 -36297798
-38322565 134280868
-48655190 139840246
60812852 -28003369
-116900215 96732432
-72019951 43584456
-99042436 54936807
-18585794 80902544
119390350 -76079395
-86473396 139392133
-31962959 128988609
58131862 -28546956
-51396540 45835670
-99971304 130935814
-33525223 130459902
28548973 -48435353
36273077 -39812106
-19616753 109249530
-116937343 90532052
25028823 -100299210
110256772 -106088069
76587405 -27778374
-109847138 67536452
119317151 -74309170
24126432 -56048484
74176456 -27487969
-111662439 70823755
-58744535 142644521
117740302 -90051481
-97034193 53347159
-26007044 64727908
-22834838 116743575
28803477 -106441461
-106446948 124077378
-29948583 59777266
58672178 -126094350
-107779270 64379211
117549113 -90753242
37717980 -115937588
-76370401 44216283
33365013 -42601798
22241001 -60657759
-21349952 113695708
23956200 -98103695
115984447 -95433548
66041676 -127146512
-92930156 136093802
-36165309 132681127
-49191620 140048466
114421964 -55501760
22765775 -59236128
-116374059 101319048
-107521327 122647390
-20953582 73884394
22373672 -94233857
-66578549 143331506
-17113962 90203167
20903465 -89411691
-20450077 111544017
65975037 -127141976
95666456 -119807312
-117015825 93258549
86576481 -30301053
-103229847 58858083
51941227 -124110983
85584344 -29950033
-53721021 141533488
-17028021 92231679
29278083 -47428720
-115327821 80451009
-21886203 71808733
27242023 -104136165
-71991076 143085277
-107126895 123184827
69772532 -27261068
118164420 -66194040
60436626 -28070474
-30263535 127234231
116386025 -60150768
-115023385 107307667
26174288 -52136665
20057397 -85314822
-31334160 58307503
24797006 -99847114
24995832 -54283867
-17933937 102870859
71695784 -27312249
111472911 -50236932
25861507 -101836664
-25963559 64790349
-85958253 47060461
-116485447 86069663
-97367863 53599840
-17856998 84200829
88783541 -123351407
-28014632 62046000
110867616 -49317055
19728909 -82948044
-60659616 43739085
57412120 -28719130
115121437 -97506733
-17540381 86110202
55488890 -29235115
96528212 -35256229
33211399 -111757177
77567287 -126588865
116738745 -61152297
-103285902 127749775
56528661 -125573461
115760553 -58522147
56831986 -28866144
20443181 -67120165
-81167639 45377942
30737305 -108959314
96344680 -35138279
-21761653 72071839
63520422 -27607117
-88268675 138591774
47038632 -32540838
101181861 -115862633
76051388 -27703521
-102606703 58215141
-21527563 114089450
-115650450 104938537
67016867 -27316742
86962580 -124075374
20471144 -66986063
113086563 -101587853
-116754560 98438694
-80691898 141426730
-100622507 130354962
-103806256 127192957
-30435412 59247215
-108837703 120736616
27157355 -50516544
-31993717 57648015
-55823614 44602185
-86912303 47462595
-19099049 107615476
-111687255 115793792
119067407 -83054037
111030290 -49559972
-70622158 143203197
107069767 -44376412
30014566 -46462793
-41543036 136358227
-68503986 43355568
60964592 -126542281
-116916272 90178886
21205322 -90558587
-61390121 143015919
117941081 -65252243
-20101236 110625498
-95769324 134238670
-46612021 138980789
73487423 -27426711
-114769882 78516015
-20947543 112768134
-116398846 85502530
118800473 -85006739
20487366 -87610322
99112913 -37042833
22336598 -94130781
77857309 -126539995
54590363 -29504631
24880964 -54507260
-41858768 50123239
62596290 -126794055
105681787 -111668180
27791176 -49540597
19416170 -76169520
75543653 -27638062
65965324 -27378116
66255726 -27358944
-108160996 64924273
107815176 -45250286
20169939 -85976321
-111924558 115315474
-108990740 120501621
-84094612 140326152
20159142 -85915115
113634265 -53942149
38691404 -116714990
-18312143 82022104
-65652812 143314835
-47867377 139521456
-97582918 53765044
-21224050 73255865
118689422 -85684385
19886276 -70333894
-35908365 54188528
-115628099 81635031
97705865 -118478888
-53413486 141447604
-53707904 141529868
-21466097 72712624
20094349 -85538016
-101658280 129387603
-111117844 116892216
41724093 -35620703
-99150982 131639232
29450730 -47197882
71245448 -127225801
-115135901 106915162
19533219 -80848159
29217813 -107009461
-22933394 116928636
53296828 -29925264
28737710 -106349741
113582771 -53844733
113282694 -53287120
21272614 -90800108
-29836413 59901590
54395553 -29565498
-27122727 123475354
-29341605 60460194
51034325 -123762879
-100804537 56477934
104236868 -113130188
-22184831 71193478
-65322502 43362102
-65982090 43344107
-27291986 123698071
-45937711 138673365
-88342368 48109741
-62351706 143115398
22311862 -94061612
-37658285 52859581
-116716876 87873458
31118244 -109418368
94664068 -120409952
103580269 -40763109
-51305944 140801280
99768926 -37535808
28432021 -48601838
47103267 -32508570
62209617 -27780051
110275759 -48458279
71258255 -27294095
29288293 -47414992
19449852 -75125520
-24854570 66455476
117859201 -64925980
-116638441 87201406
-91372373 136999897
55950578 -125415685
21508870 -91613434
-114549351 108843716
-115626709 81629256
-116862867 89424709
73061157 -27393618
-103593358 127422834
-20242716 111004609
-116872156 97121807
38632593 -116669140
114296075 -99276229
93921291 -120836269
-116707460 87788422
-116362502 101390156
-86183215 139513645
75833460 -126844646
-103412732 59051217
-102625816 58234521
-74004272 142842634
-30991928 58659585
-20814848 112450544
-28182554 124829017
19706214 -82746233
50703832 -123630965
73725128 -27446758
42715979 -34978103
-90082463 48972030
-33681070 130599896
20194040 -68408049
38453929 -116528981
-26183899 122190813
56700565 -28900477
-76960213 44332293
-63096308 43487286
29725785 -107683661
44509174 -33898052
23613394 -57180010
-114744650 78434939
20624840 -88239963
32482450 -110975853
-17485226 86498642
117259876 -91745644
-18422997 105111854
-72060482 43588549
-19059511 79184688
-22852988 116777796
79025167 -28194055
-95254616 134595676
115613943 -96355976
54981162 -29385151
21255773 -63779319
-74925026 142703910
32833447 -43163173
88776140 -123354518
105006260 -42152742
117294244 -91631616
86125258 -124380928
96945697 -35528781
20400032 -87188626
-69329870 143279844
19706605 -82749775
-77563071 44458509
-82383325 140913264
-52456262 45500193
-17801342 84505672
25180019 -100588115
26226523 -52046996
-72011735 143083207
-24857657 66450633
20193182 -86106601
-86987826 47495427
118220484 -66444047
67131982 -27311372
85223852 -29828274
111454603 -50208452
29864729 -107864019
119285204 -80708450
-80408609 141506386
24144564 -56009823
-98345170 54365795
37642246 -115875421
-88915170 138282514
-114185512 76749512
-40484483 135713660
-56021002 142109567
69009051 -127258149
-100862188 130135967
109803873 -47800024
100284656 -116584037
-116925203 96343343
-57230373 44300329
114326037 -99215031
-97001114 53322347
42862206 -34886157
-17274491 98412206
-42925691 137147374
-78219577 44604811
69058114 -27260910
-98431673 54435500
37266084 -38956498
-108545962 65490064
103962463 -113394628
91705574 -32508706
69140513 -27260407
-116684875 87589634
67311032 -27303548
19505699 -80442670
-51703291 45735892
-51101386 45933747
-112152788 71823894
114845134 -56399963
95719338 -119774625
40073951 -117753311
-31937927 57702854
-79236872 44849943
33494515 -42467636
48891260 -122858131
58277346 -126005904
-101538382 129502424
31939075 -44148412
-108760377 65812570
-108670366 120990315
92402578 -32862882
-44670938 138062643
119392228 -78357620
-78683124 141953121
-109369775 119906858
-93868492 51155969
-105913596 61917375
-99965067 130941279
19997886 -84941371
-30301923 59391037
-65672581 43351466
103219102 -114091193
43626657 -120102610
21511609 -62896852
-39559412 51546551
21304305 -63607164
-53999599 45057375
-30650472 59017868
118586278 -86267011
29933874 -46566279
-33905001 55867840
-18182650 104071925
43232877 -34656220
-94915946 51841414
23879466 -56583856
-101482097 129556063
29317710 -47375491
-89950224 137763317
119291149 -80621353
118486398 -86796272
23388240 -57701497
50932338 -30796961
-78157819 142076184
19405254 -76948217
94835812 -34210468
109292830 -47111679
82394373 -28976613
106099912 -111221909
43064664 -34760012
32059154 -110506385
-92591522 136297201
113471943 -53636812
-103300103 127734803
-26508463 64022173
96084588 -119546369
35313834 -40683199
64305275 -126999033
117628348 -64052154
85105790 -124730362
78934098 -28176286
49466082 -31407033
19755381 -83174651
-24294904 119312604
-69669769 143262938
67768263 -127232939
47376481 -122145967
54508339 -29530152
19499310 -80340879
68419278 -127250008
-77576663 44461444
-91714948 136807044
85534888 -124586275
-47126225 139207175
-17636017 85483008
-116928402 96289816
-47266952 47398902
19404771 -77038865
60734851 -126502385
115676686 -96203438
61085199 -27956640
108749454 -46405902
29616337 -107540388
-54874067 44830054
-36283428 53893384
119216532 -72930754
-46232791 138809381
19665105 -82360113
-51326488 140808074
-60652203 142926801
-37541187 52944777
37502277 -38759556
76505052 -27766489
103601567 -40783064
-67475161 143331309
69878368 -27261959
-96077105 134020583
-30365224 59322696
20351989 -86948488
-48486146 139773153
42307654 -119280809
-26718100 122932216
37819129 -38499190
115575877 -58071592
93677052 -120972784
40599404 -36390666
-106307075 62410901
-110034849 67850710
-95847299 52483089
110348073 -105958249
69250706 -127259476
-17139136 89824817
73799059 -127066197
66251431 -127160208
-18329396 81948073
119325877 -80058729
-116837721 97550562
94506369 -34017541
102590254 -114658794
-17139826 89815019
69066935 -27260850
-90231721 49049959
19964788 -84725388
96479954 -35225106
-72434223 143038967
-116803587 88730764
113427081 -100966109
-84786467 140068911
-37826853 52737845
-93673938 51032732
32200912 -43854485
-87343471 47652032
20088078 -69018848
118581096 -68224164
19409991 -78015173
35187040 -40801787
31060724 -45169659
111960163 -51010956
40102404 -117773905
-71075854 143168312
-21742557 114554307
85008581 -29757018
-18325998 81962610
27188332 -104051752
-34406559 131236348
78228585 -126474869
-113989888 76203249
-72367323 43620623
-69725430 143259948
30636819 -45683079
-21447494 72753767
63085016 -27660650
-90642176 49267579
50537749 -30955782
-18304988 104613881
79493580 -28288229
51949007 -124113882
-34850567 55052972
-113560346 111598489
-114200928 109873413
19423839 -75861441
-80679883 141430145
-33902475 130796765
67781279 -127233363
31985283 -44096201
-20171380 110814629
-116974594 91301894
64749412 -27476861
-97199835 133194790
24211133 -98650811
88489716 -123473846
26229736 -52041494
-47000924 139152645
21346501 -63459365
-107928218 64590059
-69523499 43396340
78469288 -126431102
26940075 -50862912
-79510506 44919739
-76438796 44229359
-20986242 112859614
-91293406 49622987
68362091 -27270574
103282734 -40486751
-87529487 47735261
19770233 -71221414
39928794 -117647773
38771835 -37741955
-92720487 136220168
-116937338 96134882
117484118 -90983030
-116352199 85213829
48258765 -122568287
-108237519 65035422
109883641 -106609696
49864323 -31235914
-93802798 51114215
109536449 -107082678
37618602 -115855961
30429451 -108580031
74752262 -126972880
105274536 -42426897
115822064 -95844373
-47008915 139156134
-28219033 61792896
119395039 -76298260
104048055 -41206846
19439484 -75383860
-109118935 66364308
55708355 -29172067
63499026 -126909766
91243408 -122238069
-116287096 101839145
-24006401 67834701
21071369 -64456221
116304697 -94590356
-21882592 114850532
54225726 -29619273
-116826591 97680048
51704615 -124022108
19404503 -77407718
-104191007 59896762
110384200 -105906638
28346119 -48725047
-78792474 44740087
21518259 -91644726
62826940 -27694214
-43700021 137564297
34493299 -113053889
-106891382 123498704
64992057 -127064654
-33532311 130466295
-70714896 43470433
-110088836 118724768
86612623 -30314285
82426838 -28985359
-73648318 43775263
104105175 -41261821
-111240562 116661033
-72925734 142982926
80924484 -125914464
-19926705 76522425
47012538 -32553898
36502397 -114908959
59352108 -28280596
27821637 -49494923
82329893 -28959312
-103024864 128022800
-104068673 59761248
