1910
126453366 8299473
-118866135 107948861
47618703 -34837526
129403319 -71062694
100264312 17416800
120240480 -77072578
142635773 -10863517
67842232 7696534
120147397 -77119822
104401752 -82040573
138103734 -3243016
82187091 15066364
104845779 -81977248
-65512966 27539454
-34509038 92715022
-32527917 63819807
104561384 16997760
47600639 -34410644
136863705 -63422608
102087830 -82305233
-105130362 31058012
115550597 14142724
132254690 3497957
76568550 -77888332
-79484136 124962257
-85518305 25175300
-72400045 124202076
-83952353 25066283
-32677016 86799490
104118481 -82078851
77601877 13331789
136573405 -63788145
129471296 -71006454
-71414890 25973431
143371510 -52553184
75857982 12532240
126422661 8321191
-118015777 108894609
-129285886 88916307
146869225 -24200910
114282683 -79632468
-76461135 25225065
-48891901 113100239
-126973614 95256416
-54833800 117437775
-71654588 25925884
104672119 16981983
143264336 -52796362
-47575726 111941807
70185425 9327352
116521762 -78777121
58698315 -63965286
67433428 -72411609
88910066 16735053
110832692 15697163
142936377 -53519633
-128254987 57912266
147056436 -25400449
-41350849 44877565
100291932 17415299
-119804127 43141042
49649776 -46799347
47707878 -28726598
111850246 15405479
-79074596 25041849
-108730613 116773673
95557347 -82469954
145475286 -46812623
100963818 -82394571
85545088 -81044096
-106652898 31919925
131846240 3887038
128198870 7006019
147115067 -25821277
-131262665 75249159
129156571 -71265151
-88891888 25579299
143927302 -51231680
-69246700 123528455
139113557 -60325304
55700788 -59849400
143159380 -53031172
-60553234 29484664
54838405 -58481007
-109463989 116282201
-108883177 116672973
49559949 -46494605
82775797 15252635
-106716043 31957208
-32887951 62351770
-63071366 121567014
145838907 -19487863
147289958 -37742846
-51918103 34511105
-130058059 85905982
-45439158 109874141
78212928 -78613579
62848280 3472840
85179326 -80952049
-123847726 48791477
-108673854 116810933
-126636723 95999967
122973687 10552183
-107311007 32314678
-33172954 61307540
-123217766 102193631
100788512 17385692
86672434 16288950
62839051 -68484448
-35082186 55828767
-65580636 27517048
-65491372 122441216
60826949 -66427090
-31338826 72247068
147174435 -26276843
-69273487 26452764
-103845986 119603596
-69573952 123608310
-79108587 124947471
-129286320 88914808
-130043645 85970241
76339261 -77781537
65971206 -71264135
135108285 -65532449
-128014641 57265028
-129908152 63431915
83767742 -80569067
143746343 -51673723
-40559257 45956367
143669788 -13163332
-59024570 30211803
130445336 5157386
146597563 -42295954
63137625 3749769
90089795 16927872
140481537 -58164280
141566028 -8764383
146469163 -42918670
56604402 -3835017
-88518387 25523082
-96481387 122621753
-130952188 80563123
-131261463 74563349
49994680 -47908671
-80768140 124991469
142643788 -10880212
-41758848 105643505
120940163 -76709566
90282766 16956663
-106379302 31759823
94524574 -82417760
-122463920 46665309
-38075314 100189088
-82408182 25007030
145951865 -19914066
48339769 -41280933
83424708 -80469260
-105595994 118673674
-130644848 82833841
57972804 -1973449
-123553806 48319692
-119111800 107666422
117341636 -78432642
-83070827 124961240
-108355161 32969738
48327723 -23807464
143616533 -51983606
60049845 544997
-121922154 45893080
-131233640 73271480
83789818 15554884
-34690724 56800692
-43212591 42557178
-109404834 116322543
-31504602 70087774
140018704 -58923163
-65147930 122325669
99706958 -82464336
98307306 -82504740
117785049 -78239131
-122190998 103715427
-93694281 26563857
112482060 -80233069
88418682 -81666679
67742058 -72642803
140934917 -57390127
135388789 190263
143767127 -51623559
138940497 -60582091
141620053 -56155748
-90449713 124142778
97540855 -82510252
102190924 17275246
147356425 -37067159
54276025 -57532386
147438821 -28967201
-104086627 119480959
-37266865 51238664
-99597310 121511281
107544665 16483584
127623135 7445708
-128847871 59641065
-44465160 108845002
-129262438 88996933
-115595941 38644632
64466091 4966329
-91335734 26018965
146407602 -43203833
-32308974 64821785
52684401 -54550577
-130882830 68837307
139458135 -5216956
-119544278 42829221
53676378 -8555472
112383335 -80263817
120202800 -77091732
-36885639 51958693
114033502 -79720133
-80332336 124985254
-131227103 76896559
145532812 -18402028
-125583310 98139940
-83986069 124919733
-96186875 122714854
-113194310 36517803
-129153768 89364191
-34457201 57410190
107419067 -81529516
-97436972 27682053
-122572867 103163427
110864532 15688388
104140300 17055446
71278949 10022897
-43636181 42066749
-32440695 64207282
47713183 -36363179
-44168290 41468424
82638766 15209991
147168369 -38791764
-110484283 34421331
61129710 -66752121
83937493 -80617475
-36756763 52208692
-58629481 30410186
83773881 -80570829
49914496 -17361790
68183527 7946605
-113428799 36713617
141329677 -56688973
-31987216 83471301
66390763 6581908
47870670 -38034944
-116191046 39216083
-126794399 95655977
100260442 17417009
-89979170 124228400
-92986086 123600265
-63239742 28355410
-131044911 79662200
-79533917 124964004
47677321 -29153443
-31569743 69466829
48065600 -25449257
54156230 -7696529
113524314 -79894693
135624638 -84546
76372901 -77797294
-64569602 122124802
51871413 -12209008
-131168930 71923135
-129310739 88830292
-119062087 42263920
-99703063 28518382
-40077896 46643240
139618975 -59555075
-38269588 49468654
-95765785 122844506
48612746 -22325728
71723464 -75314933
134558765 1126408
48819654 -21377472
133823417 -66938324
79455291 14095066
-91373881 123961017
-71057768 26046534
-116651267 39671224
49940564 -17280036
128234429 6978426
144599899 -15549351
-39506061 102495405
140470886 -6838424
112353445 15252567
-59209314 119867310
99333436 17458442
67602853 -72538985
126593438 -73220471
110965497 15660414
79297908 -79054121
-54959236 117515626
98019303 -82508189
116072568 -78958636
-99621025 121501926
139928427 -59067717
49818828 -47354439
74332534 -76785253
48396309 -23427977
140678661 -57831594
132675173 -68108592
-31305071 77036880
52893692 -54971734
-123247857 102147160
53591437 -8711755
69101228 8597424
81754211 14924270
48234237 -24354033
105661858 -81850231
-96709386 122548300
-58634489 119580199
76525324 -77868306
-102605273 120210300
-107889577 117314629
61984388 2618859
-34976680 93902843
110837960 -80716228
-84351496 124898462
-129162914 89333677
-31518736 80041365
102939827 -82220478
-42125301 106110087
-127633948 93695914
-92714551 123664952
-110557860 115513419
61569697 2193824
-106370155 118233333
-57829949 119162658
68873978 8439142
-33510165 89814062
-50190841 35821211
128552432 -71749890
-131233606 76717351
-60331395 120401571
118244640 13012619
73728194 -76462845
-32475049 85934898
57641485 -62612616
127702145 -72406662
-51365549 115070392
-127227313 94674141
75892823 -77569529
-38697455 48761358
-130584780 83203262
-50915528 114730702
143463621 -52341338
139224195 -4861193
147389305 -36692359
-38642045 101136362
-32211426 84684744
101433525 17339825
-131167993 78079894
48623317 -42745465
-31439564 70799437
59875270 345808
-131227564 76884428
139212355 -60177153
-36360261 96987457
147233114 -26763089
-115419889 111508693
-99907165 28599882
118514074 -77909771
-31481562 79660499
134202360 -66534779
78557876 -78756855
118479563 -77925680
-85748303 124792364
137547992 -62532271
147432056 -28873226
-38728881 48710432
60938542 -66547566
-77662173 25123772
48506714 -22849383
139947084 -59037932
47600908 -34417696
95519224 17447893
109019338 16159928
112543197 15193400
-31482382 79669239
-31278029 73781075
-58224334 30618193
142264622 -54913385
81273507 -79781847
-67348152 26969259
103318736 -82178043
90648674 17009145
48489260 -22938442
-38771994 48640791
-63749605 121826281
147136537 -25982299
-131246410 76294044
48324494 -41194766
-36596464 97463285
92731194 -82276100
-94983440 26913175
48932140 -44124577
-129888505 63349567
-106387637 31764666
146828968 -23965472
-129212153 89168163
-126711353 95838008
-58563726 30443629
-100674169 28915523
-32218808 84722033
-130520908 66409650
-57439281 31034675
-113793914 112964440
119064878 -77651527
147468455 -35608064
144701734 -15834458
146349244 -21553530
104703979 16977398
-34683003 56820469
-88266666 25486820
-124268708 49488309
147389068 -28325338
91535990 17124981
119524418 -77429769
68692314 -73331774
50090537 -16818802
-42651609 43227020
-97733058 27784308
-51006256 114799829
80989128 14662369
-93173410 26433138
51057117 -50869513
50621446 -49725036
-32553107 86277337
62898872 3521581
125147325 -74213835
-44255285 108615427
-96080454 27239839
-62767329 121447107
-32513660 86105672
-124781193 99614937
-117947866 108968085
134736800 -65950068
48640889 -22191381
50667604 -15170129
-83929653 25065066
-129625203 87687540
-102949077 120046422
126074557 8565007
-51961409 115508094
47823214 -37589953
-40063470 103323635
128122894 7064801
-126781719 54303948
130925801 -69753033
68519007 -73208644
135912454 -64595071
94549328 -82419261
-32388140 64447967
-52972716 116220635
146315532 -21404491
-101872098 120549142
-119872009 43223355
56029159 -4674768
-112854641 36238429
-130793239 81834008
-42825320 106970795
-131103458 70998882
-97258254 27621335
137614952 -2577629
125798603 -73775692
-31885043 82854336
138046881 -61856088
-106455022 118183943
125140180 9198045
-131092243 79126481
54466779 -57859527
84653871 15794146
-101788286 120586965
-119888783 106744092
-33291915 60896241
-65659966 27490917
-110257471 34258937
95669339 -82474328
145467244 -46839537
67430832 7389133
-79272220 25033582
-60611206 120529516
123004311 -75554614
48484632 -22962199
75930904 -77587824
-45135983 109560029
93307227 17308168
-87484953 124605324
108399434 -81322187
142124423 -55190960
-90361197 124159240
-31980751 83433631
141078522 -57138105
145016919 -16753704
-31587017 80674178
-31480966 70333713
-55331376 32244249
115065909 -79347220
-111138906 115086928
147514183 -34753105
-32524314 86152311
48031797 -25690416
-70093224 123730243
70768799 9703364
136745051 -63572861
50474461 -49318800
-44879173 40698235
128900396 6452062
-76751863 124789973
65848245 -71163568
-87849645 124558226
76191910 -77712159
76186630 -77709662
49523745 -46369722
95748013 -82477250
-43117260 107318500
144548095 -49614141
-48827937 113045809
85218091 -80961944
49166758 -19954086
-123684017 101460582
-93378574 26483917
-126207705 53084975
75985061 12593260
109944291 15932916
135189760 419071
-107581283 117507033
138197175 -3372883
62992611 3611533
-32168218 65524428
-127301543 55487981
65709512 6028801
56480596 -4012681
-71728808 124076435
-56040380 118165711
57346253 -62217019
-40088186 46628297
53081019 -55340476
-40439925 46124375
-65115173 122314503
-36119352 96488629
143559754 -52117338
108959881 -81194398
-32342640 85326754
-95808893 27156424
142912582 -11449571
-103695999 119679207
47678394 -29137525
120750315 -76809451
121149325 11577797
91107579 -82091585
-31285886 76496072
50107995 -48254434
130203755 5366910
-127557090 56102480
64789776 5249731
146183069 -44182270
47879507 -38113853
-35025423 55966120
-51422130 115112541
-56157802 31753742
-126136062 97049233
147563754 -32234974
74269929 11731832
-31768479 82083428
84751855 -80840743
-131080573 70722980
-121873926 104162027
-97142809 27582512
-127112924 94939184
146873073 -24223777
-106557250 31863689
-35935616 53889431
-41176292 45110306
-73052835 124315195
65667274 -71014365
-32570441 63635933
61003816 1597154
-94781107 123131945
-124678548 99795487
143199276 -12078217
101165253 17359921
62774589 -68422112
144395468 -14992793
101695121 17318831
49183631 -45131287
97961283 17488168
100096593 17425587
145921110 -45224004
146542824 -42566346
94972749 -82443040
-125425000 51547264
-98591355 28092545
-97412120 122314278
47565741 -32860871
-104703055 30828566
-52891004 33823400
-124799881 99581877
92869657 -82289353
137567524 -62506241
-104969567 119016798
-70902262 26079215
62368143 -68023855
71745913 10307962
-31333661 77645236
-35112140 55756746
91956892 17174293
49245505 -45366137
114352180 -79607754
-31272766 74021884
128614706 -71700632
-41785559 105677902
131025381 4643077
-40243705 103583981
133508452 -67267029
114539430 -79540590
-41190359 45091445
-38987869 48295859
143691630 -51805049
-63937108 121895974
72911436 10989465
147444183 -29043499
56989799 -3292237
59832782 297007
-36395240 97058728
-48738777 112969628
119745090 -77321215
-58045520 119276355
-114519540 37657296
144805620 -16131074
81308462 14773364
47732766 -36608694
87538288 -81494692
88880158 16729787
146766009 -23610112
49613624 -46677557
47886292 -26846818
-55341081 117749479
-31374408 71662734
-121355496 45117222
79460147 -79117467
-32652143 63291193
48732739 -21765119
-124082140 100811520
-80528668 24999319
-32220055 84728319
146760806 -23581394
-68286994 26707122
147511472 -30207848
142989712 -11616451
-82004131 124988433
90040953 16920462
-68604147 26623006
50443632 -15788334
-34543388 57182457
135700920 -174297
143334791 -12383622
111791554 15422938
-44706846 40881981
88298022 -81644077
-31642017 81136119
-113349656 113340588
-96490900 27369131
-129332800 88753454
103855731 -82112884
-31320953 77394000
56008053 -4706288
-38479462 100869427
-42882221 107039070
129523484 5942624
-84282936 25085186
-124272241 49494267
-121521423 104646660
-122581521 46837112
-63219456 121624588
-31332708 77627237
65519267 -70891273
113998953 14711656
-99932725 121377681
-46999812 111408373
56482158 -4010429
122499734 -75848862
-126634149 53982316
53224513 -9402585
82951914 15306811
-44922585 40652238
147156365 -26134678
58715889 -63986987
-50483686 35590694
67541988 -72493355
-125384085 51470363
-97511115 27707464
-129377715 61392280
118553061 -77891760
-92776737 123650279
-130412559 84178256
-49591101 36304507
-83389581 124948691
140694082 -7215196
-68731205 123397911
-99341252 121611389
-122752803 102897730
47568803 -33165302
64764031 -70247885
-129577367 62119430
-71362635 124003885
-33962455 91199737
-131180840 77864606
-131126767 78686658
64373685 -69905030
-76519744 124768398
50184590 -48483456
-131262472 75284584
-88804900 124421895
124151636 9835047
73866822 11517229
-44535459 41066581
-50582487 114474128
-97256850 27620861
-31898354 82937503
-106341718 31738011
69115679 8607426
-59444553 119982160
144172226 -50613323
-74373960 25470828
114829747 14414274
-107709128 117427623
110494112 -80809589
97090112 -82508007
-125408173 98472244
125552260 8922651
-36621082 97512157
-65776970 122535199
71347967 10065473
95826541 -82480043
93722500 17341913
136388336 -1002947
-128991616 60093941
146919128 -24502644
-85499520 25173699
61726929 -67376684
55494966 -59531608
132732039 3031901
51003483 -14287452
-125785339 52238933
146018084 -20171242
-79504996 25024848
112851904 -80115883
119268053 -77554195
142821569 -53765815
48116949 -25098202
-47642075 37985651
-59154226 30147649
-43929589 41734445
144186476 -50576592
52786936 -54758150
-33060349 88278270
146128531 -20613365
-32700543 86895898
55750402 -5095294
-82530556 25009983
-126377821 53437450
-102739758 29841264
-31343461 77823759
61629307 -67276061
-52165356 34333023
-48572331 37161403
130359178 -70252937
61829100 2460879
75870605 -77558836
-70405399 123800741
104212916 -82066273
72459917 10730456
-127533443 93943205
97008822 17486654
147340060 -37242573
-33100804 88424200
-97059237 27554604
71423435 -75132366
-32725483 86997202
123699369 10115664
147129776 -25931159
-73860400 25544990
-38368816 49302253
-47678590 37952511
122004857 11109342
-122303616 103554275
145926358 -45204027
138990681 -60507981
129804435 -70727889
143172516 -12018553
-104226521 119408910
65600373 -70958845
142102090 -55234784
94710591 -82428742
-95832558 27163626
-31270348 74155416
-61385357 29115095
145895905 -45319487
59971216 455545
-39567273 102588124
-131152485 78321216
-73340560 25625613
-42217514 43762122
53978577 -8009925
-67782436 123142295
-114565254 37698064
146616092 -22817865
-32785913 62748867
-52136510 34353681
-92184510 26201222
-117951953 108963672
-125796044 97727953
-41073810 45248273
-78026886 124889067
90051031 16921995
-42231817 43744249
48606290 -42663708
147508264 -34881249
146429776 -21918473
93210127 -82320290
54044096 -57126786
-110465156 115580281
-97874820 27834003
-58441970 119481966
-40975151 45382037
62923583 -68565855
-84439913 124892912
76122909 -77679469
-43025664 42777746
75176001 -77217691
-38991527 101697776
48972892 -20726602
-70377191 26193386
-31743396 68081794
125662888 -73868222
-91591568 26072278
-45890741 110332016
-31302885 76982715
107725522 -81466911
-78328411 25080132
-121993674 103994576
147555834 -33441763
97750189 17489398
-99145649 121686771
59648378 83712
-36575478 97421518
-78344688 25079178
48636154 -42806654
83562181 15489063
47788165 -27786346
73056941 11071608
-73585671 25586900
47811274 -37471648
-130201032 64742091
50826257 -50273579
-46510141 39046504
52829688 -10176525
-53720117 33264170
79442940 -79110779
-96208579 122708061
-116643601 110324298
47604620 -34512560
-40601668 45897008
-31508382 70049577
-96291061 27305695
-122716969 102950937
142193334 -55055063
72009562 -75486350
-55673824 117949455
-61684044 28986834
-96032870 122762743
-35730244 95651592
48762062 -21632716
49326022 -19355483
97976071 17488049
48293342 -41016247
-31265210 75429085
-31466108 79492592
-32226876 65225222
-61620689 29013848
-125728464 97859848
-31452410 70649549
129573165 -70921793
-89237840 25633948
48221547 -40589358
-81004269 124993250
-82307611 124983015
-51053555 114835737
-126591793 96096747
-33353483 60688403
147308374 -27455739
101697463 -82339152
-59595968 29932563
-98626620 121882254
53613996 -8670119
86106621 16159207
-116696220 110271525
61856120 -67508983
-96542659 122602132
115354998 -79238178
49109200 -44842442
-113487966 36763411
-126454102 96390018
55155282 -6025219
143959904 -13869776
140141566 -58724652
76514704 -77863379
52002030 -53102981
48855881 -43800489
135273527 -65343627
65087330 -70526474
-83087677 25027215
-31288571 73404968
-128387236 91707275
93862625 17352515
-45407844 40145893
-77010151 124812699
-32765584 87158211
-110874840 34705491
146752316 -41485771
-103352741 30137959
-35148196 55670472
86594539 16271498
140575856 -7014685
-38705771 101239975
-90552611 124123434
147088820 -25629643
98533787 -82500862
-106864860 117942274
76941156 -78058882
-104628757 119198629
126375330 8354602
83624468 15507189
-31323483 77446066
-92739942 123658971
-117465549 40506266
88759008 -81728782
-31810447 82370484
-112213577 35724578
92238162 -82225748
-94972130 123077894
63074405 3689640
-131190964 77682789
-100866370 28996962
125676115 -73859233
147428053 -28818744
-104681395 30817077
146170786 -44233314
-54769001 32590487
76400690 12789772
117937985 13150684
-130454001 83953642
-40942881 45425992
63259003 -68885140
-65056405 122294408
-78769942 124931714
-66351370 122718484
-131153366 78307975
135358183 225631
-117100874 109860374
-119675522 42986072
137175484 -1998443
-129800092 87001479
-130107683 85681666
51438410 -51807478
-66458284 122751759
116267249 -78880588
146880120 -24265822
60252260 773310
-105687769 118622423
-63882272 121875680
50531290 -15543346
-122991631 47448545
140428519 -6767746
108743110 -81244629
-70474766 26171722
94510069 -82416874
-63544295 28238854
-75205912 124625644
-115786856 38825907
-109549275 33764023
145557374 -46534707
68953794 8494947
-36348219 53024989
-124696057 50223030
57784570 -62801449
-31263418 75094547
-104412350 119312340
142295386 -54851897
72618710 10822259
75298292 12258207
66512698 6678834
-73308254 124357035
146049555 -20295489
55992686 -60291245
-122956415 102592572
-114412443 37562178
-116099587 39127025
56526994 -61074609
80302985 14415638
102125016 -82301841
77314239 13205456
-120155297 106417063
135879950 -386634
61655649 -67303268
136277450 -866800
98412141 -82503072
-59739080 29864028
-115756386 38796848
-131136729 78549584
77692281 13371051
48106223 -25170111
57868805 -62911752
69488117 8862633
-64679491 27824262
-130972022 80383223
-120059882 43453051
128623638 -71693554
-54834554 32549599
-52497886 115890743
-123964750 48982624
90536571 -82013874
-131101970 70980369
-126852555 95527342
70529099 -74570767
-33519931 60142351
-35803717 95812778
92860599 -82288498
-101291888 120807198
145213463 -17358446
62649159 3279660
-31776929 82142171
-77205565 124828996
50055375 -48094928
-117520065 40563583
-31272904 74014823
-61159365 120774170
-104363940 119337593
124533361 -74613478
-49847688 113891972
-112458558 35918905
137647458 -62399342
127709105 -72401403
-64793277 122203431
131226152 4461272
-37781909 50308557
-40524413 46005273
-82625629 25012484
142448112 -54543469
97371659 -82509886
-118502022 108359754
-131255508 74110284
97540926 17489737
-32008905 83596416
-129596289 87797192
140318849 -58434506
49931411 -17308689
-100607325 28887421
48642122 -42834978
-39141395 101933553
99888834 -82456204
146771164 -41381861
144007383 -13988386
-100541786 121127864
106823265 -81645535
103815155 -82118013
63218641 -68847032
92512912 17233901
-94345882 123252045
-40421796 46150028
52556641 -54288495
-34353996 57687401
143124932 -11912975
61533627 2156375
-64719191 122177519
-37002618 51734717
-122071245 103885321
-128665694 59087487
-50777482 114624893
97281567 17488942
59655080 91507
130839054 -69830558
-66439125 122745815
-43030412 107215731
-32178252 84515289
-94536537 26787889
-121005956 105334037
-41650513 44484483
-56743203 118568731
-32418438 85679326
143441597 -52392235
-110872542 115284042
-130583375 66776147
-85403505 25165628
-99731252 28529576
124163418 9827647
-44482296 41124222
-37446454 50909019
-31601220 80797039
145692783 -46062729
-131127677 71313499
-131263044 74828945
-83575703 25047421
90302655 -81980101
105467026 16861296
78679389 13786094
-106443557 31797215
-106542780 118132637
-129587711 62158313
-62709857 28563660
-110019565 115897200
-88581555 25532387
-101784203 29399040
57715056 -2310574
47690527 -28962626
-108391483 116994666
48717833 -21833086
69702007 9006978
135014303 618478
47824961 -27413486
-127843515 93167668
-49976006 35992586
56203351 -60603930
92125374 17193020
-129116763 60500901
75185480 -77222437
-130570467 83288795
-123050879 102449332
-116896202 39918325
80563441 -79531142
138088273 -61798903
-70701329 26122208
-129669049 87519300
145139243 -17126990
-125989739 52643371
-51212979 114956119
-79972157 124977248
146957016 -24739769
54434582 -7215807
-129322648 88788870
78661879 -78799463
134272938 1438107
-125105877 99032014
145757925 -45829226
-120541071 44054335
147318566 -37463441
-66690538 27164703
-33544716 89924935
58746544 -64024784
123654939 10142873
-50998661 114794055
112597726 -80196759
48029774 -39315387
52839023 -10157837
141917298 -55593376
-47853312 112193002
129744058 5758225
65822720 -71142610
-33895505 58984848
-124699652 99758508
147436979 -36079155
47576118 -33587547
55984183 -4741997
-131173154 71992565
61000719 -66614349
129680787 5811341
-31971012 83376566
54699577 -58251225
-131096120 70908380
-77876315 124879072
107997844 -81409599
63334801 -68956477
76837444 -78011782
147215095 -38411064
-100251488 121248103
-126617621 53946663
-119507633 42785658
-131134140 78585715
-127376335 55665457
-110605881 34509185
57352496 -62225469
-82623023 124975430
47641050 -35275759
-49761423 113822142
105142848 16912094
121045421 -76653738
-63340461 28316612
-32178500 65471276
86020798 -81159437
47664898 -29343465
-95156232 26962818
88967062 -81765550
117419643 13378453
-31452134 79335127
-114392178 112443601
-117694043 109240120
64984322 -70438232
-87951596 25443271
-31409268 78811490
95861339 -82481241
136986691 -63265610
85858746 16100184
-39608546 102650388
117664616 -78292195
-118897560 42074873
-95872558 27175828
91325388 17098949
122682455 -75743219
57331568 -2823387
-38498984 49086164
94147227 17372828
-33847744 90860978
48888618 -21079711
-117508952 40551885
114530825 14523180
-32162063 84431450
47875548 -26941874
104796179 16964008
67816219 7677291
-97815562 27813172
68413573 8112677
-130473978 66144583
-89412985 25662563
47570968 -31706791
-93993485 123346200
70830401 -74762918
-122480272 103298736
87075412 16377152
51564055 -12915412
-71569199 124045161
-60299639 29600924
-130281863 65135823
98925782 -82491723
64271381 -69813976
-122106474 103835497
-63726426 121817606
-112110327 35643421
-35598476 54629188
-31405973 71219626
87831747 16533328
-67296030 123003451
147500325 -29977564
146023429 -20192250
110563812 -80790877
-43103571 42685504
-129732630 87270958
49953098 -47779615
-109113020 116519745
107499987 -81513179
-76938177 25181341
127612375 7453800
-101228358 29152923
-112532981 35978436
146589648 -42335533
-106750435 118010276
142977147 -11589155
143090569 -11837133
60062650 559523
-32210613 84680626
-128165086 57666949
-33076347 88336185
113368119 -79947015
-85737602 124793327
96938468 17485823
64172210 -69725230
-116317175 110648192
146621250 -42176507
-115812160 111137765
-127666456 56372734
111512576 15504860
53265006 -9325051
66519167 -71704474
50133036 -16690802
-32877681 87596708
67382056 -72372763
-83737629 25055181
-100787791 121024291
80549760 -79526193
-53520134 116590986
54323787 -57614834
-130956232 69460919
-37159924 98550041
-129433493 61591156
96624017 -82501411
-60826719 29361198
80624243 14532567
-79333865 124956680
130562622 -70075197
-81024849 124993353
-44809201 109215222
-41310022 44931748
-115814311 111135709
-117484707 40526388
147330751 -37339480
147561794 -31988946
47992386 -25983054
108350657 -81332989
78766825 13821664
-77136059 25164555
129095094 6294669
77393464 13240467
56227890 -60640023
-71923640 25873962
-38169903 100350533
138752194 -4162862
90649239 -82029739
78966537 13902191
139175725 -60232215
-128840773 90368759
47569151 -31829126
120219637 -77083179
124692809 9490403
-129229426 89109600
109406800 16067106
-102637986 29792998
119510217 -77436709
-45356062 40199252
137725107 -62294928
126376184 -73374514
56963489 -61691707
-124459752 100174628
56376139 -4163864
-121085782 105229186
124605433 9546710
-70913165 123910936
117264027 -78465987
-35261849 94586395
91789870 17155158
-93356621 26478440
-102801964 120116938
-120374139 43843583
127018525 7893469
87848094 -81557084
-32329492 85264305
-31439411 79186588
-31275920 73871336
119129021 12600406
147227116 -38309030
90991909 -82076384
-71608639 124052939
-130678272 82620332
52936379 -9964088
63275982 -68901146
-33997813 91302574
112777845 -80139602
146198319 -44118563
53425494 -55999556
-83577203 124940352
-86943915 124670181
-103703299 119675542
88829832 16720885
48859026 -21206467
143086918 -53191420
-65612909 122481444
107685471 -81475206
-32680612 86814277
147232141 -26754689
-79634580 25020456
-130914610 69099089
146776141 -23666305
85337801 15971776
-121402376 104807607
88004341 -81587779
139025521 -4564154
-113003938 36360608
74244969 -76739195
99935364 17433501
61327079 1940410
-57469102 31018527
-71422418 25971919
-38860815 48498113
-113273189 113404442
113579149 14855673
-38395469 100730037
49894622 -47596068
52851762 -10132366
-117172820 40201573
-64159237 28010409
129433856 6016939
-117665707 109270239
-73083679 25667524
49531616 -46396977
143862277 -51391914
89919042 16901753
-40460517 103892564
49301144 -45573464
147167502 -38798606
112644589 15161445
82245785 15085295
128301184 6926489
48567284 -22546741
-111511532 35181292
53076368 -9689103
-119558387 107141824
-71888499 124107186
81764982 14927859
-63736258 28166555
-126726891 95804096
85552242 -81045867
-62748327 121439537
-89348435 124335900
101838691 -82327236
48571420 -22526422
-120868407 105513371
147427235 -28807716
147500952 -29989951
83044035 15334865
-71181120 26020977
-112357917 114149072
117834039 -78217437
-131136563 71435932
85886017 16106743
50166857 -48430758
73512880 11324877
79941813 14281200
80479959 14480359
147550571 -31329649
-43343110 107583152
49914606 -47659070
52418479 -54000622
-118235743 41333267
145938263 -19861931
-31543313 80277979
47683360 -29064869
-113706687 113038996
48222420 -40594687
-131237682 73393050
-34460117 92585410
-33241213 88917913
60554057 -66129095
144909407 -16433540
-117602743 40650856
-96301903 27309113
139327486 -60003056
-131263316 74995561
-103755284 30338447
-62038143 28837744
-131076485 70675556
59791197 249118
-39332408 102229907
147501145 -29993777
-107153881 117768665
-47582956 111948398
-96261211 122691544
-69554494 26384216
-52070882 34400797
-37785117 50302908
-83458031 124945731
107520238 -81509069
59136757 -521077
-126238593 53148453
-41042852 45290147
-105265083 31131464
48061508 -25478000
93248012 17303072
142024723 -9634733
-88456780 25514086
-121600894 45449381
84710207 -80829683
-92068145 26175322
68923137 8473540
-39113908 48097316
-117787254 109140692
73422735 -76295810
-101044717 120914464
47588861 -34070513
78199585 13587461
102021773 -82311189
-65927326 27403929
49208572 -45226512
-83704093 25053531
66256488 6474453
-31411337 78838412
-63897671 28106457
134104412 1619432
-127653105 56339498
142226129 -10030491
47752639 -28176977
48361462 -41401821
-38351355 49331429
-56162749 118236973
-45859626 39687000
64276997 4798473
94522986 17397148
54598097 -58081476
75813956 -77531512
-112833099 113766964
86096954 -81177445
75113635 -77186405
81269229 -79780372
-71356206 124002586
-118962762 42149564
85463736 -81023877
48230549 -40644149
-53200151 33612056
-127971390 57151393
80516169 14493509
-127979305 92815717
-121428816 104771978
54898179 -58579091
71859277 -75396630
108807592 16209278
-34077199 58456983
128429999 6825753
145214684 -17362286
74259344 -76746771
107020091 -81608038
147487327 -35287403
143053633 -53264531
126521126 -73271937
-109732877 33890587
51657167 -12698249
-131224079 76974377
63472884 4065157
147525524 -30536120
-97370908 122328322
-32687457 86842375
99600238 17448283
-36585822 52545727
-65120248 27671608
147541733 -31001162
98208474 -82506110
-94779034 26855315
-101878941 120546046
-38040233 49858984
134480245 -66233078
98849367 17473231
121961179 11133787
-130244730 64952948
-89359492 25653756
50367811 -16003548
-126475494 96344777
-117694085 40747767
144412629 -15038740
-100635868 28899407
130425194 -70195474
103207494 -82190804
-60958345 29302476
55315990 -5769606
-31600222 80788489
57479216 -62396192
60437811 -66000675
-121938323 104072158
71865014 10379553
82678435 -80242895
-31626787 68976036
50322625 -16133317
58494954 -63712336
49577717 -46555454
-77194703 124828110
-75990197 25272757
-64187018 121987538
144081373 -50845514
58138993 -63261330
-108811165 33267239
47805288 -27609272
84828183 -80860913
-111626780 35269117
48312848 -23892043
-32946511 87858069
125283760 -74123275
-87226416 124637062
-75096896 124612217
-93035647 26399557
-129883164 63327283
-111402481 35098674
-98926796 121770000
-33738830 59456124
-85109190 25142048
51490863 -51932383
-113999859 112787027
80568814 -79533085
61617929 -67264297
-126360073 96587498
-116985953 40009736
-40825900 45586178
-130832055 68441051
-70057286 26265851
48509356 -22835978
-37352007 51081647
-63779407 28150428
-54017524 33069385
66985444 7048820
-33912310 58935211
-38973260 101668837
-83724028 124933334
-31739265 81876386
66712380 6836229
77444624 -78283504
-92521752 123709911
53057126 -9726653
53358223 -9147808
68029207 7834083
-86319853 25250264
123031613 10517951
48393200 -41575695
-79525118 124963699
-40407990 103818257
84978224 -80900188
140357850 -6650439
-93339904 26474276
51296112 -51463759
138788345 -60805054
-31664993 81318973
47678155 -35879449
-37732721 99592442
-115211379 111702627
-35013987 55993934
-86565478 124711997
147352976 -27915825
-33720936 90476881
101398977 -82363009
103368985 17151681
-117455654 40495882
47729431 -28452574
114828507 14414730
140946528 -57369877
100544555 17400857
-33308664 89148472
-55776340 118010361
-83578937 25047571
101101042 -82385030
131841812 -68911722
-31341186 72204499
54375530 -57703747
-64069015 28043352
106185377 16740942
-124503002 100100288
133355361 2404139
-131010299 80017642
-45284727 40273019
87530898 -81493179
-56855187 31356286
-45836014 39710693
124247461 -74795245
144773356 -16038311
122754233 10680922
52592653 -10657754
-60379319 29564210
123056056 10503475
-65370383 122400827
89738002 -81893916
87554763 -81498061
104255726 17039996
54185998 -57375989
121547466 11362489
72985053 11031105
127343463 7654578
-121307992 45053581
-112764919 36165465
63551685 -69158963
103515006 -82154911
57254831 -62092848
147513559 -30253572
-52369888 34187430
-99582611 28470772
-71978347 25863591
-31546873 69676471
145110817 -17039356
95264507 -82457329
-96493414 122617908
-107987069 32734709
-62263725 28744429
-61188953 29200691
-83079075 124960941
118651011 12825816
-114637406 37762616
90321469 16962344
131372356 -69348141
-123662770 48493236
124793356 9425289
-106134798 118369138
126195261 -73501478
-81789583 24996691
-130497130 66274310
-104443206 119296210
-90674772 124100179
138324045 -3550623
83106138 15353669
48706021 -21887268
135028922 -65622460
65279661 5669429
-78801337 124933271
-131159180 71768580
61277308 -66908497
-131170806 71953781
85792596 16084207
114767886 -79457503
-36026435 53695458
134165796 -66574109
-34654212 56894437
147102615 -39290842
-36357069 96980940
76198765 -77715400
141243486 -56844332
103068081 -82206442
50610663 -15324911
-81874848 124990182
-31299143 73101463
85403295 15988246
131463480 4243789
-99545483 121531674
-31264944 74590537
-103965944 119542667
-32829192 62578786
47589912 -34103823
-114120883 112681855
50270134 -16285527
63535208 -69143664
-55946328 118110625
-62018715 28845841
-130387911 65678652
121689893 11284331
-91998888 26160045
48492113 -42096693
50716583 -49982281
146286559 -43742449
-131239947 73465393
59684505 -65146206
-75497851 124660403
95872266 17461097
139684652 -5567842
127912768 -72246680
-66987491 27075232
-131150857 71642314
-31355854 71953333
-108280224 117066320
-85698685 124796808
144624679 -49402285
79278168 14025853
-35380637 94862986
52139423 -11616208
-79266780 25033799
-123891423 101125216
51223600 -51285772
-120341218 106185549
-32007821 83590207
-34886969 93681734
66873580 -71982612
120665004 -76853997
121375228 11456205
-73575198 124399314
-38002999 100064719
93507699 17324893
147536631 -30840743
47622743 -30097844
135374959 -65226768
145232251 -17417657
-73258538 124348997
-51873862 115444632
-31505635 79910543
79529292 -79144267
115399521 14200688
106478078 16688811
64912484 -70376405
-131173072 77996638
-121834164 104217308
-125255089 51230001
141250283 -8188387
-48091204 37582547
-116272590 39295871
-62387251 121293966
93088057 -82309468
-100375718 121196909
-48261651 37432105
118602246 -77868980
147264696 -37977586
61409584 -67047501
50222857 -48596516
-41922320 105853053
58192316 -1690941
-47619848 38005855
-80077020 25007996
54953300 -58669093
-126549558 96187230
140676324 -7184942
-40035551 103282989
104586882 -82014664
60814220 1392782
-127345278 94396313
141866457 -55690802
-45313214 40243524
84413989 -80749907
134749610 915309
91448360 -82134775
-77724236 25119330
-36584730 97439943
-90342391 124162717
108704066 16233053
-32625196 86584142
115649775 -79124882
97666304 17489639
56095158 -60443978
-61579715 120956470
-126326381 53330122
-103838649 119607309
-53889292 33152999
81602325 14873375
144570080 -15466885
-127284604 55448051
-46103798 39443841
-101983512 120498575
72403988 -75718452
146853859 -24110245
-32757349 62862512
52871401 -54927347
-119623177 42923357
-128872188 59716640
-44981602 40589893
131466340 4241151
57040307 -3222224
63901416 4459947
-123156981 102287160
-35184305 94403318
-131257455 75759531
-54572079 32714165
-35089642 55810810
48422299 -23288382
-121550816 45381131
145332839 -17739107
-100618412 28892075
-100479265 28833903
-125110317 99023915
-31870048 67228292
87581975 16483099
-65102437 27677688
-35536308 95218677
-41362949 44861535
-129296688 61108850
-111941305 35511507
-98436606 121952181
-131232416 73236342
-34730642 56698834
-130470975 83859944
-109842509 33966739
146790927 -23748978
93557571 17328928
84599073 15779466
70937521 9809990
-78414346 124912689
139496363 -5275724
-37147813 98527352
67242011 7245823
-68726605 123396720
-129496791 88167075
48084899 -39705255
136351891 -958092
80286148 14409442
147253877 -38075056
-104700583 119160589
-113771966 37004611
-119273620 42509821
53263944 -9327080
85808804 16088131
-40161266 46522507
107929382 -81424156
-90860601 124064199
-92052680 26171902
123479736 10249550
-34686771 93177030
144697124 -49199082
-32522717 63842511
-42462958 43457718
-35747369 54298548
141004959 -57267631
47650115 -35434814
145593996 -46408769
72421903 -75728879
119826208 12260457
-54858563 32534659
137650468 -2625209
-130441530 65966004
-94567202 123191501
-130975865 69640187
-108078868 117194943
67898579 7738127
71136567 -74955089
109226697 -81131173
-127903302 56974161
92744241 17256850
145826322 -45579214
113743791 -79820203
63077895 -68713479
50984006 -14337298
-103664358 119695078
79040049 -78952095
-130243259 64945777
-128956839 59982995
57573425 -62522138
83045638 -80355867
58169889 -1719614
-73044190 124313755
-32515843 63872597
95817830 -82479739
-121496539 104680414
-32856417 62473056
50515926 -49434518
110626059 -80774074
118841995 -77757011
-127751866 56586999
-126925812 95363912
-32597082 86465523
