100 500
-551 919 920 288 397 -735 -729 888 547 -289 -260 -863 -879 -127 -188 -135 192 -832 -277 569 696 -436 68 -792 -298 -229 -757 467 744 468 -771 895 -717 -210 977 -741 -121 838 -144 -503 -339 237 389 163 751 -671 470 -151 607 -602 346 504 -405 -13 -697 -98 219 -400 -935 -306 -976 777 -985 -683 -294 -488 -344 -266 486 -375 -250 -96 47 -955 993 244 -82 -490 157 746 -516 637 275 365 717 -776 -497 877 -954 367 925 859 -870 499 570 64 -481 -597 -410 521
3 39 64
4 3 38
2 15 91 9
1 55 71 -9
4 36 98
3 17 70
1 76 99 -3
4 49 93
4 0 6
1 29 75 3
4 20 84
3 24 31
4 19 64
4 9 77
2 11 44 4
3 26 55
4 2 73
2 0 97 4
3 29 31
4 63 81
4 36 91
2 57 80 2
1 68 85 1
4 46 77
4 62 82
1 5 81 -6
1 65 88 -5
3 6 88
4 23 54
2 9 59 3
3 47 49
2 28 36 9
1 35 84 5
4 14 80
3 48 96
2 21 67 10
2 59 66 7
2 88 97 3
4 13 14
2 39 64 6
4 41 99
3 5 86
2 15 19 5
4 7 55
2 13 58 4
3 2 55
2 25 99 5
2 24 27 2
3 36 77
4 81 87
4 30 77
1 47 88 7
4 14 63
4 6 75
3 15 37
1 86 93 -2
4 34 98
2 57 75 4
1 53 88 0
3 7 82
2 34 75 9
3 4 92
3 30 45
4 5 51
1 48 59 2
1 80 84 -7
3 15 33
4 9 37
4 11 28
4 10 39
3 8 45
1 54 99 7
3 79 81
2 23 25 3
1 4 95 -2
1 27 43 -10
2 47 62 10
2 49 82 7
2 89 98 10
4 31 73
2 58 97 4
3 6 45
4 17 75
3 84 94
4 25 35
2 25 43 2
3 60 79
4 17 24
1 32 74 3
1 57 65 -2
4 6 9
3 65 70
3 11 95
3 18 75
2 90 91 9
3 28 50
3 17 75
1 28 36 -5
4 26 54
4 40 52
3 63 70
4 33 95
4 49 94
2 5 46 4
2 4 82 5
3 9 20
2 27 82 8
3 39 54
1 1 37 8
1 53 80 4
1 14 69 -9
4 32 85
2 26 84 6
4 12 98
1 0 69 0
3 58 96
4 35 39
3 52 63
4 68 94
4 5 99
2 63 84 10
4 23 77
3 25 82
4 5 71
3 79 84
1 73 92 10
3 90 99
1 23 31 0
4 47 78
4 19 70
4 19 63
2 58 88 7
1 1 33 -3
3 77 81
4 33 55
2 21 99 6
1 3 93 -6
4 25 99
1 1 72 10
3 29 90
3 58 70
1 16 86 -1
3 3 54
1 3 24 -3
1 34 54 1
4 22 50
2 27 29 4
4 17 98
2 69 89 4
1 11 23 9
3 21 32
3 44 74
2 21 35 4
3 11 87
3 41 65
2 61 69 9
4 32 54
1 29 57 -1
1 44 89 -10
3 12 76
3 52 79
3 3 65
2 53 70 4
4 18 91
1 64 66 -5
4 13 87
2 51 64 6
1 4 56 -6
1 44 72 -6
2 11 79 3
4 27 92
3 55 74
2 1 28 9
2 67 81 7
1 41 64 10
2 23 61 10
2 23 99 10
3 18 96
1 3 41 6
2 35 86 3
1 34 38 9
1 41 83 9
2 12 41 5
2 37 40 8
1 4 85 9
4 32 99
3 66 97
2 26 90 6
3 61 62
1 0 72 9
4 45 75
1 33 86 1
1 38 53 2
1 50 83 -9
3 5 70
1 62 68 -10
4 47 49
4 26 53
2 6 75 3
2 38 94 3
4 73 75
4 1 19
2 82 96 8
1 4 39 -2
1 28 35 -10
3 4 97
1 11 49 -10
2 85 89 6
4 55 91
2 43 74 7
4 5 36
2 20 24 9
4 7 83
4 10 97
3 86 95
2 54 89 2
2 32 67 5
1 55 89 8
3 3 97
4 21 95
4 26 32
4 80 94
1 0 51 2
2 43 78 5
1 7 25 3
2 19 35 4
1 42 45 8
2 52 82 7
2 51 75 7
4 69 99
2 52 78 3
3 64 79
1 90 95 -5
4 53 91
3 13 33
1 45 80 3
4 9 17
1 82 97 10
2 44 82 3
2 36 54 2
2 26 92 8
3 22 47
3 28 87
3 50 66
2 66 71 3
3 23 98
1 65 71 9
4 11 66
3 27 45
3 71 84
3 32 55
1 0 1 -7
1 1 57 6
1 12 64 8
3 36 56
2 30 37 6
3 1 93
2 10 49 2
2 17 91 9
2 7 99 6
4 41 80
3 6 86
3 62 79
4 15 24
4 3 95
2 20 52 8
1 68 74 6
4 67 97
3 75 84
3 2 79
3 45 59
1 34 97 2
3 16 70
1 37 51 2
1 3 43 10
3 10 22
2 74 86 8
4 6 88
3 42 55
4 56 81
2 13 94 10
1 21 81 -9
3 27 55
2 23 86 3
2 78 88 8
4 94 95
2 73 99 4
2 46 86 7
1 39 94 0
4 22 38
2 32 89 2
3 66 89
1 33 69 2
4 0 33
1 75 79 -10
3 42 97
1 16 94 0
1 59 92 -6
1 26 40 -3
1 4 54 10
2 14 20 8
2 3 84 9
2 49 55 7
1 46 63 6
4 3 99
4 56 60
2 18 57 2
2 21 39 3
2 69 70 10
2 24 65 10
3 26 96
2 14 25 2
3 26 96
4 59 65
2 6 36 8
1 27 59 -3
1 31 59 -1
1 40 56 -5
2 75 77 4
2 64 68 5
4 45 60
4 21 50
3 0 13
1 46 60 8
2 28 69 7
1 30 37 -8
1 25 30 -1
2 26 44 9
3 38 42
1 21 44 0
1 10 16 -10
4 4 48
3 27 99
4 46 49
1 13 54 6
1 5 77 -2
3 16 54
4 92 95
1 22 59 -8
3 2 61
2 8 47 9
1 0 85 -5
2 69 80 2
2 42 49 9
4 13 69
4 63 69
3 66 77
4 16 19
3 43 81
4 60 84
3 50 75
4 20 71
1 58 84 -10
4 13 73
2 59 93 8
1 55 93 -8
2 54 94 2
1 4 85 2
1 22 89 -8
4 8 26
1 6 66 6
4 50 63
1 2 34 -3
2 9 91 6
1 4 5 2
2 10 17 3
4 11 73
2 11 80 5
4 69 88
2 48 82 3
2 29 80 5
4 37 70
3 12 83
3 31 96
3 13 40
4 52 97
2 54 94 8
1 35 61 8
2 8 45 6
4 24 39
2 18 52 5
2 5 6 10
4 17 70
2 8 36 4
2 12 37 7
3 29 68
2 49 72 9
1 19 49 -10
2 54 67 4
3 34 46
2 8 75 5
1 71 90 -3
1 9 47 3
1 45 93 -4
3 39 83
1 24 72 -9
2 44 91 3
4 48 76
2 71 98 5
4 15 17
3 11 59
4 17 58
3 53 87
2 39 42 5
4 32 33
1 43 85 4
3 22 32
1 14 71 -8
3 16 20
2 17 98 8
1 72 84 -1
2 48 53 4
3 16 53
3 31 53
1 40 57 -10
2 11 17 2
1 46 67 -5
4 8 96
4 2 26
1 39 59 -9
2 56 90 8
3 42 79
3 10 96
2 44 82 6
1 50 51 0
4 47 61
4 98 98
3 23 87
1 61 92 -6
2 54 89 4
1 50 93 3
2 51 86 7
2 1 7 5
1 14 93 1
2 37 73 8
3 17 77
1 90 97 -9
3 1 28
1 22 65 -1
3 62 99
1 35 85 -3
3 66 95
1 23 75 10
1 42 48 -7
1 25 50 0
1 11 14 8
2 17 44 8
2 97 98 7
3 53 93
1 36 38 -4
3 22 86
3 48 49
3 69 80
2 36 37 4
3 1 54
2 13 84 8
1 35 75 1
3 31 80
4 54 73
2 4 66 9
1 16 64 8
2 33 65 3
1 88 98 -10
4 81 89
2 7 38 9
1 68 99 -6
1 68 87 10
4 9 81
4 23 73
1 53 80 -10
1 13 65 -8
3 18 91
2 45 74 10
4 18 92
3 9 57
3 39 42
3 1 34
2 51 93 2
4 0 6
2 14 43 3
1 40 95 9
1 8 43 8
4 11 29
1 62 75 7
4 45 95
4 43 80
3 20 87
2 6 66 8
4 33 71
3 5 38
4 22 39
3 7 10
4 34 63
1 40 70 -8
1 42 56 9
3 38 67
1 62 65 -8
2 3 89 3
4 40 74
3 17 41
