-985
-2496
-1558
-119
-924
509
-383
-85
-342
-3283
-75
-291
-6
-68
-119
-81
-24
-189
-212
-8
-144
-219
-11
-29
-190
221
-190
-4
2
-32
91
222
-1
147
-27
-190
-1
-148
-1
-114
-59
-87
-27
4
-166
-191
-248
-1
-120
0
-24
122
1
-23
-7
-7
-7
-94
7
1
21
68
-2
-1
-190
-75
-1
-7
-2
3
81
-65
-2
-24
0
-8
31
-73
-67
1
-41
-441
-6
3
-2
66
-50
-1
-2
-2
2
57
-12
-12
-10
-329
-278
-341
-6
-2
840
-2
3
334
3
45
321
-3
236
-9
-29
-220
-316
-342
-1
-19
112
-98
69
50
0
44
-5
15
-1
-1
0
-1
3
-1
0
-1
13
0
0
0
0
2
116
44
0
0
0
0
10
556
2
73
-9
2
-56
-1
122
-11
66
28
-6
-6
-2
-120
-147
-134
-1
-86
-6
-4
-6
-6
-12
-377
-51
-8
-21
-16
-138
-16
-346
-553
-114
-127
-87
-31
-34
-2
-5
-1
-60
-6
48
-1
-11
-8
-139
7
-9
-232
-5
-18
-9
-7
-6
-3
-417
10
-26
-26
-51
-1
-21
-3
-2
-12
-12
-12
-4
-2
-2
-4
-1
20
-19
112
83
-28
-373
-9
-6
-9
-129
96
398
388
3
101
-1
0
-1
23
-7
-16
-3
