434 1806
130 21
130 36
130 167
130 389
130 108
130 14
130 197
274 130
130 217
66 130
130 400
182 130
130 154
130 419
386 130
130 200
287 130
356 130
130 92
19 130
268 130
406 130
130 122
107 130
385 130
391 130
130 415
130 224
130 336
130 331
130 181
130 127
130 307
309 130
377 130
130 411
321 130
130 312
212 130
130 364
0 130
228 130
130 149
130 15
379 130
118 130
239 130
26 130
130 403
130 117
130 422
130 204
170 130
130 174
130 56
159 130
158 130
248 130
270 130
130 49
130 91
267 130
282 130
130 370
130 37
54 130
130 420
130 164
130 103
210 130
130 409
285 130
130 194
130 145
130 349
78 130
352 130
4 130
130 45
130 151
130 340
351 130
205 130
130 259
130 293
130 165
157 130
130 189
130 277
308 130
130 113
130 89
130 44
50 130
250 130
126 130
130 47
130 296
130 185
150 130
130 300
130 229
97 130
130 222
62 130
130 291
130 335
130 235
130 139
98 130
130 161
130 276
130 153
346 130
130 216
283 130
70 130
196 130
130 246
130 243
261 130
322 130
130 58
83 130
60 130
130 163
258 130
16 130
130 252
269 130
81 130
130 104
69 130
130 319
74 130
130 133
130 334
130 339
292 130
430 130
120 130
130 178
325 130
431 130
130 256
213 130
421 130
402 130
130 109
130 220
130 156
130 105
130 288
166 130
130 413
369 130
130 61
95 130
130 348
6 130
130 121
130 155
63 130
302 130
130 203
187 130
30 130
106 130
53 130
130 396
140 130
354 130
130 25
59 130
102 130
130 128
57 130
320 130
130 310
130 40
343 130
130 376
130 214
130 41
198 130
368 130
130 328
130 192
130 280
130 314
130 425
94 130
130 360
130 251
43 130
8 130
130 357
130 223
130 374
130 77
130 114
184 130
28 130
130 46
179 130
130 152
130 350
130 323
130 363
130 31
130 72
315 130
388 130
130 191
160 130
130 306
130 1
130 96
264 130
129 130
130 378
130 305
399 130
130 73
272 130
130 233
130 414
130 362
130 313
20 130
208 130
359 130
130 27
130 423
124 130
130 116
130 138
130 299
130 186
130 433
13 130
130 131
82 130
390 130
317 130
130 111
405 130
130 407
130 398
130 358
316 130
188 130
130 266
329 130
190 130
130 85
130 173
337 130
130 48
130 286
130 221
209 130
227 130
130 119
110 130
130 230
130 298
130 393
34 130
130 275
130 332
240 130
380 130
355 130
130 176
130 253
130 183
88 130
130 373
130 226
132 130
130 344
130 234
130 297
130 273
171 130
86 130
130 201
29 130
130 432
112 130
136 130
219 130
130 326
392 130
130 115
130 244
134 130
202 130
130 255
353 130
125 130
144 130
42 130
130 5
130 90
130 7
130 169
130 3
12 130
427 130
130 206
130 162
147 130
22 130
130 290
301 130
17 130
232 130
130 418
295 130
130 33
130 372
382 130
130 347
123 130
148 130
130 75
130 93
130 11
175 130
130 417
130 249
130 367
260 130
338 130
130 23
143 130
51 130
257 130
130 146
318 130
130 101
130 32
130 254
130 84
130 265
130 271
424 130
130 142
130 281
130 137
195 130
130 177
49 9
236 136
7 279
175 366
245 339
365 121
38 336
394 396
341 60
79 356
421 416
242 151
428 203
401 270
395 285
244 24
381 227
327 272
180 142
87 13
35 28
143 342
68 380
370 55
408 424
237 170
288 384
178 371
208 207
52 276
241 281
195 397
387 368
172 147
39 403
100 174
284 30
412 106
207 10
257 76
289 102
397 231
6 199
391 262
215 146
426 88
301 375
383 327
258 361
360 99
311 335
278 126
135 54
371 429
305 141
27 330
177 304
70 193
268 2
356 410
120 294
221 333
213 71
238 99
86 345
67 344
193 404
247 372
168 258
234 18
161 324
65 134
225 388
409 263
410 218
64 254
203 211
226 80
303 395
4 371
314 132
197 293
38 302
4 408
275 151
34 99
305 32
7 35
79 228
187 262
385 4
243 166
264 184
5 4
325 339
320 159
225 336
165 248
289 400
64 23
16 425
351 239
346 365
202 352
49 11
266 415
242 145
26 4
113 415
111 353
32 119
123 397
277 415
402 1
120 357
361 387
395 109
273 281
389 417
191 303
305 281
101 284
290 348
231 267
332 31
431 287
355 298
347 292
167 136
190 308
68 42
279 209
279 215
350 16
115 4
360 93
330 196
431 96
301 302
268 387
422 164
337 139
171 105
213 154
334 382
94 162
48 272
244 117
277 405
372 345
385 57
422 45
180 380
432 179
323 19
151 324
423 22
304 318
75 333
83 89
400 0
273 75
88 86
357 0
213 125
321 407
280 114
75 166
93 110
369 238
25 349
146 99
140 422
433 197
156 340
241 238
382 223
211 142
146 427
225 99
39 105
398 152
67 241
107 1
407 289
350 26
416 431
239 298
17 306
209 282
122 328
54 318
391 89
405 95
99 428
329 242
227 221
425 84
64 197
432 92
25 391
285 95
285 88
124 201
306 14
182 135
136 100
94 166
405 42
428 223
327 222
161 217
202 193
34 192
173 88
316 109
49 217
51 329
265 416
387 250
365 178
18 96
417 64
230 55
133 432
298 306
201 418
432 57
168 160
430 201
122 20
60 355
401 420
283 402
12 83
194 384
305 175
150 248
72 345
379 269
275 288
138 210
180 407
115 20
373 203
189 8
192 104
0 15
277 247
301 155
365 421
0 290
123 167
104 173
423 411
131 318
271 266
430 427
213 253
251 227
237 221
386 129
141 235
179 129
44 159
353 107
353 69
225 119
344 180
334 302
373 417
129 343
86 58
282 247
420 112
198 41
62 313
379 14
415 382
104 157
29 291
366 150
385 102
175 9
170 198
69 24
345 224
124 212
371 303
224 134
183 70
146 400
271 207
343 397
243 12
293 399
34 66
125 11
11 411
302 226
304 360
368 4
112 336
366 379
113 125
358 303
409 181
111 431
325 115
231 158
255 403
5 15
49 400
10 180
64 5
155 134
161 23
301 432
392 405
6 219
214 185
173 81
386 337
33 97
323 153
106 395
199 354
298 279
229 232
180 12
310 327
320 244
187 96
288 250
354 268
95 40
9 364
395 64
108 317
156 33
262 224
257 341
295 320
193 288
358 104
33 28
341 297
297 328
229 413
221 363
92 312
121 206
240 77
148 43
82 199
360 179
121 301
152 9
31 110
351 159
379 241
157 338
238 290
57 228
184 148
400 376
28 241
430 187
177 415
213 413
51 343
82 115
372 49
130 70
406 78
355 252
378 333
432 377
110 382
397 361
52 22
365 106
233 400
39 282
78 173
350 345
392 203
62 314
251 129
411 190
256 140
240 311
151 262
173 139
390 317
251 208
184 36
114 117
49 85
357 317
402 43
117 324
431 214
190 426
222 350
110 95
215 255
405 405
19 432
293 59
256 297
321 384
213 411
377 115
57 126
313 304
172 340
369 281
77 420
29 119
52 266
366 0
260 147
228 340
270 420
181 134
255 244
115 342
36 196
95 14
119 176
259 409
171 337
78 403
396 220
405 56
365 69
63 243
172 123
204 80
157 44
107 90
222 219
320 99
420 195
11 265
221 49
104 203
5 403
384 67
243 369
61 4
330 231
426 411
114 184
360 291
16 88
345 85
96 410
377 70
414 338
203 356
182 324
114 355
283 206
306 50
167 246
132 129
153 3
275 89
67 150
251 141
34 212
24 189
387 389
133 111
94 208
236 387
416 20
194 235
227 132
287 344
125 220
260 150
89 209
240 260
351 393
242 64
178 228
358 224
198 39
155 367
166 130
154 340
365 115
0 321
146 224
142 373
42 355
408 378
95 283
351 166
415 20
91 387
102 355
354 270
195 164
44 432
36 136
379 394
66 234
63 410
202 187
49 263
362 415
172 360
145 195
138 7
390 254
90 132
373 1
47 146
432 87
16 305
403 250
76 105
430 38
421 373
228 27
311 309
369 27
128 286
416 288
161 301
355 291
345 164
218 133
243 312
203 41
180 191
156 63
76 157
433 239
161 261
267 319
123 52
269 271
177 352
380 134
58 14
62 200
97 382
148 376
32 423
70 106
261 425
278 26
251 9
12 295
349 64
159 342
155 77
32 274
133 259
295 121
198 62
199 189
419 366
294 55
337 5
168 187
4 362
96 377
311 416
382 296
224 301
403 75
160 211
51 68
90 240
300 412
71 87
62 346
70 200
22 277
104 286
425 318
15 226
221 268
119 274
135 351
128 4
343 120
79 172
37 65
163 148
271 385
424 247
100 215
163 268
148 209
12 199
155 81
195 251
22 248
226 312
371 387
359 5
362 432
22 16
21 285
346 149
384 38
90 244
75 276
13 374
214 381
107 131
186 173
339 241
411 372
186 20
398 96
171 105
18 254
227 376
80 281
340 93
382 76
406 313
20 382
83 426
199 413
80 114
353 71
191 173
389 305
108 327
337 273
137 369
181 420
109 235
268 347
301 101
96 61
385 292
323 298
260 281
175 32
116 410
10 289
307 215
167 42
8 389
368 274
133 198
269 165
82 391
346 360
115 370
256 83
60 316
104 228
351 207
412 24
16 279
66 170
103 377
68 303
341 296
312 349
61 131
385 122
336 274
293 32
119 175
404 24
328 192
192 366
208 264
427 43
87 144
339 16
303 74
394 314
37 17
356 222
262 106
312 407
215 246
59 186
277 218
262 264
96 298
275 99
137 153
391 56
166 343
154 60
61 28
295 224
276 380
308 423
221 217
260 219
146 366
398 294
255 46
136 300
375 121
310 158
307 193
183 41
58 83
161 196
115 29
64 221
408 393
386 247
21 71
315 362
151 227
251 344
297 224
201 334
198 219
243 12
201 64
23 355
376 292
105 421
349 387
167 350
201 342
11 174
318 350
342 319
121 278
99 49
184 284
6 167
110 151
259 122
368 283
416 347
93 245
104 234
187 66
354 297
151 60
139 179
216 45
220 173
225 371
160 334
110 143
274 99
296 364
386 227
327 278
368 125
306 87
27 184
327 98
262 178
389 354
181 385
234 429
379 156
131 362
17 65
202 42
88 347
254 29
160 115
152 86
291 300
15 310
198 109
405 6
418 366
268 369
390 292
404 227
281 425
149 13
133 36
204 411
324 90
365 8
115 208
136 377
306 403
6 125
409 134
43 359
115 22
185 398
172 215
3 133
100 367
424 415
422 81
285 352
109 354
254 384
161 22
102 31
56 155
297 216
185 400
320 383
299 222
258 41
97 383
429 286
201 404
166 254
158 28
205 146
46 40
394 24
287 39
144 238
140 67
412 402
317 196
164 280
392 389
432 233
385 175
317 52
228 12
283 121
109 127
7 136
150 192
135 160
125 411
105 327
345 23
7 65
202 164
5 38
369 90
233 373
15 44
238 9
80 90
159 81
145 102
298 182
32 381
161 90
23 65
160 176
11 399
339 194
184 421
21 159
211 357
26 254
94 381
57 307
187 37
303 252
128 115
319 364
317 239
23 141
343 407
294 194
311 162
75 293
431 25
173 246
267 55
138 351
301 253
62 240
167 273
85 320
242 166
115 384
236 253
36 217
337 9
59 261
201 276
225 398
57 236
365 427
54 347
339 260
43 119
432 192
68 8
156 110
251 379
15 179
34 273
38 294
428 138
9 359
96 194
178 129
245 193
362 189
88 75
50 119
423 364
192 266
302 372
43 88
394 383
314 25
142 20
395 11
414 96
376 27
184 0
124 168
257 104
118 46
173 231
14 110
97 341
209 158
325 423
350 253
247 350
344 196
276 337
313 138
121 126
185 224
279 233
193 284
341 12
354 58
278 366
295 213
9 253
301 148
339 411
50 232
17 224
107 331
5 431
357 117
319 277
183 308
343 318
9 318
233 84
291 295
143 355
397 15
395 276
81 359
25 125
132 211
316 48
172 60
168 183
421 309
429 72
148 83
334 145
264 209
291 241
169 0
192 345
32 64
15 213
258 236
209 156
288 273
277 30
114 423
78 274
28 114
377 342
311 194
173 247
409 109
405 122
84 55
140 339
184 192
46 371
137 6
79 232
358 147
319 283
204 233
390 130
29 416
140 222
258 50
309 430
206 57
97 267
291 270
109 123
106 204
313 406
217 137
308 276
44 221
181 239
148 356
211 120
57 131
259 108
97 141
90 321
281 417
298 195
256 164
389 115
3 207
137 55
401 46
245 93
20 366
297 258
392 291
91 196
157 396
426 140
255 295
16 144
206 241
85 5
354 395
346 25
88 195
265 341
114 37
257 199
17 99
56 364
293 10
18 187
198 330
247 216
214 335
296 321
432 366
174 192
352 276
210 257
231 429
315 28
340 81
170 73
95 111
70 68
295 96
95 222
350 362
160 127
182 378
180 361
49 216
240 143
343 226
207 46
311 62
317 196
202 264
142 165
340 7
58 415
337 388
241 291
8 226
104 212
22 361
324 370
161 140
395 384
295 340
89 128
95 246
394 215
8 122
155 161
140 209
378 369
21 252
379 424
215 118
218 236
70 358
271 269
27 330
363 23
148 187
165 75
303 424
38 333
221 354
179 305
274 96
301 274
24 263
9 151
162 39
209 126
1 191
222 63
97 294
105 180
168 78
152 219
294 108
329 313
220 265
314 358
414 352
290 414
274 55
187 283
100 242
392 227
88 194
387 289
392 255
132 367
52 93
159 247
347 267
395 297
223 184
20 343
97 198
61 92
181 135
327 140
261 256
0 404
359 390
357 94
307 24
166 423
33 122
115 9
391 371
62 42
387 311
329 142
195 38
120 357
106 276
92 169
316 13
108 159
334 192
367 393
360 416
366 19
412 368
133 109
334 362
246 428
193 121
210 120
184 251
229 353
325 230
357 117
53 257
359 158
188 27
262 252
59 97
15 60
346 145
31 257
339 425
151 221
227 103
221 30
310 127
162 257
370 272
271 342
31 382
263 176
126 80
309 432
179 189
193 63
256 279
389 335
254 367
423 12
259 90
241 43
98 427
184 171
349 209
58 23
368 52
341 168
58 181
392 152
301 356
6 237
224 332
350 2
2 348
344 372
338 319
163 0
50 334
301 34
205 370
50 199
275 241
141 405
228 114
186 403
2 36
140 319
363 423
189 191
425 268
127 43
280 349
262 128
232 140
106 351
354 82
229 317
353 128
256 352
362 270
256 258
332 203
36 60
312 210
92 210
173 343
395 262
137 431
16 287
148 291
142 409
131 17
290 280
212 404
324 148
174 43
378 84
285 394
249 109
339 58
211 195
382 223
35 67
377 370
394 363
120 410
144 231
301 337
241 396
221 399
117 361
334 224
162 375
425 317
353 354
219 157
355 390
276 395
189 165
429 20
212 375
284 135
25 129
218 185
34 309
238 45
335 349
239 431
424 335
82 310
298 420
145 325
192 416
179 310
238 305
303 271
384 41
313 194
257 50
160 211
226 2
223 37
295 238
232 300
298 165
313 367
252 371
70 414
280 264
207 258
158 414
178 260
34 35
301 401
422 96
31 218
326 197
279 90
223 95
328 103
239 245
197 129
182 316
370 39
248 321
380 250
198 269
407 146
215 224
339 4
358 402
29 100
346 326
244 44
119 95
296 92
2 13
327 235
228 356
139 356
93 340
116 87
359 52
58 335
183 95
70 61
386 179
359 403
298 199
280 146
145 272
192 168
69 284
122 408
223 410
71 171
170 73
40 198
43 196
227 363
298 95
159 331
275 122
119 274
0 243
232 344
34 259
170 200
209 235
300 424
146 17
187 14
8 267
302 36
166 167
374 217
67 88
414 321
236 353
405 10
56 101
15 294
206 323
152 73
157 71
344 360
273 14
310 415
165 16
176 333
41 174
109 384
51 277
311 410
124 204
140 261
214 156
23 192
354 344
146 35
280 12
254 140
433 180
57 41
309 73
57 152
158 135
265 177
166 305
372 204
200 21
305 345
74 259
8 1
110 176
311 358
131 234
238 412
176 220
271 382
133 11
38 210
299 57
208 426
368 401
198 52
39 84
29 356
366 99
374 410
207 402
384 221
410 58
80 98
127 381
21 138
236 147
383 418
58 280
103 109
269 136
16 44
289 331
147 135
282 387
277 344
93 30
64 34
412 24
239 5
312 393
149 202
107 152
152 186
7 137
244 114
25 102
222 316
337 183
137 261
305 179
156 333
327 17
273 414
273 420
348 329
224 408
79 236
433 321
297 421
239 358
221 171
326 291
423 59
218 246
331 387
130 259
12 299
26 305
34 363
370 261
2 20
296 87
432 431
23 270
343 212
344 85
293 365
413 331
62 27
321 225
273 27
122 32
416 160
274 278
331 398
76 257
108 198
23 30
425 192
381 433
355 372
355 267
426 98
407 139
173 332
382 213
352 184
189 181
150 195
41 87
26 161
104 9
92 28
159 420
420 228
133 155
15 177
37 410
300 127
142 84
379 373
238 385
381 352
49 234
410 46
148 21
336 267
416 403
426 410
314 313
384 131
127 196
90 378
358 345
321 335
413 365
395 128
119 224
319 11
285 259
61 204
172 162
151 213
84 339
259 131
135 210
282 311
279 407
297 112
306 270
74 91
358 175
97 75
241 363
120 165
263 108
300 264
221 84
75 358
98 83
317 204
405 218
52 341
333 220
12 420
275 55
51 328
276 186
212 424
322 298
67 121
57 301
333 415
132 147
156 21
16 349
413 201
362 389
22 248
247 26
429 14
429 185
393 324
156 370
69 228
122 181
43 297
52 408
423 208
23 12
116 281
38 270
62 105
283 288
358 237
42 294
254 402
385 292
304 173
285 335
297 418
315 375
186 352
53 130
267 229
208 99
207 408
259 408
258 168
300 252
92 285
286 317
291 21
238 395
10 318
34 46
384 357
52 166
38 120
141 341
209 113
4 215
124 140
274 32
308 279
262 24
100 120
154 215
341 334
282 98
58 161
357 367
188 392
23 135
159 424
387 296
273 30
432 240
181 278
407 316
309 359
195 224
68 113
336 65
187 270
12 342
231 400
297 128
157 232
353 265
126 135
306 395
74 101
72 149
74 425
228 44
317 272
233 407
324 173
222 186
427 181
218 178
321 313
130 336
362 29
398 403
300 385
303 54
8 425
150 59
227 222
219 41
309 353
90 28
370 237
55 27
377 84
161 420
101 149
177 65
97 181
68 108
261 115
242 223
211 155
107 289
398 198
333 212
154 111
25 81
409 298
4 63
185 231
223 243
97 267
121 110
357 364
112 30
49 91
112 170
375 393
303 273
409 52
2 60
30 106
287 360
318 135
275 83
268 28
287 373
139 266
274 318
142 65
183 376
382 162
426 407
151 47
261 294
12 154
219 255
376 311
375 315
217 141
85 318
58 15
197 265
394 393
165 313
134 408
41 165
64 168
401 5
333 55
143 115
313 395
137 411
210 89
289 245
243 139
79 107
371 273
270 370
63 34
358 427
279 70
285 190
123 23
250 144
376 177
80 133
169 384
228 98
342 115
72 40
426 88
114 308
191 126
132 151
279 355
380 419
220 110
310 138
95 354
270 173
158 211
252 346
381 390
209 70
159 326
296 385
406 135
402 188
105 153
72 150
20 321
20 186
6 401
29 108
341 420
115 164
54 111
327 111
354 8
35 249
325 7
226 69
265 16
400 160
264 63
383 76
110 99
14 171
85 50
379 107
232 400
52 397
151 67
168 339
87 205
1 201
35 333
243 333
194 410
264 321
205 159
149 111
379 87
173 128
420 155
282 185
289 183
337 155
272 209
324 52
228 431
309 229
205 125
227 108
102 16
370 418
99 66
256 232
157 321
244 113
12 113
73 202
132 272
125 5
200 222
222 10
245 307
326 217
42 58
104 384
404 167
4 231
233 420
154 316
280 381
54 381
330 82
427 290
186 422
212 71
394 280
414 72
187 92
390 182
307 234
175 82
413 327
199 285
297 294
5 174
168 51
53 50
355 99
275 162
106 65
212 204
109 245
26 170
401 105
215 147
95 238
104 24
298 412
115 245
78 393
300 86
151 330
171 139
391 86
128 90
59 358
72 90
124 135
328 190
186 68
30 185
147 68
364 347
60 366
213 425
