355 1897
247 240
247 136
247 139
247 142
45 247
247 307
247 174
247 238
226 247
247 180
349 247
236 247
228 247
103 247
315 247
61 247
247 233
205 247
247 218
247 322
247 141
247 147
275 247
247 251
247 97
47 247
222 247
247 121
247 52
140 247
44 247
247 91
95 247
247 241
247 64
117 247
247 188
176 247
247 101
346 247
274 247
247 185
110 247
192 247
247 200
247 325
247 73
134 247
247 300
313 247
265 97
188 113
274 178
6 251
172 226
346 2
311 117
238 96
97 242
347 300
164 188
142 4
259 347
293 47
44 119
238 65
233 104
325 280
263 274
336 346
315 41
343 91
274 262
216 164
232 259
312 240
226 143
85 6
0 274
228 122
194 41
170 174
0 82
228 270
117 109
255 241
141 58
223 265
294 139
20 44
153 117
58 327
45 17
338 216
303 228
95 146
121 15
325 286
238 254
109 287
294 257
248 185
172 203
165 58
254 323
303 167
280 277
330 240
116 233
338 94
0 10
140 163
136 182
110 50
286 63
311 211
13 58
344 303
141 71
213 95
277 155
225 85
60 153
13 244
336 14
178 340
211 317
20 319
257 314
248 107
254 253
126 242
136 132
286 78
298 167
101 229
183 167
351 176
311 130
222 261
86 242
119 84
213 299
205 138
53 63
311 348
166 323
98 10
69 172
304 315
23 351
133 63
34 96
274 283
343 186
188 11
175 15
39 325
83 61
186 29
47 289
85 269
295 143
47 152
324 185
184 317
29 245
186 266
195 132
178 234
304 230
126 191
102 15
68 60
70 63
267 295
69 30
93 311
277 272
93 335
57 347
314 90
105 242
104 159
50 301
211 72
94 77
319 302
224 41
299 332
130 56
320 289
160 274
101 48
113 66
7 228
219 251
178 92
209 136
136 8
235 155
352 248
53 145
228 120
156 119
79 267
71 339
165 108
62 275
350 34
302 292
149 107
208 222
269 1
57 239
85 193
325 243
280 88
312 106
54 262
189 188
49 272
133 199
334 30
280 22
217 270
168 245
288 102
151 192
154 139
300 161
140 179
150 70
301 124
293 118
219 89
276 346
68 187
201 330
103 249
127 336
114 327
82 128
279 340
297 136
65 100
264 20
35 274
284 192
324 329
348 40
255 326
140 5
135 39
120 256
298 227
268 89
107 46
28 195
104 115
328 146
270 231
5 18
265 37
196 54
331 213
297 43
111 264
147 215
279 157
120 177
81 167
23 246
162 276
27 49
250 88
290 234
253 16
285 299
137 89
129 17
68 273
306 327
126 9
185 309
132 341
197 83
24 18
260 5
331 353
286 204
348 318
51 299
169 249
71 305
36 129
62 333
22 342
26 117
206 211
346 144
75 27
278 340
294 25
326 291
42 300
173 16
139 131
337 115
296 263
157 12
281 83
314 33
268 31
125 69
220 160
311 271
221 180
252 104
160 76
15 310
345 328
203 171
112 325
307 80
210 151
258 138
215 212
282 35
237 298
341 74
123 119
308 282
87 352
99 85
202 309
19 303
214 163
259 32
21 17
247 190
272 316
319 38
3 143
207 238
148 134
292 158
55 201
270 181
354 235
67 351
244 59
222 198
321 240
28 41
146 318
330 30
222 119
333 230
13 136
115 36
32 103
311 121
62 166
184 316
251 192
340 293
112 129
246 19
27 138
26 175
293 117
215 191
134 210
79 247
300 349
241 187
329 79
223 112
203 183
97 159
124 121
190 166
48 295
58 112
318 187
1 126
10 295
150 311
104 220
352 241
18 282
78 35
17 54
352 163
51 264
73 106
13 35
316 94
244 69
206 267
85 150
249 52
7 190
242 173
345 277
98 97
248 152
260 253
345 82
121 46
23 310
160 264
270 168
83 179
113 284
329 315
161 351
262 197
289 101
139 18
327 29
35 33
339 346
44 198
275 191
25 150
293 111
202 34
279 1
41 320
150 191
345 76
32 24
316 174
191 103
8 65
163 17
175 336
242 282
9 54
241 39
47 215
179 22
208 324
169 99
66 213
323 241
31 252
144 98
193 55
80 103
118 175
88 72
221 256
167 66
48 243
343 85
61 204
196 52
162 31
224 122
80 47
233 56
128 167
188 275
311 352
234 195
204 85
315 19
168 99
250 159
104 136
75 323
314 142
32 319
0 204
112 343
139 337
252 91
230 13
136 245
76 206
234 210
337 236
247 198
162 10
155 5
291 220
274 227
333 309
234 62
235 39
43 138
303 127
161 269
74 341
177 273
145 104
245 332
104 4
72 17
189 13
266 268
14 0
169 144
105 229
213 17
180 255
70 233
138 319
262 15
161 194
17 157
182 4
144 214
328 139
134 30
340 344
333 307
103 207
220 158
315 263
139 252
241 203
41 113
171 277
101 91
124 210
64 232
280 153
114 160
49 102
16 235
233 271
177 140
274 140
236 141
82 286
189 60
143 5
349 254
284 334
45 179
98 68
181 149
181 311
238 281
142 168
136 198
142 61
321 308
49 266
86 66
318 83
308 54
69 82
190 273
225 124
332 30
44 310
71 87
214 255
299 172
268 240
211 162
295 38
89 311
112 140
111 15
171 81
79 38
224 230
42 258
125 230
126 9
258 74
70 214
250 47
265 68
197 208
89 1
343 135
128 24
79 49
218 99
91 176
136 246
24 186
53 161
293 31
299 126
33 182
133 2
73 237
161 354
56 27
59 259
42 352
265 110
119 88
313 163
344 94
76 234
189 168
19 304
74 325
136 43
157 160
198 53
126 97
341 157
349 136
160 127
322 163
89 48
187 341
177 252
107 351
88 182
209 33
184 151
38 102
40 92
75 105
278 250
183 31
160 23
279 330
113 187
52 174
222 262
46 292
260 252
0 333
289 98
289 277
6 120
282 66
69 296
281 85
231 189
184 88
134 148
153 105
342 326
253 235
263 3
290 31
83 341
220 255
44 295
165 238
52 209
0 0
51 25
120 51
98 24
92 154
130 215
220 282
9 296
92 182
16 171
28 341
120 79
171 220
222 309
285 235
82 340
89 252
118 317
352 198
278 19
12 170
274 30
274 320
130 328
0 249
227 88
304 351
68 318
318 193
159 114
308 234
195 73
3 97
118 26
155 148
236 257
142 52
354 54
67 304
51 39
77 58
283 108
308 67
186 339
198 61
168 160
154 12
267 151
78 219
118 14
208 328
149 211
46 322
148 284
229 140
211 205
29 288
70 212
193 231
206 212
119 189
291 354
44 39
233 146
315 329
125 146
325 291
223 298
216 37
188 291
70 53
333 341
258 152
285 346
96 335
189 211
26 176
258 44
132 278
279 167
106 188
183 201
342 6
47 39
98 6
313 157
151 102
319 89
306 0
273 112
216 350
99 270
116 330
30 285
49 62
68 344
240 85
319 136
290 263
131 276
216 262
31 298
63 278
122 18
55 334
107 125
222 237
192 227
337 321
115 247
2 179
314 31
196 172
158 329
330 84
189 97
331 296
279 282
333 291
123 278
6 54
9 273
36 39
28 108
21 246
47 269
249 289
288 304
97 78
169 137
72 34
31 132
204 70
6 267
178 67
352 342
132 111
341 155
203 83
139 80
149 313
158 198
172 256
320 274
117 247
2 336
5 285
30 57
336 35
195 115
309 328
262 191
238 65
52 294
144 330
148 155
25 42
69 44
294 80
121 246
155 298
75 340
172 37
76 180
115 52
189 152
297 286
246 330
218 126
47 35
147 110
188 209
140 97
145 188
149 66
203 263
118 99
65 210
207 62
21 310
206 146
342 300
249 239
124 11
51 80
124 75
111 322
158 337
228 132
175 351
92 289
299 322
24 313
160 206
217 46
314 134
24 74
254 316
296 263
347 148
144 242
249 322
353 106
138 349
75 214
147 49
263 177
35 200
115 194
348 251
317 20
332 218
133 5
133 160
21 169
343 321
161 315
184 249
301 251
210 180
87 195
260 238
114 151
303 57
260 92
242 103
189 164
74 42
272 116
249 202
28 290
105 225
89 276
321 78
239 237
342 70
63 332
212 55
193 255
137 119
151 107
341 273
170 300
8 66
350 346
310 59
315 134
291 25
3 197
266 113
292 213
318 109
241 109
190 283
19 317
130 136
305 241
189 220
19 16
143 8
121 154
56 313
231 70
49 231
77 119
287 128
144 92
88 151
344 329
67 115
279 141
174 241
33 238
95 189
291 129
143 287
24 326
320 146
37 38
103 160
174 210
26 249
290 157
195 306
225 322
51 178
1 347
338 97
47 248
134 149
63 271
354 30
17 341
314 332
234 211
14 330
179 11
139 333
11 95
330 136
43 335
123 321
265 82
135 0
354 135
300 5
275 117
78 312
129 64
224 192
152 229
68 93
155 138
37 291
254 25
191 95
180 96
1 127
114 292
114 73
127 243
337 22
48 333
103 292
90 26
184 352
50 293
177 271
186 180
301 134
203 258
214 250
113 136
76 50
260 2
250 286
193 263
88 252
103 111
190 198
8 251
218 322
120 26
98 55
279 55
265 60
243 291
84 307
260 194
326 6
333 297
323 162
316 282
82 11
239 191
312 166
150 101
238 186
9 157
177 208
144 277
347 96
322 105
349 284
182 296
302 35
281 201
123 336
157 73
77 299
31 28
125 149
240 328
231 105
66 354
145 173
235 317
24 51
317 296
180 320
245 267
70 119
63 134
156 288
267 49
346 178
5 181
331 330
121 249
31 203
228 23
217 254
291 114
284 149
270 81
354 37
350 28
191 32
323 265
259 120
11 235
96 296
244 246
285 190
3 166
30 174
210 171
254 353
323 77
40 235
171 107
259 106
152 208
236 298
134 161
54 158
2 284
269 219
211 171
258 84
9 197
44 16
148 18
62 52
346 319
172 219
27 283
329 221
243 332
76 107
65 333
256 178
257 299
39 309
11 158
40 201
128 287
219 237
200 31
73 145
313 332
134 203
350 279
271 225
140 199
219 244
257 153
46 343
245 63
117 176
303 53
231 147
177 25
167 117
202 309
71 36
84 144
20 117
147 160
124 38
255 316
112 138
25 289
29 116
64 314
41 26
267 326
164 197
82 308
315 103
332 329
82 143
239 293
59 62
326 63
41 259
241 150
282 139
210 9
205 183
149 34
291 70
95 192
235 290
100 58
206 238
98 170
268 336
0 38
209 37
333 205
156 280
22 82
23 352
52 347
308 182
119 276
77 299
296 98
181 226
54 322
149 285
174 66
163 249
227 256
334 266
343 248
170 155
6 238
79 233
221 5
284 193
64 297
171 170
185 184
45 295
202 145
66 70
58 157
315 18
26 163
129 326
157 313
100 154
262 76
316 61
126 91
260 265
219 296
164 50
330 308
70 272
21 9
54 28
300 326
146 177
139 347
87 343
300 70
295 304
30 225
246 301
279 9
234 111
170 257
196 155
226 162
205 197
116 127
320 302
207 258
249 197
245 334
104 188
334 60
109 42
314 112
343 52
287 354
152 81
56 247
232 44
111 313
190 34
152 168
127 152
236 143
13 122
157 12
331 66
263 96
338 243
250 18
160 6
215 196
238 219
307 131
246 71
151 151
97 137
52 292
65 205
163 340
61 133
286 15
109 217
227 84
16 107
55 5
6 290
207 68
290 70
213 251
75 288
87 348
250 331
187 327
180 231
39 273
223 250
185 24
320 2
289 205
262 96
235 107
41 9
81 344
229 231
179 132
302 138
347 146
136 262
61 31
11 33
62 76
48 11
172 320
190 96
255 272
273 113
204 256
176 41
276 251
61 85
83 102
134 64
84 74
321 171
144 59
38 15
42 128
172 18
327 2
82 52
10 220
35 146
130 31
0 140
271 172
182 170
184 66
247 59
10 99
303 304
42 292
339 231
220 90
243 153
149 180
133 329
127 167
311 277
341 353
158 52
209 84
293 315
122 62
91 3
113 258
243 210
163 3
288 210
276 134
273 283
32 38
106 189
194 135
325 348
124 185
251 34
212 138
345 348
345 122
137 7
93 336
193 306
303 262
303 289
342 229
185 96
185 216
75 47
218 265
59 97
258 290
116 150
271 87
137 58
101 7
213 27
178 163
310 149
38 260
108 239
309 235
212 353
106 322
279 2
63 287
136 318
62 331
216 316
316 6
5 181
344 227
217 223
252 297
185 130
351 247
40 64
22 148
329 243
353 267
309 345
39 261
193 168
180 222
105 45
287 35
332 185
175 225
92 164
244 18
277 118
301 202
311 245
333 170
323 299
191 203
217 0
226 72
59 159
2 39
280 210
175 324
269 2
314 315
75 77
66 141
37 11
274 338
6 86
47 245
24 350
17 194
264 35
273 281
109 291
253 178
67 282
179 104
343 321
11 109
89 256
81 88
56 161
55 334
48 142
310 321
215 75
312 304
282 226
126 91
146 81
204 218
8 78
341 14
3 226
86 239
243 65
27 21
74 203
38 194
331 200
98 92
163 233
340 200
111 57
319 183
267 61
222 203
58 90
277 290
250 9
282 76
128 195
65 288
183 37
274 289
258 192
306 10
249 72
176 154
105 200
291 23
7 152
113 232
268 222
33 72
214 292
77 18
36 296
87 216
1 133
313 76
53 183
143 307
91 106
11 146
343 275
203 30
25 177
162 230
173 222
167 43
0 346
228 58
241 140
326 255
294 91
243 285
257 329
9 347
220 183
82 115
140 350
239 238
240 28
132 99
217 328
34 206
66 176
318 26
231 286
163 351
70 67
303 290
20 56
153 213
199 78
333 65
81 171
3 108
269 119
55 151
309 67
76 297
140 347
202 290
189 6
79 319
346 245
311 58
56 177
263 171
103 179
26 130
148 70
354 347
88 340
47 265
57 262
191 52
185 98
113 252
4 204
94 267
11 67
117 197
325 197
42 338
65 323
186 5
210 349
198 298
274 301
197 87
172 31
162 71
235 169
33 187
125 279
35 163
158 167
249 151
84 60
264 299
149 276
199 333
254 331
213 149
315 341
26 137
97 195
251 125
191 211
98 277
72 301
80 307
185 173
225 73
42 241
36 158
294 321
64 173
49 115
91 247
314 302
264 188
38 232
240 202
222 144
163 80
0 42
260 303
241 263
287 305
269 304
198 83
251 199
122 285
23 6
128 303
90 338
224 10
237 78
142 347
204 93
334 236
20 19
148 350
195 271
167 218
36 336
148 115
103 256
294 353
276 170
94 108
102 103
203 225
254 120
135 217
3 27
215 239
39 333
258 151
252 271
76 263
92 225
106 215
313 343
269 20
130 86
221 224
285 204
204 16
116 314
80 71
339 34
317 93
286 37
40 120
132 218
124 254
4 236
84 1
14 226
158 243
312 0
88 217
265 22
17 339
220 150
258 259
193 73
317 203
33 47
236 303
68 182
5 135
195 228
277 199
201 303
299 64
99 277
190 143
114 72
332 49
217 90
223 86
282 129
237 66
95 168
242 81
143 268
29 86
321 77
168 341
130 81
230 30
297 258
15 156
117 242
64 247
24 6
284 165
154 240
277 228
189 261
250 174
168 122
106 93
350 11
112 0
13 347
96 194
267 60
62 321
210 136
28 255
325 169
99 216
191 6
227 216
67 142
85 68
62 139
219 297
115 186
84 35
75 251
117 219
253 348
320 297
140 224
53 294
142 251
188 143
162 352
77 149
220 33
266 86
159 286
257 199
58 12
273 67
174 293
298 146
334 70
49 50
175 199
191 180
253 314
248 287
212 89
215 107
90 37
58 63
113 156
167 172
61 31
290 309
229 288
273 147
174 209
275 258
164 230
138 347
207 292
149 93
141 84
298 17
252 222
59 103
233 328
104 61
315 309
343 101
33 50
223 320
316 7
111 12
316 73
125 24
124 197
250 172
74 130
180 201
252 200
223 341
198 267
86 238
251 173
42 231
22 325
243 141
46 324
322 85
125 128
313 118
49 164
220 18
208 223
56 171
39 246
49 162
191 251
305 204
254 259
256 325
256 12
236 23
190 239
5 232
27 146
89 70
226 140
263 96
66 332
255 140
301 140
39 259
282 268
65 219
345 128
225 101
285 300
38 251
116 211
72 329
180 134
233 105
237 339
129 207
217 285
62 102
23 255
308 81
149 327
241 203
145 57
37 182
250 68
334 299
59 178
84 325
174 157
83 68
342 352
203 269
209 227
189 104
104 112
80 131
324 86
77 345
25 35
271 249
188 267
82 211
123 320
168 122
143 181
51 196
312 269
184 311
129 24
55 134
236 352
203 102
249 96
121 77
231 0
46 26
129 153
159 158
45 288
99 6
296 128
87 201
118 233
168 33
13 85
323 175
201 243
303 94
91 315
159 235
347 237
226 108
216 17
309 165
276 168
187 199
245 309
248 270
230 93
176 186
236 319
168 182
232 24
347 240
93 44
251 96
130 2
132 199
50 77
69 128
222 68
74 200
31 270
28 349
251 37
81 334
61 206
142 236
304 112
91 249
322 151
338 260
332 349
169 4
153 128
261 186
314 297
287 280
125 308
70 29
198 286
45 173
7 301
323 350
272 102
177 313
253 265
329 71
155 197
282 137
86 131
65 153
180 160
73 122
182 213
121 259
287 30
253 211
345 145
206 34
242 147
67 24
126 148
181 183
281 301
340 137
217 245
125 169
130 1
306 43
240 124
214 218
181 215
350 30
240 312
336 134
23 178
58 180
191 3
276 310
27 219
101 283
12 253
163 336
175 13
326 340
202 341
24 1
124 188
213 343
103 336
281 239
222 184
182 43
181 281
128 337
194 44
249 60
294 147
238 175
33 256
352 302
119 269
349 0
21 192
304 209
152 136
258 338
126 142
7 311
248 120
59 119
334 304
242 253
115 284
352 255
302 350
83 173
174 195
145 47
74 226
242 247
214 133
310 7
43 308
172 281
294 340
86 176
339 174
76 232
113 176
92 260
11 211
171 19
26 327
189 63
23 76
223 233
274 288
134 282
335 237
100 86
154 211
352 45
334 183
173 11
223 301
155 70
196 314
154 227
283 232
238 121
148 348
38 260
296 30
191 139
194 139
39 142
74 253
103 23
208 66
103 8
292 22
28 319
25 124
54 219
100 290
68 208
163 290
303 137
299 114
289 215
317 98
338 242
211 35
217 143
212 181
224 140
268 229
220 56
175 144
37 178
277 209
347 8
346 220
187 228
249 60
353 239
16 313
133 249
21 70
242 297
327 10
343 237
35 122
306 64
134 319
201 282
155 135
182 84
49 318
214 65
180 221
196 218
131 33
154 99
320 100
354 216
220 119
314 307
203 31
40 132
213 94
250 205
116 335
269 311
326 229
302 79
229 43
308 45
313 150
327 343
47 234
163 211
17 270
101 284
245 269
343 202
159 340
24 121
348 330
111 32
176 72
212 266
51 43
261 65
262 340
307 4
194 132
149 281
96 301
42 154
153 157
39 134
164 176
327 302
164 257
345 32
5 66
71 209
179 212
308 221
285 190
122 173
1 220
163 108
45 100
37 52
76 110
218 150
193 245
218 263
38 290
40 45
266 84
85 23
302 115
308 57
180 196
66 189
178 103
324 97
207 346
12 116
140 124
72 201
233 17
148 121
309 13
191 84
168 150
260 138
23 287
172 72
161 198
164 2
350 169
105 321
240 327
117 182
335 106
185 298
180 165
155 309
62 230
301 35
238 326
109 162
148 212
312 59
279 11
25 159
217 175
73 170
15 342
99 217
251 263
240 301
248 44
62 299
284 140
350 61
78 120
193 144
189 78
308 338
22 42
123 105
177 332
335 80
354 47
150 273
77 202
97 113
9 285
274 229
84 347
258 266
335 16
271 146
147 268
325 51
48 282
303 330
308 197
75 71
295 314
35 317
114 219
2 211
224 332
309 130
306 62
146 172
202 347
85 102
74 163
220 107
74 27
232 300
299 263
288 29
333 177
12 143
329 135
348 304
170 137
345 301
261 228
198 321
296 93
99 305
266 185
38 314
308 194
338 59
149 339
304 343
15 120
176 39
0 50
114 192
131 329
57 317
226 352
231 273
222 332
291 5
203 220
292 88
38 91
328 247
273 41
279 317
19 276
126 218
346 168
176 293
287 73
345 21
198 128
343 193
90 170
129 331
40 182
268 88
288 10
94 46
25 297
156 77
330 307
236 205
17 117
317 339
293 57
54 217
268 296
184 130
