543 266
347 220
23 347
347 26
436 347
8 347
347 48
347 431
347 152
347 497
251 347
347 508
444 347
284 347
320 347
347 460
62 347
347 412
347 315
347 264
54 347
175 347
347 277
347 491
541 347
324 347
347 411
347 259
347 240
347 301
257 347
39 347
347 238
347 194
347 454
337 347
347 82
123 347
347 64
347 507
347 336
347 327
347 529
347 160
347 405
347 385
347 208
452 347
347 129
347 500
347 326
243 347
347 116
347 372
168 347
227 347
398 347
476 347
347 49
347 157
145 347
347 299
297 347
347 495
174 347
236 347
328 347
149 347
347 269
347 80
134 347
100 347
403 347
347 271
347 451
353 347
347 287
347 88
347 318
349 347
169 347
347 519
347 449
162 347
41 347
347 253
347 333
347 109
347 14
433 347
44 347
317 347
347 354
347 136
347 505
183 347
217 347
347 113
479 347
265 347
486 347
525 347
107 347
181 347
347 20
347 272
216 347
347 138
233 347
347 446
531 347
380 347
347 182
6 347
173 347
179 347
347 110
101 347
435 347
347 125
111 347
210 347
481 347
43 347
347 365
347 219
347 77
468 347
347 266
347 376
347 184
63 347
347 120
471 347
492 347
42 347
445 347
347 329
347 338
21 347
474 347
231 347
347 273
347 165
430 347
470 347
102 347
347 180
347 108
347 458
347 215
119 347
347 346
347 473
347 0
319 347
197 347
347 424
347 312
347 355
347 146
347 178
347 164
413 347
484 347
347 289
347 414
263 347
267 347
252 347
459 347
347 361
347 143
347 67
308 347
347 84
347 434
347 230
347 443
388 347
347 366
347 457
347 342
247 347
347 368
191 347
347 106
347 98
347 40
347 303
237 347
347 50
347 518
347 34
347 90
166 347
141 347
379 347
307 347
310 347
494 347
347 242
358 347
347 345
347 351
211 347
249 347
347 18
347 55
503 347
363 347
440 347
347 151
334 347
330 347
347 224
533 347
389 347
94 347
112 347
56 347
304 347
540 347
347 371
344 347
115 347
347 362
347 395
79 347
347 228
401 347
347 213
406 347
359 347
347 33
347 526
489 347
16 347
402 347
400 347
309 347
347 103
536 347
59 347
256 347
347 475
347 241
347 78
347 71
347 283
347 466
465 347
506 347
31 347
510 347
479 511
460 455
374 460
419 309
154 224
111 232
542 470
542 350
382 208
178 200
187 492
363 502
266 392
398 293
421 178
186 525
121 293
100 202
388 341
299 296
87 160
261 465
307 128
521 115
153 454
265 195
176 174
68 542
237 239
119 29
156 101
132 174
475 391
21 417
8 523
44 158
38 495
154 86
350 170
24 111
214 365
479 348
465 177
490 412
35 191
516 452
244 71
428 78
493 195
363 532
367 44
445 487
359 148
245 211
286 67
417 325
174 70
150 363
199 102
427 228
246 197
288 82
402 498
384 241
28 153
54 410
419 383
121 234
431 409
58 119
358 203
161 266
19 350
389 499
0 483
182 527
80 118
98 209
499 453
222 31
464 411
70 45
27 318
472 71
242 204
78 478
408 56
221 23
395 83
92 351
144 35
172 26
207 154
108 520
37 119
370 83
510 399
318 448
409 513
135 483
240 514
534 464
163 148
189 459
188 41
50 260
259 418
138 292
497 192
304 538
386 158
377 152
396 309
99 408
422 111
377 5
175 171
110 270
471 477
268 491
163 126
210 76
235 344
341 439
438 204
298 372
456 380
420 214
270 393
124 436
314 62
497 300
366 96
498 147
284 352
74 121
120 53
373 160
122 503
132 469
332 129
452 509
242 66
147 140
524 119
46 334
484 306
360 355
143 223
356 338
387 260
333 316
64 196
32 149
537 77
302 301
449 485
463 503
278 312
65 341
9 16
198 277
300 114
17 315
89 409
134 254
246 442
465 407
530 92
142 263
62 97
535 277
378 183
376 30
363 212
464 11
331 312
495 155
494 321
178 2
148 501
158 139
57 171
351 137
72 118
248 144
47 134
463 61
184 517
522 510
515 200
418 22
272 282
17 369
39 311
86 262
63 381
520 69
407 447
364 358
73 329
185 521
175 285
95 213
488 200
168 357
343 185
397 69
133 355
250 414
275 246
1 332
300 206
305 33
446 15
482 243
229 168
246 25
255 182
430 450
168 91
274 513
296 127
372 12
93 40
10 328
4 482
416 355
382 294
75 366
276 525
139 105
339 487
290 285
375 92
425 383
190 199
458 13
434 218
52 222
404 127
532 480
53 295
117 264
401 281
89 512
205 453
437 69
528 106
127 258
123 429
281 496
111 201
423 35
193 518
36 267
381 280
68 335
104 52
217 279
175 131
159 490
462 19
51 355
426 172
83 291
432 99
504 256
461 214
424 85
183 3
389 7
183 313
81 239
323 82
394 57
403 60
372 340
322 462
415 355
364 167
94 130
539 451
467 60
400 441
225 450
433 390
226 129
464 423
128 231
370 30
104 27
280 226
514 216
118 264
236 290
101 382
127 531
280 181
203 202
138 409
113 497
234 245
420 487
65 404
315 183
227 89
16 421
127 513
331 113
397 153
62 145
461 338
230 374
510 17
501 522
472 144
139 136
106 323
317 379
370 304
429 419
31 521
414 495
183 273
450 15
484 167
353 409
428 527
73 347
522 451
240 537
230 172
151 73
494 500
93 191
451 278
150 45
185 517
6 254
461 327
412 109
286 388
255 354
292 133
418 138
513 133
429 455
480 441
369 146
405 134
497 407
8 301
523 235
274 528
21 199
175 295
239 190
306 121
422 167
84 343
507 190
297 118
276 488
113 235
55 531
100 367
270 219
525 7
257 2
421 100
260 443
308 202
132 88
294 64
415 95
191 174
69 528
387 107
390 283
7 390
63 429
271 366
289 58
111 129
267 339
62 13
174 48
324 218
223 1
449 498
180 165
455 473
317 345
182 296
65 99
278 430
101 151
392 318
526 33
347 45
20 52
279 393
495 87
509 168
102 400
361 470
367 442
215 219
254 438
188 479
422 434
427 381
235 69
426 200
22 50
317 236
419 390
369 392
311 491
319 46
490 111
100 96
234 265
101 501
443 153
392 259
523 101
398 141
389 521
534 243
211 470
154 425
383 417
465 335
297 309
143 28
18 319
523 223
234 51
288 79
528 238
169 2
318 281
362 194
303 186
199 296
293 200
179 452
197 504
243 178
49 485
112 267
405 97
132 143
330 70
430 138
350 422
344 28
356 44
386 272
349 444
28 191
133 367
171 491
122 372
373 261
353 228
195 406
442 507
266 56
425 57
164 300
382 308
180 306
51 139
204 12
462 8
44 316
360 372
305 214
246 319
436 354
245 354
53 107
497 523
75 280
411 484
16 464
500 73
321 315
371 218
518 361
146 433
347 100
363 478
107 167
13 340
348 483
230 109
369 210
438 10
369 379
389 19
219 250
215 385
79 207
150 428
206 494
409 124
73 215
165 517
84 227
540 70
336 427
166 74
335 340
205 30
406 410
116 218
47 197
501 369
439 427
24 473
80 188
215 46
535 168
447 281
312 259
282 441
541 258
312 25
44 514
244 349
126 300
501 384
445 106
445 170
154 240
436 156
499 362
430 464
374 410
359 219
462 320
498 232
118 84
214 341
468 527
121 140
274 440
303 528
88 233
122 211
