10 10
0 0 5 5
57
0 1 115
0 2 1714
0 3 6148
0 4 2152
0 5 4079
0 6 8382
0 7 7352
0 8 6616
0 9 5398
1 9 4823
2 0 5394
2 1 9280
2 2 9610
2 3 6874
2 4 277
2 5 7089
2 6 666
2 7 2084
2 9 9550
3 0 1682
3 7 3412
3 9 3468
4 0 3414
4 2 267
4 3 7344
4 4 3522
4 5 4468
4 7 50
4 9 4911
5 0 4805
5 2 2941
5 7 394
5 9 8637
6 0 2720
6 2 1973
6 7 8298
6 9 8686
7 0 750
7 2 5761
7 3 8806
7 4 8661
7 5 7350
7 6 827
7 7 8342
7 9 7137
8 0 2859
8 9 9518
9 0 6712
9 1 4165
9 2 8132
9 3 6036
9 4 7369
9 5 1484
9 6 2909
9 7 2875
9 8 9115
9 9 6858
