875 1
98020 66622 1
91888 14378 1
81809 56042 1
37602 7985 1
64224 33642 1
37256 40316 1
39858 30252 1
58898 46493 1
46608 29929 1
91001 40386 1
77544 27317 1
73019 72532 1
89551 19661 1
50412 8645 1
62333 36902 1
86625 11250 1
3536 76068 1
90719 85388 1
89676 20186 1
43746 17572 1
85784 36010 1
76424 58240 1
54813 57428 1
42410 32773 1
85553 22919 1
44926 39700 1
14250 66349 1
60316 21303 1
38968 66678 1
62432 66535 1
78487 89119 1
96421 155 1
87353 74761 1
76827 52575 1
45806 56842 1
37642 99481 1
68113 70985 1
79883 30448 1
12708 99206 1
9057 4036 1
55737 59293 1
36116 55532 1
47258 36139 1
35357 95274 1
25305 90508 1
57077 21348 1
75268 90074 1
35171 18022 1
43192 73576 1
40971 50200 1
34158 38146 1
74859 42148 1
16746 92194 1
30692 22440 1
19669 55920 1
72981 84510 1
40086 69446 1
13529 56381 1
1208 8968 1
55559 42004 1
51572 36959 1
33258 200 1
59716 36398 1
99859 30454 1
89774 3544 1
9672 65465 1
20374 98429 1
25785 6975 1
82291 62629 1
11874 53910 1
62468 47910 1
66102 21526 1
2152 14359 1
50184 70625 1
2505 65063 1
45619 11408 1
11324 28229 1
54719 94621 1
20597 15446 1
41911 62070 1
58783 61968 1
7113 68087 1
32145 61860 1
327 96644 1
20593 41506 1
22187 1793 1
92005 7594 1
99138 36033 1
77523 25645 1
19304 75760 1
95355 10381 1
96154 87163 1
40962 62688 1
98608 77027 1
14297 39588 1
33104 90103 1
27047 1362 1
24291 34123 1
90185 2233 1
56903 41183 1
18953 83810 1
86483 36702 1
50771 35278 1
89447 71171 1
84788 56240 1
58808 56820 1
30707 66655 1
47630 45545 1
4909 74926 1
41727 91427 1
55541 98231 1
67041 98224 1
48991 4524 1
62514 23601 1
62770 280 1
68323 50084 1
63143 64927 1
37758 93660 1
43374 59302 1
80310 41669 1
74960 26712 1
21848 37830 1
77691 6100 1
8160 9297 1
74814 96670 1
28774 66684 1
63231 94314 1
37339 36589 1
29655 70024 1
57835 26130 1
2252 50876 1
77789 14736 1
42477 98144 1
32122 56366 1
20268 19715 1
57217 87017 1
73481 60763 1
56959 32673 1
26115 20183 1
9670 93804 1
25185 20800 1
60998 28766 1
51266 44687 1
234 19442 1
96041 71742 1
83439 811 1
54882 10084 1
5635 69835 1
47218 98639 1
37551 62645 1
16288 73695 1
61574 75716 1
80186 6246 1
71870 27106 1
65189 89268 1
87798 67333 1
75539 6770 1
49028 87373 1
36169 42079 1
77986 92397 1
40458 32160 1
54302 84240 1
9064 90764 1
76614 84566 1
2901 85195 1
73948 68268 1
49202 51116 1
88771 25901 1
49423 49751 1
86802 46252 1
25819 15261 1
92314 8151 1
52008 9869 1
23520 11539 1
79550 40756 1
37843 64075 1
73671 57554 1
14592 55794 1
46547 93038 1
45458 80521 1
93666 80241 1
90919 76743 1
19716 24664 1
86760 39168 1
89962 32891 1
39545 6801 1
11942 75475 1
90030 97303 1
27970 3413 1
51772 80914 1
84094 38284 1
88475 38857 1
43363 14368 1
29835 1612 1
63595 33912 1
24728 41573 1
50911 53046 1
81068 27065 1
20974 1363 1
85791 62226 1
55639 91772 1
84838 38040 1
85431 36668 1
98045 63589 1
98832 20884 1
3989 16950 1
32851 7974 1
70022 18003 1
45355 26969 1
76295 14932 1
26483 84486 1
25184 23756 1
53153 30902 1
26372 57808 1
16485 90473 1
65912 62159 1
57039 19670 1
92764 69429 1
5250 77757 1
86824 85351 1
2995 65282 1
56805 91937 1
69173 8636 1
35977 1729 1
1511 37685 1
58440 80136 1
11666 4666 1
85952 5737 1
7999 75108 1
76213 68848 1
5867 1943 1
82156 93618 1
75413 72778 1
53783 17312 1
33074 73771 1
7463 69556 1
43770 31647 1
10088 12596 1
68549 4463 1
20797 12245 1
3149 42130 1
82706 96733 1
42344 23742 1
16062 75948 1
74601 12790 1
61212 82121 1
59842 85833 1
50580 60726 1
65836 25252 1
96029 66354 1
34315 63782 1
43024 80252 1
28904 41978 1
70224 43121 1
72972 79599 1
54078 67389 1
46033 18577 1
6987 38282 1
17561 40271 1
81970 66723 1
50024 91440 1
93481 26496 1
38367 1166 1
31005 20366 1
35505 64274 1
96712 37440 1
93507 17878 1
31621 49117 1
37376 37858 1
33633 36079 1
65131 99356 1
55584 65951 1
57191 17338 1
37002 77994 1
38047 37191 1
92262 23325 1
99473 68838 1
53131 68799 1
52731 18957 1
67589 86041 1
89317 47362 1
83679 69420 1
58721 45360 1
80171 96550 1
30223 70776 1
90972 97277 1
89055 39796 1
92406 91919 1
74162 15054 1
67563 84291 1
82725 28211 1
32799 55633 1
48308 50841 1
20571 69246 1
14937 62828 1
53235 91373 1
61879 67821 1
57343 76128 1
63862 82591 1
80709 40533 1
78144 16703 1
73805 54174 1
95169 81697 1
86845 3595 1
84658 50884 1
68982 14690 1
55828 71857 1
45206 76114 1
90271 77694 1
80872 76578 1
26768 70287 1
62673 8811 1
1578 98075 1
54799 1726 1
87093 74619 1
24233 26550 1
69923 46923 1
98131 18758 1
81046 83980 1
48581 3494 1
56867 4706 1
98220 88395 1
94893 10731 1
48289 20893 1
37028 73877 1
48296 30977 1
73253 6093 1
56536 52003 1
43364 44700 1
82707 98190 1
35740 86671 1
26484 96314 1
1783 35168 1
20892 78748 1
91775 116 1
54721 73367 1
28777 38720 1
10689 97576 1
85343 21763 1
84515 63738 1
35815 77183 1
36613 98121 1
6166 97174 1
18501 98073 1
68806 65965 1
23928 73480 1
68717 93494 1
9511 19977 1
21640 77051 1
37218 14180 1
25641 46696 1
94180 16134 1
91744 35268 1
69566 22628 1
91507 33508 1
26612 42574 1
53303 39062 1
36191 28856 1
75831 90537 1
40087 74729 1
21302 28726 1
70123 75685 1
26217 27559 1
12812 16280 1
19527 21386 1
57521 39391 1
7581 67669 1
60152 38765 1
76717 76018 1
32447 15875 1
2008 91781 1
1459 41804 1
86994 91271 1
59766 2870 1
89545 54999 1
98282 54240 1
27626 17841 1
34037 32945 1
59452 87534 1
91920 30797 1
93153 58729 1
36670 18296 1
57916 82491 1
9159 53274 1
82819 72193 1
51611 51925 1
5146 90773 1
95814 23775 1
13368 43361 1
54032 60017 1
99422 12011 1
73315 21628 1
74703 36333 1
58066 28312 1
64912 69557 1
34669 49239 1
3050 48434 1
13745 80549 1
19947 78333 1
3710 77156 1
91091 38664 1
52749 33415 1
28866 47635 1
54295 41296 1
60286 79569 1
80543 76690 1
46106 32506 1
74229 15911 1
71038 6582 1
60999 3938 1
58172 23099 1
78780 94217 1
97921 65729 1
51725 63078 1
39093 76772 1
80486 70884 1
56857 45214 1
61630 48863 1
3557 31832 1
42478 59487 1
59415 25766 1
13635 6440 1
41755 84321 1
22296 2466 1
3082 97931 1
83372 39680 1
56501 15908 1
11889 63070 1
42722 1723 1
13210 47192 1
14219 57456 1
10695 57618 1
21567 9804 1
46428 4295 1
79476 333 1
58827 19051 1
69903 3947 1
32146 6726 1
44105 23073 1
96412 10660 1
1186 96769 1
24715 90924 1
20577 70950 1
72245 78680 1
84441 39575 1
16495 82329 1
52985 99529 1
77148 85879 1
92356 46712 1
88155 50705 1
66807 5988 1
45693 17037 1
59462 99237 1
62831 47596 1
54141 76037 1
43412 94246 1
2429 77714 1
66636 28192 1
17226 9248 1
9842 56342 1
26236 86810 1
37729 73451 1
99606 195 1
25707 99626 1
63519 1413 1
67339 52467 1
92884 69607 1
91853 55781 1
8545 46803 1
19151 31411 1
31752 348 1
89356 59029 1
76396 1468 1
70655 32882 1
10148 66350 1
90803 68164 1
70357 97503 1
79866 90169 1
35831 84902 1
72056 72162 1
72701 57925 1
59972 97651 1
33114 47237 1
68058 94980 1
96742 20472 1
33653 7803 1
30195 19825 1
15615 90181 1
86885 50258 1
3477 529 1
35313 78937 1
98039 37359 1
86175 78587 1
11577 82620 1
34558 64974 1
27152 86433 1
58761 41866 1
61605 22058 1
65191 66691 1
63436 70388 1
78017 49425 1
99601 1318 1
36056 56935 1
2387 22499 1
66503 11738 1
79629 15930 1
38063 21238 1
63536 14234 1
28615 35275 1
83817 29488 1
62855 21319 1
8942 95735 1
1744 15879 1
62876 6962 1
94727 29191 1
52834 51144 1
31679 179 1
39442 33266 1
48616 2338 1
41945 50959 1
82471 92111 1
13139 25815 1
5435 74563 1
251 75209 1
1481 43922 1
27358 3816 1
67893 24855 1
59988 79284 1
17553 12706 1
80875 72158 1
22870 41335 1
31143 88191 1
71845 13033 1
18002 66381 1
29771 1912 1
59373 52875 1
36893 86684 1
16111 37286 1
70771 95366 1
51628 37490 1
63001 85026 1
47803 27259 1
4764 69833 1
12863 10271 1
93743 12522 1
45807 78513 1
34792 55133 1
88927 51305 1
69285 64416 1
90110 52053 1
91162 43603 1
95766 20282 1
57526 13845 1
81577 71195 1
24431 57377 1
90840 6365 1
43045 84512 1
9353 65538 1
38373 34231 1
78075 81750 1
32101 70885 1
49609 5058 1
80629 92638 1
7540 14895 1
86869 91397 1
69059 98738 1
26423 27411 1
92259 40310 1
33326 75976 1
52335 98768 1
78010 37436 1
90194 69362 1
64332 82292 1
88257 66968 1
29915 81993 1
18537 53207 1
91692 88022 1
64058 59034 1
56014 93263 1
44283 52954 1
53344 48774 1
95922 42428 1
63113 32695 1
77199 20021 1
88388 24387 1
73573 32446 1
84024 4236 1
23613 11600 1
87610 75073 1
29159 27737 1
39909 71295 1
55880 8096 1
69838 94049 1
50203 97037 1
13149 97624 1
27029 15596 1
80898 25482 1
57946 98696 1
97302 55638 1
59125 24955 1
8550 18225 1
96974 64255 1
61132 24011 1
25246 48843 1
32010 69771 1
76947 36672 1
45814 36573 1
36526 73628 1
98015 36262 1
80336 91404 1
16935 2471 1
3752 98989 1
60891 51780 1
98096 95520 1
47365 41840 1
88226 37997 1
51651 50762 1
70301 73094 1
72939 58182 1
44529 16690 1
96895 29274 1
20883 3912 1
97300 60898 1
26930 66555 1
13059 21381 1
29720 31660 1
19510 51344 1
39183 62971 1
81704 50148 1
73435 30103 1
37243 71074 1
23475 1128 1
92799 10154 1
10830 91786 1
637 45624 1
71398 12914 1
65508 53202 1
75157 21606 1
95545 88512 1
9789 92583 1
36497 72399 1
20156 97488 1
74668 92412 1
12466 17809 1
69571 71219 1
24346 83951 1
25847 89742 1
51165 32112 1
96528 85103 1
14257 17116 1
53034 27973 1
33563 7546 1
42606 33208 1
40445 30817 1
46659 66788 1
60011 92687 1
86736 75956 1
37929 37239 1
15456 58104 1
20672 62873 1
65366 96719 1
95022 18195 1
50638 78685 1
46827 2149 1
45191 30183 1
7393 5903 1
10919 31792 1
35249 96468 1
59873 63063 1
50918 79614 1
15583 17581 1
25028 65428 1
86779 78568 1
83483 37340 1
44289 8613 1
15651 9655 1
52200 83963 1
91875 47541 1
75319 35920 1
86905 3235 1
91348 42449 1
17333 34096 1
70581 3797 1
63686 95740 1
17156 47990 1
42988 31146 1
70153 10644 1
24938 60187 1
13231 23595 1
75482 18238 1
19547 69033 1
66768 34453 1
41143 34296 1
10711 67911 1
57906 30512 1
25259 98296 1
50521 24894 1
24679 61386 1
63795 19860 1
14421 32792 1
77377 34169 1
7162 96190 1
43690 31187 1
17958 1394 1
67489 7769 1
83845 75755 1
30260 67083 1
15374 9747 1
19277 33517 1
76621 48133 1
63874 19697 1
19810 24594 1
7165 4848 1
93219 99830 1
67381 57378 1
11946 99787 1
91595 8152 1
95683 23369 1
74638 5394 1
23786 61134 1
70195 92116 1
24568 59669 1
44020 49333 1
66187 88533 1
30577 15754 1
86180 31242 1
21720 18462 1
48085 1046 1
831 28857 1
24250 58592 1
54742 33364 1
12395 12062 1
66937 45230 1
37859 58853 1
46546 38889 1
91758 82789 1
86841 30081 1
25954 51631 1
32155 36028 1
51958 56122 1
35715 29444 1
30212 81145 1
2180 98801 1
43497 51616 1
80647 31228 1
15612 25334 1
35004 44789 1
43196 79370 1
61151 61500 1
47918 86266 1
44706 93884 1
44172 80051 1
87869 62009 1
26044 99452 1
43238 14201 1
71052 42696 1
32567 49528 1
61826 25615 1
96524 83542 1
347 73066 1
24219 24111 1
58254 37261 1
83847 6954 1
27000 7200 1
85511 83789 1
89474 59220 1
53493 89204 1
24840 20449 1
13891 81512 1
7923 37280 1
55221 42232 1
79850 57621 1
43558 64226 1
3904 35233 1
96457 61741 1
56450 12719 1
53523 24128 1
7374 87068 1
73226 60887 1
61414 72747 1
36072 37960 1
87859 86449 1
9466 53372 1
85009 27532 1
49942 85444 1
9251 34358 1
18819 59768 1
38705 28138 1
34338 98064 1
11902 73679 1
10592 56445 1
93966 76866 1
71933 81700 1
23735 84459 1
2397 90759 1
53382 88282 1
82957 20512 1
79080 13643 1
51900 90160 1
2236 71395 1
20637 3543 1
30947 13662 1
22666 1100 1
22855 57557 1
57095 28669 1
46445 38683 1
23075 76570 1
25827 29653 1
8188 61861 1
64784 79183 1
58743 47286 1
14949 33520 1
9881 68166 1
3274 22258 1
54354 85704 1
75568 97721 1
22419 90177 1
63449 42925 1
7750 61230 1
46943 39241 1
21726 79100 1
16960 64673 1
6028 63186 1
59278 93417 1
43131 56309 1
51752 71435 1
46165 76172 1
53687 69996 1
10811 83537 1
19818 28391 1
21942 40491 1
76936 96977 1
5816 2839 1
23385 13814 1
42145 82147 1
20143 28158 1
78631 69704 1
62324 74398 1
60180 27468 1
78081 99804 1
8737 38410 1
70628 67603 1
5649 75863 1
45247 38768 1
25016 82607 1
23090 92271 1
5158 50677 1
88444 45741 1
97930 9540 1
23894 57968 1
93979 5726 1
69434 73891 1
32759 64467 1
54506 16015 1
272 74079 1
32055 19322 1
98499 46772 1
41686 84019 1
16121 66864 1
57494 93561 1
7182 39718 1
69412 82866 1
83946 48276 1
63010 79015 1
52009 59464 1
54350 32743 1
48134 63559 1
63414 2386 1
14467 11071 1
18466 5022 1
33581 141 1
71654 78819 1
62263 48314 1
50736 38424 1
59597 9435 1
64
