709 1
71956 80540 1
15380 62234 1
26230 56260 1
19658 59197 1
25776 61990 1
41300 63213 1
39691 64823 1
1708 10633 1
50121 11418 1
3214 84969 1
34877 2192 1
96632 67672 1
12615 95512 1
6046 49863 1
75370 63342 1
9505 1601 1
58114 36803 1
72749 38754 1
75010 51348 1
69795 1039 1
48106 60885 1
23149 51261 1
80176 63353 1
40354 54731 1
69810 54162 1
3318 84913 1
53951 14052 1
25993 50074 1
14544 17223 1
6795 83048 1
28030 92654 1
1387 88507 1
31903 741 1
95961 86691 1
96373 13606 1
99069 5511 1
75569 98781 1
41687 23923 1
20675 92327 1
76945 71212 1
5254 58491 1
64415 70895 1
81871 90449 1
31165 17470 1
63648 90985 1
54044 24767 1
41481 89243 1
72015 17050 1
67166 42377 1
26167 63346 1
35422 7787 1
48140 50320 1
73000 89531 1
11801 18024 1
23611 58571 1
83350 23203 1
80048 14864 1
12170 99344 1
32504 13889 1
53114 29022 1
50089 80497 1
6301 11662 1
34075 71593 1
77479 7215 1
21209 89545 1
75286 49744 1
46389 13975 1
6528 11836 1
18241 15017 1
65774 61651 1
59038 51799 1
79897 41519 1
36287 6639 1
49064 64961 1
74699 58171 1
87104 83723 1
78182 15679 1
23237 96422 1
98487 49829 1
20104 77119 1
81819 77178 1
86074 56593 1
9113 85499 1
39177 52859 1
72832 43790 1
34095 9981 1
11651 37033 1
75619 59428 1
15418 95154 1
32798 81651 1
10909 27971 1
45215 79170 1
18285 10081 1
32768 28270 1
56856 16332 1
26777 873 1
20598 80280 1
52994 7571 1
56493 89961 1
69219 53182 1
95935 81887 1
97424 82405 1
3455 70417 1
82384 3411 1
64828 73318 1
52783 20393 1
7970 11553 1
15241 3965 1
27603 52508 1
13200 71092 1
10463 3450 1
38588 67634 1
50910 76987 1
86299 44592 1
43889 73002 1
45052 21302 1
51836 46248 1
949 12239 1
57035 27860 1
51301 67068 1
54477 26515 1
44822 64875 1
38075 8098 1
22891 49347 1
26498 93800 1
28256 28723 1
55904 78565 1
89124 97865 1
17514 55193 1
60870 38198 1
44958 60150 1
74412 46479 1
96671 99672 1
62973 91922 1
34786 94684 1
21287 76665 1
66252 44579 1
82426 7610 1
91743 12985 1
49364 67262 1
3108 51379 1
46310 84366 1
41144 28224 1
79543 98732 1
70208 94303 1
53992 69033 1
29733 40493 1
35883 48853 1
36460 64337 1
81435 69209 1
56474 89860 1
76270 48386 1
10232 6916 1
11822 82312 1
47298 17646 1
11739 99956 1
45647 24803 1
60287 48473 1
99240 4027 1
10114 68150 1
55851 83796 1
87085 50984 1
93694 210 1
94991 96355 1
9795 37901 1
129 91060 1
50400 57633 1
82550 82095 1
80460 95627 1
74968 98034 1
14065 17120 1
73579 88516 1
28625 7708 1
51953 3444 1
20603 8594 1
55367 6673 1
95681 23513 1
97019 45858 1
84843 21637 1
95382 91501 1
72975 78604 1
12512 92844 1
24525 4257 1
2083 70131 1
20944 17226 1
88605 48251 1
42028 84040 1
62774 892 1
20658 71879 1
57616 28579 1
39668 25365 1
93130 48724 1
70861 45435 1
25374 45799 1
18823 50983 1
4304 61665 1
95318 21691 1
77820 22443 1
7594 74748 1
19477 7810 1
13788 40488 1
15208 57739 1
82287 93020 1
42768 32088 1
46507 31174 1
59837 38461 1
45836 2580 1
88045 95948 1
17272 86166 1
33146 92050 1
98971 95561 1
33002 63896 1
60515 33346 1
66246 77786 1
9340 75454 1
34135 91615 1
88956 87126 1
12316 9276 1
53542 6989 1
76716 16072 1
65373 18479 1
57417 60934 1
19956 8379 1
73680 72573 1
82906 33107 1
39729 93833 1
17704 49070 1
75051 76635 1
75798 39961 1
59294 97887 1
11774 37537 1
13565 69826 1
91884 42447 1
90434 235 1
5459 45064 1
56157 7804 1
59518 55144 1
35307 31470 1
42650 20373 1
2099 75796 1
22924 12076 1
46277 61846 1
46871 95073 1
49342 30090 1
85526 60505 1
15853 92861 1
30902 19403 1
42453 33480 1
40198 12111 1
88742 65454 1
78678 90627 1
86765 30086 1
63321 96724 1
50493 24087 1
48248 82348 1
40899 25689 1
81861 31294 1
10062 10990 1
18296 22967 1
20771 48949 1
15226 75992 1
93933 77120 1
65071 45551 1
31456 66586 1
80164 13610 1
18477 70606 1
11646 33563 1
86355 38316 1
44469 38609 1
41394 69942 1
27738 57807 1
71974 67344 1
94264 24983 1
33182 29092 1
96103 39524 1
92850 64753 1
70707 22696 1
6666 15061 1
74310 48114 1
94812 61814 1
93217 67680 1
47951 24773 1
44240 54391 1
93300 26512 1
15428 99583 1
44865 71552 1
97260 84994 1
21274 79515 1
65606 53050 1
47040 47270 1
57672 61033 1
97306 32142 1
72691 92373 1
5232 71096 1
35602 12445 1
26187 12713 1
24500 36820 1
66866 84596 1
32238 29849 1
51383 26444 1
7551 88692 1
39889 73167 1
12016 62678 1
1342 56702 1
79147 48480 1
89097 7068 1
3121 34448 1
52817 981 1
91040 73700 1
60521 74491 1
71747 56708 1
50553 64762 1
67385 25516 1
98706 85091 1
8723 49735 1
2946 49779 1
67839 95005 1
21683 53698 1
22117 48702 1
40555 45664 1
4248 12328 1
41130 16337 1
1409 63593 1
43522 18754 1
85036 64547 1
92259 64970 1
34392 50075 1
40161 78889 1
23626 86012 1
42298 67738 1
99130 86386 1
157 47361 1
12578 68857 1
90655 50842 1
8975 90359 1
63669 4131 1
83057 66777 1
94123 68911 1
79497 27239 1
86700 93745 1
30137 45663 1
74332 98614 1
62866 76760 1
19766 49253 1
69314 11675 1
62100 14267 1
11797 16847 1
36085 68071 1
31433 21208 1
65176 45462 1
26846 17842 1
5726 99326 1
40382 43238 1
32700 67109 1
56395 96410 1
48092 3740 1
72304 78077 1
45596 38339 1
59767 11755 1
98715 11861 1
3793 71338 1
45006 31264 1
41489 32480 1
5962 66852 1
78447 58427 1
10873 38384 1
15941 77069 1
65543 25060 1
2231 10259 1
3438 17510 1
29241 38888 1
28539 54580 1
86368 61409 1
73188 81005 1
20054 26194 1
11180 44207 1
99154 37765 1
69017 53003 1
32865 82664 1
45024 42347 1
68376 3261 1
76515 39215 1
83747 9598 1
41017 85171 1
96468 571 1
36136 20461 1
16121 77454 1
82283 97577 1
90923 86920 1
28851 17111 1
36906 23012 1
95197 46324 1
69676 75511 1
44479 10784 1
44414 28894 1
72951 63532 1
25619 78441 1
27479 57340 1
13020 72917 1
38591 47586 1
64153 79928 1
34890 3559 1
13775 64842 1
92081 54220 1
88431 47049 1
23315 67932 1
73914 85789 1
34178 92641 1
33422 86354 1
38650 31649 1
56207 21733 1
54960 40906 1
1031 23008 1
2643 26164 1
7907 2650 1
70178 80949 1
75822 94732 1
77971 78446 1
5406 67652 1
14038 82635 1
2401 29934 1
32704 6156 1
48609 65401 1
19054 17765 1
34604 6557 1
31288 22082 1
16113 57364 1
7966 52481 1
98722 22590 1
33380 38080 1
93837 77184 1
4572 68627 1
50610 78528 1
67178 51735 1
81447 26538 1
49400 48206 1
19602 92494 1
91885 55042 1
13992 32324 1
74900 68281 1
5275 67129 1
51313 5543 1
3855 28335 1
61727 18962 1
53241 36067 1
45702 87039 1
85916 26531 1
16650 49344 1
96317 24415 1
89343 2778 1
6681 87913 1
14758 17024 1
95740 5600 1
28862 19788 1
40144 52074 1
24877 47547 1
43260 73620 1
4740 80170 1
31511 46556 1
53338 60786 1
3198 65372 1
47725 64359 1
17930 66316 1
29813 13683 1
32814 26263 1
22501 20456 1
76979 88730 1
18675 83264 1
22355 68616 1
11678 91228 1
17100 22693 1
23725 21795 1
14820 95547 1
73429 80256 1
91496 45552 1
59686 37028 1
25942 40767 1
24703 12657 1
89558 84862 1
94207 2140 1
62578 94400 1
14456 20990 1
2352 60715 1
60213 41466 1
77667 79926 1
90266 62918 1
8278 36832 1
77860 6317 1
26963 45601 1
59577 20159 1
17807 4280 1
44007 77764 1
71688 78781 1
79007 9726 1
70672 97208 1
88184 52170 1
89636 4925 1
50015 16517 1
76504 77370 1
88025 93127 1
23251 25956 1
72413 31211 1
48562 99813 1
57923 97255 1
34289 64434 1
16132 29879 1
31224 81483 1
93451 65130 1
94878 44681 1
50203 6222 1
80803 15287 1
36631 57051 1
38073 42549 1
48371 9921 1
84155 51599 1
54049 47525 1
51552 46618 1
51863 47938 1
64018 31311 1
60242 70413 1
73504 30682 1
9992 38941 1
37657 36206 1
92747 92876 1
72979 27800 1
96420 72333 1
78470 60017 1
81980 52371 1
10456 29369 1
28294 28197 1
95644 82363 1
16634 32605 1
58008 65447 1
27992 87573 1
7984 76490 1
29109 43368 1
87031 12519 1
96428 82154 1
18503 98060 1
65681 337 1
42547 52915 1
88724 82193 1
71418 69589 1
21665 24733 1
81908 71678 1
15420 85537 1
79289 34967 1
94202 78803 1
93209 57763 1
10942 26345 1
78838 15752 1
24550 1286 1
75506 64245 1
2893 33448 1
65356 72324 1
93818 95783 1
11458 39694 1
96296 47950 1
14524 48389 1
60022 14561 1
92611 61744 1
25094 66185 1
64295 70978 1
37619 38031 1
67521 66021 1
29453 99996 1
10449 37895 1
64053 13214 1
59949 1135 1
96072 81876 1
19693 97717 1
28836 48198 1
98180 37567 1
48628 8157 1
33870 98808 1
18698 14006 1
99746 87037 1
93631 41005 1
38385 2487 1
3174 65042 1
52882 32472 1
6249 1922 1
52917 2815 1
87527 24042 1
57026 92924 1
57879 98304 1
28964 40485 1
27102 30713 1
3407 46658 1
31640 82577 1
32585 19858 1
83317 89028 1
89743 45846 1
12912 72332 1
39001 66357 1
34580 96183 1
75842 8783 1
9243 94211 1
41899 16040 1
80263 2455 1
89267 9027 1
67043 76136 1
74605 86618 1
6311 13031 1
31888 26655 1
27160 17374 1
85890 63800 1
97557 460 1
43837 82058 1
66855 17768 1
51602 21534 1
38162 28546 1
22513 47979 1
69857 33991 1
94725 7709 1
82329 30580 1
45185 27674 1
43542 66984 1
1140 10534 1
72090 97052 1
27498 19251 1
39068 64031 1
51950 17912 1
34595 52041 1
32159 13078 1
78185 49821 1
43185 66823 1
93777 49961 1
91390 39463 1
20890 47166 1
89051 24909 1
75757 77992 1
51732 96944 1
93475 83590 1
42194 49548 1
34510 31488 1
5158 18619 1
77157 41815 1
8871 59473 1
38946 52286 1
11754 11034 1
90253 31591 1
60593 15125 1
23851 10709 1
99291 64396 1
57386 14377 1
21132 11472 1
28139 50068 1
50497 5703 1
22412 83 1
11295 48690 1
27686 81552 1
41599 53444 1
72072 62878 1
32702 76149 1
81279 341 1
12910 57045 1
42962 87526 1
24588 41298 1
38181 35120 1
70153 90444 1
19261 13394 1
2672 99563 1
70175 75530 1
9494 88075 1
91554 18752 1
45109 36355 1
81143 77766 1
15978 79084 1
50510 33265 1
69838 16096 1
4147 16248 1
87019 52064 1
69131 2337 1
13223 69884 1
37464 41632 1
35225 38020 1
80666 57300 1
63709 17885 1
83108 9529 1
8922 43718 1
54993 58413 1
76779 66953 1
325 96013 1
4081 20784 1
44694 10518 1
57949 63710 1
64593 64085 1
53930 29765 1
36495 47741 1
72924 50142 1
7518 83162 1
19418 17476 1
6381 61028 1
51628 52077 1
83176 72568 1
84350 95240 1
13292 17603 1
72648 42125 1
7676 1657 1
10862 80339 1
6888 4781 1
65987 63209 1
87580 32007 1
21751 5394 1
68789 63298 1
83666 24191 1
18200 1533 1
71467 33882 1
577
