751 1
91927 35848 1
18885 54752 1
71599 28432 1
30971 24796 1
72856 66380 1
72802 57747 1
53073 81883 1
51751 37073 1
17167 4662 1
60674 28125 1
27461 76953 1
65285 86659 1
57015 16919 1
15767 66949 1
96483 42349 1
87741 97631 1
66547 73885 1
48646 91141 1
38886 31283 1
93975 20003 1
91535 70546 1
42331 98538 1
25750 97733 1
97169 88515 1
66712 61128 1
28024 34014 1
18915 92608 1
44858 8425 1
21182 77644 1
66717 7965 1
4894 64021 1
40420 58748 1
95492 51534 1
74921 90080 1
39545 8852 1
97606 55958 1
76102 96031 1
5552 54803 1
12972 98032 1
60258 74535 1
73686 39268 1
76840 76862 1
23739 46771 1
10915 3305 1
20962 1584 1
9007 776 1
7170 13950 1
70727 2569 1
93787 31234 1
67779 25293 1
40870 82640 1
70413 68040 1
66615 3491 1
45936 50035 1
61516 36639 1
91214 27678 1
96055 65130 1
59731 46918 1
66117 25813 1
55134 53026 1
99348 47008 1
31430 92193 1
72640 21953 1
51527 82648 1
38080 96613 1
26520 25762 1
69103 23419 1
59660 80020 1
56990 16890 1
84523 37394 1
34980 70573 1
99318 91565 1
25355 87433 1
52345 2386 1
18019 85240 1
78845 50036 1
90923 53153 1
72898 60195 1
15732 42708 1
48070 11357 1
93405 20078 1
34797 18210 1
54574 3187 1
83615 2431 1
96885 46294 1
20664 40705 1
68710 99224 1
37530 59665 1
12895 56586 1
89226 46012 1
66789 37516 1
84469 34900 1
7871 36327 1
96639 42910 1
15715 38639 1
31519 23941 1
88559 38669 1
99667 49777 1
71376 40853 1
71648 31943 1
7188 23481 1
52086 37733 1
68041 81933 1
66734 49573 1
13930 62352 1
94696 81839 1
97483 40339 1
97323 66309 1
78359 28149 1
99438 17917 1
45697 65311 1
92381 36914 1
15440 31863 1
15040 49022 1
39717 76658 1
67344 78532 1
28439 63721 1
11994 78236 1
86577 62553 1
91457 59804 1
3911 66274 1
57445 41603 1
53103 21610 1
11573 4882 1
96883 31278 1
77887 46535 1
6531 67563 1
4630 69916 1
65261 81340 1
64140 30127 1
80174 12582 1
55823 56326 1
13181 5236 1
32912 46916 1
99844 18719 1
37147 53206 1
18060 47385 1
21336 19726 1
28792 8728 1
27078 13299 1
31093 89784 1
96368 1330 1
99637 44230 1
65522 7431 1
1127 59989 1
23521 90268 1
16777 95182 1
92669 32961 1
38586 98741 1
31114 62713 1
62592 38555 1
66350 22253 1
83395 3934 1
66030 71402 1
94420 58207 1
52701 30751 1
43256 39759 1
70622 69523 1
5838 74412 1
84635 1239 1
53051 47755 1
32345 25574 1
78744 72020 1
46459 22672 1
3623 89448 1
68539 91041 1
71312 11391 1
85330 37512 1
83074 87718 1
97626 3804 1
6976 88879 1
96892 97395 1
40559 68551 1
49000 48654 1
43890 86024 1
36147 38733 1
90419 15228 1
36453 66704 1
520 91713 1
84181 51194 1
1263 53908 1
41051 65759 1
21742 69026 1
42967 12491 1
40258 2185 1
24387 9895 1
13162 94354 1
73665 45313 1
2220 42616 1
73600 84029 1
11076 7136 1
70268 6434 1
92516 12530 1
60761 90212 1
546 44023 1
14216 49078 1
69141 35666 1
91188 82012 1
92566 10048 1
66386 92518 1
9384 53142 1
19412 53786 1
77552 25153 1
84812 87874 1
27501 10508 1
73840 62846 1
63568 86462 1
73436 8339 1
51646 74144 1
76445 61657 1
50545 23117 1
92605 7894 1
44508 47272 1
85327 19557 1
17233 16332 1
91524 17621 1
87407 23715 1
84936 37700 1
6057 1090 1
26674 63150 1
56667 83787 1
36275 10967 1
605 38351 1
33641 45139 1
50957 35469 1
47961 38092 1
67371 96933 1
25011 67595 1
92995 86731 1
94930 82783 1
84065 77832 1
6755 31290 1
40609 15105 1
16824 87223 1
78378 67244 1
22927 40073 1
87777 7924 1
33666 70916 1
73279 9599 1
32902 11421 1
15487 46526 1
72218 97949 1
18775 3535 1
8674 55745 1
99535 29902 1
76528 70043 1
75249 86144 1
35249 56517 1
36757 10890 1
49254 72518 1
94735 54307 1
58911 4320 1
90549 94171 1
90352 98247 1
95309 85286 1
62840 98358 1
18344 58019 1
59542 35914 1
37984 98823 1
48789 80742 1
50509 1776 1
71614 52749 1
9996 6361 1
75656 93782 1
13551 12805 1
44663 87045 1
25804 13335 1
52191 70828 1
34864 46052 1
11795 80672 1
33934 38161 1
44410 21629 1
52823 57869 1
81794 46593 1
52880 47269 1
31415 21765 1
69730 28263 1
9727 39530 1
99711 3496 1
82958 18740 1
94277 81751 1
85606 58277 1
5045 66090 1
22082 57168 1
20335 76836 1
40437 87053 1
60381 56070 1
54776 85159 1
70325 54305 1
70283 83427 1
22386 10216 1
45869 44871 1
14802 30378 1
82520 17229 1
55471 31650 1
76737 77579 1
60704 45393 1
42022 23671 1
18296 773 1
90079 8998 1
43563 95982 1
45266 95180 1
58099 24479 1
70620 15008 1
63876 36794 1
90650 69770 1
93273 3716 1
53066 32578 1
32669 57402 1
5985 90561 1
46017 88176 1
90780 9046 1
41976 67883 1
24650 69673 1
45097 44445 1
58813 94793 1
28351 55959 1
2720 98500 1
949 38033 1
38310 90176 1
50858 4633 1
51498 2354 1
7545 68877 1
42195 96997 1
5987 33311 1
11097 54559 1
89414 27861 1
41362 1819 1
89796 67630 1
311 21924 1
62263 87942 1
24708 50634 1
6953 81871 1
19894 5711 1
97360 40219 1
79889 89646 1
74577 93341 1
30095 49622 1
47625 77716 1
5349 56888 1
27815 13090 1
15127 64782 1
87943 88901 1
47110 98016 1
71731 14235 1
27471 40729 1
9375 8177 1
2907 99987 1
28953 4171 1
43 44666 1
85847 30253 1
11513 55706 1
95368 34109 1
2756 41256 1
33336 30497 1
49591 16280 1
60374 95193 1
46886 12816 1
78807 4391 1
21319 34904 1
11645 6783 1
11030 4880 1
40571 53903 1
51907 72394 1
45461 74319 1
51836 90159 1
2663 98 1
48009 11534 1
54728 54881 1
90946 28558 1
86679 50652 1
65828 79665 1
60990 37975 1
82376 38262 1
34330 48537 1
94143 49034 1
65802 34584 1
57464 32247 1
98897 46172 1
5810 81200 1
28948 89390 1
5067 16854 1
92688 22618 1
53174 95882 1
97591 220 1
66290 40691 1
31873 70739 1
72416 9153 1
58901 59834 1
1575 1767 1
8058 39495 1
34258 6456 1
94098 488 1
63692 30541 1
27185 34564 1
99596 84100 1
27855 36328 1
80033 40692 1
61257 2668 1
27792 61059 1
81137 97928 1
28976 41548 1
25272 45786 1
21881 31919 1
73068 54275 1
80198 80193 1
92325 90118 1
36437 26563 1
79235 51413 1
84132 57039 1
55812 87158 1
26871 65190 1
59257 8057 1
64815 32497 1
16167 91295 1
4427 95251 1
85414 31339 1
88438 85642 1
89201 9356 1
27810 22760 1
96551 7741 1
41564 58706 1
13486 31503 1
85510 68064 1
19768 13926 1
21163 94272 1
91799 88167 1
20140 64608 1
57061 97519 1
62559 18871 1
10341 8398 1
5222 48776 1
70264 27542 1
88437 72665 1
68366 25649 1
5457 77745 1
45027 3880 1
33729 93098 1
59213 49986 1
67284 43051 1
75406 74455 1
80913 71741 1
94738 71777 1
3132 40359 1
48264 96936 1
36114 96443 1
52315 29850 1
73005 12764 1
34892 2613 1
32753 35142 1
18464 73257 1
96536 82992 1
41871 28005 1
1984 32093 1
6561 84724 1
30017 8112 1
43323 74604 1
90476 90145 1
14699 25901 1
83393 10194 1
97133 42103 1
1980 19635 1
82819 52280 1
52744 46340 1
87662 33749 1
93630 45988 1
57841 63047 1
46714 65447 1
62473 42996 1
95719 16397 1
27282 50122 1
45794 9349 1
5006 49505 1
38535 78300 1
97576 90528 1
25653 90903 1
46696 63049 1
52523 98018 1
18032 4526 1
22372 53315 1
56935 60971 1
34332 86602 1
92440 60498 1
5155 30389 1
9672 63930 1
21650 34058 1
39553 3350 1
66190 95868 1
97416 95148 1
94799 66707 1
49472 8659 1
78210 47477 1
21745 63760 1
81485 28117 1
70440 63190 1
51316 47163 1
56324 32139 1
93489 75374 1
97534 42997 1
63689 9268 1
97991 4936 1
99081 93584 1
47624 45941 1
23612 58037 1
49361 12563 1
34540 45321 1
8363 92512 1
16124 43522 1
12620 42764 1
42620 45832 1
55525 43424 1
79748 47645 1
83575 70487 1
24808 90473 1
34066 98952 1
32223 28803 1
57680 85940 1
30719 91154 1
35832 9456 1
39066 26528 1
69239 65667 1
45915 17457 1
58122 10534 1
19617 80266 1
36938 85019 1
18395 29459 1
2575 66469 1
93164 44514 1
87300 63559 1
89641 10649 1
44876 29029 1
14571 87115 1
10302 87961 1
24201 66106 1
79413 10646 1
65994 43713 1
56251 79103 1
53368 26647 1
25782 8322 1
70825 71414 1
12825 99389 1
32155 63817 1
41021 75485 1
19652 39096 1
90981 26911 1
44562 50803 1
61173 59398 1
53606 93831 1
22941 9313 1
84840 16153 1
23727 9795 1
60207 40365 1
98104 96950 1
88526 83207 1
5381 50669 1
48282 21052 1
96784 61479 1
75103 81390 1
70457 48917 1
81610 78117 1
53216 2886 1
71530 50568 1
29671 12290 1
33133 54379 1
19056 66077 1
56187 46033 1
45525 54607 1
70174 92281 1
33144 54157 1
51257 36169 1
49485 48415 1
92569 44346 1
79551 97506 1
89926 99767 1
65302 35438 1
65296 64344 1
30077 43324 1
64118 5541 1
93942 57432 1
50257 73894 1
54734 96122 1
5607 63443 1
36404 44196 1
526 30882 1
39235 10799 1
63299 64498 1
44381 22709 1
16521 38433 1
74528 79774 1
57727 24952 1
242 71547 1
71691 22874 1
17227 92334 1
17500 65603 1
91157 70927 1
65735 31086 1
17702 78932 1
21552 48910 1
53816 87502 1
51450 82734 1
84013 1 1
56542 43224 1
25812 14565 1
85039 43195 1
12612 9924 1
50520 33979 1
74958 48862 1
99777 33966 1
74024 67286 1
36878 7387 1
20230 97675 1
57577 94178 1
86617 50596 1
2920 69057 1
29618 78440 1
49089 73722 1
2092 93961 1
16502 18386 1
5905 59732 1
6042 55604 1
34418 31235 1
53857 57203 1
14277 58741 1
18889 46964 1
68050 94349 1
41520 31784 1
92805 22100 1
80721 93481 1
42529 74859 1
41798 47892 1
96857 95433 1
66459 56691 1
22493 33137 1
70148 40405 1
88139 89687 1
37962 50297 1
85191 49026 1
10116 51647 1
20315 37355 1
49983 18532 1
66742 67626 1
76279 74870 1
43040 2117 1
30308 62878 1
26780 83162 1
29758 99176 1
49612 85009 1
76636 59149 1
59204 72473 1
7975 10388 1
74046 1163 1
23578 89975 1
64633 15034 1
23697 68628 1
46973 18562 1
3177 31354 1
32556 23957 1
20199 29996 1
21886 99008 1
3641 42690 1
70534 634 1
18215 38673 1
15179 40077 1
58640 88117 1
1598 83235 1
1885 66055 1
19004 1892 1
75185 61539 1
52889 93524 1
58310 10130 1
55851 95590 1
80004 83553 1
74323 51683 1
27286 25306 1
65858 67206 1
24599 69383 1
90222 38722 1
1828 59594 1
90325 20870 1
91268 51975 1
91061 75735 1
11769 73608 1
63585 75783 1
60215 72636 1
28151 91650 1
33203 46499 1
2384 33206 1
65870 23147 1
19067 38441 1
74829 36743 1
70917 66296 1
58696 85961 1
11071 92812 1
82618 42211 1
33328 1015 1
29571 32730 1
43882 50546 1
49213 42165 1
48836 73552 1
33113 79190 1
88237 8390 1
84527 44850 1
27343 63914 1
98093 6496 1
66877 23765 1
49200 51961 1
84737 43756 1
16703 81284 1
465 6802 1
55087 86939 1
48090 72648 1
80399 26048 1
38125 87947 1
117 72337 1
97995 96038 1
31175 57309 1
85893 60773 1
78881 86411 1
17785 37441 1
21220 16586 1
40994 3049 1
51320 75538 1
28044 49760 1
135 4277 1
441 64534 1
54526 54012 1
23802 5232 1
11966 85840 1
9693 27626 1
26225 7798 1
69742 58600 1
415 73712 1
32830 96333 1
31020 92296 1
2733 28644 1
30066 87888 1
58688 72717 1
33976 18473 1
63020 7810 1
10535 22150 1
24234 21239 1
63566 944 1
38157 52544 1
6645 76563 1
72074 48523 1
43178 40594 1
32130 58349 1
98268 75990 1
5822 62870 1
13455 19325 1
26382 16181 1
135
