70 1
81822 34047 1
49967 24464 1
54811 98141 1
86284 30376 1
19564 62907 1
91109 36033 1
75365 14227 1
85229 34359 1
93690 80961 1
58435 22895 1
83729 64476 1
20544 41299 1
55042 69085 1
52499 24915 1
90464 98158 1
34673 8298 1
77381 97448 1
11635 4628 1
49253 54559 1
39808 64180 1
46846 47119 1
67152 26143 1
12507 18872 1
52161 56897 1
28905 94651 1
10704 88540 1
26726 27079 1
98509 14729 1
36768 28356 1
51345 27056 1
99246 79137 1
36027 85034 1
36602 73048 1
85015 56676 1
8516 20391 1
82622 70164 1
55450 22682 1
31888 6177 1
96394 14889 1
48539 62809 1
84855 16787 1
72078 35595 1
77598 30097 1
43140 16375 1
93374 66417 1
51006 82386 1
44117 42556 1
46864 71483 1
87077 83743 1
75469 70867 1
92107 27759 1
74868 94393 1
60083 88745 1
33981 29258 1
374 87721 1
15662 73740 1
28936 2628 1
5987 85947 1
72798 60676 1
1857 44681 1
78777 79318 1
12259 31151 1
82938 43527 1
55448 6306 1
7412 83888 1
34789 88276 1
79763 51022 1
8184 7424 1
6087 44065 1
6088 10378 1
31
