291 1
79073 71419 1
95885 60125 1
80641 76771 1
26178 47807 1
46704 97713 1
46825 89882 1
49912 31549 1
60995 72290 1
62803 83350 1
19240 55937 1
33523 72583 1
9956 28005 1
84371 89590 1
88799 38071 1
5520 88171 1
31193 67416 1
27690 32554 1
30760 85423 1
5525 47083 1
35240 25234 1
40713 39383 1
51819 84439 1
19496 82943 1
56134 22619 1
70876 83222 1
52657 26874 1
999 22181 1
47214 10429 1
16209 63327 1
5594 76692 1
57209 80066 1
58411 39168 1
41865 62290 1
31253 73193 1
3110 12490 1
46661 42530 1
63310 69870 1
73260 27698 1
99317 87678 1
54364 49057 1
39481 21056 1
23395 17757 1
3000 91161 1
93724 50429 1
12134 5681 1
75433 62999 1
9088 52510 1
83296 33768 1
59112 89364 1
52845 35712 1
83575 11914 1
77301 3180 1
3470 4813 1
18277 26965 1
3004 48242 1
85171 74042 1
84527 54417 1
36850 36861 1
1827 43777 1
50825 18243 1
92315 86554 1
7455 86051 1
43449 91179 1
40414 99191 1
74169 47924 1
61413 8518 1
69614 6482 1
18450 48135 1
94469 31477 1
91408 71760 1
50650 21882 1
92801 74845 1
71862 56877 1
74478 88942 1
46395 50448 1
99842 21265 1
88652 25569 1
95306 15294 1
70444 22335 1
28060 68365 1
98416 64073 1
78128 69228 1
61853 42235 1
1080 27056 1
91241 49095 1
403 70088 1
13209 71541 1
17827 14023 1
8758 24649 1
59111 27389 1
78254 77947 1
80685 12052 1
16113 17590 1
10601 8852 1
28805 82270 1
65528 38007 1
13830 3700 1
39862 11714 1
19138 739 1
66822 91262 1
72183 83435 1
58921 74972 1
54684 88242 1
58059 68952 1
52144 28234 1
30553 23217 1
22917 74272 1
31239 74939 1
44596 55149 1
75941 62628 1
99186 1498 1
68680 61819 1
84043 63219 1
14019 90950 1
74644 16364 1
99630 96653 1
92327 64554 1
84116 19322 1
32457 60973 1
49051 79394 1
85912 16783 1
38428 56052 1
84389 97387 1
50600 77051 1
87399 82101 1
98697 10066 1
89751 86726 1
99987 67400 1
98449 80455 1
51598 20451 1
74844 70961 1
1496 22439 1
83547 92806 1
66057 80602 1
83472 84749 1
36030 89719 1
64376 72354 1
27432 71665 1
64754 30546 1
38563 61718 1
6939 41274 1
49914 80339 1
18931 94967 1
12078 80658 1
36103 49980 1
4655 82703 1
46877 43630 1
90323 95693 1
85863 16949 1
89874 75052 1
88910 20473 1
32217 92705 1
36211 54968 1
59428 91813 1
49073 23865 1
38951 95333 1
590 37570 1
73962 17443 1
50705 7991 1
16419 81628 1
9226 81313 1
78237 10788 1
30263 10447 1
20304 2740 1
11797 3285 1
52664 27682 1
90669 2277 1
81132 58500 1
60150 17135 1
84560 66752 1
50991 90109 1
8234 90907 1
37293 78877 1
232 32340 1
80558 66784 1
47941 27320 1
78107 76946 1
47965 24016 1
7203 61436 1
58918 66163 1
97134 79238 1
95972 72794 1
55156 84470 1
95288 37197 1
44458 78394 1
85310 42462 1
41521 30456 1
61705 19882 1
12303 28189 1
30577 72707 1
96116 65254 1
97105 34373 1
94771 16633 1
20828 6903 1
96988 1170 1
10638 96939 1
27310 74183 1
52679 84276 1
97700 58558 1
87307 66916 1
99445 12744 1
68300 97756 1
95864 30545 1
25192 5030 1
50507 32805 1
77172 92098 1
7175 521 1
83005 60523 1
42030 10237 1
12757 33369 1
15286 27211 1
73275 41689 1
29314 5847 1
40178 8162 1
33520 55623 1
64016 94418 1
43743 23591 1
63798 103 1
29760 27616 1
15018 90463 1
55642 19958 1
92106 38937 1
46466 9122 1
43098 3012 1
98693 77596 1
30096 75204 1
27374 94164 1
55032 54174 1
13503 79690 1
70262 62620 1
99769 25002 1
12151 39196 1
50805 9215 1
36859 93679 1
9753 66663 1
3542 47950 1
17358 61350 1
22727 79651 1
31169 80966 1
39053 44902 1
82439 75196 1
25109 34358 1
58886 87520 1
67445 4312 1
82226 50197 1
61887 63963 1
40621 95287 1
17087 15582 1
28214 13081 1
49531 7736 1
63621 67514 1
58750 42850 1
2059 25680 1
13468 63847 1
30593 81232 1
2138 8211 1
58757 3786 1
9102 69851 1
77173 36154 1
29469 59450 1
61465 58893 1
47005 87527 1
57942 22522 1
70417 4145 1
13366 8789 1
77980 55754 1
88023 94845 1
16348 23626 1
79047 60359 1
82085 90052 1
52401 90483 1
39052 16580 1
17771 85517 1
99122 62600 1
68991 23296 1
37020 14599 1
99858 27127 1
84110 59240 1
11260 64038 1
32641 69803 1
10365 82326 1
85432 67365 1
73648 69879 1
48295 78708 1
62297 96155 1
90774 29615 1
82712 72430 1
74998 88707 1
37162 27742 1
58407 93281 1
62125 75616 1
128
