736 411
35914 59255 1
33327 73362 1
54059 21138 1
40194 81128 1
12391 20972 1
8521 79595 1
96348 74343 1
79136 13742 1
31107 6110 1
87571 3558 1
96579 69154 1
94657 25687 1
96225 31330 1
17003 25595 1
11342 14989 1
39942 94021 1
29507 27985 1
95796 61871 1
251 80177 1
22568 61716 1
94989 7907 1
94445 64467 1
45018 47270 1
32432 76830 1
89488 46625 1
44773 66289 1
13101 57465 1
47688 10072 1
74225 36591 1
16009 615 1
49086 89281 1
97794 25519 1
50263 71688 1
50281 18370 1
76700 35052 1
23704 54228 1
95152 4121 1
45700 62359 1
4593 26044 1
44528 91469 1
32145 50141 1
65902 55839 1
59758 34385 1
75025 24123 1
41148 98786 1
75369 62640 1
43614 20077 1
72551 74 1
73703 10710 1
77767 93064 1
18250 35851 1
70474 36566 1
95350 95819 1
27498 2475 1
50981 70888 1
81415 66090 1
7826 13191 1
93437 26042 1
81560 47153 1
88592 99881 1
49631 59221 1
92172 68019 1
92511 60658 1
56253 70192 1
41831 32147 1
22929 43814 1
22586 83712 1
20101 83020 1
3897 30501 1
78578 75428 1
59422 92187 1
37306 31862 1
78018 19637 1
45954 37833 1
61621 49000 1
90886 51795 1
65079 5246 1
16883 27020 1
90169 10749 1
17959 15688 1
15911 66009 1
83612 61538 1
22521 3321 1
2355 5400 1
63088 93556 1
83366 70814 1
93948 75802 1
78415 46778 1
96157 93161 1
89929 89756 1
26018 9724 1
50229 98717 1
30305 67584 1
45220 51669 1
84721 67196 1
95687 60477 1
99857 90550 1
21478 56996 1
88050 51707 1
10116 41445 1
98490 9212 1
7257 58043 1
21902 87642 1
62209 73591 1
80493 18067 1
1234 3788 1
80874 28434 1
36260 69150 1
23182 31366 1
16992 67643 1
57787 43260 1
60705 86512 1
48400 27124 1
45816 40956 1
44319 80465 1
81883 31965 1
36290 95380 1
50529 45516 1
58040 61978 1
54739 30274 1
86984 29563 1
20752 55410 1
18026 56207 1
62084 65310 1
15854 20639 1
85848 70202 1
8869 57920 1
48196 18070 1
29647 20937 1
28711 38083 1
30289 13552 1
41123 81735 1
36585 71118 1
41203 26916 1
81306 19923 1
83795 52408 1
84222 17403 1
99989 92011 1
19717 44380 1
65777 51954 1
45683 56843 1
60533 9253 1
29809 52357 1
46770 46266 1
24307 91527 1
67000 39010 1
34010 35472 1
45434 99268 1
2067 88288 1
36706 51239 1
78194 16509 1
30540 67472 1
68007 44759 1
36495 96902 1
30934 17576 1
90159 7110 1
68650 15017 1
54732 16905 1
28423 50525 1
72875 7883 1
69342 63766 1
34924 82075 1
87913 51120 1
86466 22322 1
42124 57495 1
8348 98367 1
98233 85778 1
55007 56521 1
20124 47440 1
51287 20555 1
13507 26784 1
73197 44780 1
18746 86610 1
4704 21583 1
50833 97881 1
41085 38835 1
54412 83055 1
62919 35862 1
41104 83140 1
58257 435 1
33498 45192 1
74327 55292 1
71399 1114 1
68382 21271 1
74615 22928 1
14002 27945 1
35611 28913 1
29874 63016 1
30217 81482 1
46474 13443 1
27063 38522 1
29380 47156 1
49548 98314 1
37000 53378 1
1355 15123 1
67742 90581 1
65785 90848 1
63315 46805 1
44079 71257 1
72835 46340 1
50725 56271 1
44466 25790 1
23667 16768 1
90358 50173 1
47053 84780 1
4983 71700 1
16293 42663 1
62849 65921 1
56342 89362 1
34023 84651 1
87864 27815 1
25162 48608 1
954 10827 1
66826 5049 1
34300 15792 1
88675 8677 1
19231 43548 1
89560 40430 1
34457 36307 1
99359 28447 1
33439 30637 1
25703 84390 1
77262 75924 1
95081 33790 1
94321 36005 1
2653 16303 1
72770 33763 1
54724 67188 1
84097 14676 1
85031 16455 1
94337 28236 1
29639 81263 1
36768 53217 1
29891 14557 1
65896 20257 1
33658 93728 1
34854 40309 1
33518 35850 1
72836 39086 1
42728 48516 1
93406 17618 1
12035 95917 1
96255 12349 1
44441 39603 1
8565 94352 1
71352 54388 1
68132 54636 1
51178 71101 1
33252 50853 1
38694 31300 1
70047 57740 1
11744 76361 1
32953 77301 1
31982 52146 1
68198 2104 1
33126 39318 1
61549 15164 1
60015 75097 1
1054 15624 1
47384 91046 1
50947 16095 1
323 10073 1
25792 96165 1
99025 4322 1
21989 91700 1
78367 21482 1
90918 15131 1
87379 12713 1
39706 21816 1
65588 58728 1
59407 65299 1
57854 30140 1
31430 59096 1
88394 26138 1
45995 92763 1
3716 27615 1
99886 96834 1
24139 17325 1
7775 56927 1
75205 62647 1
68052 1155 1
14400 8647 1
96936 78276 1
68798 9319 1
53070 65668 1
48818 59455 1
13326 76499 1
59978 14961 1
64371 51485 1
10663 43166 1
14867 85587 1
73435 80242 1
43370 23811 1
98972 16730 1
90122 63170 1
46063 12815 1
72405 66085 1
86208 17921 1
69527 17108 1
82932 32007 1
63744 68703 1
41435 63731 1
50098 66195 1
23044 77516 1
54362 19442 1
63030 28276 1
44791 75700 1
87317 301 1
55358 80243 1
48645 39079 1
99011 26538 1
94942 60160 1
80192 60053 1
40380 48932 1
24192 25640 1
9589 75492 1
76788 41739 1
93717 47043 1
18584 73567 1
9100 94554 1
18428 77676 1
23715 72088 1
7981 43981 1
86564 52386 1
20637 11611 1
74085 92305 1
62029 82345 1
87181 13546 1
89009 79009 1
16672 36476 1
71340 82556 1
98698 58101 1
93494 96791 1
29530 17540 1
43008 57406 1
65419 15347 1
47516 78656 1
4497 17723 1
32964 88906 1
90174 13923 1
36339 52896 1
17795 97740 1
99860 67539 1
91623 77885 1
69521 29341 1
15048 54007 1
38517 42777 1
72163 82289 1
88506 39924 1
69467 39323 1
32898 10989 1
1366 13775 1
47229 24974 1
58542 19073 1
59544 72254 1
2199 47586 1
61858 39048 1
28977 77086 1
73492 68363 1
37154 66170 1
55578 86841 1
24277 15873 1
32076 93803 1
37318 72011 1
10850 33634 1
11886 13011 1
3325 89794 1
4822 13410 1
37046 13081 1
84551 11186 1
42970 6140 1
68393 67207 1
66414 59307 1
83685 64517 1
60906 48699 1
70113 70403 1
32457 41208 1
76929 6904 1
26950 91288 1
24376 96840 1
78158 87096 1
61139 50883 1
5663 58139 1
98535 29324 1
56833 35694 1
27896 20071 1
75191 76605 1
98983 3185 1
6626 68920 1
52891 2658 1
13300 32983 1
8945 72553 1
55728 54622 1
72966 60654 1
80956 67173 1
37711 78306 1
61965 42195 1
48098 87916 1
46079 55675 1
13397 56298 1
32535 76932 1
54294 71627 1
32632 42261 1
72359 18950 1
93008 92644 1
56678 22574 1
70578 3935 1
19619 85265 1
62303 38166 1
30577 96746 1
10981 40328 1
72640 27422 1
96610 14448 1
17200 42717 1
8769 84089 1
64108 39071 1
65096 31374 1
23391 89316 1
7795 39541 1
335 49857 1
21617 18870 1
63990 28097 1
19552 60821 1
29304 17642 1
40674 34294 1
12981 17295 1
60312 5053 1
25346 82195 1
14543 68834 1
27466 7333 1
5371 14967 1
53066 77995 1
42161 31535 1
51696 75466 1
87204 84623 1
8153 27158 1
16913 20913 1
82153 17135 1
46294 47934 1
35188 36230 1
47701 46758 1
36642 34647 1
50089 24693 1
98867 92270 1
61095 70820 1
40808 98238 1
38916 26548 1
60501 25554 1
26435 37988 1
78085 15473 1
5326 86034 1
7760 20040 1
65038 19557 1
45410 51993 1
28719 66649 1
98155 7576 1
70370 44394 1
46825 70655 1
7472 29888 1
952 2906 1
640 76222 1
16570 16682 1
40253 15957 1
38954 88873 1
49735 81119 1
1660 64007 1
21833 94845 1
92103 50133 1
64504 71524 1
32738 14246 1
31398 25124 1
59314 27591 1
2435 76884 1
51712 73131 1
60081 51938 1
44718 34342 1
10653 86442 1
30959 58876 1
84825 29132 1
92786 84463 1
3613 95840 1
3211 9028 1
93783 77211 1
15897 89504 1
59911 8070 1
9424 98158 1
37599 45660 1
21216 71139 1
87882 41723 1
13246 22698 1
34030 84418 1
26495 8156 1
30937 4032 1
61266 57841 1
51926 99988 1
8180 18137 1
69089 68278 1
38971 28406 1
43761 62755 1
66200 94664 1
99062 31591 1
17898 78822 1
87403 93083 1
69937 7421 1
82500 8673 1
54360 58692 1
62340 57362 1
91196 39627 1
53360 18101 1
84489 29858 1
14293 30544 1
21175 16715 1
56204 36514 1
65629 49344 1
8331 16489 1
24403 85423 1
67407 85025 1
47754 30795 1
46090 39873 1
10448 41792 1
79183 60770 1
24542 31331 1
7351 97506 1
81642 54021 1
65567 84052 1
44152 84527 1
32749 93492 1
86314 39628 1
86793 65765 1
10770 69046 1
51415 57394 1
20845 70807 1
45819 57420 1
37986 29064 1
5149 3712 1
21464 21139 1
27471 22009 1
32746 99589 1
3034 43112 1
75334 49520 1
76337 34719 1
52001 90492 1
90100 86046 1
42578 37326 1
57106 73815 1
89270 96999 1
48352 17092 1
52162 11808 1
91377 53089 1
88034 73922 1
57482 90803 1
25985 33855 1
43440 13459 1
46265 82505 1
31118 18119 1
41940 92331 1
43287 67020 1
8623 3851 1
93788 86119 1
98988 10232 1
71581 31297 1
90566 46190 1
68576 12672 1
96380 2775 1
55267 18737 1
97625 47024 1
67620 41970 1
78729 17247 1
56756 58787 1
4861 2945 1
44857 4234 1
80112 15367 1
68429 21969 1
82622 86552 1
5356 68306 1
52156 69044 1
94288 28596 1
45858 22486 1
98971 52150 1
88495 27947 1
30281 65791 1
65517 3526 1
32943 5635 1
31298 7435 1
44924 5274 1
34045 69861 1
60207 69556 1
38203 59921 1
85425 85608 1
87073 24888 1
13287 76627 1
99243 79669 1
89689 18526 1
60198 74639 1
11212 51449 1
96636 11946 1
13530 851 1
44388 1102 1
14769 36167 1
77938 66333 1
6097 43889 1
39130 21239 1
1162 45149 1
97312 40688 1
24177 91918 1
84955 38627 1
28049 39211 1
5609 76508 1
5343 52218 1
19430 23118 1
80585 18579 1
6676 767 1
30485 57605 1
17008 76275 1
27768 26489 1
48587 747 1
40003 15331 1
8328 58592 1
97617 37101 1
97441 78115 1
75506 67717 1
28152 96726 1
8128 55661 1
79826 66409 1
32353 16439 1
88704 19339 1
78231 29242 1
37339 53364 1
26420 35496 1
25811 31379 1
85051 24424 1
22613 72291 1
22048 13413 1
65893 80232 1
98890 22921 1
55420 48603 1
4502 47211 1
94246 35942 1
53535 77058 1
52039 63817 1
71545 38001 1
8596 83534 1
29009 98830 1
71912 50166 1
77421 58099 1
7197 19719 1
41574 67938 1
85417 63415 1
13795 42127 1
68076 80569 1
15583 98958 1
78813 60018 1
6665 42204 1
110 55608 1
38770 17409 1
96995 90687 1
79975 92556 1
27056 36052 1
36745 16420 1
2759 37096 1
9064 63959 1
53048 26111 1
55765 98722 1
55485 78366 1
41429 45429 1
96657 90597 1
92781 68171 1
79390 81433 1
68497 96686 1
96261 85081 1
36336 73308 1
85611 80551 1
38010 90065 1
87804 48623 1
11325 86994 1
76405 33759 1
24987 11882 1
18587 72116 1
99946 97356 1
77683 19514 1
26789 61047 1
51369 34634 1
27040 31395 1
298 89542 1
13328 94789 1
81563 8778 1
10705 57302 1
45599 58028 1
5493 83800 1
98412 2887 1
71170 65680 1
28408 68065 1
82546 37333 1
79505 50894 1
69991 58367 1
31057 60799 1
52247 39519 1
41991 11519 1
57093 19648 1
67346 36854 1
40163 18694 1
9241 33177 1
37947 98268 1
91466 86599 1
60266 33006 1
55426 8872 1
72878 61904 1
73461 27280 1
75385 84164 1
23679 24508 1
68144 89161 1
29632 32806 1
53274 8755 1
34557 37198 1
45222 14238 1
8003 37976 1
81013 72419 1
68685 3757 1
93141 68858 1
48887 77624 1
97677 18470 1
20445 16448 1
50303 53142 1
81109 41425 1
46160 66694 1
67937 13598 1
26398 75826 1
44891 38235 1
13917 56540 1
70305 89544 1
90133 44893 1
78179 64181 1
14328 27427 1
28560 33062 1
81345 90128 1
3805 37746 1
49
667
585
436
409
638
53
33
51
317
707
274
612
304
306
397
474
194
355
13
339
659
85
535
52
594
412
576
558
550
501
333
90
433
136
263
698
130
300
82
217
408
61
611
298
718
673
528
423
293
608
305
195
395
725
652
506
658
7
316
429
703
530
338
57
272
313
162
88
268
391
625
487
67
226
191
623
494
30
710
178
235
14
165
303
581
356
128
653
325
150
308
134
318
365
479
571
132
127
220
23
184
633
632
311
577
584
63
320
505
580
215
470
228
223
572
683
108
553
616
377
541
700
119
473
360
186
465
381
251
672
160
728
555
645
434
420
227
171
637
287
213
382
514
299
314
18
211
424
148
265
169
326
425
467
289
245
158
712
736
502
387
458
236
431
259
240
656
629
16
681
512
586
350
602
323
607
328
570
599
523
11
25
151
258
704
442
554
438
363
657
185
521
732
104
187
196
694
68
351
29
81
80
630
152
482
175
135
376
617
106
503
78
222
717
370
485
614
669
205
417
589
422
508
286
39
582
87
445
111
219
117
243
114
31
705
565
453
733
201
368
596
143
26
10
517
520
208
155
716
549
413
639
591
275
199
375
486
307
225
266
329
515
380
66
230
284
345
34
507
491
154
670
675
120
296
640
192
19
536
385
75
181
249
601
449
410
557
588
149
167
519
663
545
543
110
468
730
301
28
590
291
497
662
374
713
309
145
481
511
451
655
70
416
621
138
188
166
677
729
173
480
533
532
443
283
359
248
692
92
575
5
172
579
241
47
466
643
140
539
372
419
324
396
518
334
641
373
499
527
500
170
315
45
647
444
603
125
361
332
626
86
418
606
250
702
340
691
726
461
369
276
724
142
567
358
24
12
366
60
421
115
43
109
97
69
282
200
600
353
367
649
404
542
696
578
159
126
651
489
561
551
566
292
428
239
32
341
668
62
99
