236 152
2281 87959 1
81574 83279 1
97627 85090 1
49622 29960 1
44340 43595 1
27836 97325 1
32801 95173 1
36361 99754 1
80282 65779 1
4914 43796 1
65085 19385 1
61253 95410 1
74044 92845 1
30485 90641 1
32197 2225 1
88617 57942 1
10306 86621 1
47911 70908 1
92197 60507 1
93166 62691 1
98645 66323 1
37035 93142 1
35092 46872 1
25077 13440 1
36375 39198 1
41880 54832 1
43146 1657 1
58103 17121 1
47857 80284 1
95431 8291 1
72248 95367 1
76401 24747 1
76843 34570 1
5501 82946 1
27777 74833 1
84735 78913 1
85396 61391 1
421 80774 1
47000 86413 1
47987 50714 1
28085 267 1
54498 39812 1
38274 88175 1
2009 51244 1
10910 14946 1
54467 52150 1
71924 47200 1
93084 36616 1
89395 10838 1
90232 96656 1
23734 78874 1
27545 71144 1
7177 68287 1
91860 37507 1
1927 83178 1
52692 57787 1
62706 76941 1
5856 73358 1
70993 18399 1
43355 87447 1
42154 35057 1
57461 7241 1
1593 8134 1
38870 5421 1
88594 36648 1
5446 95453 1
55905 63505 1
80183 49716 1
77226 20923 1
8776 97400 1
9078 10582 1
15450 69440 1
68373 43391 1
4772 81656 1
84504 72275 1
1416 37359 1
64630 77276 1
47267 39666 1
64582 28145 1
14810 85166 1
26090 60079 1
50182 59518 1
1349 22320 1
8592 77357 1
39021 60874 1
3660 5563 1
54646 48586 1
10922 48150 1
62517 23971 1
33375 21419 1
42491 44732 1
85900 12142 1
72376 1823 1
39854 99751 1
78308 96273 1
34246 27730 1
3462 42988 1
37724 83684 1
66641 95259 1
75184 89875 1
17991 72657 1
37911 76047 1
58573 99199 1
37003 73992 1
48955 18774 1
61157 83753 1
43665 9659 1
58262 85680 1
36094 20773 1
41808 28976 1
77279 38539 1
41662 60347 1
68016 27635 1
51199 19626 1
11916 35535 1
26550 63591 1
16242 86553 1
65498 46570 1
69468 64773 1
6360 43099 1
12224 6722 1
47878 71855 1
19762 77622 1
42112 34933 1
13294 21036 1
37929 81488 1
4125 3876 1
97951 39900 1
88870 90388 1
52008 61903 1
13339 91636 1
81416 19462 1
50631 86388 1
4401 60002 1
71606 13026 1
50701 71561 1
92692 96457 1
5255 69089 1
91100 80051 1
19956 42404 1
67378 16487 1
66020 23482 1
70131 1859 1
28044 25048 1
77122 69262 1
26957 12318 1
76914 32486 1
66683 19785 1
51525 94578 1
29067 24042 1
89653 64076 1
67993 29556 1
12409 11510 1
342 84377 1
83024 26574 1
38402 54795 1
98423 44347 1
47754 45829 1
7451 15282 1
98058 90582 1
25464 39593 1
16729 87397 1
3834 13126 1
18291 56060 1
12959 63069 1
80704 84478 1
19658 79611 1
20046 12281 1
66283 52751 1
81161 44885 1
89782 7856 1
49894 7720 1
29619 49435 1
2237 85727 1
48248 25899 1
61879 19301 1
78616 63717 1
20255 75372 1
39742 94837 1
60830 68723 1
50614 76501 1
43449 88928 1
21181 24313 1
78314 55511 1
24433 74977 1
30525 95199 1
28577 79805 1
80503 32896 1
54990 26228 1
24480 93307 1
29398 17302 1
59938 87279 1
48908 56982 1
16901 9700 1
82995 71564 1
60665 40382 1
14241 36104 1
80842 79179 1
50917 76939 1
87863 53356 1
93583 8005 1
4743 84075 1
46898 27393 1
69928 26267 1
37332 25760 1
24581 73919 1
11363 16228 1
99135 53056 1
83737 21570 1
18844 35829 1
6642 51154 1
32873 62549 1
65910 88447 1
72419 67435 1
57111 37862 1
92737 63900 1
3222 89556 1
90858 83473 1
29396 73081 1
6577 90369 1
84791 83609 1
92755 24030 1
16015 26329 1
63467 80687 1
88246 66765 1
78716 75235 1
24354 44900 1
1358 46962 1
26721 70560 1
27181 37200 1
702 36965 1
45305 67202 1
35528 38072 1
50328 48526 1
67831 83964 1
14238 15067 1
162
27
55
3
173
63
217
115
6
226
202
171
98
228
43
149
190
223
46
89
137
113
84
126
92
81
151
196
232
23
100
157
97
172
193
158
107
146
21
39
19
72
112
211
14
79
139
114
110
17
148
24
234
62
31
142
208
177
169
191
218
102
154
235
222
175
29
53
195
37
75
40
50
133
34
18
94
36
4
52
33
184
42
123
221
45
163
233
54
187
181
47
125
127
57
160
74
227
7
178
132
13
152
86
77
35
38
120
231
207
155
68
15
69
10
59
51
65
32
153
67
236
130
118
145
216
20
206
87
219
140
122
11
119
60
230
117
185
71
129
138
105
182
103
78
215
116
168
93
28
210
64
