969 122
78379 95918 1
84113 38465 1
84639 42060 1
5041 3605 1
87037 61951 1
35725 33280 1
44231 23299 1
34746 59987 1
76286 17248 1
38325 10712 1
68871 83981 1
63683 49231 1
90201 82063 1
40245 71743 1
82138 62303 1
66645 56673 1
51491 65226 1
52597 39111 1
96107 15606 1
28094 32344 1
36529 60681 1
52633 30390 1
62996 869 1
84358 39208 1
92064 18195 1
21812 14975 1
20886 43627 1
16646 85001 1
22052 26674 1
47213 71305 1
89537 90230 1
14058 65944 1
12664 78109 1
88547 48371 1
9661 37192 1
40830 78641 1
75389 24715 1
98084 69822 1
43464 73709 1
20785 86891 1
94074 82375 1
30120 31422 1
28888 87233 1
54439 24910 1
16990 7851 1
34848 45731 1
82411 24392 1
89435 8311 1
65394 40658 1
14221 9945 1
25896 26952 1
54702 52954 1
59016 96258 1
62010 70251 1
62229 25034 1
50217 36104 1
82417 95893 1
32416 1481 1
31064 35528 1
11168 53294 1
89362 32988 1
92912 50558 1
82505 88738 1
5547 93004 1
81863 28199 1
23341 3588 1
525 11653 1
30623 55313 1
41174 86488 1
52981 13196 1
49496 95443 1
41404 43334 1
66308 63661 1
76591 8735 1
84683 80381 1
34300 46922 1
69396 53567 1
38459 7913 1
3939 76372 1
3016 2112 1
37201 82944 1
64084 27834 1
45093 90599 1
48727 88309 1
51444 97180 1
18257 28498 1
15401 82033 1
32522 71651 1
64835 71739 1
61253 39608 1
45396 40428 1
48540 53785 1
16406 98175 1
67010 26395 1
58748 420 1
17324 10549 1
21819 54784 1
6282 90915 1
55164 48039 1
28353 14583 1
98060 88942 1
28346 10182 1
19949 28765 1
98815 69907 1
30884 33638 1
89598 24614 1
75004 84943 1
89069 86686 1
85362 16045 1
17552 81600 1
884 82831 1
63588 11882 1
64342 35391 1
33667 1057 1
84126 12993 1
65325 66120 1
28878 97726 1
95588 49473 1
91427 96148 1
41790 81759 1
11503 13301 1
43800 69945 1
66804 83463 1
30872 73810 1
79924 26493 1
29428 53387 1
20788 52205 1
64411 39621 1
64015 24483 1
65693 80492 1
94940 10185 1
8771 95830 1
72135 12646 1
86170 1223 1
18185 85527 1
32346 91303 1
21619 4517 1
78409 65780 1
79488 16687 1
65134 27072 1
64801 87494 1
45956 26318 1
5971 60084 1
81501 3224 1
93331 87286 1
39611 46873 1
24383 58809 1
63814 25484 1
93754 28732 1
71168 10766 1
64290 80722 1
85868 55424 1
27266 63504 1
70681 41400 1
85556 71129 1
13115 78320 1
48429 94868 1
39779 38559 1
53369 58668 1
21165 85713 1
82716 10333 1
61711 99202 1
20710 31928 1
86852 21787 1
68140 69446 1
51884 83542 1
65514 21776 1
94563 37107 1
8301 53597 1
62499 72837 1
83351 96458 1
93444 76006 1
93587 10587 1
92328 39258 1
64757 38846 1
77348 3644 1
6325 55157 1
6064 16100 1
24805 92670 1
45665 49240 1
55248 49868 1
47667 82504 1
45168 60515 1
23166 50436 1
26648 45867 1
76210 62755 1
80719 71603 1
61399 78895 1
82830 22990 1
33076 14966 1
18588 84189 1
47809 41385 1
57548 29001 1
81969 16073 1
80391 30903 1
70792 14411 1
63581 12345 1
26569 52172 1
22060 1821 1
51598 35290 1
60228 50500 1
41734 9974 1
879 27149 1
83234 32747 1
40419 1629 1
30281 71935 1
72891 7025 1
74207 55987 1
11464 93759 1
11109 59855 1
63997 10269 1
30656 9044 1
27337 73189 1
68420 92785 1
72179 1423 1
67887 17218 1
84331 18740 1
13269 74011 1
97228 96592 1
9721 6228 1
7826 46385 1
58168 40888 1
1284 54446 1
92975 19279 1
64109 57952 1
15703 8591 1
97236 21671 1
10450 75012 1
38326 94653 1
53299 72505 1
31996 83225 1
93369 45861 1
17603 21472 1
48017 85646 1
6724 13877 1
73068 57000 1
94122 17143 1
24738 59611 1
32508 34775 1
39968 58002 1
94464 42935 1
39488 10933 1
70756 39084 1
98246 37182 1
1989 94981 1
54964 47653 1
27429 26611 1
72318 39377 1
78116 28441 1
73449 9539 1
26783 1051 1
45922 99304 1
7594 70676 1
67647 42686 1
69865 73334 1
60625 37060 1
19411 75658 1
97271 96624 1
36310 44818 1
21416 67090 1
44374 55274 1
47587 81080 1
74633 46717 1
77948 64023 1
96451 67522 1
86007 36277 1
32492 16689 1
95694 25661 1
65194 28072 1
63789 9368 1
41057 63335 1
20618 97428 1
27699 57824 1
31043 67595 1
96781 64888 1
13344 78018 1
74444 72416 1
77406 36037 1
72731 39864 1
71382 32863 1
58639 31540 1
16679 45702 1
39146 66482 1
46900 28611 1
22351 66740 1
29057 87991 1
30543 1792 1
665 23884 1
74417 78205 1
77272 20607 1
50318 57506 1
65168 7390 1
19643 58274 1
31317 92657 1
67068 52384 1
6046 76601 1
51331 83626 1
53261 49917 1
49793 32639 1
69596 46723 1
2229 23785 1
19832 90594 1
8235 37776 1
92508 84781 1
28115 96498 1
94495 3527 1
1882 60306 1
94766 68771 1
45048 21998 1
39844 53784 1
4448 73886 1
6774 29354 1
34212 42678 1
46350 49519 1
6715 90836 1
21419 97090 1
13126 2319 1
35328 66575 1
86841 80936 1
50939 5936 1
68756 22567 1
84048 78413 1
59636 56916 1
37146 60065 1
62852 13701 1
95671 57303 1
49100 13429 1
35734 74235 1
92021 2434 1
8225 1796 1
83030 6341 1
82656 73349 1
66302 52588 1
19612 90467 1
40633 59881 1
19472 62804 1
69632 71903 1
23010 24723 1
77261 59628 1
77172 57302 1
26689 68723 1
6749 73715 1
99840 82809 1
87056 92575 1
23322 28316 1
30137 52180 1
10940 61226 1
62327 22051 1
78868 52846 1
37186 50065 1
24509 57877 1
35041 86934 1
73157 50688 1
27186 46231 1
75912 89901 1
94913 69871 1
44869 69148 1
7229 33286 1
11727 77099 1
77956 31098 1
44911 33143 1
37823 26434 1
14204 24612 1
68206 17522 1
71933 53443 1
36940 94926 1
18030 62378 1
48732 66509 1
76823 8290 1
2775 35142 1
55765 88705 1
56873 39140 1
61469 23455 1
72079 16030 1
66803 69776 1
4590 59519 1
10364 59866 1
15294 71979 1
92707 78567 1
15975 11154 1
88782 37324 1
86424 57361 1
72859 17744 1
56123 326 1
25889 57128 1
21513 47888 1
2897 99945 1
22015 33257 1
61194 18264 1
23024 84238 1
25660 79133 1
47316 6674 1
83494 62413 1
81133 55020 1
79257 93090 1
52761 49563 1
76326 59751 1
81573 12706 1
16168 34009 1
44323 55498 1
32883 26271 1
61710 97210 1
52225 87210 1
8144 66551 1
73578 71245 1
51345 27491 1
50530 70588 1
54578 54032 1
3613 31386 1
60714 72116 1
68953 5359 1
18924 66518 1
92464 81249 1
19981 5218 1
96616 30499 1
2283 61664 1
68215 57650 1
78619 7000 1
94303 78283 1
4093 85733 1
15879 76178 1
90123 30911 1
40131 60128 1
68432 24079 1
2908 47926 1
81125 5362 1
25521 77013 1
46026 98463 1
60907 45315 1
81496 95457 1
29288 4306 1
78380 26044 1
28965 57027 1
19528 29716 1
22423 42005 1
21991 68093 1
90152 44134 1
56895 49523 1
69885 47315 1
57808 69697 1
52322 28470 1
17167 12542 1
69319 59608 1
14907 13237 1
2153 2431 1
39614 97717 1
25545 32739 1
53033 23997 1
8297 79246 1
4671 12587 1
92760 40727 1
63190 40279 1
89274 90676 1
36042 33351 1
21730 62077 1
89360 47889 1
26933 35950 1
82547 90033 1
61529 80032 1
72762 11746 1
7404 18295 1
65968 61607 1
32237 41647 1
5520 41122 1
7232 77214 1
66075 19451 1
46901 32318 1
46833 46821 1
79568 72663 1
68282 85154 1
17878 77402 1
115 7535 1
75618 52673 1
37857 33323 1
93584 52214 1
19665 3133 1
28491 51966 1
17188 13794 1
42783 69522 1
3067 53265 1
66861 1490 1
36430 45061 1
93845 78638 1
5810 18523 1
50957 94645 1
92841 16496 1
13990 88648 1
391 96680 1
10573 9102 1
15856 33728 1
19920 12152 1
99188 64279 1
56187 61281 1
87953 39268 1
72980 86591 1
88213 92129 1
98662 26638 1
69900 55489 1
48366 24997 1
49153 90422 1
9260 68194 1
83828 54839 1
76007 94270 1
20232 13094 1
12368 58529 1
2093 38393 1
23009 7597 1
11253 51632 1
73585 38416 1
25580 72050 1
43671 42939 1
95691 96205 1
41916 17163 1
37729 56435 1
75885 36489 1
16205 61516 1
45925 3915 1
19763 12930 1
87061 35692 1
53221 18494 1
43096 12393 1
8137 30025 1
48335 45146 1
45700 75976 1
94181 89618 1
75830 37380 1
65751 85042 1
80985 42840 1
51704 54913 1
54592 99707 1
76723 64407 1
52254 55199 1
85022 64895 1
30536 3427 1
65845 17047 1
980 5371 1
94141 20224 1
41369 78326 1
29157 27714 1
80678 56182 1
62149 4868 1
23214 97104 1
37392 76700 1
29742 63611 1
85055 74010 1
59464 71011 1
10138 58531 1
16635 16580 1
69489 1983 1
18836 45335 1
28022 10723 1
66393 92579 1
24117 82540 1
65579 66833 1
95562 79285 1
71451 12994 1
66053 92124 1
20504 41137 1
94305 35137 1
24153 88827 1
29765 92484 1
56741 11679 1
51283 9042 1
30345 38532 1
69411 3975 1
30802 87292 1
60001 46011 1
22926 60825 1
35704 46081 1
55529 57717 1
7195 32710 1
60395 32103 1
79369 20609 1
58959 71406 1
82574 34034 1
61260 70161 1
87678 80744 1
80194 12518 1
48195 87729 1
75490 25028 1
27742 98079 1
96500 24538 1
80791 28473 1
33651 86637 1
68160 72237 1
54763 2594 1
548 72215 1
61167 92217 1
38776 57430 1
54929 99077 1
31911 394 1
82658 11513 1
56636 88506 1
7747 33649 1
9827 79379 1
54414 62721 1
44879 61012 1
62279 63583 1
80324 917 1
96382 47244 1
39871 53623 1
18088 75142 1
90474 78939 1
27481 67280 1
410 11588 1
28206 48439 1
65748 75248 1
3485 64962 1
48141 91621 1
79917 70632 1
64509 39320 1
60599 66589 1
98486 85569 1
30436 3351 1
69636 56735 1
48418 29176 1
64541 96854 1
7618 94146 1
59561 30876 1
15009 93792 1
76504 30313 1
69514 19056 1
24474 35821 1
76538 50940 1
27671 73376 1
49468 6117 1
13729 45992 1
7738 11036 1
41154 80222 1
30944 23421 1
64458 38610 1
9186 2522 1
54944 88372 1
44919 49489 1
36505 10455 1
6897 67250 1
31355 10756 1
44151 56017 1
8006 22201 1
63001 32304 1
55999 38182 1
25996 70929 1
58378 30009 1
33470 45081 1
78357 21503 1
13819 73067 1
39932 39565 1
34162 40526 1
53669 87073 1
65077 25578 1
74934 54244 1
34181 95497 1
65549 79065 1
36075 13631 1
12277 47765 1
64728 47555 1
58081 40706 1
33045 10969 1
1217 53397 1
80188 48917 1
10598 42716 1
77671 4568 1
89007 89190 1
34868 56666 1
85248 38919 1
60372 88867 1
35027 20398 1
91849 16715 1
56837 87340 1
46944 10874 1
42234 64677 1
62989 79074 1
9525 87426 1
2179 71420 1
92239 29648 1
63018 17171 1
24695 95343 1
97419 13901 1
52174 9683 1
31998 64182 1
58090 64378 1
57450 10627 1
36389 3930 1
71931 69423 1
5369 31618 1
26227 14512 1
57733 41715 1
99890 24901 1
69417 15819 1
99378 86052 1
43886 22388 1
49193 21385 1
60204 20850 1
96857 35694 1
59238 41139 1
28939 57543 1
40921 68562 1
8529 39459 1
5246 3895 1
97155 40399 1
7265 41504 1
75602 8851 1
20855 26381 1
86969 94506 1
7412 56343 1
9645 79710 1
83402 96421 1
69837 7556 1
45045 47093 1
98713 50214 1
21024 51409 1
31904 26722 1
15397 21267 1
20946 94223 1
26545 65296 1
8455 41600 1
41094 7845 1
38439 58528 1
69121 7648 1
91520 11744 1
31994 99906 1
20619 62928 1
93103 99085 1
82889 19037 1
36057 14027 1
50044 22308 1
16260 94018 1
19291 7721 1
78144 34117 1
32490 96850 1
59153 50049 1
76513 23462 1
18384 29163 1
11610 65847 1
10504 38171 1
1106 64843 1
44499 7896 1
32886 15220 1
21037 41105 1
81454 77864 1
89049 54295 1
69263 64354 1
66533 51303 1
30153 27425 1
33764 94970 1
94394 5307 1
82531 41022 1
89793 83985 1
78613 21094 1
86657 74804 1
16534 1531 1
51286 21813 1
77577 38121 1
41901 62162 1
8953 36442 1
86496 50350 1
81874 37618 1
65698 65043 1
43862 67784 1
27801 43156 1
48181 26547 1
41413 80946 1
87083 53375 1
9796 65141 1
55029 32830 1
35209 77690 1
95682 71313 1
34609 45791 1
82659 45094 1
204 30616 1
71247 51383 1
58904 17000 1
8951 68998 1
16501 37119 1
82154 66872 1
21318 28376 1
31381 79153 1
50567 31684 1
77464 97188 1
7734 29620 1
93024 48607 1
42750 44199 1
7686 30977 1
71076 18400 1
7905 72257 1
41667 7360 1
67537 70462 1
58003 94627 1
63372 98321 1
89031 89836 1
66242 58437 1
1646 49374 1
49321 59978 1
15983 5842 1
78190 57859 1
30230 52051 1
50334 49680 1
98096 67621 1
74263 39641 1
91667 29734 1
66517 86907 1
86430 86081 1
25529 30220 1
94967 42457 1
43036 24435 1
18298 13362 1
70973 57111 1
46511 40238 1
88937 35928 1
40969 56629 1
7666 52118 1
24778 18269 1
11956 67688 1
28081 74785 1
69108 70024 1
73081 44357 1
90446 75659 1
91107 13986 1
63928 62187 1
74594 3871 1
45092 16395 1
97385 93258 1
76154 60839 1
47472 14862 1
42513 10708 1
53435 82293 1
33515 23671 1
85870 24709 1
95292 15659 1
92274 9491 1
19238 16315 1
1998 23482 1
48421 68130 1
74240 14609 1
15150 95304 1
15898 40912 1
15536 91233 1
90583 681 1
95501 91055 1
46429 99699 1
26036 20388 1
80079 58705 1
16867 81924 1
40302 33602 1
30404 13749 1
62281 54599 1
54482 9388 1
83848 34376 1
67474 42268 1
9266 26243 1
70454 17286 1
63621 90726 1
24008 39316 1
50400 69580 1
85710 15393 1
14738 8992 1
77381 86347 1
34415 26397 1
78502 17252 1
31159 59134 1
281 40785 1
52552 18320 1
55740 31628 1
68230 88577 1
12308 47503 1
24488 19146 1
81484 48668 1
1816 40696 1
29580 24328 1
96685 74400 1
6149 1668 1
15806 60545 1
96247 22400 1
14689 47566 1
11881 2461 1
82325 7698 1
77189 23940 1
87293 99606 1
60751 12258 1
76303 37508 1
95329 38407 1
51022 44130 1
26369 39128 1
46519 6185 1
6804 79958 1
19177 34901 1
56403 73770 1
77156 72555 1
9567 6583 1
77496 90383 1
76111 48090 1
13475 68326 1
37170 81588 1
63821 44554 1
22931 21015 1
84276 87835 1
71255 27605 1
44963 57481 1
22006 46672 1
12088 78386 1
94529 68407 1
41279 79879 1
6049 5649 1
76212 16483 1
58061 21412 1
81166 4391 1
60745 97740 1
13453 97882 1
67808 39985 1
60958 16937 1
37710 32015 1
19572 25860 1
33314 6908 1
28027 81476 1
52343 46549 1
91211 48238 1
5061 39737 1
52987 69264 1
70950 16078 1
67896 64324 1
54850 65444 1
65292 30134 1
21400 19390 1
47558 65399 1
12032 8604 1
19961 45997 1
98353 1148 1
59213 6731 1
44561 66838 1
52286 93753 1
69286 6872 1
31892 22249 1
28144 37312 1
86731 86391 1
18250 78635 1
49755 96584 1
4275 47285 1
40759 74287 1
34828 59761 1
88160 43623 1
18291 87878 1
72942 21800 1
55410 60673 1
34087 95080 1
84258 70833 1
85801 53688 1
96436 48570 1
44496 58685 1
73584 17045 1
20243 10824 1
321 29690 1
2554 46711 1
73268 25092 1
41954 50719 1
69786 58453 1
44917 88759 1
3857 92382 1
66582 95652 1
31225 98302 1
43480 10390 1
13512 1948 1
35125 24073 1
89647 27353 1
47753 95459 1
62256 68396 1
17949 51264 1
54565 80196 1
2626 16355 1
3555 98226 1
942
936
298
904
81
586
439
685
90
588
5
769
492
660
376
574
78
744
332
627
866
56
716
911
208
185
807
648
59
774
187
664
772
399
134
476
368
407
811
250
655
582
434
846
429
338
328
385
897
409
39
657
528
708
91
761
617
583
76
38
340
637
13
693
710
766
329
967
423
188
524
912
795
485
831
266
73
400
9
294
303
715
160
940
540
392
20
894
191
937
461
14
561
133
868
587
443
61
720
721
474
799
867
594
895
751
240
551
74
87
361
360
585
235
419
337
880
877
308
907
108
596
