565 379
65425 86087 1
15073 32678 1
59298 60001 1
10854 91849 1
35322 85606 1
93621 9894 1
34764 28176 1
96376 84742 1
1647 15285 1
30425 75990 1
93816 13086 1
27842 80046 1
48421 55988 1
42916 13887 1
14143 62469 1
19870 93492 1
43904 52636 1
5812 73790 1
84952 75943 1
66448 58580 1
36172 55451 1
89683 33442 1
3673 81447 1
9867 7644 1
81196 84059 1
81911 79004 1
63185 36756 1
45968 91138 1
89853 31788 1
61109 32320 1
69201 82636 1
71291 75595 1
42621 82558 1
71332 79686 1
53882 16787 1
54280 5292 1
24517 66898 1
40148 55649 1
22381 73402 1
23204 22877 1
27212 9239 1
78131 42353 1
27510 27403 1
50829 33736 1
15229 37296 1
17961 88954 1
41092 63503 1
9406 48069 1
40699 37844 1
7296 32623 1
28969 14843 1
86970 34108 1
72547 21407 1
50216 87016 1
9578 79900 1
6580 84201 1
27860 77902 1
54103 37854 1
83185 88253 1
66193 82931 1
66878 9479 1
61320 83162 1
69061 96857 1
57156 47324 1
92049 10824 1
72816 89423 1
73639 30782 1
31023 21823 1
14155 8757 1
60065 47767 1
67464 79944 1
44762 41243 1
61214 39571 1
90010 70902 1
35718 17786 1
36357 49646 1
94051 60689 1
20776 66661 1
67750 64071 1
6457 62366 1
69837 68718 1
96330 48955 1
71791 73561 1
73405 65523 1
81266 67274 1
8182 33196 1
73851 33861 1
56619 97114 1
18520 24894 1
1917 65344 1
42380 47303 1
92382 55110 1
26273 68084 1
10072 33564 1
37851 4298 1
50562 46103 1
89391 11235 1
39588 99742 1
47803 80336 1
2478 22814 1
43582 37037 1
57688 57905 1
94916 57639 1
94358 51007 1
40887 12414 1
24742 6804 1
64853 74760 1
5108 27191 1
65633 35618 1
64638 63299 1
20402 17093 1
45855 49475 1
29878 93869 1
69977 34960 1
44900 40730 1
58702 43613 1
39412 63582 1
17949 4737 1
67587 35097 1
77349 19700 1
88192 38490 1
14557 16715 1
42142 30172 1
19358 92542 1
73232 44105 1
98978 56551 1
72298 38480 1
92218 82627 1
47153 23580 1
29681 78312 1
61150 60191 1
26660 75195 1
12440 6169 1
22738 31943 1
8021 97161 1
44282 34553 1
23880 79152 1
78746 90452 1
36359 78451 1
66421 10563 1
49492 87933 1
61023 44446 1
88765 65624 1
16732 46294 1
85886 73263 1
90210 26396 1
77531 2245 1
8192 74372 1
78780 39091 1
25657 41647 1
69359 38319 1
29874 23881 1
42787 87595 1
2877 61615 1
81454 69926 1
3563 77772 1
37557 64340 1
44905 91523 1
48015 34441 1
58831 803 1
62291 66921 1
98141 63041 1
72479 33098 1
53761 85878 1
42049 12335 1
11454 24069 1
8358 38819 1
14454 19925 1
68486 26218 1
90909 52648 1
19424 31826 1
97610 90271 1
49280 86965 1
27333 26430 1
23032 21720 1
727 83465 1
99663 95454 1
58353 60009 1
82626 88244 1
66886 17001 1
71597 10826 1
70730 86420 1
89920 52415 1
89717 35929 1
85562 88699 1
70470 79736 1
9954 43605 1
37191 61977 1
16281 76481 1
54539 17318 1
49219 3347 1
13275 32269 1
91495 89252 1
56505 866 1
24791 86164 1
93892 28153 1
96244 96120 1
32904 44682 1
64128 12034 1
31334 31988 1
46410 56255 1
25106 96600 1
45127 36317 1
35108 60493 1
83029 92895 1
9667 31058 1
11294 74430 1
87058 63767 1
42423 9180 1
9098 98391 1
75143 36783 1
20939 1147 1
3556 77972 1
67234 35500 1
87921 83846 1
81048 80652 1
40044 50925 1
97034 79767 1
14996 539 1
27180 19487 1
35016 25631 1
1166 79056 1
51127 35846 1
10579 24050 1
14179 1707 1
35367 41733 1
76973 99921 1
75508 67020 1
65437 25802 1
75233 42419 1
84076 46118 1
15711 66846 1
91054 95048 1
7833 87083 1
63795 30715 1
74694 59139 1
36918 24370 1
45960 5997 1
19575 99235 1
92415 8526 1
50994 82259 1
14363 63049 1
6331 54053 1
34976 52279 1
89203 57771 1
75976 64216 1
78814 83954 1
68081 7547 1
99919 57782 1
13664 73570 1
43617 80376 1
64437 83594 1
93706 56227 1
6164 40682 1
56822 11574 1
56643 12549 1
86731 56018 1
82814 11906 1
94442 96277 1
2493 3656 1
82952 56760 1
83653 96089 1
18356 96969 1
11947 49465 1
37777 29517 1
71361 48053 1
87687 85526 1
48518 65237 1
58680 42274 1
39358 46739 1
92777 30185 1
72144 32932 1
17821 30156 1
56318 52303 1
8535 55487 1
46775 87566 1
79983 89463 1
72027 2285 1
13021 62412 1
55941 61170 1
40970 3057 1
39900 16214 1
74895 27502 1
72540 6666 1
71850 74183 1
78202 73845 1
38314 215 1
22947 94285 1
5364 2816 1
83869 34301 1
31228 19991 1
87790 6885 1
33126 71572 1
94075 48337 1
69389 7471 1
83171 16309 1
46496 89972 1
29754 29138 1
50945 73043 1
37076 68329 1
99567 99943 1
99932 40563 1
30327 79020 1
10006 21094 1
1332 5137 1
74190 96154 1
98234 88646 1
15850 87152 1
20469 18985 1
30523 4649 1
1749 53584 1
6014 72770 1
98145 61236 1
17993 62212 1
75625 75744 1
4251 6872 1
8808 33318 1
5924 74 1
75794 16372 1
45856 40213 1
16205 85962 1
23747 47283 1
30835 34970 1
75935 59611 1
80746 1279 1
54463 40943 1
48199 25304 1
98627 11134 1
7046 81235 1
25056 95801 1
9021 38871 1
27703 93201 1
44913 78485 1
43554 84920 1
99131 2341 1
67329 16497 1
92850 70094 1
36442 67306 1
57281 89240 1
10101 89131 1
55091 89850 1
51627 10122 1
82946 63598 1
13569 44495 1
16669 15492 1
86691 16702 1
21504 69117 1
88825 38929 1
29735 84727 1
85265 48877 1
91453 25934 1
27106 87688 1
88851 34342 1
52490 20193 1
80985 13314 1
46124 74921 1
46705 95242 1
12074 9238 1
65595 85422 1
98386 69932 1
17913 92102 1
52997 38241 1
98607 69455 1
12225 26821 1
24630 68868 1
65426 42722 1
71341 57840 1
79747 83490 1
96612 89472 1
40520 44061 1
35363 87616 1
15108 21609 1
91689 31589 1
50221 58020 1
48198 99565 1
57468 6183 1
81688 65903 1
32378 1071 1
96563 65934 1
21281 57653 1
92160 3812 1
61649 29389 1
20345 81215 1
65188 26588 1
64135 84651 1
99807 39241 1
43706 48117 1
85871 16750 1
23655 42428 1
46438 79234 1
96011 45684 1
54556 32459 1
18975 46553 1
34755 93786 1
33081 43870 1
20425 78828 1
61480 52329 1
98705 94070 1
63527 72594 1
69153 75447 1
504 25500 1
7535 11815 1
73768 9520 1
96528 9019 1
45267 83785 1
41791 2935 1
75901 51379 1
36774 64375 1
29947 30204 1
15055 72692 1
19449 19650 1
36260 98707 1
3606 9939 1
59047 52370 1
48351 93857 1
95891 1079 1
61108 55394 1
45797 79716 1
19447 28837 1
39656 14538 1
44388 80307 1
97022 84192 1
97090 10875 1
4526 88447 1
5508 79520 1
86283 20233 1
15184 14631 1
84928 41795 1
21849 13826 1
85968 48041 1
73009 67185 1
9399 52745 1
84763 4507 1
27528 91766 1
23942 80836 1
82945 28004 1
97363 98210 1
9695 88596 1
26549 7775 1
54243 23170 1
18339 36429 1
72871 98881 1
59397 40874 1
85230 20828 1
19030 35667 1
11875 6681 1
45161 61575 1
52304 7312 1
56581 7597 1
69350 28701 1
19296 36136 1
90347 85285 1
27328 50709 1
28877 70051 1
1771 78555 1
95408 39579 1
33769 25070 1
32018 81696 1
94158 36045 1
75321 94341 1
4134 93638 1
85014 10470 1
23560 83544 1
4944 8685 1
97557 85315 1
97133 70722 1
75151 9377 1
38171 53006 1
63315 75328 1
56552 65849 1
16188 45219 1
59961 98630 1
94485 97823 1
41501 20792 1
43475 31015 1
48354 23876 1
59146 44477 1
97964 70851 1
9831 94614 1
9193 46089 1
24327 26107 1
25023 27490 1
35877 32862 1
28810 39031 1
83856 52373 1
99031 4390 1
68190 30095 1
91025 30653 1
25716 648 1
41157 68966 1
74333 87076 1
33408 44300 1
80179 32670 1
48387 96430 1
1060 42458 1
93942 16344 1
66475 37934 1
55868 68213 1
85365 65504 1
58723 59930 1
77861 842 1
73926 85647 1
98146 13771 1
95078 72704 1
26872 60116 1
8810 4590 1
11448 83056 1
11832 61817 1
78156 36432 1
17729 71395 1
61420 2827 1
23619 84684 1
80281 99388 1
5893 9463 1
91236 69010 1
60920 86368 1
68109 43645 1
60030 71885 1
18621 73204 1
38735 92418 1
91424 7963 1
13972 41904 1
53790 9356 1
74163 59514 1
83382 80995 1
83919 68528 1
19365 62048 1
76062 39431 1
4801 96546 1
98331 5167 1
2612 24086 1
71557 14771 1
27716 66941 1
38641 2468 1
73962 39323 1
68263 73282 1
38407 925 1
96839 59821 1
27040 16385 1
21053 98303 1
60105 41712 1
37361 72717 1
93424 70651 1
52074 66092 1
44664 16974 1
62323 23909 1
93572 93687 1
96493 23074 1
63259 12275 1
60204 17177 1
81751 60854 1
63129 3388 1
96418 482 1
96735 54687 1
89360 67006 1
26060 50565 1
73742 18068 1
44591 66415 1
80363 97566 1
80361 82304 1
56782 54594 1
64105 65954 1
72606 36914 1
62648 66737 1
60710 35662 1
458
56
188
307
154
269
465
494
382
82
485
250
378
122
210
121
502
195
26
452
208
7
391
152
450
348
482
165
508
12
117
53
227
93
140
216
160
205
418
145
74
51
405
35
95
532
376
474
430
527
163
32
371
21
150
389
293
267
285
179
498
207
260
104
88
381
194
408
487
329
286
320
495
426
518
242
272
75
453
312
287
22
419
332
144
15
255
211
206
19
13
297
187
515
17
409
233
29
161
11
520
243
398
326
52
534
290
560
219
45
404
259
399
499
369
449
264
223
278
27
385
373
132
512
483
254
291
279
137
303
71
62
493
107
553
461
531
434
228
124
443
412
476
266
247
172
281
374
423
537
294
431
364
310
185
363
135
235
372
288
370
539
28
383
300
488
416
97
361
429
245
352
517
342
33
83
439
344
317
492
358
468
459
427
501
252
510
164
118
218
413
446
18
396
42
231
55
283
415
9
183
284
417
225
67
108
96
447
509
115
455
466
146
359
519
36
2
311
116
321
401
481
47
442
60
523
101
234
197
484
1
545
565
505
289
538
191
182
521
257
507
24
491
349
338
525
189
522
114
54
414
85
355
402
308
339
79
69
346
44
328
190
230
119
469
162
78
180
192
16
407
551
77
61
8
57
309
470
133
334
156
457
477
99
554
304
552
256
425
4
333
50
392
120
198
138
324
239
410
440
59
244
549
193
302
325
467
529
437
226
462
390
550
64
490
343
86
435
422
301
340
20
58
503
362
318
263
253
322
139
335
479
543
354
222
155
400
141
394
224
113
73
159
563
214
282
438
240
174
448
80
533
428
557
420
199
204
316
37
347
292
66
351
166
375
436
158
148
103
109
221
542
411
397
127
100
237
367
305
