103 24
47607 37594 1
16699 55118 1
86476 27951 1
47328 1203 1
54569 62272 1
50831 77796 1
6837 38050 1
11128 97904 1
80023 78820 1
457 67706 1
45455 22358 1
51696 16989 1
26286 60562 1
66323 25302 1
40587 78523 1
71785 38472 1
62652 9623 1
96806 11896 1
50532 38912 1
4556 64798 1
95251 56185 1
94037 32058 1
26062 19999 1
25003 50822 1
22923 6851 1
55675 62938 1
27557 4343 1
98344 40408 1
66345 55002 1
59046 99577 1
94388 43324 1
61915 39872 1
28306 84512 1
18731 41053 1
37438 69699 1
59582 96035 1
77890 27493 1
94840 56514 1
30349 35460 1
99100 31225 1
55556 67797 1
29570 3102 1
55611 49865 1
13608 12629 1
36431 11399 1
6460 28209 1
9597 98616 1
61934 41947 1
79704 2230 1
8882 9039 1
15268 31064 1
72562 29819 1
71596 28099 1
43045 75500 1
19446 5330 1
83403 55639 1
52411 74638 1
27892 59741 1
45270 12001 1
91417 65367 1
64793 77213 1
224 44308 1
76256 4207 1
19696 62830 1
78505 62649 1
20553 70435 1
12790 92981 1
44618 49141 1
70563 42038 1
55264 20918 1
89068 65240 1
1616 40777 1
63567 30489 1
70243 9793 1
1424 5800 1
4822 43630 1
21564 87258 1
84811 28569 1
53851 32088 1
81405 95159 1
72860 11696 1
14557 36561 1
53280 95521 1
1982 1413 1
49117 24930 1
25627 72523 1
63088 49658 1
23328 17804 1
80794 57462 1
22023 49236 1
81982 23876 1
92713 80474 1
14079 9683 1
18880 47015 1
37446 62654 1
93398 96259 1
4337 19330 1
23387 45083 1
97123 74586 1
39381 21358 1
35402 75648 1
15628 28871 1
47013 86251 1
1
70
30
13
92
25
45
36
50
43
35
29
54
68
72
59
79
34
60
4
37
76
38
81
