233 205
56311 79555 1
58484 39026 1
86921 88391 1
61697 6851 1
3913 77875 1
29730 50928 1
52642 72241 1
95510 15591 1
16073 36147 1
80519 54704 1
38245 47006 1
61301 96806 1
74915 67147 1
89962 17367 1
42694 79432 1
66002 88862 1
6234 61041 1
50353 95626 1
406 36680 1
16621 39808 1
83254 81482 1
83068 85816 1
82221 59649 1
5491 38675 1
905 31304 1
72307 90047 1
49897 94356 1
6193 89018 1
39842 35304 1
87072 64805 1
82873 70051 1
53123 71233 1
80507 47560 1
54181 59073 1
42037 10095 1
10586 20691 1
9717 42593 1
34094 60473 1
61248 70462 1
88491 14271 1
62999 52562 1
28881 36695 1
4821 59577 1
7619 55697 1
81578 28075 1
21695 24 1
60315 653 1
4339 37997 1
66438 62810 1
70914 67592 1
14059 90360 1
54137 69313 1
93566 29789 1
64933 2359 1
5007 2072 1
76780 1270 1
47284 38769 1
8209 64599 1
48089 23398 1
34309 21264 1
42132 80343 1
41550 86997 1
89387 71330 1
98698 37100 1
52915 47756 1
11185 10538 1
72194 71138 1
85762 4781 1
19671 32251 1
38228 32589 1
74361 46792 1
28655 39049 1
50731 87929 1
51403 84248 1
20524 8926 1
31020 26008 1
81659 71964 1
22277 15180 1
66226 77490 1
12840 16121 1
12312 18117 1
27241 1313 1
16357 19071 1
36837 92163 1
37390 83373 1
5526 67345 1
35209 13824 1
57070 22844 1
97860 17792 1
1016 37539 1
3683 23745 1
66047 33069 1
59138 54754 1
37241 60905 1
86633 83249 1
83846 25865 1
50579 8523 1
7876 63864 1
67213 64823 1
57010 63911 1
64021 72218 1
1630 71619 1
64075 58761 1
43545 35270 1
26365 11312 1
53975 64937 1
93977 16593 1
53043 35755 1
67737 14815 1
69317 66229 1
73041 10549 1
61734 5091 1
69640 90766 1
32017 17748 1
52725 43045 1
80771 2331 1
50627 27005 1
37742 36682 1
32563 84013 1
49654 32805 1
7643 55260 1
84458 32477 1
35216 28448 1
71273 8937 1
9695 71907 1
33237 19860 1
44206 35745 1
92264 20206 1
90819 99743 1
50942 99018 1
72649 62026 1
60954 99941 1
28557 72121 1
68425 94244 1
65507 8648 1
88103 20015 1
97273 28434 1
80005 30082 1
58332 31312 1
32773 12931 1
63515 66166 1
72492 11772 1
72462 10567 1
48289 22092 1
41659 81557 1
72210 76415 1
55688 26173 1
37983 11539 1
99922 11925 1
38697 27252 1
62880 85473 1
77731 84294 1
34557 75578 1
14010 90438 1
17046 69 1
60994 64497 1
96687 30989 1
27161 99835 1
20085 92765 1
72074 23788 1
88719 2919 1
11437 21637 1
15788 31058 1
62741 64156 1
15424 55446 1
18745 9742 1
22293 56437 1
87384 36932 1
78515 36429 1
19159 24470 1
32577 30974 1
67299 30900 1
59092 93297 1
83115 24165 1
25716 73870 1
67183 48404 1
53770 82311 1
30286 48275 1
59232 88212 1
55428 25389 1
77256 81955 1
73880 19113 1
80694 95493 1
22064 80568 1
36278 49396 1
53862 27570 1
63624 95300 1
84136 99568 1
48413 82845 1
48057 27319 1
35694 1400 1
16876 97004 1
63188 32678 1
73385 2437 1
76468 77829 1
43959 60179 1
42771 64040 1
59776 48811 1
11812 20852 1
64132 87400 1
7872 46286 1
70900 28952 1
95891 99668 1
66277 11289 1
59444 64796 1
56900 83092 1
42552 55143 1
39885 16982 1
61062 2829 1
63639 1433 1
9076 70648 1
95926 49265 1
85246 28976 1
72945 14880 1
10641 74502 1
11482 41861 1
74490 67105 1
56077 10322 1
87753 93705 1
8941 35384 1
50411 93696 1
90061 3846 1
26805 29672 1
29486 37053 1
40512 44747 1
47079 69242 1
12947 80746 1
2145 14053 1
24525 24040 1
41564 3608 1
44438 16961 1
11921 34924 1
52995 20005 1
229
54
42
191
140
220
133
107
200
215
183
202
45
33
1
35
2
182
30
198
130
141
165
175
44
90
169
189
134
142
171
61
121
39
59
131
68
38
166
72
128
98
187
11
209
227
194
81
152
78
23
211
19
174
21
65
212
55
63
148
37
47
156
155
139
105
222
216
15
160
203
50
31
180
26
56
163
94
7
207
116
204
158
53
170
67
70
9
120
49
111
10
113
167
102
40
87
124
95
110
27
64
4
99
66
154
101
22
210
184
13
43
32
137
126
88
29
48
162
233
118
122
104
144
168
228
108
231
84
93
57
181
96
125
151
74
103
28
36
225
82
79
213
73
221
71
62
157
89
109
232
8
172
177
100
3
58
83
46
192
132
123
136
52
217
14
114
69
106
115
16
196
24
230
97
138
205
208
218
60
92
193
5
135
190
145
12
75
199
195
159
147
161
178
206
20
76
176
25
51
146
18
80
117
149
