935 810
23561 62464 1
82257 33503 1
84754 3332 1
5118 41765 1
47626 82628 1
96031 43547 1
97714 10199 1
9350 8673 1
72679 73412 1
6903 52335 1
89636 29671 1
42384 28746 1
12194 95066 1
32239 92212 1
54383 99729 1
29904 8568 1
58017 54405 1
33998 6785 1
95419 29346 1
65731 53532 1
7390 26992 1
79303 45077 1
2446 28111 1
59561 44101 1
42613 80475 1
42756 36119 1
95070 89224 1
38976 65366 1
71760 21315 1
77357 87731 1
41281 30123 1
14054 21369 1
42568 60577 1
69666 36350 1
40682 20276 1
80723 90341 1
99903 86106 1
85658 85887 1
10248 43005 1
92721 5014 1
78255 251 1
70221 89421 1
47888 35273 1
58772 75471 1
92569 58334 1
64667 23121 1
88872 46402 1
14410 37934 1
46440 44160 1
67952 55163 1
83065 46292 1
38479 86244 1
72181 72244 1
84300 27994 1
95237 22809 1
89796 36318 1
62737 13887 1
78202 52177 1
35032 93044 1
67139 58459 1
18154 28285 1
56962 99998 1
81805 36206 1
76716 78171 1
48752 17950 1
36369 91350 1
89256 93096 1
60402 31841 1
43591 70022 1
25721 43038 1
29470 22421 1
23149 99124 1
18046 47169 1
37848 14481 1
59095 39080 1
94415 32516 1
21579 58725 1
16031 53055 1
95238 1826 1
37770 644 1
37857 35292 1
64327 6681 1
17151 81833 1
85386 99922 1
82411 46000 1
28103 67843 1
99200 69132 1
75390 79944 1
68672 75351 1
32547 15062 1
11267 27993 1
26969 92476 1
32409 43440 1
108 58005 1
89371 55594 1
91368 74813 1
12630 68246 1
49998 47046 1
58181 51111 1
64986 65168 1
70096 80432 1
29991 61754 1
10551 65921 1
49082 87010 1
76079 90440 1
16341 49838 1
80718 72441 1
9020 36171 1
16419 34482 1
96283 93083 1
52086 39029 1
59202 92279 1
46620 74479 1
71450 61276 1
92187 38780 1
80708 56856 1
95977 23887 1
77748 95718 1
6365 58546 1
96454 87933 1
84228 82558 1
25364 45090 1
34243 91664 1
15808 101 1
62917 86880 1
30095 4193 1
2998 67683 1
46349 15175 1
36559 49000 1
169 4667 1
29898 77850 1
20977 60389 1
3227 68524 1
72378 17650 1
10973 42436 1
34631 67600 1
85925 33330 1
67750 40259 1
43174 95351 1
28196 1623 1
44389 83330 1
84653 74034 1
25851 57865 1
43152 7289 1
18845 69279 1
69772 37704 1
64619 15898 1
27281 40759 1
95779 11966 1
28027 52205 1
22600 47570 1
80725 7163 1
2378 75673 1
70299 47500 1
41180 45177 1
79538 38757 1
38325 45192 1
30848 1481 1
59624 83318 1
23332 6560 1
90924 71337 1
18228 89075 1
55877 38223 1
55860 88894 1
75649 42992 1
61849 26263 1
76849 72975 1
96940 52428 1
68635 50222 1
34317 14493 1
30807 70924 1
40717 21897 1
84907 82790 1
37507 63951 1
23067 17963 1
54112 45223 1
66308 66265 1
91640 13192 1
72878 20217 1
92840 65695 1
68430 9126 1
36149 59525 1
17704 5796 1
79216 75256 1
47652 51659 1
96377 337 1
57923 16481 1
96446 39754 1
85825 13444 1
47286 29203 1
62530 15433 1
45747 3592 1
28181 38005 1
86263 24279 1
32569 44008 1
81295 1142 1
24218 20879 1
24038 93192 1
65601 33288 1
35984 60971 1
74705 2718 1
67325 25565 1
16920 25619 1
69684 99301 1
66447 45583 1
68504 56753 1
30974 37444 1
60395 66903 1
6937 2914 1
3283 87779 1
62902 95300 1
30639 69681 1
33482 91066 1
59237 60530 1
1888 19394 1
42260 42778 1
54909 96220 1
20179 99651 1
8520 36263 1
64266 43206 1
10615 93665 1
57816 12248 1
72517 25471 1
79150 2953 1
28672 50622 1
59056 37836 1
41738 86654 1
44769 42751 1
68109 71614 1
12055 40373 1
63832 52876 1
31581 64899 1
6690 96014 1
9173 72287 1
51936 8604 1
19944 14471 1
44804 4039 1
14997 13075 1
74475 36518 1
5870 4006 1
37409 13466 1
70377 12686 1
2207 83127 1
31817 93606 1
4557 30642 1
13663 83657 1
36950 62033 1
60265 56446 1
15874 57198 1
14630 98057 1
73860 72606 1
33297 70034 1
76734 62876 1
71448 53785 1
55936 86026 1
14975 75680 1
50902 77096 1
59264 22531 1
76032 87112 1
24706 12308 1
98092 72187 1
14378 99618 1
79084 75220 1
33601 64098 1
80762 57712 1
15294 48011 1
2354 24911 1
66328 82253 1
80298 83592 1
6258 98306 1
25205 13483 1
12058 8040 1
87642 10276 1
87811 63672 1
93706 5250 1
11757 79417 1
50048 49868 1
85646 60676 1
87681 45734 1
2138 99148 1
42455 71546 1
35270 63103 1
7984 75839 1
71207 69497 1
56925 38070 1
73835 82309 1
15618 25993 1
88982 43218 1
31797 49652 1
59977 94291 1
1242 11462 1
86924 12962 1
35848 57472 1
51885 20323 1
53696 60303 1
70805 25846 1
971 58710 1
88378 95732 1
77248 32637 1
44147 71813 1
58198 46469 1
94434 31600 1
15610 7632 1
58513 76208 1
12581 93168 1
37828 92223 1
15367 7808 1
2702 81742 1
39933 87396 1
97710 10268 1
61025 95313 1
46314 88761 1
81217 36190 1
12977 98499 1
56979 48944 1
82528 14092 1
96493 51453 1
2283 73061 1
81343 27437 1
56886 1164 1
91999 82141 1
88792 72685 1
48714 29707 1
3454 32102 1
46172 6942 1
33446 26567 1
67033 17485 1
54333 24108 1
93974 1747 1
22785 96954 1
6454 81677 1
9233 90183 1
46702 90249 1
26727 83281 1
14063 40265 1
47676 64598 1
53822 32327 1
96925 98461 1
87873 36793 1
4910 63176 1
2179 47403 1
28206 20426 1
10482 23132 1
44398 81655 1
34226 23110 1
9779 50337 1
77681 5127 1
8788 47119 1
92316 65076 1
11448 33124 1
15293 77137 1
25030 41619 1
95224 32775 1
27118 6792 1
52029 94625 1
56494 3735 1
31786 97162 1
21346 73561 1
53712 91310 1
27027 31716 1
76965 25095 1
59139 37264 1
68767 29897 1
26488 90216 1
39391 29754 1
13032 5754 1
72429 27590 1
70354 83027 1
91770 5076 1
22635 74637 1
85689 90709 1
48897 13424 1
6278 23910 1
41777 13080 1
73604 73625 1
17009 82391 1
66546 1837 1
87524 7308 1
49135 57279 1
42362 69752 1
29121 9286 1
12467 27836 1
58598 17318 1
9635 3887 1
58950 57660 1
10570 1427 1
565 129 1
64255 17166 1
47981 30482 1
40179 26637 1
7284 94279 1
75195 80131 1
99435 98690 1
29168 41602 1
65446 66456 1
28082 83103 1
29583 76636 1
79317 92872 1
16752 19428 1
14625 2541 1
43717 9263 1
55036 27853 1
14252 857 1
66144 93387 1
55882 70152 1
38656 42993 1
47219 57248 1
14391 26914 1
61624 16598 1
61571 96587 1
83565 92143 1
30883 76571 1
21194 63867 1
8194 17847 1
4965 81484 1
72398 96927 1
78149 44550 1
20613 62912 1
94920 231 1
62714 86806 1
86938 56562 1
47825 53505 1
39100 73082 1
72 17785 1
65611 29341 1
4789 71107 1
86982 2947 1
92153 62323 1
28221 73934 1
59495 74151 1
20361 1346 1
65595 31478 1
37937 591 1
17517 79689 1
29102 69703 1
3614 37282 1
39760 29357 1
65044 65802 1
51522 71471 1
77633 33197 1
41684 28465 1
40586 29655 1
88060 74512 1
11372 81760 1
87702 42552 1
37577 58333 1
7606 89035 1
12621 71525 1
51633 55281 1
66276 75053 1
19459 39954 1
97578 2338 1
80872 78650 1
34136 85884 1
60955 38369 1
55524 1335 1
22004 84193 1
4968 37368 1
51372 79986 1
64532 28956 1
26940 11996 1
19236 51557 1
85536 14504 1
68003 39187 1
2301 45433 1
3385 58514 1
81045 61493 1
3431 67256 1
3720 3278 1
83582 46901 1
33524 76825 1
69688 41055 1
44602 3662 1
5457 88985 1
49802 24143 1
92084 5046 1
56974 18886 1
38409 79808 1
38799 86440 1
87684 12613 1
47509 5404 1
85069 68459 1
54409 24569 1
34593 43880 1
69912 69107 1
98797 49422 1
9952 99279 1
70000 52386 1
16903 26126 1
21284 42745 1
42837 37178 1
82150 45075 1
85611 90423 1
92976 20698 1
91164 77618 1
71798 79649 1
6617 93309 1
26119 86961 1
22699 34123 1
91102 86143 1
49538 92538 1
54549 18660 1
60720 50982 1
62558 87312 1
62989 64974 1
43287 14943 1
33785 49206 1
26845 66881 1
32172 28344 1
12612 55360 1
7309 85644 1
83496 61942 1
4268 56114 1
28995 50475 1
46114 44811 1
6963 54296 1
14633 29210 1
27346 67646 1
56968 11271 1
8136 86953 1
39506 23341 1
82174 96697 1
48787 57293 1
53301 92582 1
24474 52695 1
91621 32904 1
36784 5013 1
76874 79901 1
52453 47203 1
89676 39503 1
2332 43223 1
29048 66660 1
83196 52126 1
46786 87330 1
43093 28954 1
39297 19488 1
12476 72710 1
88776 86418 1
93610 16834 1
15799 75909 1
86721 84615 1
99585 63973 1
375 9408 1
31355 77541 1
16172 6254 1
39043 32 1
17515 69178 1
6051 47368 1
95577 29523 1
93536 31074 1
53723 31758 1
90034 71989 1
85483 51641 1
37698 72277 1
45138 83332 1
24343 55479 1
52567 11231 1
31153 85684 1
48527 12729 1
84812 37019 1
50993 5167 1
3680 91720 1
18586 31404 1
97102 92694 1
5902 83379 1
48779 18579 1
9636 96301 1
28064 14841 1
79879 73658 1
829 74072 1
76711 99212 1
56315 19065 1
61991 63737 1
19217 60216 1
16967 97694 1
98094 48925 1
95166 80836 1
55350 12620 1
52038 75718 1
91596 42855 1
40359 74 1
39926 86551 1
61597 87962 1
30923 23430 1
41821 81386 1
89915 17897 1
30093 79827 1
91659 98762 1
35179 13539 1
24201 45376 1
8889 46995 1
52521 29892 1
48554 70803 1
10514 35252 1
8888 64377 1
50791 56078 1
28135 77307 1
56034 33136 1
58553 65398 1
76913 56120 1
14055 9261 1
91461 66874 1
47807 59167 1
27236 9549 1
31566 53418 1
49500 25962 1
35820 41865 1
70829 92243 1
35885 94815 1
90522 23628 1
44999 30844 1
41307 53824 1
89144 71074 1
67337 22715 1
86355 47030 1
33589 50961 1
7291 54043 1
87382 72938 1
84645 55574 1
98902 91174 1
31623 50487 1
77455 50045 1
79550 46136 1
80150 37528 1
79785 72317 1
8525 47556 1
17668 79233 1
27389 86960 1
27588 64026 1
56482 48860 1
99505 32443 1
15168 61647 1
31183 93067 1
72593 21350 1
6429 24735 1
96711 43640 1
95425 5407 1
4907 26153 1
51151 93843 1
74854 39643 1
10928 45662 1
31086 59334 1
2832 34149 1
6250 95591 1
89963 46803 1
68820 61323 1
13037 54123 1
2915 67662 1
29586 47311 1
97470 3360 1
40092 57163 1
47014 63824 1
25199 18288 1
77097 26564 1
97359 13871 1
73134 85077 1
54673 37556 1
33454 41339 1
8571 66658 1
60706 33535 1
86102 7518 1
24062 42201 1
43012 57789 1
21295 91887 1
20294 90413 1
49991 6844 1
2237 14197 1
37446 90006 1
30421 85802 1
48688 3961 1
31681 93533 1
2584 47051 1
59602 66007 1
48437 88104 1
41556 11985 1
73424 51797 1
84016 99018 1
39463 56767 1
98440 16479 1
1388 17350 1
93485 38745 1
11847 36677 1
47784 38567 1
537 7934 1
24534 54627 1
41408 43150 1
96313 69552 1
42912 78444 1
49354 62420 1
50140 30215 1
52223 83381 1
54045 64299 1
71047 6970 1
34579 37964 1
33789 24620 1
74448 51420 1
95883 43095 1
67113 97907 1
11548 13212 1
8381 73461 1
45655 40568 1
87093 59605 1
22346 89661 1
41816 29253 1
63869 12848 1
38866 24169 1
60452 68167 1
7008 55297 1
12120 80520 1
52100 81105 1
37064 84169 1
48326 4027 1
10977 95479 1
7200 21472 1
60476 68202 1
72986 88009 1
83725 99031 1
96932 43749 1
25576 93405 1
63511 25733 1
33312 31962 1
18440 70521 1
8346 78354 1
96407 91866 1
60489 69139 1
42030 31851 1
20240 13963 1
37615 29289 1
54899 30436 1
7177 23590 1
74920 78075 1
10775 26128 1
35191 38514 1
19588 90685 1
87821 64259 1
61490 615 1
20926 66706 1
22962 61553 1
64197 54466 1
3609 42147 1
52569 84412 1
27685 84625 1
6506 89368 1
90 12475 1
40400 99601 1
98083 21337 1
38848 7252 1
73358 67727 1
51187 23012 1
78229 70049 1
30257 45416 1
85375 98429 1
24459 28521 1
81469 15839 1
43157 22707 1
36703 83105 1
94191 84310 1
71260 70218 1
56261 54638 1
69358 5223 1
65759 45102 1
54871 32467 1
16931 81858 1
89320 74528 1
87229 88520 1
574 21276 1
89125 7089 1
11899 66184 1
29952 47664 1
91592 29499 1
8875 61170 1
83240 97749 1
98602 27678 1
57459 52913 1
27213 18124 1
63355 25774 1
87490 19324 1
7417 14284 1
62330 7154 1
61183 31151 1
72027 57478 1
48646 83526 1
76375 91133 1
2463 96944 1
97412 16032 1
97998 52597 1
27275 24309 1
14517 74297 1
90353 27902 1
64660 99782 1
59063 84198 1
65400 34388 1
31980 73769 1
86999 11730 1
29843 35607 1
22427 51684 1
46505 63822 1
50024 21632 1
6830 2798 1
28288 58119 1
80178 78299 1
8972 7300 1
79309 22162 1
86736 79621 1
42786 78372 1
95360 97210 1
51839 51852 1
51787 92193 1
37032 84786 1
77521 63528 1
2554 35680 1
30932 64332 1
82540 86281 1
63901 75934 1
60793 43158 1
20658 33556 1
53445 30250 1
84986 23189 1
13294 93089 1
17837 2855 1
15804 64407 1
456 15684 1
32117 7254 1
15185 49168 1
68627 97796 1
30987 65985 1
90459 61007 1
56728 87835 1
183 7562 1
62138 81607 1
34626 52501 1
61630 49545 1
70897 33045 1
83926 2732 1
93749 85105 1
30687 64809 1
91857 42354 1
68294 61315 1
36187 36225 1
74049 45611 1
32413 73110 1
67434 99706 1
66901 84373 1
56105 63446 1
52352 1840 1
68901 23937 1
5788 62361 1
55747 30548 1
15542 15065 1
84694 5139 1
83517 61144 1
17955 2297 1
74947 97373 1
97607 82871 1
37100 16278 1
56143 74147 1
45155 17377 1
64388 40673 1
71410 5952 1
41941 74113 1
52519 25613 1
1509 26392 1
67902 28366 1
21478 64355 1
67255 52859 1
46696 66087 1
54351 48431 1
40032 68498 1
68765 87101 1
76990 66314 1
89926 17468 1
62807 90101 1
39381 10785 1
96079 17354 1
11008 61478 1
56694 9296 1
39010 87907 1
77649 31252 1
37312 2091 1
60628 3602 1
34688 22163 1
19260 2936 1
14790 68539 1
42274 72708 1
35993 33368 1
7443 76593 1
56775 54111 1
61106 27273 1
70114 55123 1
35558 80169 1
7247 57871 1
65160 23967 1
71548 94331 1
23412 29126 1
82828 20944 1
52834 83091 1
68587 75050 1
53102 30001 1
12078 82191 1
19542 10328 1
8243 87157 1
52380 63694 1
97046 22082 1
81013 92237 1
64297 11667 1
4497 87747 1
15356 78302 1
42073 21324 1
14418 14404 1
23800 81406 1
45162 12843 1
68496 97143 1
18557 35956 1
42471 83149 1
39046 89308 1
49464 57810 1
69389 81148 1
69365 15172 1
32518 68022 1
10691 89266 1
44484 85633 1
40099 98918 1
21606 74899 1
88816 41760 1
36064 16132 1
16877 14427 1
96845 34198 1
74172 41505 1
83890 38463 1
14658 34030 1
74378 25513 1
50104 85182 1
58232 71467 1
7508 11657 1
75879 13800 1
860
178
426
486
253
138
853
459
63
70
666
846
565
686
518
705
681
864
189
335
862
844
745
564
827
35
393
753
352
873
752
440
471
439
889
665
216
401
481
276
631
615
222
794
732
209
868
826
540
902
521
814
852
524
67
465
409
731
593
574
330
617
231
874
579
59
461
453
355
386
487
672
162
381
546
17
597
268
547
532
235
33
451
901
599
45
472
694
676
252
88
61
460
568
416
329
913
545
79
811
495
815
667
24
4
458
679
202
520
297
137
422
326
100
269
792
414
834
740
687
683
266
412
525
788
239
373
771
780
604
530
242
728
56
619
74
201
722
10
713
184
7
602
573
76
505
429
246
592
124
787
845
107
699
877
106
642
929
529
183
805
410
918
717
407
289
283
145
742
363
149
533
670
894
850
360
455
773
935
572
446
37
279
113
831
517
512
369
708
301
910
272
362
706
822
385
240
502
765
87
334
34
436
799
77
389
498
473
15
144
424
585
58
485
908
226
267
281
589
310
353
480
730
447
527
476
804
217
304
519
550
257
218
931
746
756
177
28
806
606
678
205
248
179
308
215
411
159
354
552
735
509
309
255
500
359
899
603
64
721
624
341
116
98
907
783
825
136
342
168
11
89
549
112
535
174
892
865
685
569
876
336
637
612
317
384
462
801
933
725
83
863
130
394
361
157
463
660
125
909
25
442
32
372
148
91
380
298
478
294
423
832
791
738
930
457
357
818
456
816
821
674
543
861
470
919
103
237
729
223
399
503
856
408
560
595
857
358
690
689
650
539
710
739
675
392
57
277
626
807
227
349
379
299
20
123
190
1
577
236
115
331
869
570
772
610
896
314
69
531
315
651
682
46
605
220
848
8
786
494
523
60
62
18
171
173
295
158
643
492
199
828
438
321
161
228
97
350
290
254
648
928
388
432
296
538
558
932
649
618
813
890
340
859
727
785
903
659
766
167
467
166
243
923
425
196
9
763
645
578
482
836
285
600
339
52
504
734
305
402
820
337
120
48
638
291
176
491
743
351
625
553
71
188
810
843
307
562
537
714
31
282
516
513
566
54
657
912
449
376
851
452
328
872
55
104
779
265
673
131
367
41
563
501
475
522
207
258
915
49
445
867
195
118
802
684
715
82
271
774
244
655
817
634
664
44
260
632
30
398
751
796
777
203
85
332
641
368
677
22
345
916
435
812
327
450
755
508
778
905
922
904
883
762
711
262
234
370
507
588
770
614
488
542
293
695
768
733
114
691
119
454
534
180
249
141
105
213
139
16
364
274
221
417
92
601
187
511
622
789
609
489
78
140
808
854
427
824
86
712
636
895
661
232
466
318
288
829
122
798
737
256
630
421
555
47
214
483
53
428
193
230
151
26
43
700
73
129
323
65
490
575
724
40
143
146
782
68
134
94
172
420
365
662
697
443
900
797
723
514
415
720
111
224
383
225
887
312
150
551
882
229
273
387
541
696
192
479
837
175
781
377
200
263
391
544
347
598
640
875
469
926
925
741
99
371
319
583
607
366
303
759
702
633
838
769
142
284
809
338
433
581
219
736
917
621
620
644
584
506
914
652
182
616
300
703
596
709
419
375
803
2
117
251
748
590
716
444
654
93
374
135
840
109
554
302
164
561
911
760
536
197
881
924
356
668
418
38
170
784
316
744
406
707
639
241
764
934
155
29
153
497
493
90
897
496
586
400
313
646
701
324
194
413
893
906
434
306
126
36
920
448
567
382
528
128
280
275
468
233
390
160
292
23
884
110
627
671
656
121
830
212
348
628
430
921
147
437
66
757
800
499
557
127
156
833
835
839
343
181
154
693
698
750
587
526
322
21
163
704
