835 428
43066 37891 1
94190 80614 1
79471 82373 1
49002 96342 1
31390 78808 1
38223 92264 1
76485 92059 1
92023 34996 1
80563 50369 1
28062 14657 1
11684 20630 1
39979 62080 1
22415 85599 1
11809 65794 1
71582 47435 1
58618 4841 1
80052 10255 1
10584 1053 1
75701 75437 1
26309 56006 1
93103 35058 1
29418 96894 1
56855 68406 1
66125 86398 1
92896 66320 1
64229 1766 1
78929 23162 1
64586 81572 1
77919 73472 1
48444 45088 1
33332 90310 1
42483 11396 1
42535 10816 1
37117 45441 1
10634 79945 1
87177 84779 1
44761 459 1
43343 99628 1
39981 46224 1
53824 29052 1
49438 55705 1
1682 51773 1
72492 4033 1
62917 2799 1
77111 87347 1
68781 26856 1
27164 76621 1
88969 56599 1
833 7497 1
54028 8242 1
13456 94664 1
31645 28951 1
85187 93685 1
15646 21680 1
77135 30706 1
50708 86575 1
48204 36659 1
43474 94682 1
37461 57859 1
63483 91831 1
53100 1977 1
66198 34339 1
81855 95665 1
64652 79686 1
66300 48535 1
13587 7100 1
53419 42746 1
78831 6821 1
26229 91522 1
5016 17930 1
31152 66335 1
60956 55388 1
55143 94901 1
25586 33555 1
63577 91080 1
65931 34591 1
51917 46526 1
77473 63888 1
71912 12565 1
18257 4290 1
61979 39149 1
99482 57467 1
80309 15318 1
26601 87331 1
49820 74216 1
15338 96778 1
44077 13145 1
63266 88600 1
71975 6873 1
87567 59778 1
626 71145 1
44600 43714 1
71203 35823 1
7629 62224 1
28419 76757 1
48608 17151 1
86505 53969 1
83989 93665 1
7005 86294 1
49757 88636 1
67754 10570 1
96723 68555 1
56547 56698 1
88301 81423 1
88397 90858 1
82868 71451 1
54712 19869 1
45526 93800 1
71639 85788 1
88566 91542 1
53181 58268 1
18768 78233 1
12550 87785 1
75111 63270 1
27285 27910 1
61053 65297 1
43339 52698 1
6163 41276 1
20305 14600 1
84603 64712 1
65240 13080 1
69557 77435 1
85248 25126 1
36052 11655 1
47090 76270 1
79023 68386 1
86451 4532 1
61413 65476 1
50045 77459 1
11234 38346 1
87466 52960 1
31659 69065 1
26460 79801 1
89252 40292 1
73687 38276 1
1180 60435 1
26404 57591 1
3992 95591 1
41564 4493 1
51425 55889 1
18523 92414 1
90565 70176 1
39640 31903 1
1273 41746 1
79645 60086 1
24297 92815 1
77936 2704 1
40576 82785 1
34833 49998 1
37457 21330 1
31943 48000 1
62190 40619 1
3770 323 1
3011 45203 1
51204 92207 1
17758 45673 1
44693 7973 1
54854 56622 1
63114 49143 1
86474 88861 1
6439 39296 1
82206 84799 1
263 52887 1
27234 90275 1
74884 46555 1
69700 60116 1
92243 75137 1
61791 33165 1
53278 92367 1
48730 16637 1
94749 15951 1
81529 89266 1
54926 47904 1
96532 61898 1
10484 23160 1
91617 54947 1
98853 50875 1
17099 72200 1
66738 60185 1
1653 13610 1
24006 12070 1
84432 73441 1
70646 23723 1
98828 9774 1
84170 60510 1
50474 92987 1
43682 17291 1
90596 92046 1
99753 45165 1
71882 59004 1
29148 63925 1
52792 26843 1
86267 19067 1
57751 27204 1
59443 36125 1
93849 16627 1
83711 4056 1
38741 16892 1
81322 31067 1
13725 64725 1
6171 47780 1
21852 31239 1
59340 56788 1
45275 91388 1
45926 20062 1
40929 30357 1
40250 35279 1
98831 18199 1
40786 47884 1
80262 77142 1
60624 11319 1
57838 35233 1
20148 60302 1
95501 58936 1
18274 13480 1
62862 44866 1
34592 70067 1
80626 14462 1
48773 5472 1
8890 19223 1
42774 63364 1
78655 7974 1
58168 86557 1
94103 97579 1
67112 73069 1
99672 96717 1
59207 85313 1
17041 70948 1
88820 27260 1
52480 49978 1
51443 64317 1
19320 91933 1
62391 65858 1
19227 36846 1
95588 16982 1
49249 68685 1
94763 80488 1
54214 21442 1
67770 36926 1
60362 85513 1
98685 93591 1
70924 7406 1
5633 63884 1
39746 31364 1
7942 77861 1
66428 28588 1
87686 27959 1
21684 32677 1
57771 81455 1
28990 66935 1
89854 79114 1
22761 11697 1
40164 99889 1
9766 94818 1
59612 36924 1
51962 7990 1
44119 88387 1
47431 24736 1
15619 51780 1
81817 20915 1
38526 84342 1
72725 77229 1
5980 76233 1
27067 21077 1
96617 90800 1
15945 20185 1
23750 81153 1
98263 33462 1
18777 93972 1
87348 90923 1
87764 40394 1
22816 60824 1
27274 59157 1
63510 1105 1
53102 49077 1
16299 54148 1
75348 76669 1
37175 65287 1
60917 63860 1
50831 49642 1
86208 44492 1
36482 50488 1
44962 735 1
79395 66997 1
70723 75790 1
55290 34058 1
25814 94159 1
39434 57379 1
82034 5684 1
53141 76883 1
69233 42626 1
8817 56188 1
81647 62219 1
46013 37357 1
26097 9150 1
20279 79108 1
95725 88996 1
29772 25061 1
60719 61491 1
96489 85331 1
2053 10290 1
41994 65316 1
41977 39883 1
49250 60491 1
10868 46192 1
73794 11554 1
4401 48438 1
79284 86947 1
7321 99685 1
65416 42705 1
72869 45800 1
1150 41292 1
74649 77508 1
60071 93817 1
5615 99436 1
11552 36506 1
98863 35051 1
45952 27847 1
92109 83042 1
20718 75085 1
37503 48472 1
71825 77087 1
73287 38871 1
77723 81243 1
39954 31683 1
7686 84456 1
7238 23486 1
95259 23407 1
53159 23581 1
98948 55926 1
41680 50142 1
71376 8833 1
31188 37320 1
96609 41119 1
37781 2967 1
74476 10408 1
68494 32357 1
28802 11206 1
35199 54354 1
34073 32128 1
72970 28124 1
4744 18710 1
54186 23233 1
27951 28799 1
99713 8093 1
85103 98171 1
6531 28920 1
14020 62167 1
54847 53049 1
67318 10400 1
72426 32844 1
16236 33532 1
77891 30298 1
90947 87328 1
56883 72535 1
97973 27194 1
6364 77231 1
69501 29683 1
52051 45828 1
50902 41992 1
92093 59634 1
18382 11152 1
31351 41148 1
46520 93009 1
44883 71893 1
78149 27426 1
84287 27758 1
1982 11089 1
53214 14755 1
75119 38699 1
53372 42810 1
1428 69603 1
54049 96456 1
12661 63400 1
55354 51087 1
14069 77497 1
77667 237 1
32842 87381 1
32091 64738 1
20026 44560 1
44526 47862 1
67028 996 1
63836 12679 1
63370 20980 1
13395 53322 1
57078 28721 1
79311 99978 1
67762 89501 1
73282 21360 1
44403 49342 1
66215 69649 1
56584 87499 1
57714 43741 1
26191 84040 1
96259 90619 1
80663 37237 1
20613 58111 1
80016 71113 1
12457 41731 1
77578 43426 1
99237 40132 1
39393 54181 1
27159 33550 1
83430 98377 1
16317 47206 1
96050 94855 1
56248 8795 1
56595 44615 1
6253 89300 1
44027 22558 1
25019 36327 1
72478 95752 1
27336 31727 1
58177 81020 1
85973 83974 1
38703 55662 1
22272 83863 1
86135 2564 1
74671 26959 1
44893 51945 1
69992 78156 1
40193 42842 1
27257 70158 1
13638 23210 1
47369 89593 1
57006 22796 1
5327 50475 1
67062 44951 1
16981 16330 1
58200 28085 1
46765 77380 1
68075 3250 1
46165 31911 1
93001 35943 1
5017 28305 1
4241 32885 1
51105 53420 1
48383 91858 1
77271 71354 1
54306 84078 1
52606 81406 1
4027 43458 1
69594 29673 1
54843 17212 1
89862 20364 1
57612 42440 1
52435 87595 1
57402 66204 1
47671 41799 1
24427 61192 1
43621 19160 1
35019 61690 1
63909 68238 1
9624 86259 1
78141 17458 1
62667 6502 1
85752 16130 1
91013 39991 1
79850 46198 1
45771 47922 1
83660 5410 1
70006 62639 1
99968 50753 1
96276 62148 1
92765 89960 1
13004 92580 1
76864 27328 1
51861 30551 1
14841 47259 1
84003 66187 1
39967 86721 1
74419 8855 1
38283 6454 1
64674 50282 1
18664 17236 1
98801 10848 1
67632 57721 1
51768 2631 1
93218 10281 1
70571 51294 1
62129 92420 1
51969 65377 1
83912 27467 1
96315 99536 1
61608 10341 1
3160 44767 1
89430 47891 1
12632 5432 1
6748 54877 1
86316 25441 1
70120 81088 1
86934 4715 1
25688 59166 1
42383 55092 1
94777 17659 1
72198 44720 1
7719 53580 1
22161 31061 1
1411 91010 1
42744 80477 1
79482 86342 1
41908 59758 1
66408 15202 1
52530 4923 1
755 58651 1
19188 52218 1
6391 43268 1
6527 36809 1
87018 28309 1
19458 79533 1
93732 56429 1
77918 77955 1
6676 18054 1
45672 22847 1
47647 72979 1
44499 64819 1
89885 16837 1
4793 35375 1
66929 29686 1
42731 48887 1
71184 67408 1
95536 93220 1
17106 51021 1
99771 21122 1
2639 215 1
51258 17911 1
95229 27930 1
81347 98301 1
51596 52964 1
20419 26463 1
52761 7401 1
49098 41881 1
76422 95829 1
66424 22635 1
68348 1694 1
4938 63708 1
33249 53338 1
22889 79669 1
66507 38281 1
39026 7097 1
79361 67393 1
42156 6480 1
35497 75293 1
75255 24089 1
64259 8348 1
89958 10316 1
10434 95112 1
63464 51216 1
94660 37890 1
98627 2493 1
9165 94823 1
675 43216 1
80690 9782 1
88311 52181 1
79265 24840 1
2434 25868 1
49128 89138 1
37177 48964 1
93451 53732 1
56349 24909 1
85077 37467 1
54682 56181 1
122 65056 1
87918 44672 1
81928 34539 1
34104 97650 1
76374 25279 1
1670 61321 1
61123 10357 1
28203 97754 1
71363 11560 1
7784 34759 1
35457 5711 1
86812 64231 1
29522 57953 1
67951 55101 1
64220 7346 1
1611 11549 1
80656 76453 1
43033 70684 1
99928 71866 1
20569 54488 1
12945 20654 1
91379 6703 1
3116 39810 1
78439 86825 1
2509 76476 1
41632 44788 1
24132 78096 1
5813 62285 1
9860 50597 1
55299 12061 1
12954 11609 1
82110 13901 1
96571 21713 1
12012 90272 1
30249 28636 1
87103 80770 1
72100 84704 1
5721 21536 1
94000 78138 1
80540 22316 1
43147 71777 1
91770 39152 1
83825 11197 1
49694 40618 1
64951 34862 1
14902 52183 1
54473 37641 1
50381 5067 1
67296 67283 1
99104 1924 1
53711 43679 1
32076 74596 1
71443 1657 1
7298 5052 1
41136 82082 1
3971 10189 1
3991 76923 1
44357 69549 1
11095 97989 1
85929 62668 1
17279 42301 1
91799 75155 1
70070 984 1
72418 66580 1
6404 37516 1
60765 38761 1
90259 54102 1
6181 28796 1
94631 35712 1
57359 8745 1
51839 15354 1
58140 25362 1
61439 57886 1
90103 73521 1
30752 14728 1
2142 97187 1
77 13038 1
89752 17123 1
86992 71846 1
15304 90399 1
64490 63651 1
89236 58501 1
10978 6441 1
420 70288 1
84262 41665 1
15561 98742 1
17479 43981 1
32689 25571 1
56767 75185 1
63753 27186 1
84225 28156 1
54146 43319 1
27148 41643 1
58247 9887 1
93678 95935 1
36618 31020 1
58677 63399 1
26802 89842 1
34143 67134 1
10867 99244 1
28973 83012 1
26233 35098 1
18338 83050 1
85044 39935 1
94467 12745 1
80208 90157 1
94485 97209 1
39685 6270 1
73580 55649 1
98492 55403 1
66973 76024 1
24486 98662 1
64465 86632 1
33178 48891 1
70882 30251 1
2691 37232 1
88316 32668 1
23684 99637 1
30926 26356 1
81371 16791 1
52830 59892 1
88492 52099 1
24539 60757 1
58660 56904 1
34363 47045 1
44855 54014 1
71659 24811 1
22371 18148 1
76581 40850 1
24845 91732 1
18244 94079 1
63436 30056 1
53090 9052 1
89620 36699 1
12470 51136 1
54378 84751 1
15251 38268 1
69632 40169 1
79452 50218 1
20338 56861 1
47611 16303 1
15472 61896 1
41874 69313 1
37551 6689 1
35962 11231 1
6419 44564 1
59889 70317 1
32257 46568 1
45890 75896 1
17697 24332 1
79463 3019 1
53061 35637 1
47134 9281 1
99682 87308 1
67569 31149 1
64237 49038 1
77627 27733 1
97633 88281 1
3184 52626 1
53897 84051 1
24730 60453 1
46164 71619 1
55551 44993 1
49212 21366 1
7332 3215 1
18014 42412 1
15158 53802 1
47912 94809 1
19934 6126 1
89617 3289 1
69920 76685 1
96757 74106 1
30940 45157 1
18788 13789 1
31734 55128 1
95956 19983 1
46273 72157 1
90563 5497 1
35579 36594 1
61212 86479 1
95919 23652 1
82930 91483 1
25680 268 1
57131 1032 1
18571 78284 1
21751 16211 1
5082 86631 1
33880 89950 1
48301 21676 1
26139 83548 1
51235 76546 1
4577 69268 1
23375 23268 1
91094 60952 1
67526 26680 1
58933 59941 1
29398 27051 1
44920 37587 1
26894 56825 1
10633 36429 1
63573 50941 1
1380 57794 1
85809 60125 1
64448 39154 1
37487 7444 1
88350 6624 1
87865 63321 1
71359 20263 1
26128 66566 1
67226 27738 1
80172 26658 1
3856 93876 1
67418 70289 1
37768 66445 1
73163 13331 1
91103 76309 1
34673 50919 1
29665 67919 1
48834 3802 1
87649 78658 1
8485 9698 1
98195 76298 1
76276 85184 1
17786 63497 1
26617 28971 1
76525 10614 1
27714 27315 1
89509 96752 1
39653 34635 1
44305 6790 1
26376 57984 1
64150 16675 1
29778 30008 1
64564 52882 1
86686 23019 1
32471 19748 1
53567 90649 1
33400 11867 1
63109 29261 1
426 21557 1
30854 37608 1
32509 1687 1
91826 42943 1
72574 63099 1
41512 31074 1
51091 56524 1
24600 76370 1
67949 31543 1
40490 866 1
76608 19518 1
6257 57133 1
5851 37485 1
34897 17299 1
89560 11695 1
765 81783 1
77496 13929 1
6195 75706 1
34642 21492 1
59667 49437 1
60273 2470 1
99126 66735 1
68498 54184 1
21682 17610 1
99664 32984 1
47589 37727 1
8405 24742 1
3665 65589 1
51871 69371 1
36535 41606 1
93408 75388 1
62356 39361 1
47692 60150 1
46228 51468 1
470
670
56
765
798
269
65
38
744
668
652
62
630
401
457
252
2
21
306
549
381
591
272
328
487
95
242
10
566
418
636
708
185
649
362
753
194
264
801
435
536
68
681
307
733
29
720
834
12
784
123
624
207
218
565
416
724
563
126
399
451
521
320
431
11
351
111
59
163
103
271
792
249
60
607
410
303
115
776
821
161
179
131
348
756
615
52
93
226
253
299
721
382
178
510
544
787
771
330
141
647
599
292
397
524
473
390
268
289
748
602
609
677
227
575
674
379
556
282
799
298
596
310
338
350
49
540
582
739
395
539
132
24
287
513
100
537
710
420
518
88
364
198
413
611
147
405
354
201
372
494
697
404
687
656
532
340
355
450
92
752
411
588
683
124
371
480
735
109
83
135
713
766
557
114
699
160
274
745
593
221
192
548
31
196
47
168
113
209
426
625
329
616
483
632
244
425
140
498
316
137
197
715
734
241
496
291
650
188
305
105
129
673
288
654
182
232
14
423
579
4
472
701
311
595
531
786
460
228
388
117
561
205
152
722
369
254
43
675
718
584
618
353
522
448
153
322
122
419
7
408
384
359
257
428
709
15
258
121
644
215
400
366
26
554
657
825
543
427
157
475
231
455
603
30
151
773
678
391
777
538
191
267
184
694
119
356
456
737
156
174
19
676
130
505
562
605
90
432
767
143
728
501
585
790
79
637
223
682
663
623
214
149
107
138
251
319
32
797
246
16
731
467
645
659
738
815
172
814
497
685
542
463
833
812
598
421
139
732
680
750
125
818
341
281
80
233
58
212
61
628
368
433
730
830
807
791
780
743
255
206
5
297
827
597
169
314
526
580
28
564
118
352
772
331
27
725
385
85
45
333
700
236
33
392
165
94
569
527
736
606
239
406
438
555
794
529
154
620
97
691
363
72
304
586
533
546
695
571
414
42
323
805
727
779
48
485
73
717
626
479
826
523
769
295
18
367
583
