3606 2496
235 8917 5960
4551 6037 906
1899 7385 6548
2321 6676 6105
1045 6627 9970
7411 2772 1555
5880 4368 9066
6909 6780 3826
5879 1995 1376
3154 2964 7580
958 1078 5946
2375 6977 5829
4230 4115 8073
2734 9217 5286
8714 1208 5455
723 7229 3535
8000 5925 7297
871 9797 8237
2053 15 769
2155 2399 4504
8249 2261 9147
740 1517 8245
8626 2401 7272
9658 2645 6987
4426 9173 7445
1447 9389 1039
3257 9645 1074
389 9762 5163
2804 3512 3996
4100 1969 4082
8313 7070 8125
691 6359 966
5211 2792 3795
4667 6821 1721
5700 8534 4503
7516 714 7828
9794 2265 9994
8563 6633 3933
7567 826 8657
3316 3421 9986
6974 7372 3712
9755 4720 3865
9585 8132 2924
1224 1096 8587
9488 9515 7520
5998 9709 8665
8688 1199 9979
4184 673 6150
3177 7695 9592
9479 6545 9980
5318 6793 4142
820 7232 7468
5177 4104 1214
2679 1073 7072
7865 9900 5422
7409 9396 6285
6602 8492 5977
9837 2579 3327
3096 9926 2339
5291 3536 5063
8499 8820 1099
7283 7129 2105
3778 6601 5213
5315 7109 190
7925 1 2409
6954 7618 5594
158 4359 7163
2669 3364 5195
7768 3594 1810
731 4670 4997
7689 5022 3069
1600 4403 5105
450 4210 6255
8503 5252 642
4204 1827 4430
4147 2949 7154
4371 3533 5707
264 6955 6228
9858 7604 2432
6229 4764 6828
3643 5526 8108
7754 9244 1721
9801 6102 9374
705 2518 8844
4495 2260 1579
5900 5362 7189
7965 7566 7031
7474 2167 8711
1751 5120 9683
5438 2612 2488
6668 9959 9741
8232 7639 4835
8170 2901 8825
8478 4295 4849
1218 9124 627
2059 3846 7850
8746 8366 5704
7640 6125 9530
7265 3172 581
5421 5486 3733
4741 9977 6730
7538 7047 4838
3896 5266 2833
7383 5712 1262
2616 684 178
1597 8199 6445
8103 9136 4953
6988 2317 4460
1997 2840 1468
5334 3780 6981
1321 1595 6575
1936 5548 2314
9572 7737 2350
6854 8771 4583
4383 1414 3350
4035 7072 2151
2250 293 7125
3290 8696 1756
3664 6540 5253
2771 773 9088
9393 747 9811
4580 6233 4236
6996 7245 9443
9102 3232 9247
1350 9007 6652
2513 2554 7064
878 7305 8572
7212 8324 226
5852 4056 1987
884 7192 4199
5009 9683 1020
6509 9313 7085
2363 3820 6125
8642 8234 2994
6559 790 2261
8418 4425 1600
3225 8144 6820
5180 1593 145
6028 5859 9545
525 1882 2933
3173 547 6452
4922 2875 2402
9712 3867 8081
7128 3697 6562
9472 2554 5140
1642 2043 4045
5386 4039 7957
3864 7360 6098
1638 2794 7032
6103 9685 7249
5229 378 5046
4122 760 6296
8319 6435 3223
6643 6959 7825
973 4611 2838
1503 6790 8780
5943 5917 186
3668 4201 7742
6052 6822 4592
6414 3104 1875
8945 3941 7311
2095 4966 7763
1757 3188 9547
5778 591 8715
5013 4357 4725
2709 1024 6643
2317 3362 325
3601 1991 2512
2371 3538 5516
2718 7683 1393
8889 4623 373
4321 4508 2920
2845 1936 5701
717 2531 2647
1900 2281 1580
9051 6556 4323
9071 6179 1881
1634 6627 6827
2281 7427 6658
9821 4473 7919
5734 3728 6717
294 7755 2681
2530 4430 1527
2052 5367 338
36 9093 7582
5792 5353 2717
1354 6258 7825
6307 8907 5518
4790 6830 4941
5370 75 6473
4926 2297 1941
1376 1192 6249
1260 6764 6965
9657 8345 8173
9619 4865 7271
621 6963 3535
5842 3515 6660
4259 8189 555
6089 6101 1483
2076 4372 5937
8841 8568 7460
6177 7999 2534
1148 3191 5545
8689 8704 3063
4894 260 8760
8640 3237 1229
9241 3739 9260
9612 9657 5218
9162 3285 8815
2830 5651 1885
5896 2736 2607
1412 571 3130
7672 1867 1186
5312 8730 8068
7508 1517 4233
3704 6723 2167
288 4298 2413
6978 9724 1891
7459 2461 9690
980 9436 4100
5854 9165 786
2366 9415 3601
7429 3505 3817
4985 3638 7617
3081 4277 1042
9324 3055 6504
6854 3762 5558
1772 9904 7835
8487 531 4194
3951 6731 3998
6939 5122 9911
4995 7921 5237
7141 1324 876
9449 1778 8219
3938 4728 6409
5970 6056 6054
7520 3498 3068
665 9822 2361
3095 5101 4607
5410 3414 123
5206 2259 4832
317 2198 2682
3370 2147 3286
8849 8868 7573
945 6640 4464
8774 3312 4192
5304 238 9980
4782 4710 551
8194 2291 8035
4150 2444 7998
6661 7186 890
6204 7401 396
4551 8740 7285
732 8788 1615
2716 341 264
4449 4688 9999
8248 7304 3207
6258 1384 8282
408 2524 5012
5212 4963 931
9445 3008 9601
9613 1715 7770
7059 9372 607
6438 4838 1369
3459 542 6564
3045 7184 2044
769 3966 8114
4085 1492 9465
6169 3876 2068
1926 823 3995
9696 838 7081
6695 3091 4503
496 184 2006
9299 8426 7842
9967 2028 4249
5154 4887 9600
1715 148 6245
2336 4437 6861
5468 8246 4029
1602 731 5475
4810 1247 4492
8908 6479 8728
4631 5440 567
1420 9113 3495
3062 4207 2541
73 2628 5501
7433 7804 8157
9925 8532 57
8627 2937 3090
9976 5080 4015
646 8287 1265
5364 6147 859
7754 2736 2839
7891 2375 7123
1236 8369 907
1899 8256 6511
1420 1227 6239
1892 4207 7286
3599 8437 8911
7646 9939 3866
478 6300 8965
2466 781 1718
6231 6794 1914
2546 82 4987
4082 9375 8122
4710 1109 9163
6236 5653 8985
4497 4597 1376
8458 9418 2542
9932 6710 8189
540 4204 158
5125 62 4418
7683 2609 4936
6738 7776 8617
7187 714 1170
9615 4660 5229
6444 7631 6001
8196 5897 2956
3993 2245 5469
1588 5297 3660
8815 4805 3161
5979 8692 3666
4677 3371 5157
4280 4749 9889
4015 2788 2724
2232 4134 3788
3057 1389 8595
1012 8440 1159
2178 7997 7716
5146 3699 8184
5820 449 5658
1692 3178 8164
3682 2374 4934
6134 8338 6436
3008 4881 6082
3403 7209 8269
4999 9501 9733
9735 4260 6754
6556 2946 1166
7515 6480 7542
7690 2607 5145
1275 7980 1309
8041 3059 7928
7393 8870 2441
3409 1420 9951
3018 5301 5632
3893 3566 3034
9679 8270 8578
3263 7376 3490
5011 6269 9781
7206 4370 1047
8821 7177 7576
8243 5551 3049
1075 2289 5065
3928 6385 1281
4885 7267 2074
2860 7086 9887
3600 3136 7282
1172 5246 5783
3187 6319 6266
931 9149 6888
8972 6134 6170
7247 4934 5661
2203 4013 1639
5478 2429 3955
7784 5378 9216
1097 8176 9864
3669 682 1264
8603 2227 5745
3070 3562 7511
1269 8408 7768
8956 1540 2522
2289 5706 7667
3923 240 1997
2523 4160 1480
8357 6234 3100
8137 9361 7629
4053 7372 2631
1343 5233 4551
5772 4566 1447
3488 7236 1203
1254 5695 5521
5057 360 8243
3141 5782 8224
5279 7181 3420
36 8738 6207
3613 8591 6143
3672 3216 9954
1460 626 4837
4728 140 5687
331 5931 2758
1310 3790 4079
5338 3962 4638
9246 1175 9449
2395 112 9918
1947 2727 5907
5557 3766 2083
2746 2226 2427
8116 4733 122
9668 3889 8262
8336 7431 6779
2008 8760 2684
7872 4086 1320
5487 988 8191
5541 1546 2385
7630 1853 7563
3549 6202 5268
1236 4933 7206
4641 9389 2297
136 7617 3843
1858 6069 3539
5792 1497 2238
3564 4423 8120
8001 5248 2151
5497 6485 923
2334 1219 1492
6856 8821 1676
9693 7452 6793
6387 5120 9590
4433 8440 9661
1623 9106 635
137 2498 7730
1368 5317 4767
2547 4751 7255
4415 5311 8215
8133 5114 2220
2183 6735 153
588 3265 6341
10000 1482 2573
346 1860 1031
1343 2557 5078
8779 58 4011
9571 9073 99
7197 3417 7352
1579 2696 1075
516 5587 5113
9451 5818 1522
9843 3385 223
868 2845 8967
2937 6443 9312
4839 9358 9649
8497 5140 4045
947 9652 7009
5728 6287 3775
3859 565 9284
8331 9469 4486
1110 1292 5180
4935 4119 8724
2482 1516 8770
5595 4463 2308
1300 128 3553
8994 2941 5471
9456 1890 8843
3534 1681 3803
6758 4684 5325
6909 2420 4150
800 9661 591
5661 8055 798
3679 8935 8941
3334 3096 3251
9062 7749 2505
8300 6392 1793
5244 3046 9377
5859 2768 4304
7126 7329 8016
6662 8125 2924
3388 5897 525
1209 5258 7631
9977 4926 9460
2013 295 883
8305 6880 9430
4070 7961 1234
446 5598 9327
3632 6098 5300
7157 2317 6137
2533 8312 7748
6995 7669 2225
9735 5796 1419
3570 2368 8947
577 6340 408
5454 3694 7241
7104 9911 754
540 3088 5444
9823 4792 1528
4609 934 8117
3431 118 8264
1767 8346 9805
6488 8087 8467
9087 6764 1519
9039 6611 7693
7921 8889 3323
4029 1326 7140
3866 2572 1939
4513 4223 3775
9346 7960 5757
3014 4789 5629
7007 3679 7873
149 7493 665
4938 9440 3218
9533 7718 6878
2445 9056 7451
7079 3266 1353
9241 4544 2716
2901 4927 8156
8011 4650 6361
7976 6557 3669
837 4849 4198
4098 4522 7952
8647 4348 561
3208 433 6882
4759 367 416
7017 3862 8902
4147 5087 4425
7291 80 4983
3380 512 9460
2375 9551 8933
5448 3087 9626
9245 8435 3307
6019 4725 8469
5428 5941 5379
3363 981 7585
9412 713 6428
6819 9333 9340
9411 7725 6254
3162 9963 9803
1666 217 2770
206 3748 5944
573 2477 5885
1226 6806 3966
3877 5083 3039
3887 6039 4113
2009 1632 868
4368 5246 9487
8613 5861 2790
363 9994 8109
3819 6110 6047
1406 3588 1191
2189 2485 8754
3173 7702 1871
9386 1975 2925
1489 1861 1567
4463 5724 7692
7113 859 540
6032 1963 9308
1132 9027 1455
7350 3489 5673
1811 3834 2485
9702 8203 9962
6107 3131 4325
6257 4375 8959
7400 8458 7520
7378 4941 2353
6765 1319 4337
4261 9997 4505
6332 1097 9737
5666 9000 1706
4656 6904 9765
4218 8203 9205
8470 8037 3482
3615 4095 7117
2078 1568 1161
5984 1815 862
5022 1618 1142
8803 9432 4659
6292 352 3206
9564 6100 269
6755 7949 1666
5997 848 9588
1228 9299 9679
4896 5651 4675
2013 6942 2129
9799 4274 1576
1009 930 7340
2542 5990 7543
1670 9763 7181
76 2291 4869
7270 1226 5661
1564 9509 4993
4496 4638 8798
4196 9450 4164
3024 2412 3629
8763 4789 7428
1318 221 6760
137 994 5969
4178 3244 5033
8220 4178 8790
7786 9934 4591
4539 3864 3040
6532 2312 9480
2450 4974 7453
6492 5714 8767
8584 9517 8021
8694 786 5857
9111 6652 6284
9170 3595 7097
4149 4315 1500
8312 9501 951
1679 1675 2560
3754 6166 3480
1006 5898 6373
3734 5285 5197
6868 3550 288
2982 2812 6418
3179 7293 6383
1244 4031 4788
4447 8941 1189
2330 8875 2246
3578 856 8846
4328 2035 9840
3174 985 8760
7194 6459 1380
2219 1322 5976
650 2761 3773
2570 7808 9087
9087 7410 3854
7505 7950 205
6474 3952 1624
8316 780 178
3598 1010 3136
5093 1081 7207
525 2219 7799
6691 6647 2386
713 2209 5378
1427 9961 7424
7654 5570 896
1428 8541 1893
6517 2664 9083
196 8285 9670
3063 5389 2723
5223 6269 2298
6327 2241 8072
5441 568 5598
9580 4754 2831
4930 4070 6906
1097 3411 6482
3053 5965 4111
7616 6479 1014
6409 5339 299
6360 9687 5808
6454 7374 5714
1427 5751 8490
6653 4086 5256
9263 3791 9094
9303 7806 2716
4809 8419 9725
7757 8602 5362
6757 396 2648
7155 7809 5692
4666 4155 3280
5256 2868 5826
9104 1378 1165
8365 5205 6566
3994 3024 9679
2278 5857 319
2752 9001 5465
1221 29 7571
4823 9015 5748
4933 5422 158
3848 2857 1325
9824 7519 4605
373 943 1672
9271 3027 1255
675 7207 568
4169 2128 2310
988 3592 9661
2250 8404 4081
4967 9155 1967
5077 3480 8031
7178 2152 3726
8257 8478 6241
1585 8530 1862
2117 5609 7480
6274 7245 273
4748 8652 3197
1825 1693 9957
721 495 1303
6188 7231 5814
884 7196 5316
5342 1789 1626
5928 4445 4747
3467 2827 1970
500 9832 9449
570 84 6960
1407 3404 1084
5493 7159 5093
3729 1083 3099
5381 5028 2628
1506 6264 2208
6379 7988 3492
5250 5164 5420
796 6443 1083
9413 991 695
1929 6718 7334
8193 1712 6447
1470 9340 7846
2260 1336 7777
5840 4223 3476
9925 3672 9250
4538 619 5195
1259 320 6565
9187 8764 1240
8361 36 4123
9398 7793 4641
233 5460 8249
9961 5084 3241
7318 7998 9877
2139 9 6447
4722 5792 8409
3229 2262 1759
1670 362 6521
2183 4283 2425
2502 1242 8524
3637 7778 1501
7168 1686 7377
7308 3320 1946
880 7887 3618
2454 1852 5371
6467 5972 3142
4734 8844 9470
9282 3533 7634
5546 5200 808
1159 8741 6006
4143 2142 4948
5978 5862 6363
5678 2070 680
8143 3026 1513
2729 3422 1576
9388 9482 4490
504 8722 2959
4662 3002 734
6844 5945 6822
6098 2235 985
906 2728 3611
8522 4132 437
433 8646 8398
3774 6345 3182
6587 9054 4964
2408 4573 7943
9478 3784 7191
3238 3189 4464
5449 8062 417
7877 9013 3121
8996 9345 8242
337 1978 400
429 6342 3144
1213 1614 2081
9097 140 6164
6205 6196 3018
561 8063 272
2791 7712 1621
8401 4189 1473
6336 5744 2497
6755 8298 6679
3461 9647 1536
4952 2557 6540
2779 2018 50
4056 8983 9427
7893 1576 3162
1505 5923 941
8616 5524 8363
1076 6249 2005
7094 2973 1562
1683 9614 89
754 7639 3451
2122 1810 7883
7281 6843 449
7492 7151 6873
6049 6251 4240
8006 3624 2993
1716 8662 6453
7311 6164 959
2920 999 2198
1427 6356 6154
7249 518 1923
3326 1080 4441
1928 6116 6603
6879 3746 7760
7863 7123 508
6895 1631 1026
7103 8099 2369
3563 8148 1320
5879 1924 1184
9400 6401 2726
5331 4597 7581
8273 1204 2262
5239 9584 2518
4912 767 1564
9749 9002 6369
6662 8088 5765
5952 2209 336
7107 9598 5239
2218 56 2463
8210 5381 664
943 4238 6617
2047 4692 3331
5256 5505 6167
6854 7716 577
2619 2982 1149
64 2240 9200
252 2928 2314
9867 7348 7387
6780 5148 5315
5115 114 3649
8546 4189 975
985 9931 1355
7066 4689 3798
1441 3380 9763
1268 6676 9682
7858 7084 7281
8915 1900 6467
6220 6464 9224
4792 5546 6838
8639 4487 7644
9337 5659 7832
7850 2320 2849
5409 6129 8422
8467 3258 2958
1052 634 6981
6936 5843 6459
9615 1001 380
3928 7601 8651
2916 895 8157
7092 7163 4367
1872 4709 7862
705 7574 9780
4656 9126 561
1743 7756 6992
1677 8275 5928
1288 8447 8666
3935 5854 169
2890 6726 9895
6211 714 4702
5786 9549 3241
548 4204 1881
3870 4822 5525
7886 1352 6919
3744 8736 5431
8965 2706 4472
6948 7289 3932
8741 6842 9316
4388 5217 1608
1715 7672 2783
8172 9287 9999
6831 1986 9722
3428 15 7227
1881 1776 1403
885 86 4459
346 7262 8495
8504 6319 8042
9702 8628 4721
4921 3040 4571
187 2347 4223
5856 2959 1449
9475 498 3081
9060 8177 7826
9724 6191 2451
5891 1832 3177
1806 405 7715
879 6585 1360
5553 8406 6809
4658 5409 1385
4410 6058 5444
4546 9794 8446
1314 5068 4835
3091 7014 5101
4484 4033 883
5394 9874 1596
2274 9080 8371
6955 4192 3364
7640 5761 5113
3979 4249 6880
705 8458 3157
6899 4062 7224
2286 8287 2672
4274 5810 9155
2268 8380 6836
6482 4644 8681
2925 92 5474
9111 5594 8263
2215 8718 4588
5039 6785 6
5096 548 9256
705 7594 4334
4590 7582 2552
3108 5499 1090
9809 7061 2559
5105 6115 3182
511 6496 8195
427 3622 1568
8571 393 4100
6547 5340 3640
4888 6538 9981
876 4662 456
7432 3539 824
6590 7808 6559
433 6238 1145
557 202 1204
188 776 9062
8545 9665 9599
5530 7341 6706
7372 1141 3578
8313 314 9451
7106 9162 7209
4657 1151 4677
625 4355 8511
9432 1579 1640
3927 1308 6619
845 1782 6856
6168 6108 8203
8323 8446 5944
9237 5632 8310
4297 5822 5939
2042 7559 5838
1270 1508 4806
3341 8049 6851
2213 4111 9248
4177 1298 6187
5045 1401 9763
8511 7489 5837
35 2212 5877
1365 8048 3519
3673 6024 9527
8486 7513 7790
2643 2847 7946
8827 1608 7698
2057 7601 6478
4089 3995 6233
7325 491 5041
1940 5208 2446
4359 5216 1410
1737 2753 7291
8027 8055 5936
6660 483 9625
8449 3034 6066
2541 7007 5582
5164 7315 7907
5608 6861 7806
2881 5963 5634
3335 3473 7356
4169 8041 7010
8738 3800 2277
7422 8523 6800
8948 2170 3612
5784 1595 4526
4935 6279 2848
4414 7346 5923
6916 3788 3460
5887 2529 6031
2151 9075 200
750 6878 4055
8050 5759 7925
3646 6424 5034
9579 3438 2527
5584 6043 5087
8317 7609 4309
5856 4446 2851
1072 366 2432
6735 3452 2339
3271 9528 4142
3385 2033 1435
6654 6848 5317
3012 2973 6780
3931 705 3408
4632 3485 352
3363 7167 2386
2596 3322 7275
985 5571 3134
4446 3580 3787
8463 3949 8178
4326 2061 557
4440 5038 6353
2191 3549 6465
4555 1117 3075
1161 6289 5016
8962 3597 6407
4052 3314 2507
1055 2349 9159
8611 9878 7752
7766 6257 5597
435 3779 8744
9939 5378 519
4164 7029 6418
5175 6328 3985
6908 8964 5437
4277 2679 9809
2052 4073 6169
4021 4016 5894
8691 5155 4119
2814 1624 9270
9723 510 2407
8492 6842 6621
5503 712 7246
7265 2970 6674
6987 2930 9708
1045 4625 9014
330 4037 7321
5451 2301 4118
6104 4781 7043
7925 6206 7403
478 1407 5710
4326 5082 2391
3606 3459 7539
9179 4085 6538
5813 6622 9570
2722 7993 7664
6090 4216 1388
6833 6974 4140
7814 6627 8761
7234 7766 9924
4879 1434 1632
5692 6733 7959
7750 2539 8955
9256 3778 5701
6403 5589 1056
3923 1198 5400
5309 5013 6717
3361 4316 7496
7665 2398 7416
1093 2245 7768
4195 1654 9344
5476 9566 9967
8978 4054 2328
5689 5388 7088
6925 7031 4629
8980 2311 9184
8580 6177 9838
8627 1376 9259
1383 8054 3234
8743 1806 6401
3891 450 6398
627 5608 9317
7390 6877 4435
7839 8682 994
7395 9378 6909
282 7170 1712
4187 6610 3400
1259 4730 6335
8604 7176 9653
4621 386 8372
1698 1291 535
3404 7300 854
5808 5776 6164
8273 8468 9269
1374 6843 8954
1186 7963 4826
5419 3956 9013
8111 5194 3013
5504 6490 5869
6996 9139 2803
5976 7241 131
6156 5886 1245
771 4801 3883
8374 3875 882
6736 7061 1453
3237 3801 1814
8871 4043 6789
5037 5330 6393
865 5491 2586
4544 506 2934
8722 6505 129
7721 8155 8350
7270 3942 1738
6575 153 6270
4466 9376 1181
2041 7847 7757
8630 6181 7034
6038 6483 3157
5869 5918 9966
9389 6436 3522
4986 4651 3448
7698 1593 8998
3631 3317 6824
9621 8852 1725
8007 47 1720
1832 8702 8084
85 3843 2201
8034 2462 5742
4304 3624 4859
8331 6868 9989
3562 3420 1795
7678 6342 9402
788 7760 6547
6107 2394 2992
8628 1 5535
2335 6859 9382
6831 4876 8635
8236 1552 547
7553 8259 6247
8152 9820 611
7626 6695 7930
6224 6460 3632
8344 3880 278
1969 816 9205
2113 8441 5203
2045 194 2418
9452 8980 5249
1435 2879 5772
3135 1033 2036
5991 5326 701
3745 3669 1432
7811 8171 4625
3838 7530 5937
6589 3545 9963
2362 9094 8443
1509 3750 7813
9294 5491 421
127 6104 8912
76 3683 142
846 9235 7169
5512 7255 9361
3673 1621 7339
1491 482 5621
4021 5746 8782
590 1445 1292
4579 7178 8559
10 4364 3987
8283 7620 6892
6889 3524 345
6562 6408 85
2284 4172 6970
5207 4034 9757
3052 3495 4738
2331 1411 5782
2385 6644 7795
2826 4525 8779
8895 5053 1211
71 2076 8975
5798 5588 6174
1484 8476 4669
320 393 7353
6887 8994 3639
3104 9678 5969
8101 8088 349
5924 6297 4814
2992 3900 489
2815 9341 8236
9748 1445 8255
625 6068 5758
7808 5222 4707
5331 9939 7562
5338 8593 9667
8435 2496 4760
8519 3282 1795
1512 1071 51
6025 304 2854
7558 4245 8062
5032 5073 629
8133 7312 1247
5321 2729 4474
3153 2050 6113
8065 9855 4516
9744 8393 1404
3214 4533 5490
6624 2230 627
8545 1618 7053
7438 3990 8777
469 2676 1648
622 2015 6019
8715 6938 9179
7564 5203 2807
3866 6585 6829
1247 3376 519
4923 23 3137
4016 1270 4634
251 5454 7224
7128 128 2245
5946 1479 1185
4041 7 8343
9812 4850 979
7187 6283 4941
3574 6559 5312
390 7280 4012
6295 9563 4878
9308 8374 6245
6891 2056 9173
5332 727 5420
4853 7050 4773
5767 1130 6273
6397 3835 284
3853 6253 1640
7022 8565 2708
6866 2682 4240
2938 2583 8138
4633 2564 1264
6869 3240 8458
6004 7992 4825
5531 6963 991
4316 5853 1187
3005 4554 5483
8865 8350 5058
2032 3413 7165
5932 8172 9484
3816 8728 1731
5006 8457 2699
2359 4545 7384
1177 8649 6156
88 1011 8170
8271 4401 2526
5088 160 8686
7105 5085 7426
9155 8291 8297
4659 3573 3275
8054 4938 3704
9439 1515 219
3968 5346 903
2446 2214 2626
7889 8851 8580
8478 2972 845
8538 9686 494
2557 2549 8120
3278 4283 8381
8474 2598 7260
6439 3716 8410
1222 8633 4055
4604 5117 9025
3786 1257 8229
559 7999 876
9539 7529 9585
4199 2136 7817
9573 1267 2547
5950 2254 2666
1961 1622 1943
6714 1004 4554
9784 9628 2610
288 6170 2400
3494 3146 7630
8451 4364 4596
1127 2933 1518
9780 5912 2895
6545 1856 3863
6032 8399 7887
3671 7666 9277
3281 2194 3605
528 9250 3534
5835 9788 6035
3025 7802 2003
8611 7536 256
4019 474 78
1500 1573 2627
8412 6428 2039
5676 7531 3345
8938 2683 6394
9343 2449 1219
538 4861 7
3034 1855 353
1803 8724 2048
589 1945 3124
7973 6427 6957
8735 5802 5507
979 6351 7041
4566 5528 7958
7756 8425 5634
9388 7255 7337
1651 4563 7467
4434 3785 3793
5485 4267 1029
5502 4734 2799
9729 7343 9644
5769 6868 4507
8223 7880 5419
4865 9564 4684
4568 2856 2118
3122 9603 5962
302 7607 1978
509 1622 8371
839 9862 5949
6523 2933 5217
3506 8585 7216
2979 5687 3432
6025 9833 8646
7016 4630 7816
4290 9926 1474
6452 8219 5690
3363 1737 8179
8141 6845 3735
9371 2544 6715
3436 9455 5806
9457 352 6789
3998 6548 6508
3753 2227 3116
7232 4690 2151
7016 635 2007
5718 6139 7498
5282 1896 554
8607 6608 4618
9444 2323 9624
6668 5795 6904
2726 1626 1331
3072 3125 6455
3120 815 6926
9674 8018 3274
9047 2566 5184
3576 9678 6509
4209 6568 5269
7428 2199 4951
4889 7187 5766
1534 5793 301
8796 9844 3799
6786 7101 8086
9550 5865 8749
7897 4668 8039
7616 3164 8344
992 6575 4936
7729 5824 6801
2530 3532 2121
5904 7523 8494
275 1750 3610
7036 7599 7381
4068 2358 4658
421 731 4533
2346 2650 7878
2981 3145 543
3762 9904 7916
9666 8639 9391
7448 9148 2836
7326 5244 5726
9645 2726 390
6689 7889 8023
3793 9923 5303
2149 8152 8967
3169 2573 5012
4158 4420 9176
6698 5031 9706
8770 3183 6624
4865 5983 2127
1303 5689 7773
3513 3513 3279
6292 768 776
5525 4770 9659
6325 2433 3833
7261 6682 1813
958 2743 8221
9426 3909 1525
1348 855 994
5494 787 9784
9666 6356 4284
6091 9960 6363
6280 8516 3499
133 5022 32
1082 1804 6198
5514 9619 3129
9381 2869 1139
9491 5687 9852
5699 4101 540
1384 2862 3562
1322 7136 5364
5927 1417 3176
4491 3246 4017
4876 8957 4904
2225 9166 1053
8992 46 8089
5865 2448 6795
9478 1359 3922
7083 4305 9770
7923 7428 6581
4525 8150 2166
3753 2443 684
5257 8821 9755
6613 3764 4384
2261 803 3751
1210 4656 1831
9677 5785 9368
5548 7308 1333
7363 8785 9507
1061 6574 7120
1546 5289 3289
9699 1640 1464
8581 7232 9474
2999 5532 893
6945 6023 7178
140 867 7516
4834 6551 9716
6313 3491 7959
1705 9645 3376
9183 2464 7165
8225 1780 8965
9239 8068 3874
8409 5707 5159
2771 7077 5760
422 5023 1433
2105 9299 9442
1915 8243 7457
3979 8392 3058
4881 2507 3701
3986 8003 8128
6574 2208 9800
2340 8631 5543
8537 6811 8070
1354 7372 7048
4511 3734 6762
1063 7722 6674
7503 5662 4921
3602 8479 4369
7149 2667 9090
4807 5469 2321
8192 8361 9535
2567 8783 4945
3910 2324 2228
6751 8082 814
3663 731 3151
6220 8109 4445
9790 7931 8351
5666 1023 642
6881 7531 1651
5841 2564 9524
6638 6846 6730
8494 9175 7618
4652 4810 7253
180 5583 7880
1990 3212 9902
5180 5000 1088
570 322 6046
5649 4521 8903
3540 3095 2417
4589 8470 7472
2982 9028 7010
9798 1343 8671
3169 338 9405
146 4031 7364
9299 9580 7718
7806 3486 1772
7084 5740 4943
9985 2688 6501
1697 140 957
2713 5633 4333
5874 8040 6943
8306 1387 6051
8013 6917 2074
8466 3778 3599
803 5170 867
4735 5301 4035
7494 7154 8283
4451 273 6232
7935 9795 3981
2741 6599 7324
7231 1620 6713
6155 3302 4839
8606 8135 8211
258 4533 7423
8629 7409 5557
5052 1888 4389
6503 8498 4391
1313 4294 2874
148 1870 3434
8467 7278 2943
2025 8095 2664
9438 517 6404
1539 9605 5875
1840 2813 3839
8845 5216 257
3013 4080 1353
2713 4635 2844
3175 130 286
9616 2024 843
1370 3853 2946
639 6449 8517
5329 9981 8523
6333 7458 6175
4695 5431 6307
3896 2721 4278
2555 2050 189
2528 2192 2371
1891 7708 6851
558 1042 7552
3357 8412 2810
8872 5617 9377
4220 8565 7742
8771 8725 1351
2039 9294 1771
6583 2791 4151
8472 7483 9369
5826 55 7007
8252 2848 3663
6038 30 1485
1922 8027 2798
6746 9352 6771
6827 9374 5728
4264 5572 5837
5573 5300 7143
8270 7228 5588
6092 3182 4776
9427 2376 6387
4341 9740 95
1058 9825 6918
679 3650 2867
6640 2379 1960
7841 3176 5074
4475 9851 5148
1493 3847 9156
9739 6919 3537
4556 5732 9347
3353 4009 6464
3934 2093 9775
4803 6769 2025
4856 7525 7529
8624 8500 5414
8679 700 5079
3760 6894 1609
8472 9056 9322
1932 1521 6387
2608 4793 1292
86 9424 5971
1067 6452 5508
6906 822 1827
6522 9748 6575
896 5446 971
9759 9169 1159
3079 6500 9222
8316 4359 4841
3942 3815 37
1516 1939 4407
85 3461 3764
3406 6339 8877
431 5059 9566
9552 4411 1105
5599 6201 3512
4025 2035 2978
2024 6273 5350
8646 4750 4822
5247 7561 1456
7956 2286 8321
4179 4042 9779
2571 2443 7702
1761 183 2020
8015 8179 8417
5698 2071 6077
8623 7190 1993
5883 8723 7981
2346 610 6093
4288 6126 5679
5207 1944 8385
610 4679 1691
5311 3635 6533
4737 1188 333
6137 5973 2702
1068 8108 7703
2235 2251 5268
6155 3360 3318
447 6915 4720
849 7330 130
9185 3030 1075
6832 1446 8484
540 2696 5390
4479 836 2532
4331 8547 6263
9263 913 2558
6895 1402 5069
2912 1642 3800
3550 4673 1833
3883 3840 9355
304 9906 5725
5642 6026 3188
1046 2606 4919
921 6021 3111
9934 2209 3032
2699 2245 7912
818 4778 2568
8631 8301 7645
710 209 9549
1875 7 7702
7597 3084 5167
7359 9870 3468
8376 6551 5713
9619 7523 8156
4277 5267 2880
6638 7923 6704
8797 172 2298
3856 4847 568
3663 2279 400
5029 7454 4418
7525 4749 1155
3429 649 1714
4319 2834 5299
3657 1739 2067
7661 8597 4274
7129 238 4307
4857 5117 5811
6778 9424 7567
1001 6934 1797
6778 800 4606
856 7282 6726
5292 4356 3564
3102 3043 9913
2521 7648 781
4694 2655 4748
6420 9542 1037
2837 9964 1973
9967 7269 6075
6911 9070 2312
2267 4271 3396
9478 3472 1580
8376 7427 4551
554 5175 7480
7671 6910 3783
6504 5522 3764
1411 5876 3937
4976 7696 9511
3542 8615 1861
4227 657 2358
9606 8980 918
6259 2931 1389
4644 239 3574
485 557 880
6033 2137 5874
5321 188 5194
4887 3702 2712
6697 1568 8242
331 5918 556
9009 5752 2297
975 194 4943
3102 350 7210
8598 5121 9417
3543 4272 8977
5033 1844 5323
369 1726 9309
165 2169 5478
1917 8897 1844
8948 8649 3851
596 5885 8637
9822 2668 518
6926 7843 8449
8514 7772 2171
3512 172 6351
2886 8947 5571
8036 7167 109
1062 2612 719
931 6844 1304
4468 9927 7124
3301 8324 6815
4130 2204 5912
7963 8388 643
5521 6399 6072
4583 7279 7839
390 1430 4480
5425 7211 7175
8839 4486 5395
306 2878 8908
9028 2681 9754
3110 2256 4745
6923 1490 8341
4660 7392 8884
5187 5758 5125
9811 3886 2114
5383 2288 7056
8993 8784 2562
7623 6295 1411
1670 2864 6377
3145 2135 8784
5526 4246 1843
4044 1869 4001
6604 9966 7777
8107 3596 5394
8142 7142 2338
1519 74 6239
782 9126 489
4031 457 4234
8951 5964 5715
5012 1072 4592
8625 441 5409
7492 1013 2733
6383 3651 5692
6867 3927 7847
2278 3814 433
2756 2481 3841
8517 901 244
881 645 7461
774 256 1754
1307 8675 4830
5024 4067 6674
133 6314 3962
5355 5605 6906
8181 2452 380
5097 2993 7950
6673 4748 2704
4309 5800 4864
5545 7732 480
857 4254 4097
6358 4310 5226
4967 7577 1431
8186 9043 516
3783 8690 1226
1309 3337 9580
2610 2881 2602
7762 4167 8902
9025 8010 6286
3070 7832 5419
6244 3807 5050
1057 2095 4724
7163 5020 837
9888 5658 6763
933 100 333
1343 6687 4021
8413 7240 4690
4924 9862 9192
8330 2094 1199
1697 6425 5291
883 8121 3585
4244 7696 5653
8175 2964 587
2068 3477 6465
7395 7769 4854
1853 3964 3705
6396 6169 4229
9692 3908 4180
3815 6380 9700
5839 2036 4003
7015 1468 5661
8103 5689 823
5086 9528 8766
1504 591 172
4937 4531 9856
3705 2301 4997
6329 6238 5941
1922 9753 226
4853 6239 878
9450 7646 98
6656 4987 3097
8877 4904 3054
7226 9248 2793
2364 8340 5574
5690 7378 9816
3101 9040 1055
611 8362 3795
5327 5229 8458
1276 6658 7643
5267 2830 3194
5860 1081 2906
3142 5901 2630
9577 2824 7058
3057 9274 9281
9172 696 9670
1414 4014 5409
9703 187 4429
5422 2074 4043
3301 2889 3066
106 8525 4308
8553 1746 6486
1150 6306 8841
6360 5017 6541
7641 6053 2685
4681 8345 6472
4640 3571 1462
9265 1018 3821
5949 5512 7577
4992 4106 7232
1072 9011 9040
7426 7149 3424
8523 5121 8237
9255 193 8937
1035 1868 3750
629 1487 6937
4775 7401 661
3680 8077 6518
5616 3087 5461
4247 2151 498
7006 1781 5421
4904 7583 7131
746 3768 5069
6149 8494 841
2951 1103 5292
1417 6693 9329
150 855 7165
4487 6039 1083
842 7343 9348
8232 4623 5968
7997 7280 576
8276 8876 7213
3273 9585 6896
9938 6588 7373
3693 8316 8219
198 649 2567
1004 7938 1569
9220 854 6859
4511 1444 9597
4982 9119 6371
5421 3314 9643
7180 99 2370
4723 8450 8398
9765 1157 704
8891 1309 4594
6828 4536 3793
3982 3136 6741
5735 8741 7087
4055 6666 7557
9064 1154 3733
2856 422 7230
2336 9021 6489
2907 101 9124
7187 4230 8174
9995 6738 7950
136 6255 6047
2075 1302 3411
563 2249 4080
959 200 1084
6112 6574 9016
4388 500 7971
7821 282 3363
9068 6152 2584
4542 8039 8596
6614 1649 4445
6 7352 3065
838 6715 6136
7516 2841 3594
4178 50 306
4970 6815 7356
51 2600 2893
7350 6915 7924
4425 9728 7160
5002 2432 9550
9841 1920 505
2413 5487 5368
4678 8357 8832
7272 1598 8122
1941 1454 5013
7408 3353 7556
6258 8969 1621
6458 5311 3108
5675 9775 3562
4380 5033 5356
7416 5467 4693
3395 8811 2062
953 6612 2540
8280 3262 5300
5730 8117 9129
6716 3890 4004
6542 1075 3209
5102 3533 3411
2082 9345 5255
3271 4970 4379
1231 9008 8586
1797 3548 3650
8541 9494 2957
1523 6367 5571
4555 8434 1600
6652 240 4798
4894 5494 1223
4454 4734 3215
6378 599 4160
3818 4712 4128
1424 6756 6394
7558 4321 8731
3106 438 2357
5588 8655 7480
7775 1964 2442
1288 7243 6137
3293 4076 1301
4356 3271 7362
4023 5812 7522
7277 6535 1514
4403 9134 5964
2240 1750 9021
9573 7876 144
1812 1559 8880
9175 4573 7371
5990 8910 2167
1642 981 1279
6097 6622 3234
9986 738 5204
1127 6536 5017
3726 5500 43
2089 5592 9352
2686 7361 5144
6907 7935 7060
5110 9605 8675
8723 8694 3089
9926 8095 1447
1600 9002 5458
2913 4852 8399
7307 2670 7479
9524 562 4646
3181 5489 4865
9628 8947 3181
5872 5107 7815
3406 8435 5951
7881 1930 3051
8110 9578 8730
5624 9876 4567
3315 7046 5972
2069 1177 8325
6920 9885 4509
6406 5479 5252
2684 8039 9203
4572 4096 757
9829 8935 4206
1987 8115 3349
7026 8410 8813
5980 918 129
1775 9089 7010
367 3471 4396
3353 4242 2295
5039 856 5491
3766 9065 6002
2220 1696 2750
2945 5445 5892
1548 7623 7086
5267 7119 7996
3958 153 8253
7929 2948 8526
3431 8771 3756
8025 1969 3116
1822 7297 9200
9199 7577 2811
9329 5299 4650
8219 7148 8588
8700 6793 263
1627 9497 8975
1839 6461 7448
6807 3994 3159
1533 4877 9296
9689 3800 1895
7555 3532 9884
5530 8271 7813
6275 7142 5671
9593 7011 5316
6947 2319 7503
8208 2266 7881
3869 5548 7273
9916 1887 5386
8270 6163 7541
249 7160 4728
7260 4012 3287
4508 9342 8890
9404 2518 1032
3263 2525 6473
4238 8816 5060
4802 9541 8661
5825 4315 7764
9113 3746 4078
1881 7730 6397
1004 5426 5975
2564 9577 6426
1555 5953 5977
6004 405 9707
1217 9485 7932
8537 474 1880
1457 284 6192
94 6224 2656
9344 3748 1310
6142 4331 8201
9871 4504 5068
2222 9963 6514
8205 5392 4391
7644 7661 9214
8175 5960 3931
3343 9430 4939
4830 9678 8979
1330 5002 4497
7387 572 9251
3950 3543 5549
75 9213 4905
8522 7579 9799
9672 366 7838
2896 6064 3333
4650 5629 7875
4959 2706 7486
6006 3536 5242
8810 3494 9603
7602 4456 5130
8375 2479 3839
9931 2887 653
8905 8871 1091
3724 7093 9982
9732 7425 5145
6607 3328 7326
1008 6676 5395
1923 9231 1905
5089 906 9961
3692 5088 9704
1107 7977 5071
9161 9204 7144
7011 779 2827
5304 1468 4604
8765 3127 8193
6947 6346 7312
6139 1336 5525
2284 874 7913
3432 4545 5420
1616 2783 7559
9026 4569 9892
8157 5904 3584
4814 8818 7108
3205 8972 6658
6332 9004 1891
182 3972 606
1100 2233 2669
6148 2485 7553
698 7706 4593
6510 1114 9530
7908 676 6355
4143 3153 5792
7865 6113 6363
5085 7338 5647
6014 9011 6106
3437 4464 3645
5083 1016 2321
9069 5251 5299
6830 840 387
5301 8486 2753
6295 9944 8188
30 2506 365
3304 7363 1952
7314 3858 5898
9559 8287 9216
9059 4916 8967
8472 2816 9683
6683 3323 5972
2896 65 6541
4804 8251 6982
8918 625 2586
5289 2423 5477
216 7852 7518
2376 3663 5687
8203 1939 3389
6220 2473 6863
8734 1689 9080
7519 1035 7734
2398 3225 1851
2724 5972 3380
2407 2271 6540
5363 1785 8052
1113 7741 9394
8756 6959 1480
1294 3158 873
530 9420 4133
1771 4924 6418
912 9725 3238
1801 5203 6935
3161 1971 7922
5305 8890 8855
5563 471 4405
7272 2761 1383
8956 5235 9582
24 7385 8383
5028 4975 8690
3504 1559 5669
227 1544 59
2598 9387 338
1701 8730 1323
9044 5714 8871
3277 877 6957
688 4544 534
3507 8677 6584
1253 5206 358
9059 4495 8236
7989 8558 7809
4837 7108 4163
6120 7221 3867
9067 2355 4332
1252 6225 1605
6702 5051 7680
3308 721 8551
5242 5347 1746
6253 9997 4615
9189 5318 2929
9470 5882 8670
2552 5242 9940
6445 4046 7952
6138 5263 78
3172 5077 2818
186 8302 6541
7055 504 2172
6341 5997 6183
4199 189 6364
4296 4690 9412
103 4569 5335
929 3850 6169
161 5309 2697
123 9975 8469
669 6352 2549
3594 5369 2853
9613 3441 1459
8541 3273 9422
3323 5938 7386
6863 5361 2598
8897 5566 9452
1740 6520 4705
6356 8997 8206
1751 8549 9748
9776 5937 7898
7337 9027 8911
7014 6058 7351
6722 1113 6281
1000 4729 6856
831 7036 167
3660 1334 9500
9673 7727 6968
5134 238 8619
4790 9970 7278
7019 7216 7576
7686 8814 1278
5122 1921 5707
3919 2452 7134
6189 3613 4537
5167 4500 8499
5090 7733 1283
6352 7734 3384
1600 2741 7314
2749 3183 8977
1301 5806 2754
3566 6444 3285
7627 7616 4347
3101 6588 1275
6866 361 923
8569 4928 891
2744 5958 6581
7428 9 72
3492 2776 6237
837 2935 4300
6932 3981 2789
3679 9451 1034
6791 2832 9136
5484 1477 6865
796 6371 2998
9893 4947 3608
800 8624 621
786 3892 4418
2916 2814 5144
8471 6228 7760
7005 467 1503
3579 1449 8788
8631 1616 4277
4012 5022 2425
7321 1342 6035
5387 4730 4211
8544 8408 7286
7086 1565 2314
7731 2539 8398
9309 9650 1211
8701 8647 2050
3019 3608 9450
3487 622 7185
1513 1962 1999
6182 9355 3354
9548 1208 6435
3124 9740 7177
9002 2405 4183
4441 9877 7725
5972 8766 5184
8974 1663 4827
7020 5116 1275
5975 8882 1326
687 4251 7745
3798 6718 6845
5630 4261 3990
1452 7127 1282
8704 2951 2388
437 6360 3395
8905 3355 201
675 5114 405
2231 3380 756
3130 4656 4726
2621 9228 4206
3813 5071 8390
5665 2251 8308
3972 4657 5372
5483 1158 920
1648 5230 3349
6538 4685 630
2224 9110 1561
8463 2651 7650
2393 7275 6142
5157 5822 7173
7225 4071 8799
6707 2066 7911
1200 2719 8505
7398 1249 3086
3772 7461 5341
8359 9685 3487
5087 9226 225
6914 8440 7408
5337 205 3411
3307 6256 7253
5514 696 1652
954 3364 4593
2439 1020 5535
6021 7753 9587
8915 4215 6699
5575 1002 4963
5110 6825 4587
764 5407 3005
9835 8642 6432
633 8032 2933
6266 2801 9618
2924 5777 670
3343 9663 7241
4203 450 1840
8314 8920 2228
1920 3501 1027
7362 5849 1449
7020 6352 1363
4360 2525 9877
4446 3692 8387
1636 9699 6273
3995 5087 7749
7438 8643 3441
5963 519 488
3835 7383 1968
2522 8091 3997
6449 2544 9513
6353 8341 793
1678 4556 5406
4119 9485 4427
4910 2587 5395
3412 2897 3181
1725 4972 6322
9385 4555 1032
8101 7893 5240
8171 4994 8636
784 9212 2524
6684 3272 1031
2569 5580 5826
1973 2296 6830
8935 4391 5110
9854 1716 7270
8001 4507 1474
1829 6476 4855
4648 5432 4513
6015 5812 4749
3523 6024 3134
6049 5305 9542
1935 2484 3747
4908 187 8990
5212 7004 8968
9140 4118 446
4977 1480 7236
7498 80 7890
2349 9579 7998
8892 1206 1676
5441 8265 4631
8320 3933 7953
2219 8930 5193
1741 5300 1205
4449 1343 6557
3660 2951 5982
5351 9399 8584
4340 6766 3136
8833 7216 2436
4528 2449 8104
5744 6288 8002
6526 351 3857
9004 442 5049
540 9119 2018
9371 9253 1056
3843 4727 2388
8815 5015 3089
9996 2646 1370
8282 2367 9959
6439 1053 3878
438 5768 2187
4191 8013 7270
9526 8264 4986
4712 2548 1584
4402 123 8214
3262 9530 8133
7700 3008 5438
8795 4666 1722
2245 7528 5086
4321 5514 8259
9152 3865 4065
7196 5049 7855
9029 1328 9634
5745 3782 378
4411 673 8749
7929 6051 4010
3158 7415 4915
174 7814 2121
8631 1492 3794
4256 7262 5933
8560 8534 9276
9036 4131 5393
4466 675 9210
8461 918 4929
7553 4067 2657
3112 8725 8385
7942 1412 7809
5810 6529 7219
6932 3121 2942
4040 4157 3378
4885 4428 7578
2633 8056 2798
8300 6997 3098
3445 4629 4317
8235 4918 1675
3631 4763 5055
8961 4703 9506
9553 9369 8516
7738 6283 3864
8031 1164 8896
3197 1709 2956
4738 9420 3404
4150 7791 4309
5701 3338 7308
3067 2155 7330
492 8011 6779
8381 3609 93
7959 1521 748
970 5907 1129
3874 4050 9798
7170 7667 2165
4921 84 8949
2072 6815 2108
6951 4615 4738
2205 1992 3852
4459 247 915
9378 140 4237
2694 8003 5547
1676 1964 9871
7617 2985 4575
8908 6924 947
476 8833 3075
4263 3613 97
7494 1118 4217
2872 7994 6432
5219 6745 1639
5325 3963 1904
6575 6798 5035
9838 3416 5334
1798 2469 2026
4122 7445 5278
3117 315 9832
5464 6875 1224
5838 1780 9990
2440 2547 4900
7064 3164 9127
7330 4659 8848
6103 1542 6854
2618 457 8936
2797 7022 7223
2494 6018 1199
1828 5694 4363
7455 5308 9381
7573 9371 1526
4667 3639 3204
3802 4487 426
7874 9705 3839
9668 5041 1135
8759 9024 2514
7496 871 2783
5032 360 3418
7182 7394 5847
4965 5524 2456
3355 5971 3497
5984 4264 6417
5754 3650 5425
267 1315 6641
3381 4848 4517
1746 4261 992
4137 4840 8673
4781 5427 9029
9487 7316 5162
9545 3718 9137
8884 5186 7590
9979 4057 5553
968 2265 3076
1698 7550 1994
5288 5168 9511
764 3619 913
1762 4948 2279
9879 6149 6574
6778 8334 8760
5644 6179 8260
9788 4116 6126
4809 2449 3625
2665 3344 135
799 210 7584
5108 592 9966
1765 6578 7028
3493 3206 4865
9510 7806 7733
114 1175 5437
5776 359 3449
6519 1857 1950
2696 4134 8682
385 451 8130
3914 9513 4246
3661 7415 7497
9858 5446 6452
2897 156 7195
8688 8190 9562
1433 8398 768
3435 1647 2686
1778 5170 3368
6299 4205 223
2484 1782 9339
829 8505 7628
2657 7479 2409
5344 7851 6538
7063 9135 1839
1979 7738 9222
4273 8587 8201
1525 9838 993
3968 9549 6681
9301 8929 4250
6478 6366 266
7310 2753 2801
9273 2372 8595
4104 9500 8664
7461 9714 7362
6226 5946 1495
1553 4643 1106
2164 7435 6472
7592 850 4667
4230 8762 4522
6272 1697 108
1689 5686 23
1185 585 3691
5635 1546 7890
3234 7645 921
46 6459 4690
5212 8454 5469
4765 7934 165
2593 7335 7518
9510 8752 8211
6257 4736 4542
8540 1460 3606
4851 2352 4749
4620 9371 4201
5459 1991 6605
1384 5663 2097
5402 6523 7840
7533 7107 110
5237 1389 7867
4377 3095 2868
6934 5312 3025
9486 6548 6047
3528 6861 9868
5538 3942 6504
1466 9278 1897
4243 1371 3794
8944 5999 235
3508 6683 335
4187 9769 4579
7882 4972 2404
1998 14 3804
867 3255 1502
763 5598 1885
4261 4166 9916
2595 3741 1689
4440 7303 6722
749 629 4872
8659 5306 1680
2367 5421 6475
3404 5808 5525
8614 8390 5771
7897 6570 5611
5543 3672 154
4174 9452 657
7094 7572 9984
6895 2097 3393
9118 6440 1633
4058 7890 890
6128 4106 678
6618 1992 4021
2369 6352 9100
4044 7443 9520
2412 581 7145
8381 417 5091
7264 1950 6011
8508 57 9817
8557 7595 1013
6905 4722 5556
4954 2160 1105
5739 921 6113
2578 910 8413
265 1136 3845
1064 8011 663
4950 2390 22
3848 3827 9984
8754 4526 3845
1106 2879 9237
7037 7705 8886
3157 5251 2245
5796 6749 6754
3002 9629 753
5020 3276 8289
2778 6835 2390
3620 7163 6229
529 9589 2372
7158 5217 9738
585 1658 8090
3299 9232 7780
8200 5678 6536
5822 5777 1775
2345 3239 1284
4336 8997 985
1638 7907 2026
1110 6151 4944
1001 4714 3498
9313 7533 5728
7203 5573 7890
5876 4494 7792
5775 4835 4968
1458 2062 6817
8055 3621 2573
1285 2082 6028
1341 2070 2938
7407 5774 5417
8602 1163 6912
7791 8662 6009
1017 8449 7535
322 4214 5694
6363 7332 330
92 1311 5366
7798 6447 5655
3918 4781 3653
6150 1828 284
8853 8864 9422
1163 6572 7873
7072 9089 8196
1744 8529 4827
3832 5528 9228
6923 4795 6697
573 6461 4455
2793 2006 680
5405 4544 775
3442 3626 5887
4530 7817 2080
5301 2480 9762
1297 7387 865
8848 5725 8268
1256 4244 8121
9198 9783 2439
8959 4762 2955
9809 5718 8406
6040 8878 5221
6747 2695 2519
5947 7586 720
2987 3750 7406
4418 3753 896
9139 6135 1655
8986 3650 6850
7312 10 3559
7365 6391 3749
8384 4646 427
3186 7854 2782
82 3095 2441
1353 9347 8202
5948 8453 1664
1428 7743 8358
4328 9202 5645
9766 626 3524
7588 6386 9732
5821 1067 816
1583 9386 350
9549 3699 4213
4053 5616 4377
4759 4520 1599
4275 1486 6390
6064 4854 4216
3895 4954 5976
669 3615 5054
6151 7748 6377
4981 4408 3521
6046 5808 6538
4427 9746 5237
8983 8983 2336
6353 1155 7891
2541 9664 1805
2842 490 8790
7871 3222 6223
2572 6094 3271
3752 6418 3823
7340 5637 3842
4052 4259 9766
1714 6519 8809
9850 8550 9681
6376 5665 1733
9017 6893 9688
2963 6421 4983
1858 2297 5160
9300 2882 6492
9982 3386 5490
1422 718 7368
7986 2382 269
9422 1210 1759
5809 6337 1891
9860 237 7275
3458 4953 180
8734 8868 2672
1743 6932 3552
6735 8536 8515
4657 5869 8286
8853 4673 3419
3642 4783 6975
8880 7783 6244
296 7405 9583
6331 7764 9266
3856 5902 3266
7186 9757 3831
3047 3787 799
4203 4705 6449
9980 3393 2226
5581 6973 190
8061 9859 6423
4865 7549 3932
8052 9492 2131
3328 3198 3132
543 9577 7704
9842 8743 1466
9824 4084 2870
7306 4531 7666
7674 8857 3853
9916 4462 8983
4553 9413 4014
5466 9508 278
7048 5142 979
7535 7166 3149
182 3440 6753
5542 9681 862
9620 5396 9179
5033 3601 6269
7334 6882 3296
9724 2233 1960
6263 2528 8585
1313 2561 9829
4907 7504 5643
9919 9991 2717
7697 294 223
4208 7791 6745
3099 5093 4498
4424 4959 7622
4094 5907 510
335 9188 899
9479 799 4224
1064 6486 9356
8281 4137 6504
5673 9768 6794
7067 1269 6624
8460 2893 5127
7606 3906 9165
5803 1581 8894
5894 8353 808
3748 1833 9498
2439 6041 1116
8436 4858 1398
610 5850 2827
7904 7760 1490
1085 4521 2887
1933 4360 851
7349 8320 2068
504 914 6079
6138 3197 9847
2822 3116 4294
8153 6603 8870
4501 240 7975
7921 1516 1878
7039 2022 5873
6171 3146 3863
7024 3674 7788
8309 1902 4724
9126 7722 4460
2483 8484 5399
9156 9882 8055
4688 6839 3021
2441 3717 5889
9809 308 3148
4490 9203 4665
6781 5086 599
2674 1008 679
8078 4385 6457
9809 9003 6456
8962 1344 1754
8598 274 3335
8584 9683 7981
3597 3135 8440
9944 6937 3955
5649 8939 525
6977 7017 4846
6941 9977 2120
8331 2401 7484
1487 7325 1439
3190 7535 8389
4266 1375 9976
7009 9867 2423
5458 9004 4363
9456 9195 7808
5108 564 7325
329 1811 4824
720 2328 1254
911 5421 5243
6845 5180 1108
147 7272 6126
5704 564 800
1246 6865 9073
658 5109 4146
4465 300 5867
8573 8102 8479
9157 2536 4724
9800 4140 5330
136 7423 776
2611 4747 2376
6076 2215 8685
9845 7790 7275
7680 7326 7503
6423 7601 7560
4506 7898 8150
1873 5970 6646
8637 6377 3158
140 2662 6174
5001 1663 2256
515 3708 176
4260 4531 1665
9483 8303 3801
187 6007 4195
3208 4518 4292
6696 7524 6004
8813 5870 6299
1070 4799 643
1756 1383 4291
6190 6836 1980
2879 6659 6680
3177 9360 1297
1981 8481 6966
2049 2176 2409
8557 3282 9063
3415 9200 3430
4943 2974 148
4907 3128 5712
8479 5611 8257
1287 3673 959
9941 2319 591
9095 2626 3249
878 2950 1708
2044 2616 9488
6936 1218 3529
1369 4258 1952
8641 8734 3795
766 6894 9498
6611 8691 6659
8880 1915 830
1501 9844 6222
2923 3018 3178
3974 6040 289
8933 7194 5416
3507 4376 8909
6684 7174 691
7427 3398 1187
7103 1341 1286
1433 1417 8873
9255 4666 3637
2341 8613 3384
7306 6444 1296
5596 686 4135
8131 2269 1515
556 8201 4815
9571 5973 1482
7944 8301 1844
7529 4176 3038
8764 5417 1708
8848 6614 9671
5069 3239 478
1573 7243 6047
744 3501 3749
2316 1631 2666
6821 1347 5656
3215 7765 3280
5095 8300 1154
9036 4954 6682
3490 5107 1185
2213 8925 6030
9623 3134 7805
6064 4363 6541
2524 2513 885
1566 8586 5328
2657 9775 9205
459 2242 3391
2432 452 1183
3316 8003 3572
8518 5335 8828
7339 8882 2822
5560 5199 4771
9839 6354 7708
477 2277 7646
1415 9274 4354
7353 2513 5166
5985 8519 5158
868 9667 497
3718 2742 2732
2572 7581 9374
1897 674 2006
6993 2964 801
1844 5462 4396
7082 5771 1644
6110 1544 5743
2657 3478 8304
5070 8345 8414
5748 3834 6534
6585 2618 8236
8067 926 9027
3855 2955 9134
685 6968 9690
9265 8373 9534
9254 4140 107
9042 1522 5837
5430 3201 6890
252 3565 7710
8454 1473 6779
6141 1025 5552
3155 2664 2834
4847 2896 6317
6329 4281 1404
4285 4623 2204
3646 7280 2919
4528 1406 3014
7266 8160 3912
1618 8513 6735
3380 7840 7854
9156 4085 5683
739 3279 9909
9741 7826 2704
5892 4033 6119
2259 3074 6717
6462 8944 6924
323 6737 6873
6575 2114 2755
1829 542 2518
6457 7032 375
5217 4885 8282
6163 5017 7261
4425 6606 4342
152 1650 6961
3244 9643 5222
2825 8665 6122
3494 4366 4665
5829 54 7964
840 3648 6433
3652 6422 5297
1695 3392 9941
7661 2473 6485
6303 4177 7162
3514 6892 2903
9040 6786 1457
8806 6540 179
4271 7044 7894
8955 1294 7211
7824 8185 6997
98 649 7895
9979 2850 4333
4590 8398 693
1633 9714 5376
1173 301 5154
8329 6742 646
3495 5770 5205
2050 4024 8175
3381 146 2004
7448 8508 1325
6592 2188 9936
8627 4800 9125
8005 992 8464
7199 769 5299
3301 6582 5728
4899 1633 3100
5276 7477 2660
3313 3365 8901
6955 1873 2215
3319 5793 2269
7571 4132 4804
2388 7117 5023
8906 9733 2939
8824 351 3759
9634 450 8987
8862 6674 4488
7886 4912 9790
6346 3706 4829
9056 8260 3499
5369 9650 7387
1865 9078 7457
3210 9194 7242
8440 9617 8989
6106 3828 7834
43 3296 97
4105 7232 1392
1589 8676 2552
8418 5810 9485
5566 2232 66
9582 8288 1094
9760 901 6066
383 7847 5665
781 7696 7179
7473 4118 531
3128 9895 2913
5343 8378 3861
3951 5629 1991
3731 4597 7441
6659 5320 146
2243 5603 135
4948 1055 9975
264 4863 1357
8374 194 2150
9438 464 6578
5000 1368 421
7285 6047 8932
5031 7133 4279
1923 2737 9974
5465 2896 2855
4163 4698 7169
3732 6981 999
4253 4171 4112
6670 2793 9316
5417 3411 5884
8425 8854 5142
5432 6313 8934
5488 4339 8844
3836 6343 8771
8936 5310 1511
6471 5633 4758
8896 8984 8466
6985 932 2503
7543 6038 1559
4764 8078 1028
6351 8043 751
3303 7833 6200
7005 3226 5994
5531 3415 862
1043 4670 1485
2019 6000 7008
8160 9199 6047
2436 2476 2674
3233 1594 2483
4875 8045 4919
5275 9066 9485
7047 6292 5350
9768 2012 7913
214 6951 1586
9434 7010 959
8997 2258 4563
452 2923 2093
4560 1536 6261
9448 2713 3240
8535 1880 7965
4458 7252 428
7479 1948 5249
636 4553 8569
6253 4122 6527
783 9688 9657
3573 1165 3770
8419 7303 7627
894 5238 7439
7474 202 9202
1612 1524 7679
5101 8105 2165
7452 8493 2563
7527 7823 8993
4222 9760 4250
5160 1235 8726
9245 1734 5041
8792 5277 3008
6392 9354 6031
7539 9252 8432
7773 5547 4947
7253 9554 2587
1251 4138 9627
1492 7385 6540
3448 4474 7192
5847 1758 7477
3792 2599 1893
5215 1148 1985
2786 2973 784
7212 688 2533
9576 568 1649
3953 6312 4559
1850 2676 2448
9975 9956 3104
3282 3973 7091
893 164 9171
2099 9408 8592
3261 6560 1914
5759 1390 9807
5611 6698 9954
2389 8536 503
4825 394 5365
1721 3921 3123
23 4588 7477
9194 9000 7126
7430 6046 6676
4935 3510 5849
2543 1093 9110
7202 7054 2825
6070 8211 7245
2108 6931 8180
1434 372 9384
3581 8325 7298
6789 6408 13
6672 9636 1423
7042 2025 9699
4577 9779 8298
4633 3316 763
7280 3438 6529
4985 1057 8247
2945 4989 7089
4224 7906 3130
2755 7028 4738
3347 8434 3539
2525 1139 4340
6544 5823 1483
7384 5917 369
4578 4328 4863
1561 3054 1126
4863 3547 4414
7521 815 6615
7293 4486 8961
7235 7620 8757
8445 7713 6162
1521 459 8564
3046 787 6733
8121 7944 8656
624 3563 8039
8905 2457 8588
7079 1256 825
8259 8129 5614
3232 1307 7626
1777 7065 473
3196 4037 3189
44 232 5264
6105 7540 8620
6834 6615 4118
879 8059 5738
8276 4137 507
9637 7695 3599
3039 9072 8790
2182 8053 1139
2434 5637 5511
6014 1036 5082
6443 7772 8001
6239 4845 389
8612 6122 5652
8958 1536 2414
3275 2493 4189
12 1828 2583
5468 8121 3859
6796 6105 5879
1143 3040 4009
7339 5512 104
8083 4320 4252
7465 9867 6976
5152 8736 6460
3619 279 3449
424 2568 1093
3140 1836 6959
2493 8453 1219
473 7226 9600
5012 8735 7423
2722 9437 963
1140 2092 8600
8155 4172 4722
7750 7666 6060
5451 4078 9603
9523 8060 3963
1544 5037 9388
2389 2177 2088
4118 6782 8115
4146 3917 3251
1756 682 6567
3299 9223 7371
2793 6506 5250
1617 4822 9772
1527 5302 7942
9597 4982 6699
1810 1775 8350
1016 5610 5759
9308 6436 4671
8008 4180 7647
3273 9195 6963
8186 9594 4768
4335 7036 2219
815 6195 4560
7131 9664 4217
8197 6532 984
5300 9395 6272
7667 5276 134
6536 1405 9624
3544 4613 3509
9408 3285 2686
504 1321 3550
6229 5849 351
5192 7062 7244
7123 9608 4510
4360 8462 4147
9648 6689 6641
6006 219 5564
1579 9127 6161
9507 8783 4442
7929 7877 9353
7542 3719 2857
1762 4562 6219
4356 8860 9762
1515 8448 905
5125 9820 8702
490 4056 6164
4761 7098 9603
9197 4080 6770
4568 9476 6122
8020 5311 3913
8365 177 8872
1114 6577 6005
1745 7390 9279
150 7952 8004
6726 25 8921
359 9008 6533
8862 1252 3467
9806 7156 7665
6466 5744 2394
1335 8484 652
9460 2906 8825
8260 9571 9693
8439 6059 72
8557 494 406
2302 9593 8953
8012 5987 6779
1917 1832 2586
2882 8508 1639
1003 2397 991
75 4841 2740
1196 6856 3364
3417 5274 5926
813 580 5466
5037 261 6582
2983 1568 7899
6078 7363 7273
8223 6497 9866
8741 8809 3087
9693 1813 7337
6916 9428 4828
3503 9205 9005
5076 539 8515
8816 3109 8172
3049 1349 9300
9215 7947 1605
1423 8512 5163
6838 4052 8419
8294 5082 5346
6852 6058 9779
7923 8152 6010
8324 8054 7238
5339 8352 5160
43 6964 5885
1469 6590 3670
6337 8198 4338
3023 4811 8778
5105 5797 7130
1931 3393 2750
6969 5765 5761
3338 3905 1321
6374 6564 5872
3644 5959 8058
6055 4956 4057
1935 3073 1635
9603 4750 3316
8275 6372 5981
3658 9045 5115
5060 1968 8705
6395 7837 7967
208 6513 8726
2491 4832 899
1041 3494 4124
8739 9148 6953
8512 861 1471
4350 7002 6158
7186 7251 9925
3351 1775 5925
6363 5096 4189
7609 3891 939
331 6014 722
7662 288 5256
238 8650 2937
1690 87 7047
3625 7409 7137
3061 4009 9731
4246 236 9055
6584 9921 652
1707 238 8031
5228 9937 3078
6315 9984 8071
8451 3837 1274
7598 6089 6703
2155 9294 4208
8115 1591 7708
5584 4819 1827
5585 3225 9276
1822 1956 8379
6542 7921 1272
4727 1306 5916
6792 1550 6845
5144 9334 6522
9720 2609 3746
7503 3274 4397
7456 5274 4115
2719 6494 9635
7117 4238 4078
6639 429 1210
5886 219 5934
6479 4653 6508
6082 5208 2534
774 7066 5003
6569 4427 8669
657 6164 7269
1582 2578 994
8085 1796 254
55 5151 6709
9945 7326 4470
6795 4674 3111
787 8796 2240
4531 6480 9615
24 6971 2404
9389 7916 7404
1451 9687 3419
9901 4235 9679
2809 2729 459
7487 6134 1343
6000 6900 7178
1148 5555 8231
5239 8439 7089
8419 8833 5587
8355 8072 5233
8292 3269 8196
6689 3940 2359
827 6985 6177
8877 8311 2435
2280 9617 4886
2083 129 5051
9323 7332 1250
5275 4996 2036
9437 4162 2295
4131 4763 5064
7482 5471 2202
6449 3015 8588
5051 8666 7539
9235 9742 4318
3299 4826 5504
7784 1197 6042
2710 7380 7198
3162 802 1027
3009 2278 9738
8198 8561 3887
6739 524 9282
2070 8779 2891
5083 4965 8631
1881 1017 5024
3035 7192 5417
404 918 1483
4124 6704 2497
1023 8175 4537
7831 4884 9248
3670 4223 8879
8189 3605 7583
8887 3092 7049
7542 8281 8438
1258 530 4183
6606 6478 4932
4660 1795 3632
4148 4928 9410
7780 8139 7158
8788 7385 3379
4916 6068 3595
1197 3564 4075
5342 3845 5517
6915 5324 8488
5840 2259 3718
7209 4021 2006
3934 6818 7893
2129 3070 6512
9100 9382 2347
4058 8297 4161
6163 6839 4971
4704 3783 3505
896 9573 1930
9793 9790 9670
5893 969 4295
3939 2042 9303
3903 7341 2804
3305 9163 4583
169 777 5225
5726 6175 3462
3586 4069 4160
740 5421 8432
4887 9671 357
9111 3137 3109
6928 2873 1346
4760 650 2335
6581 9293 9829
9519 8122 4566
6802 6908 4243
5659 8269 1038
6832 9825 1953
9999 577 8309
4792 9529 1975
4072 3331 6959
4601 2971 8241
6533 7901 5929
5249 6278 9653
9916 2749 8941
4230 4066 8108
1482 3296 7493
6210 1771 6079
8010 6748 3923
9448 7396 6755
5014 1643 8365
7536 8049 1454
9190 8408 8109
2796 6069 8082
9973 9196 470
54 40 9695
8502 3007 5528
7004 7599 3927
1934 3600 5438
8369 9123 8726
6468 4278 1952
7792 6795 2147
4509 6741 5705
3932 1546 8332
5232 5 8269
4088 5438 8758
847 1622 7776
2505 4766 8256
4142 8981 688
5058 7738 3031
3302 3260 1537
1125 197 4725
9785 8616 5236
7916 4240 5534
3285 2246 8886
9215 2051 1129
6188 1851 5792
3643 1132 1088
6919 3777 3391
6877 6504 8742
5038 5374 2709
9674 2673 8585
5990 2818 5731
7288 495 3114
1588 1110 4717
9650 8200 5903
7238 4982 1761
1772 4870 551
9247 7687 2608
2096 410 2572
5149 5260 1148
4722 4087 7812
9758 5754 1004
869 594 9231
617 293 6572
9637 3637 6967
4477 261 2358
8907 9716 5808
1019 7181 5740
2821 5325 8045
868 7867 5328
478 8929 251
8034 9209 9237
8216 6938 4507
8889 7188 4861
2820 6576 1346
4593 7309 8640
5286 8266 9762
5046 7715 6469
606 5031 4299
1133 8060 8874
5153 9524 1915
8243 8723 5480
5609 4472 9734
3520 9046 2008
1754 3778 4325
4934 7009 1701
8610 5369 6693
7299 3255 9210
9451 2797 534
9152 2722 4606
5652 9917 1002
302 547 7048
7296 2242 7101
6821 2195 3991
1173 2508 7699
1251 2824 1857
4193 2998 3887
4739 2786 4174
7816 9259 3598
7496 5341 9449
8120 278 8816
2450 2246 3976
4213 9843 2249
6751 3950 9211
7146 5359 4240
1986 1264 9552
1564 4111 2800
4796 718 7327
169 870 2489
6394 7252 5380
6405 9159 625
5699 6045 5741
6158 3558 6727
3745 9860 2806
1297 8073 2691
2905 4124 1107
7503 289 2982
2783 8536 4759
221 2803 6778
7000 9862 4914
2315 6608 5710
1073 1606 1832
8996 1453 7343
5122 7747 6658
7880 9414 9077
4964 2940 1488
8820 1807 7866
191 6986 2684
4527 990 5693
3840 4924 2535
5674 3167 2920
1078 8768 6438
7533 4301 4222
4995 3982 3750
9949 885 2969
5719 8209 5265
9885 1117 4152
7447 124 3291
4467 218 4253
2926 5219 2907
7446 6228 7844
5512 2094 7814
7951 6395 5146
9520 7486 3563
2209 1232 9934
765 1094 6019
9426 5642 9419
4492 661 7400
960 9413 7239
6191 6838 7564
4269 3674 4265
9357 200 2987
322 9205 3733
3917 7196 5257
6490 911 2014
6884 6476 1816
2008 7238 6739
5939 4222 8821
2249 507 8425
7067 3663 661
7293 4435 4318
158 9619 1910
8882 4985 8954
2676 5916 8384
2081 6963 7847
7023 6173 4966
2376 5409 2204
2250 3149 7490
7792 8718 7875
7885 9986 9472
2434 3114 9253
4889 5608 7754
3452 7184 6070
3154 6873 7621
7727 9288 415
4051 2842 4515
9318 1244 7797
97 7465 9660
9468 6774 2562
952 3278 7449
8709 1016 7702
2003 373 1310
8202 5656 5471
8441 1889 10
492 4556 679
8513 3916 7462
6767 193 2829
6145 8330 6331
4884 9710 7956
5647 4770 7532
2036 8280 4836
2411 7752 4925
8607 8258 7344
9045 8144 8439
1874 2272 5024
7450 9836 6048
6983 4245 1368
7389 3438 6461
7256 245 2587
2702 7611 2144
3426 7626 250
3799 3085 1484
7946 4173 7525
1563 3929 1015
5562 7671 733
3226 935 2426
5228 5237 7056
3352 4911 9829
7041 3713 1192
2664 1327 1222
2233 2273 3282
5860 306 7101
2197 6504 2747
4364 7128 2763
553 9758 2601
2028 4685 2631
1819 3833 2282
4217 4563 6099
1205 2038 7267
8104 9446 4568
612 5185 446
9154 978 7816
5734 9295 5127
6208 9978 8577
4311 6586 2947
5680 1238 1382
6494 4545 5079
1100 1484 5473
2270 6425 9749
9178 641 2528
7919 3505 1414
8387 772 4598
544 5284 4810
5880 8483 1740
4675 1954 597
4215 5692 2656
3774 1629 2867
2507 8261 2963
1763 7398 983
5655 2067 5813
8985 2681 7393
5897 9830 6893
8309 1339 313
8536 8547 5719
3880 7721 18
5027 2849 6999
8358 7296 4855
7544 993 3854
6844 4103 5550
3112 5719 7017
7164 8070 9765
820 5266 1424
4823 2867 7104
9568 8220 8832
6304 2219 5066
6911 9345 1135
5901 4896 1812
3189 313 3021
3896 2822 269
6223 1868 8546
1222 4462 7451
3913 2736 7778
6435 2357 4406
4720 7935 7216
4309 9837 8884
8984 6193 3231
8358 6089 5681
8476 1380 3064
8464 2626 7628
877 5079 9230
6164 5349 4737
6880 2222 1003
1418 3387 169
9592 4558 4662
3973 7442 3371
7032 2154 5623
7213 8502 4301
4817 5501 8282
2757 2053 3289
4457 4360 2554
1332 8476 9372
7193 116 9578
2520 9885 3106
9417 8792 6722
2449 957 5910
6595 8676 7445
5307 462 118
8659 5371 8385
6217 3653 5147
1457 9172 2745
6619 5138 8248
5270 8740 8239
2986 5327 7785
9906 6578 4160
1406 3338 3280
9614 2140 781
6866 41 842
3309 2351 7017
897 1761 1491
1062 7660 4432
3111 6078 8978
2062 8513 5630
5573 5536 996
6444 4927 5134
3921 4159 9376
6442 2584 1225
6839 7050 3112
2604 4226 5142
1926 3776 2172
5707 8558 7770
3534 814 8090
1773 1061 5673
8384 6741 4025
4636 1195 6288
6641 6415 1944
5133 3063 9372
3978 8096 9069
7966 6279 894
2435 3785 8068
5557 2514 7868
8151 4601 2198
2716 8889 1612
2329 1661 7794
4135 7049 9521
5412 5818 3627
1905 9753 9522
1855 5235 4218
2204 7806 3984
7808 7777 7314
2422
3601
1541
3363
2249
2305
2035
3489
980
2680
257
382
2235
2830
3045
1759
1641
2162
2844
3204
1016
2858
265
2980
2965
1555
957
3202
713
2279
1037
2804
2179
953
1329
944
3554
2017
299
1830
193
286
2184
2831
2258
3090
736
3153
2598
869
2159
3076
269
3068
85
3558
1321
748
1758
3300
396
372
1449
2482
69
2439
2769
813
1209
836
760
2367
1213
1930
10
453
211
405
837
1063
2974
749
949
3170
3375
264
776
65
3001
1080
1909
1788
930
1249
1742
2417
75
2774
1885
1337
1160
357
3084
2807
473
2676
355
3376
2378
670
3250
782
1073
1015
2389
1223
23
673
3114
885
1616
3570
1344
3243
378
9
1202
1633
2514
2513
2307
474
1786
756
1483
737
237
758
2363
2352
3408
575
2419
3484
2543
3161
3249
14
556
3469
995
1461
1914
1488
371
1163
3164
3352
2409
3388
1540
3267
788
1128
221
1165
2825
1662
2949
3389
1579
2063
1798
2268
3000
249
2306
1347
2960
997
3465
1285
686
1522
2316
2229
1442
1730
815
935
875
1407
2452
959
2643
1741
1266
3194
1901
576
2174
932
2300
187
1136
3292
241
515
1043
831
3252
2171
1098
209
3343
2706
2773
2894
425
2343
3360
1103
395
570
1792
1953
223
2554
572
3555
745
3530
1934
1008
1782
1248
298
2574
3072
293
463
2155
3382
3133
2020
3342
2569
844
2231
3157
67
3121
2448
2288
2946
368
1939
2319
534
1512
2781
323
2106
356
3299
3412
1562
792
2133
1455
2355
2854
2568
1404
3372
2139
2458
2111
2359
3270
2866
404
2817
2484
3247
1756
1771
2562
172
111
2479
726
1634
1671
1563
3494
2487
791
3089
1009
1459
1200
385
1475
1370
2266
61
3579
1748
1494
2756
646
535
11
1918
689
1854
2668
3410
2989
1425
2193
3285
738
1119
639
2811
2815
1578
1129
3064
3051
1774
1147
2500
1316
2008
166
3234
548
856
322
1784
3403
3450
2732
3162
3127
1391
3542
3101
3190
739
1612
1509
3600
2189
1175
1308
3380
2303
325
2516
877
3187
3176
1840
312
3524
1273
1195
777
1933
1362
2976
255
124
2334
1239
1114
2331
3159
1882
3135
2785
1696
3430
3436
517
145
2557
3222
1402
1694
495
1092
2453
1277
2710
975
603
1287
119
562
2644
927
1395
25
1903
1355
3217
2462
2456
1527
1498
558
2933
847
2636
972
2821
1824
3057
2109
1436
3478
2433
2414
1324
986
436
2531
3200
1109
1598
1972
2338
1090
2143
527
1928
2401
2438
107
702
2046
464
296
2996
3218
2725
2936
2079
402
1515
2067
2181
2457
1603
906
1022
259
2435
317
1352
3503
1966
3413
3592
551
3193
200
3186
1216
1472
1038
452
2470
113
3287
487
829
823
42
3588
643
1318
719
96
2055
3324
1168
878
565
3458
2824
3152
52
151
1828
1117
820
969
3274
970
1358
917
958
403
1750
3475
2315
1705
1669
2627
2687
2832
3506
1221
3120
1319
1326
1251
294
1663
743
2779
2114
865
1294
2544
2697
1126
422
2851
3557
2827
870
2711
1558
2274
3065
608
420
1682
341
1233
2826
2870
1429
2488
1196
205
17
2939
1257
2167
2056
1986
2308
950
1911
3219
3042
2496
1085
2661
164
3198
963
701
574
2185
2979
948
421
2625
1477
1258
858
804
2614
2311
360
2086
1454
1604
2168
1373
2451
2944
1245
541
1962
1856
1214
1877
1070
2805
486
24
3205
3050
284
1581
3586
2272
585
3273
3486
568
2819
1268
408
621
2929
789
1679
3143
2999
1502
1042
2986
2269
1301
2975
2236
1887
1743
3191
3046
2434
2704
2532
2565
2726
184
31
116
2273
2727
2836
3582
2667
2042
1848
2585
3134
3432
1608
1443
1744
2602
2022
2611
477
177
668
3538
3583
1433
922
1252
1089
525
3195
683
1775
39
197
3556
755
2572
1548
506
2290
1722
1102
3406
2912
3444
2931
3208
1935
2987
696
2198
1137
2466
2092
1145
3012
1999
1437
2118
1514
2689
602
1993
2074
688
623
3129
1823
2578
139
1728
2437
3480
2525
1025
3418
1228
596
3110
2021
2287
1691
429
1317
3318
2001
2207
2157
451
889
2856
2259
1521
90
2223
3390
3534
1838
2250
3261
3526
2633
1943
141
484
492
2628
3192
2948
718
2743
3595
2412
894
2245
3263
2364
895
2006
2499
1769
1757
1791
198
1974
2014
1378
1590
1040
2673
79
2166
1658
2173
940
2988
1665
2351
459
1675
22
280
1351
862
2383
593
476
1359
1751
114
3427
478
2177
3551
2090
669
2275
1435
3326
2882
142
2108
3239
2731
1765
1148
2030
2254
246
1357
3527
1279
1065
2576
3160
2670
2677
2230
2348
2289
2730
227
3168
3370
1230
1462
1906
3487
1820
2119
532
1133
1645
2913
615
2662
2332
1710
3505
547
2967
1702
2408
1064
2485
3439
1678
1707
2741
2724
1243
1058
631
937
2665
571
3392
2374
2002
2011
781
1965
2504
983
1452
581
97
2472
2886
690
2052
1149
1134
120
695
2369
1917
2816
480
589
3328
967
1330
843
84
1931
1493
1884
1940
2630
2907
2324
1535
2151
1611
424
806
723
2057
2232
102
279
1575
1048
1032
3206
3313
1867
2930
1800
883
2033
2637
2050
2972
1291
3517
1916
64
2523
3423
2406
1711
3428
2026
3223
3256
336
2353
2459
991
2154
1646
3140
494
2489
168
439
665
1763
1932
2407
2283
1567
2209
824
1066
2248
2902
898
2759
2784
3047
2089
2593
68
1777
2681
206
1135
254
2707
2702
263
3456
3419
1738
2685
2326
3529
3533
2190
3014
2335
3500
635
2631
2888
766
3268
1421
1289
1153
3007
522
3078
1183
1902
2426
228
35
2822
2738
1154
1420
1799
819
1596
1790
1637
175
2792
1101
1664
590
132
3283
1276
2253
3131
2783
54
1479
2310
2421
583
3546
2750
2694
1397
861
3010
3073
2430
634
891
83
1086
3391
501
1894
1859
2964
516
3130
2387
1642
598
1031
374
2339
2780
1201
2895
2653
362
1307
3561
691
803
1544
3553
2460
235
3417
413
1174
1839
1989
3359
633
1821
2071
3482
1104
3264
2032
1969
2744
2096
1762
1690
1944
1749
533
2852
1892
3569
301
1866
867
3490
747
682
725
2146
159
3088
2669
3306
2201
993
2481
2768
2445
3604
2641
2649
1861
1952
300
1386
1371
3462
850
2968
1491
996
3580
614
291
189
1564
3196
2428
455
1497
3209
943
849
1793
60
1979
687
2616
3523
3025
2927
2507
2158
2876
3069
358
2012
1469
1211
2757
3446
1818
1807
3349
752
3100
751
2464
327
2505
2
268
2925
3233
2656
3528
458
2703
2919
342
1000
2522
1829
1526
2838
1485
2875
2405
1208
2385
3304
1060
2122
2760
2977
842
1638
387
251
2735
2152
1334
2955
2474
92
1108
1204
1553
3040
2647
580
2220
314
2397
2216
3317
1963
1405
2213
2589
3105
1865
2820
3033
1141
2347
939
3336
318
2131
3295
2969
390
2328
3316
1668
2134
1760
2384
153
1589
2548
913
3017
1650
1215
1875
270
679
801
778
447
3320
2957
1847
2789
1956
2898
2674
2920
771
3067
775
488
2772
3024
56
762
2797
2004
1766
3098
3371
398
2787
3463
2938
1893
2765
1376
857
1693
1753
1296
628
3460
780
1072
3077
1387
1868
1188
1205
2590
2646
2510
2708
812
2696
2786
1295
1716
174
3454
1078
694
550
1182
814
3136
1862
2140
502
144
2762
446
3308
2217
1333
2675
3364
1018
2905
3431
1561
3338
2553
3565
1890
938
471
2810
3302
3019
1393
3036
339
2070
225
1850
73
428
3041
1805
3593
978
2596
2551
651
2081
1846
2937
2802
3411
3253
2094
2175
2425
2605
3145
3006
3154
1303
2527
518
796
485
1870
1146
2883
2431
1727
2304
1020
2136
2695
1439
2503
2506
1282
1241
3156
3178
3576
3240
3385
1466
1236
178
591
143
2368
1051
252
3106
1049
1816
3452
2541
3323
1047
650
1244
2652
315
879
2372
3166
2013
1226
123
2584
3367
2465
1440
2640
1464
77
617
1576
2440
1565
1855
1158
3139
2161
2497
729
45
1335
3123
2180
928
1155
391
863
2263
1067
2758
3103
2699
2219
2914
1315
1836
2962
497
2620
1649
3116
1076
1306
3096
1346
3063
3325
2535
1610
3167
1019
2107
1580
3150
3282
1835
3132
2639
3498
2169
3497
835
795
1422
161
3378
491
2723
3575
808
3054
641
1349
2868
3445
765
351
240
28
2296
2728
902
384
2423
612
1489
1339
624
1584
2692
1465
3004
1097
1586
2260
2009
2105
3522
2869
2270
599
290
2867
1550
1396
2508
260
941
1837
2276
1323
1569
1618
1599
1761
769
962
2051
904
1283
1311
3485
271
1803
784
1004
2029
3043
2840
1643
1904
3117
332
1441
3584
3459
2666
308
2509
3055
2850
649
834
892
644
2970
538
441
2945
942
2671
2399
72
2153
2561
2370
2095
1198
3504
2581
3126
2144
2690
1919
793
2015
2874
3552
2206
3433
1706
1538
3477
2573
2567
51
876
698
3540
89
846
152
461
98
2127
899
150
365
504
247
1879
3122
3562
1180
2871
2450
1263
1653
1754
3404
2247
1237
2751
611
2418
606
2075
770
564
2336
1313
13
81
311
952
2610
979
1363
489
2613
190
1981
3032
158
921
2736
426
3356
2344
1613
3027
860
1091
1481
376
250
2455
1398
3421
1954
3547
3346
2609
2556
216
727
3102
2191
1280
1864
2701
3466
3479
1827
3044
1717
1528
2491
2755
625
740
866
3434
1013
839
1253
1785
2483
868
1418
218
3541
1368
1797
366
708
50
2390
1030
1530
1159
3572
212
2798
287
2183
3279
2806
110
215
131
490
2917
2478
3438
3125
714
3594
3341
1474
210
546
1518
1385
2356
2468
555
2686
912
1815
1467
1100
3354
2857
2120
1132
1432
530
29
2123
1093
146
622
1733
381
897
1713
675
2849
2985
3276
616
741
2228
3481
818
3128
1967
601
3075
681
1012
2461
1626
282
1628
2454
2103
2635
1925
354
1390
3026
359
2480
1900
618
1342
1071
18
805
2411
292
1687
100
1992
2926
432
1736
2981
1923
3185
93
3510
1068
936
1701
2715
1845
2215
3291
204
1
918
2281
3321
1551
2540
1096
1299
1419
2887
2664
982
1074
91
118
1630
1170
3386
1424
2410
1450
2125
1714
678
2537
2997
2204
1813
2340
1684
1537
2243
1255
528
1234
798
2906
3422
2141
3020
417
2371
1980
2309
2843
2767
3384
454
1631
2398
2990
3590
1795
1588
838
1341
716
1041
2225
1938
2934
3365
1246
2041
2560
1942
2580
1811
2043
1712
2379
128
1623
3
3177
1672
2600
1123
1699
2538
2218
1779
1510
2742
642
3305
1448
1094
3548
3329
2044
880
303
3147
1692
3340
1984
3038
2072
783
505
988
3245
3461
1640
2663
3447
167
854
1110
2420
3230
3303
800
1995
654
475
1913
242
1471
2812
2855
183
2729
1164
1519
2211
3568
1670
397
3107
3203
920
1426
63
3327
309
1345
2137
1946
1715
1667
393
1674
1125
1832
194
1531
2796
1708
1394
2953
2952
71
345
319
2358
460
2788
1873
1843
1574
1122
266
609
677
2951
305
3339
2782
21
2563
3345
1721
2294
2313
1035
1968
905
2291
3163
560
1003
3201
2395
2941
1547
1403
710
1621
288
1054
1034
326
1445
1410
4
2238
3398
1787
2722
2116
1697
2442
353
3158
1723
320
998
217
26
1632
1915
2881
3330
434
201
3210
907
848
2739
2983
2085
2545
1990
1910
692
1504
873
185
2651
1240
664
2530
1606
1366
15
386
208
1617
706
3571
2712
2956
734
3581
2657
2062
712
685
2683
2003
170
313
40
2691
2559
1079
2205
3094
630
667
1217
2297
3213
307
1534
388
2402
3585
3023
3115
410
717
3301
763
261
1408
2524
147
753
2251
94
1673
2833
380
3464
2377
2900
2292
233
1978
1327
1082
2121
1639
974
2469
2132
542
1737
1010
2909
2327
1088
5
573
411
693
1951
1732
1499
3248
2617
1652
1834
1983
543
1478
2648
1607
379
2473
1194
1592
851
136
281
1587
472
430
2299
3307
3457
399
1367
2342
443
3532
3350
348
2031
826
545
1046
1207
30
2961
2045
2879
1543
2427
2203
1614
1647
36
2790
1075
2511
3016
1852
1434
1023
2396
3405
797
956
219
2467
1985
3058
3071
754
523
1286
1381
3049
1841
903
540
557
2521
3442
915
457
1876
230
49
1957
607
2312
536
2038
2829
1360
1005
845
1772
1399
82
3265
370
3238
41
3397
2959
2285
2436
1458
2587
3309
587
3165
1907
2910
2566
2039
2846
3441
3293
2271
2549
181
1222
552
2777
367
566
1844
1338
508
2526
3083
1409
1871
1447
893
2084
764
2224
2899
2753
2501
2160
234
822
1140
2579
3587
1150
1677
610
438
2083
2036
1340
3351
202
1365
1124
2124
1354
588
3332
1256
324
157
2325
47
663
886
2915
2714
660
412
2261
1468
321
828
1388
3508
346
306
3018
1767
154
2885
19
2623
809
419
1605
3197
3037
731
1382
1029
772
2077
2170
3515
1622
711
2477
1516
2799
2150
1262
2264
148
253
2604
840
964
1973
431
3172
1826
3174
3269
188
3453
2924
2172
3377
3415
1212
1808
468
2323
3275
106
2388
350
2564
2992
1695
2112
2037
3085
721
2475
3536
1809
1801
3235
2808
2286
2660
1505
196
3420
59
347
101
1470
605
1044
852
1552
2098
3596
1889
960
2539
1566
1374
2087
2380
503
104
1181
2068
1991
2517
1964
2241
3574
328
156
3035
2719
2492
2991
43
584
549
3319
1127
1927
3278
2672
3501
977
909
2534
1099
2280
1922
2801
1300
2734
1486
37
1735
445
3429
2650
2447
2622
3009
1190
1292
1112
364
2502
1495
592
1297
1683
3606
816
3251
827
2210
1332
3155
811
636
578
3244
1189
2601
604
448
1523
966
1720
1700
66
1842
2754
1661
105
910
2634
1897
401
561
2100
1899
1666
3516
267
414
1400
3008
884
2007
2244
2546
224
1659
394
449
1796
3402
48
3151
2415
2222
1293
553
1781
1898
613
2058
1819
3171
1305
864
3599
2375
2301
1187
2463
2994
3290
1557
2073
785
2060
435
3216
3271
129
1261
2028
1356
1492
1428
3260
245
3224
440
2891
2145
2619
423
3142
3002
1379
2392
2865
2547
3294
3374
2684
130
990
539
2764
750
3181
882
2655
1269
344
659
3092
2066
335
