96 1
19414 14870 1
6416 12332 1
7500 14303 1
15770 264 1
4747 5551 1
19383 9231 1
513 6715 1
16591 18068 1
19398 18108 1
8818 7406 1
13816 18525 1
3069 254 1
15091 15671 1
3618 9485 1
8050 9543 1
3121 15845 1
18106 2343 1
15148 40 1
15436 19136 1
18453 13647 1
13055 10855 1
12130 3971 1
12395 10811 1
7996 5033 1
5306 19913 1
19177 8493 1
14077 2474 1
18842 2205 1
5199 8284 1
13523 3342 1
18065 17715 1
13632 11155 1
12541 19627 1
1477 15917 1
2544 10228 1
9894 9282 1
2608 5873 1
15256 3743 1
9182 7598 1
7875 3246 1
15211 6956 1
352 18011 1
11698 15759 1
2148 18495 1
17271 10194 1
11787 3792 1
8489 15753 1
5420 9139 1
11614 17194 1
2369 19020 1
16404 10734 1
7413 12950 1
15740 1493 1
8658 10827 1
17144 11913 1
16104 4968 1
4336 16148 1
10555 17151 1
7792 11420 1
1174 11440 1
10289 19940 1
19785 6427 1
3977 17308 1
622 2876 1
12181 5243 1
9639 5275 1
8341 6553 1
10900 301 1
11135 19908 1
4083 11701 1
18430 4211 1
12856 830 1
130 7726 1
3054 10151 1
14133 16804 1
1149 10836 1
18856 5587 1
10738 2721 1
5835 10760 1
11518 18242 1
6046 8025 1
216 4251 1
2023 17262 1
8999 12248 1
6165 16000 1
16830 8785 1
2055 19970 1
4081 1767 1
16263 2545 1
8479 4029 1
13602 7523 1
4206 2768 1
16165 10081 1
6079 14374 1
16616 5912 1
15945 2537 1
62
