784 1
12897 53355 1
98090 50872 1
109 74514 1
91043 10503 1
59821 65587 1
42682 48425 1
96789 96761 1
68422 74358 1
3934 3635 1
93749 39732 1
78229 29813 1
10838 20214 1
33159 61073 1
26202 79525 1
13323 68209 1
28767 58746 1
40661 25920 1
79287 70501 1
14610 26923 1
3875 36944 1
59691 46917 1
760 94763 1
86373 53898 1
87768 20607 1
11087 89164 1
21170 43560 1
89245 93286 1
86499 83639 1
40121 91974 1
7329 69651 1
82525 418 1
53226 33350 1
30766 33163 1
67936 58861 1
38426 43940 1
16112 59705 1
36018 47621 1
86169 166 1
84208 11211 1
61764 9972 1
91728 32465 1
85748 70405 1
11876 47421 1
70181 84466 1
5494 91719 1
89421 38522 1
11192 39381 1
80553 26210 1
85769 72375 1
22854 33683 1
46631 32181 1
56512 80053 1
40377 93342 1
60325 44921 1
32332 74320 1
95166 57508 1
78338 47051 1
15053 13796 1
73532 28358 1
29298 11089 1
4705 58945 1
38985 90192 1
63065 55 1
63671 38613 1
61702 24420 1
69654 49442 1
11907 95310 1
97541 11877 1
772 79078 1
86411 43521 1
95666 45942 1
52759 90265 1
58362 75452 1
52585 64992 1
63837 89863 1
29002 29060 1
38724 98997 1
93290 4110 1
23787 67845 1
36110 82052 1
95072 23927 1
269 12042 1
38086 56366 1
90222 7506 1
24716 58300 1
59539 19414 1
91602 16017 1
90947 11524 1
37159 89219 1
67474 23901 1
59972 23182 1
28865 64495 1
41992 82313 1
2295 63139 1
5534 60481 1
26230 75674 1
82677 61358 1
42922 23019 1
26536 41553 1
22022 59391 1
55258 41899 1
70477 39129 1
93417 32060 1
24291 54226 1
64222 92643 1
39505 5569 1
65907 91889 1
9981 12147 1
87637 18340 1
68370 61670 1
22702 62748 1
46592 42177 1
54204 4824 1
33582 59406 1
57550 35164 1
51353 8798 1
10440 22654 1
7816 26909 1
53217 24180 1
32873 72223 1
17001 18050 1
51056 33728 1
51448 66927 1
24264 60180 1
10063 42049 1
13585 54585 1
69306 29856 1
29612 68863 1
35337 29640 1
14783 33271 1
15758 54491 1
8475 2448 1
25719 19912 1
74470 77805 1
90770 40755 1
73666 53650 1
85971 47288 1
50772 24045 1
20809 64709 1
13573 54791 1
82811 4951 1
49156 80235 1
1399 97028 1
41762 937 1
45094 93913 1
54719 28708 1
23390 13682 1
69567 82465 1
69699 69136 1
61526 24341 1
90508 46328 1
67017 43949 1
21332 93698 1
5276 43988 1
52850 1029 1
13002 96245 1
29767 39131 1
55384 33005 1
9931 64171 1
40268 33767 1
19635 79413 1
82287 33294 1
12277 25624 1
91105 67452 1
36257 82850 1
54044 70656 1
24505 64069 1
40286 89748 1
99120 41225 1
25042 50294 1
36966 99229 1
81227 89531 1
57481 96515 1
63840 25471 1
52384 93874 1
85995 40861 1
66222 98420 1
18930 48888 1
69212 42119 1
28649 76343 1
53555 71986 1
94607 73389 1
10156 94390 1
71626 90916 1
18106 7585 1
63368 55075 1
73317 96538 1
57974 39048 1
7422 29483 1
93457 51246 1
84472 64258 1
93025 20813 1
98261 69629 1
3483 77139 1
51431 79775 1
11521 27375 1
37305 99161 1
84553 45392 1
40991 83908 1
51612 76463 1
86197 11183 1
12905 51049 1
44628 38500 1
70427 80488 1
21244 8242 1
77662 51259 1
68366 40366 1
35176 93895 1
17591 11603 1
58460 42115 1
71810 37968 1
57556 99104 1
18638 82487 1
54771 48593 1
93583 59578 1
83200 71447 1
481 15361 1
87932 54755 1
76695 96667 1
21317 96390 1
14467 53082 1
67023 91234 1
70796 55142 1
22737 30251 1
94468 70161 1
45797 88327 1
61278 85887 1
88994 79513 1
9668 91413 1
23253 72582 1
39171 9881 1
51718 1239 1
63433 67754 1
68285 2183 1
29497 6848 1
50836 65821 1
32270 18702 1
12916 44240 1
66331 55035 1
76212 5992 1
52274 82042 1
17682 11874 1
92580 91350 1
38873 29761 1
8989 49524 1
91034 33912 1
23992 19144 1
30519 50857 1
57665 18022 1
74428 72044 1
53952 45179 1
97456 2990 1
10557 10041 1
19864 50301 1
95935 98241 1
31137 26995 1
74807 59943 1
19190 37962 1
70942 91343 1
10835 10961 1
27282 13912 1
64511 17036 1
46478 44803 1
4651 53663 1
25599 54664 1
49931 8643 1
81890 10948 1
30152 85199 1
20976 57255 1
95707 53955 1
22404 84697 1
74489 16193 1
98903 53266 1
8532 95071 1
53571 71865 1
82744 75876 1
72523 74889 1
16798 66800 1
27377 72737 1
53543 25726 1
1751 85484 1
15454 32016 1
30511 21744 1
81409 85591 1
51645 90858 1
4499 62269 1
30484 299 1
34000 44601 1
95731 63025 1
45940 40321 1
5166 46597 1
55722 64768 1
6869 59421 1
18807 5783 1
99741 48083 1
58378 49103 1
58511 13901 1
42193 40899 1
96023 45969 1
91255 97102 1
45242 64860 1
30836 8425 1
47037 21904 1
67524 1263 1
49144 53982 1
87874 87410 1
5840 66408 1
42483 30159 1
43881 19208 1
17040 35755 1
48180 56265 1
75834 95670 1
44228 63759 1
84845 67652 1
45679 39079 1
46472 71020 1
80169 34822 1
30092 80565 1
50222 36665 1
46315 77564 1
98549 5550 1
62429 14961 1
89112 80449 1
4632 67162 1
40051 50371 1
58351 86854 1
61286 5653 1
43199 97021 1
56100 83076 1
84059 84844 1
69068 22807 1
94344 39968 1
87924 16270 1
87645 41081 1
73230 75194 1
27545 82708 1
87879 48689 1
81953 69322 1
962 4502 1
56793 81426 1
13072 56579 1
96906 47910 1
54809 94342 1
44964 4112 1
20060 9242 1
8665 52744 1
43222 25982 1
92874 86681 1
62594 17913 1
83048 70395 1
40673 72567 1
47183 77736 1
94982 72225 1
42862 75440 1
26113 11779 1
91088 41337 1
26389 58465 1
4612 74208 1
45132 72515 1
56831 5114 1
75721 30498 1
58041 43851 1
89513 65247 1
70718 77717 1
32118 12246 1
37141 16524 1
38515 3461 1
71056 23440 1
22411 29854 1
78146 76291 1
82226 17284 1
22769 85378 1
23943 22481 1
78138 83373 1
15251 50965 1
41328 16428 1
44367 57023 1
87758 82722 1
51428 41704 1
12717 53588 1
1965 46728 1
65342 82753 1
79920 5848 1
80646 94659 1
38228 62328 1
71430 59234 1
53140 40523 1
64821 98462 1
1390 49073 1
85806 91494 1
12367 51890 1
49217 86276 1
57911 71125 1
71470 64782 1
14510 9159 1
18865 28304 1
19621 71667 1
50265 65220 1
49061 10257 1
99604 1619 1
6488 71774 1
29979 89775 1
9120 36834 1
25826 7048 1
19623 10635 1
90045 83629 1
64146 71235 1
38860 86062 1
46980 72578 1
8530 54333 1
16807 46181 1
92061 57983 1
62624 30790 1
67148 15530 1
68448 60537 1
94020 93338 1
87748 47038 1
44061 12272 1
75111 38747 1
40843 56489 1
63873 34557 1
44521 42751 1
71712 70797 1
10208 94811 1
18020 50213 1
25642 56056 1
21959 11556 1
57051 83992 1
77105 30285 1
17217 3835 1
63035 53785 1
33115 35690 1
65725 66684 1
73580 77535 1
710 87963 1
40976 27965 1
86757 79496 1
53015 18351 1
36659 44254 1
7487 4600 1
8887 60855 1
51691 67151 1
85407 39377 1
23379 83340 1
40699 17452 1
76583 95635 1
43990 81909 1
63638 97132 1
71150 41831 1
74979 50773 1
41271 28662 1
17364 83413 1
86030 57916 1
15339 56359 1
35547 78780 1
65973 54080 1
78965 52394 1
55051 422 1
50611 15204 1
98889 4304 1
58657 74919 1
70593 89314 1
36891 57448 1
10343 78988 1
55355 41105 1
11854 78991 1
39417 5125 1
19430 97654 1
93778 79103 1
61794 44232 1
903 3910 1
32154 92446 1
48327 21006 1
74830 20124 1
78430 57454 1
79426 95964 1
23967 18165 1
70974 92660 1
51512 54551 1
81729 1265 1
67093 17390 1
7268 4125 1
19022 87878 1
29375 41748 1
19106 44482 1
56827 26691 1
72234 99651 1
94888 27884 1
7396 24699 1
8133 81366 1
29629 51373 1
21535 18279 1
64517 44975 1
73268 93611 1
18209 50933 1
52942 25844 1
61701 4781 1
49317 62336 1
6500 76562 1
63640 33505 1
88337 66831 1
88641 24184 1
3320 17908 1
38294 43451 1
9116 72566 1
18087 49181 1
60659 20422 1
78162 57430 1
42447 23384 1
86457 74267 1
86531 35728 1
64008 27435 1
85631 97123 1
29285 23118 1
99529 65882 1
82206 35025 1
70923 98030 1
73967 13635 1
10450 77266 1
6496 78811 1
39859 84354 1
55549 94933 1
48751 18055 1
85358 52112 1
20144 37347 1
5716 19994 1
69880 68094 1
49500 36681 1
79084 517 1
58060 94850 1
56444 16849 1
16447 62280 1
76633 77267 1
8979 63674 1
90848 18506 1
72178 36725 1
12265 36924 1
89820 81990 1
85707 15514 1
70447 6110 1
1421 92714 1
78222 14412 1
28791 63448 1
65417 57624 1
29885 44363 1
87904 56592 1
88418 15174 1
53453 73021 1
42752 23613 1
62354 35987 1
24602 37706 1
83635 99677 1
68768 48177 1
82953 23081 1
21718 29687 1
35535 21295 1
28014 71541 1
23630 5425 1
40995 80073 1
94989 81679 1
58401 70088 1
11410 18341 1
25689 240 1
78464 9273 1
87841 79940 1
64093 89555 1
83864 5893 1
61498 56036 1
48663 37029 1
81003 16002 1
91389 31556 1
23339 32925 1
82645 57672 1
65912 74163 1
68477 42528 1
60436 67097 1
12622 22005 1
30311 734 1
54881 15325 1
38376 50604 1
9349 19367 1
99245 28505 1
3107 83422 1
91897 23271 1
60596 70545 1
99116 53922 1
20552 13891 1
38995 31961 1
79931 99041 1
87152 16579 1
33077 66213 1
40328 1831 1
55562 81683 1
76580 70039 1
90327 67281 1
53956 30357 1
68133 95526 1
27287 6406 1
8688 53544 1
26951 33925 1
98214 76600 1
68663 23820 1
30144 30314 1
44741 16553 1
75963 36380 1
14245 27572 1
44922 19296 1
92914 91400 1
44440 88353 1
21883 55038 1
12007 72181 1
21318 38537 1
33759 51485 1
37193 60501 1
47944 25156 1
80540 13398 1
85081 30770 1
2890 12987 1
9347 21957 1
80166 73375 1
13873 60622 1
51335 15753 1
7173 90250 1
57637 87844 1
73055 98811 1
5511 75501 1
23654 54905 1
67606 73479 1
17992 43933 1
45720 64819 1
78269 14671 1
72486 59856 1
3069 37143 1
2497 24491 1
84333 88348 1
1381 94278 1
18828 43261 1
18044 93653 1
92820 16185 1
97582 69526 1
83959 72262 1
1512 22518 1
75229 72676 1
92323 88769 1
90647 53270 1
6787 45243 1
85006 66351 1
60569 80602 1
46066 77367 1
11399 64836 1
24220 57990 1
10267 9078 1
95717 12739 1
52882 11707 1
16148 35467 1
71069 30373 1
65129 20518 1
22845 39177 1
58066 88545 1
28792 80103 1
25495 81541 1
54056 14456 1
37208 12490 1
32897 84887 1
3070 66671 1
57299 61614 1
66382 32868 1
98424 89789 1
45117 5410 1
16500 34016 1
75012 46957 1
78539 83031 1
62119 50266 1
22863 99155 1
5345 87755 1
97708 32685 1
87624 55120 1
2762 74076 1
32292 60864 1
45955 28395 1
9046 77110 1
2280 56914 1
8151 59759 1
59020 89106 1
14662 10981 1
11197 63007 1
96078 53683 1
69255 94087 1
8597 96214 1
30645 4859 1
8196 8752 1
23687 14164 1
31813 76694 1
18919 22622 1
21539 68083 1
57901 16437 1
10982 82986 1
63649 52588 1
53741 76374 1
86502 64775 1
39996 28802 1
11238 7924 1
29495 26602 1
50843 98054 1
97330 3844 1
91199 81080 1
98374 23365 1
48679 1543 1
47879 1251 1
91604 61089 1
33041 96721 1
44936 98883 1
42179 28778 1
25760 7971 1
37795 79224 1
31277 44060 1
69540 802 1
91630 98009 1
17684 19428 1
24874 27842 1
4236 18982 1
70898 35643 1
35334 41038 1
95581 38707 1
42509 36271 1
92612 8897 1
69291 14938 1
59166 2307 1
88717 84410 1
19469 71643 1
99559 76310 1
90550 6034 1
78903 76645 1
86842 89534 1
91830 38074 1
35665 371 1
80010 4784 1
81501 64766 1
19664 66610 1
34658 88282 1
4321 82415 1
16388 54434 1
94442 83715 1
16916 47328 1
44642 30507 1
24027 63919 1
34926 73435 1
72863 28920 1
82083 96110 1
57547 28981 1
41544 57203 1
46354 22621 1
6478 261 1
25419 47456 1
7199 40016 1
66986 31966 1
46887 67531 1
15593 88369 1
74739 57724 1
20 88235 1
74219 92600 1
13739 9224 1
44853 95021 1
59795 3805 1
62630 47806 1
56020 61194 1
53023 10631 1
45525 92850 1
49867 41825 1
73156 14013 1
77077 14739 1
14679 20659 1
65979 27996 1
91799 18487 1
86116 16499 1
52439 35875 1
34323 72876 1
81539 11128 1
30319 22351 1
60356 20074 1
82866 10200 1
46531 17806 1
80341 82108 1
99347 27910 1
295
