959 1
72894 95883 1
41545 8530 1
75355 58737 1
52329 53167 1
73035 80590 1
53616 21559 1
90376 88529 1
26269 15114 1
12788 18926 1
25598 47087 1
60779 98464 1
31176 11318 1
58451 23350 1
55537 83637 1
71336 65854 1
47100 20794 1
83006 42830 1
10749 95981 1
43195 97154 1
26384 10868 1
58803 38197 1
84606 39283 1
14468 17198 1
68310 5930 1
95459 24846 1
86530 78672 1
66336 44554 1
96303 63967 1
81020 84698 1
37070 42102 1
70669 67581 1
52067 87883 1
6413 47616 1
11075 44630 1
88279 97466 1
3751 54926 1
38977 23081 1
86233 92223 1
11564 27020 1
19618 55087 1
86391 20711 1
21376 71345 1
60357 77035 1
69734 69053 1
76398 58080 1
97496 38655 1
9717 73636 1
50617 37441 1
29115 5358 1
37762 95889 1
98809 9817 1
1893 76412 1
8310 83459 1
40337 9829 1
45495 92072 1
63144 24166 1
66169 91283 1
99403 81776 1
30744 42663 1
38929 53521 1
9370 60423 1
11983 45602 1
91926 97200 1
74965 82069 1
75974 80251 1
4256 17217 1
90364 41280 1
79966 82088 1
24622 36853 1
41243 67336 1
72267 19599 1
95543 88607 1
3932 51853 1
70498 9028 1
95733 79196 1
16600 24045 1
82908 79078 1
11798 17644 1
85888 83984 1
10771 63548 1
89618 56235 1
72318 3176 1
17593 91470 1
96201 39396 1
80793 30537 1
1070 18829 1
42204 89505 1
13951 88341 1
57054 38080 1
54752 78872 1
74251 41583 1
39777 18419 1
4150 33200 1
44379 82472 1
71559 42485 1
98878 3258 1
62486 93056 1
4731 1712 1
4178 19588 1
74718 95156 1
89047 2257 1
28862 71512 1
28733 10708 1
61523 5975 1
28083 57697 1
16233 5306 1
85754 8420 1
87359 77014 1
7603 14449 1
81173 6921 1
89825 64502 1
25880 33615 1
33244 21062 1
1318 94734 1
57694 35041 1
95255 11640 1
27834 55053 1
70210 97422 1
97221 71419 1
90011 36118 1
31154 50318 1
10480 72683 1
10922 13209 1
46183 16875 1
10171 24313 1
39422 53027 1
10418 14924 1
25678 51725 1
43655 56864 1
16057 88391 1
79427 17758 1
73359 73513 1
85255 76118 1
2006 25775 1
53405 45164 1
44687 78490 1
53293 24094 1
80790 42365 1
6738 45367 1
74289 4625 1
8991 35620 1
27762 64018 1
30014 80975 1
88335 89735 1
92545 31874 1
62430 87659 1
33548 35934 1
92089 2884 1
80965 59618 1
42018 82823 1
64593 12763 1
5019 48301 1
22234 80489 1
90882 41877 1
84927 18956 1
42223 92643 1
29039 55822 1
35408 35907 1
61879 56146 1
54108 98173 1
40875 87104 1
86481 64755 1
89880 54469 1
6013 38779 1
79315 13071 1
39110 28230 1
64533 18907 1
97427 15613 1
86034 59563 1
88954 79631 1
32841 9269 1
65798 52783 1
41079 18091 1
18859 95114 1
26911 6554 1
74559 18957 1
51305 30512 1
33535 69560 1
50638 53656 1
2160 53368 1
3228 57229 1
42147 56030 1
17941 71251 1
92011 34944 1
26267 11719 1
19604 56117 1
86627 91008 1
72084 94168 1
48701 11484 1
95066 79973 1
34106 7871 1
30998 66641 1
8531 26171 1
17475 87222 1
21692 32735 1
68625 35212 1
36176 14803 1
94084 30128 1
19831 79905 1
79819 13829 1
85896 37140 1
91157 22958 1
55374 63783 1
27131 26378 1
16542 57456 1
22902 92671 1
36508 90121 1
68797 55027 1
15042 55482 1
78305 58812 1
8788 82396 1
42890 73493 1
99170 22081 1
54958 37119 1
85357 63496 1
19477 33023 1
18033 88420 1
19064 20936 1
12785 60133 1
13340 56943 1
77065 15153 1
27364 35594 1
31798 35105 1
1075 59020 1
77822 94733 1
71543 44255 1
74572 4448 1
36555 3546 1
14657 56421 1
20986 15397 1
4614 67627 1
96403 82259 1
48021 30837 1
22965 33278 1
62814 77872 1
21820 65976 1
7045 4357 1
71426 53084 1
50375 53658 1
40732 9541 1
15686 80646 1
59655 48033 1
91467 66833 1
98428 26862 1
5314 32099 1
57608 91537 1
5460 26342 1
80892 32036 1
81539 74960 1
98600 76685 1
26716 14240 1
84628 3091 1
90658 10992 1
69823 99244 1
98234 96269 1
93210 49126 1
38943 73259 1
73044 26759 1
34878 44475 1
84346 12942 1
64903 27415 1
3069 93713 1
75346 7225 1
28006 98009 1
97612 45618 1
59417 44 1
19824 44160 1
66738 47485 1
44517 39860 1
82099 64132 1
97312 58090 1
85064 72841 1
87493 61027 1
57828 62808 1
91262 63904 1
1561 99271 1
72264 18001 1
76121 66589 1
12274 3728 1
65268 19215 1
80966 975 1
68059 69536 1
81077 75628 1
74741 15754 1
48245 10746 1
71841 62660 1
77296 68104 1
77009 91506 1
49075 70796 1
90663 92739 1
47037 58523 1
45397 28835 1
93936 70906 1
13680 74342 1
57562 52573 1
37965 2438 1
55956 33892 1
52343 16134 1
19284 21139 1
5562 317 1
3406 6149 1
78362 55737 1
4341 2867 1
70153 49568 1
30150 25321 1
11956 90201 1
84744 65038 1
25677 24905 1
1376 6118 1
26023 31236 1
61791 28573 1
58459 6526 1
29946 32919 1
32264 49652 1
84853 77174 1
54968 49174 1
81423 88546 1
71513 5449 1
44267 53961 1
74100 13323 1
44790 38667 1
13466 87517 1
24829 30713 1
92613 99645 1
72024 6502 1
8412 40277 1
59538 66106 1
8149 6697 1
72238 26820 1
1806 83766 1
69087 48903 1
6814 68950 1
62916 82321 1
31967 38786 1
41999 38286 1
91160 12161 1
31633 7741 1
49191 66072 1
14071 77569 1
25487 59070 1
62320 27108 1
79528 51400 1
3072 99069 1
12386 80798 1
69038 37500 1
1340 16754 1
6289 75182 1
11752 79852 1
92880 84837 1
81701 87150 1
41475 88587 1
41660 91849 1
60328 59496 1
62980 6314 1
2797 24238 1
86650 73415 1
87255 42382 1
78724 65234 1
43153 19967 1
17906 17214 1
43205 33505 1
87804 68207 1
32169 58770 1
93323 63335 1
45959 62614 1
26387 67926 1
64947 21382 1
69655 73352 1
26108 39175 1
70594 44203 1
16346 72952 1
20268 92315 1
9966 54497 1
69421 6378 1
6358 42027 1
23461 66170 1
50284 30839 1
1116 58428 1
45143 58549 1
44374 71858 1
85 56801 1
84272 78517 1
36376 1882 1
70229 23949 1
64904 36696 1
96047 93570 1
26338 32749 1
36537 629 1
93055 69435 1
76527 67957 1
66784 21704 1
44874 77103 1
11104 5044 1
5095 6262 1
95639 93847 1
55097 81038 1
58969 74061 1
51243 15462 1
3241 20526 1
69996 25399 1
98736 28778 1
2456 53637 1
53859 31426 1
21493 84643 1
13342 28029 1
83897 43989 1
74351 75730 1
58665 57131 1
90005 16313 1
90705 38179 1
2775 53986 1
31801 41130 1
75320 81883 1
88052 29933 1
64370 50153 1
92037 27613 1
96984 70454 1
15804 90126 1
88000 73118 1
1197 54204 1
59952 55618 1
4603 49891 1
22934 21841 1
15914 6108 1
32471 20157 1
40395 81692 1
72924 10261 1
93442 71878 1
67714 91209 1
92627 50330 1
23470 34436 1
3881 49036 1
8374 29728 1
45137 59737 1
4950 85378 1
57459 98504 1
29029 59667 1
58152 91609 1
81684 95999 1
46083 44491 1
70803 34681 1
67782 26256 1
41412 2022 1
86151 26957 1
14018 16237 1
13095 40783 1
23740 2218 1
35552 37135 1
10852 59519 1
37336 86061 1
78023 87718 1
14772 62905 1
8612 89588 1
51741 41943 1
58752 1868 1
38020 61416 1
60244 32485 1
40246 11196 1
76279 58333 1
3811 21775 1
31220 97884 1
16868 58703 1
73443 25530 1
63586 22629 1
26835 62333 1
68496 36178 1
38711 64958 1
22322 55562 1
50368 28327 1
58034 48542 1
44402 55667 1
37890 25793 1
87599 5563 1
49844 52164 1
74645 87502 1
52967 76024 1
50953 96896 1
19054 33521 1
24146 82530 1
39277 81471 1
27046 72522 1
60486 60454 1
22171 6920 1
15982 2250 1
17710 54365 1
95508 674 1
55074 79704 1
25918 55649 1
16232 62424 1
48299 65508 1
59029 39351 1
17751 14666 1
79744 65384 1
55779 49532 1
12415 58629 1
46218 58768 1
31573 91580 1
80791 13713 1
59327 36598 1
99769 9551 1
66132 71590 1
98488 63882 1
41002 56441 1
623 18320 1
74346 45319 1
51829 57409 1
30456 20379 1
14796 70595 1
69745 74551 1
30823 12302 1
52437 49547 1
85370 90265 1
56557 49961 1
40306 13386 1
15309 34689 1
17813 18814 1
77354 91312 1
70414 4882 1
45072 3668 1
10234 897 1
11443 22239 1
30342 91818 1
75568 30353 1
93625 14163 1
51499 92290 1
49925 18256 1
32794 50068 1
2446 61017 1
22436 45298 1
32850 23794 1
85031 98576 1
29061 41740 1
10917 84186 1
19196 53312 1
54864 28277 1
23572 95017 1
29887 92133 1
71282 40847 1
88789 32551 1
44384 20703 1
50520 34194 1
34379 76786 1
28943 72917 1
35515 80707 1
72880 51328 1
83447 73081 1
70567 92745 1
21084 77996 1
93612 498 1
2132 73656 1
34635 507 1
16289 97385 1
78583 54475 1
13338 68477 1
90403 47547 1
13916 31985 1
43340 6655 1
15803 72622 1
59656 6126 1
33522 97088 1
96689 20656 1
46248 75625 1
22459 93640 1
23675 38256 1
41900 21979 1
88958 27874 1
54198 20828 1
90066 32119 1
29459 12062 1
62261 42945 1
7229 53228 1
90906 11871 1
66314 69129 1
65703 8349 1
97743 67903 1
81621 86305 1
29120 77798 1
39384 67302 1
17031 34246 1
74806 78666 1
16503 70957 1
93108 17003 1
66446 62418 1
79817 38159 1
16576 25569 1
89081 21484 1
48155 65210 1
47082 86823 1
87827 9972 1
18986 68570 1
17070 82919 1
22237 73831 1
60638 11572 1
968 35485 1
96251 7606 1
6461 65588 1
52921 46547 1
90992 80201 1
16960 85420 1
74704 79628 1
44245 8646 1
87239 83097 1
618 76078 1
33095 22163 1
68584 31651 1
89335 95897 1
97099 66580 1
13244 78138 1
22147 68041 1
33115 17647 1
84404 26496 1
34584 85042 1
4598 70575 1
90692 62806 1
81910 11501 1
66083 85202 1
37321 49163 1
58180 84393 1
56669 26619 1
69773 72475 1
9614 89802 1
85903 4309 1
14382 17952 1
99542 36616 1
79306 1769 1
5448 8750 1
97247 83386 1
99817 71469 1
18893 27127 1
97477 33618 1
26711 16771 1
49269 76247 1
50990 58073 1
63267 25991 1
50944 344 1
36867 24944 1
81066 84101 1
91456 20008 1
37971 83781 1
40858 93429 1
4997 77382 1
79460 59467 1
21328 40754 1
31968 36716 1
94322 21900 1
77714 8959 1
97380 11429 1
83697 7514 1
12211 78734 1
28550 95598 1
25982 98729 1
72879 31314 1
13295 70813 1
83151 47396 1
49635 78828 1
1436 3453 1
1106 59185 1
6501 42397 1
67441 28538 1
72712 14801 1
77573 74654 1
5243 28887 1
8970 90720 1
76021 49052 1
64910 71207 1
63478 8998 1
17372 3104 1
6847 20262 1
99003 10722 1
46618 27444 1
3794 86031 1
86715 84349 1
58358 87343 1
21344 98594 1
71480 12009 1
69937 31959 1
36473 88154 1
97895 42249 1
11982 3903 1
96205 75338 1
98338 53175 1
84424 85342 1
16037 26917 1
45623 91655 1
43877 96747 1
5505 76219 1
76490 91680 1
92659 46207 1
72501 42153 1
78581 64352 1
39022 20457 1
25735 65389 1
75277 35558 1
89330 15161 1
43753 18637 1
65942 3652 1
52639 77440 1
33494 30476 1
65567 96475 1
90538 16394 1
42926 75042 1
52197 98238 1
23533 75497 1
41757 27611 1
53184 48396 1
37053 90264 1
55262 95357 1
74358 66432 1
30040 72489 1
37860 90348 1
87945 57165 1
72200 65412 1
96489 99044 1
29917 61198 1
61986 81091 1
18882 47308 1
40283 39650 1
71421 70924 1
86718 694 1
75748 16154 1
32715 74770 1
77471 16557 1
67338 55444 1
76376 30143 1
94306 86403 1
86281 91363 1
33833 73026 1
76064 69326 1
28796 72428 1
74528 29346 1
66814 45173 1
30589 13158 1
13674 38425 1
98788 62238 1
41406 89 1
4144 59426 1
69105 79828 1
64330 19538 1
82503 31504 1
87939 39280 1
43034 12359 1
98557 68758 1
97631 14085 1
89541 59401 1
67789 16424 1
53212 51352 1
57172 17769 1
48708 94299 1
81774 67614 1
11550 61135 1
84879 65393 1
8986 83379 1
16954 37202 1
12138 45488 1
72462 72483 1
10265 99864 1
25021 3081 1
73231 34923 1
83899 42579 1
61182 62984 1
18793 39687 1
52756 24285 1
82285 87803 1
82843 37985 1
5877 82950 1
31395 17516 1
56050 22920 1
5843 87484 1
96198 41111 1
73551 90671 1
70655 43507 1
86918 22787 1
62392 25383 1
43956 76896 1
49759 44573 1
66182 8309 1
43910 21728 1
96297 25092 1
5789 93373 1
60628 20328 1
55083 12385 1
20754 20030 1
33872 57841 1
38584 52303 1
40964 69 1
21570 17434 1
422 44683 1
81749 65459 1
68852 92161 1
28021 22380 1
5244 98263 1
33507 71582 1
65031 3357 1
85596 55273 1
53898 74109 1
59248 38049 1
18664 9697 1
8269 21194 1
88858 7044 1
4047 34497 1
28179 3172 1
36054 42232 1
38863 18305 1
66453 74166 1
87794 25810 1
31087 27145 1
73597 32049 1
91848 69717 1
27751 95551 1
91417 29456 1
30613 54544 1
59094 59440 1
4189 90666 1
2365 13147 1
97541 72915 1
78527 61534 1
50386 45806 1
50222 90253 1
48217 81201 1
28218 27128 1
25592 24022 1
51575 40731 1
66043 1962 1
42660 50933 1
56489 91672 1
82880 91706 1
22637 56628 1
52279 63045 1
86716 78876 1
19134 52930 1
57592 52596 1
94790 56318 1
92258 910 1
20475 21891 1
38595 10007 1
31209 78117 1
55802 84132 1
95630 8043 1
79444 29514 1
28916 94500 1
28153 88598 1
91789 77754 1
2333 88496 1
85513 47658 1
95694 13240 1
54077 90497 1
75773 83537 1
90820 90640 1
18110 76662 1
39404 4870 1
89996 48729 1
14388 89162 1
90478 54286 1
40418 47324 1
90745 34698 1
49548 67079 1
61850 31835 1
56863 43013 1
33874 99482 1
56983 58311 1
55979 84527 1
61661 60160 1
61171 98976 1
79051 55386 1
23713 31617 1
43500 68166 1
88568 9858 1
52313 32043 1
4024 40137 1
28814 44816 1
77927 46011 1
50341 21522 1
64615 33294 1
72350 45682 1
91770 55623 1
35570 47782 1
64668 90327 1
30032 58266 1
58151 72666 1
78751 50732 1
93867 713 1
32069 96165 1
79965 10323 1
77221 25808 1
91033 65248 1
53912 70828 1
34313 92665 1
33149 80906 1
98843 4678 1
27689 50955 1
54487 75249 1
68188 60665 1
57861 94693 1
85574 2926 1
46867 53893 1
26677 3596 1
63585 48357 1
3605 20666 1
74451 73729 1
93331 47199 1
90207 70841 1
11447 27054 1
78000 45449 1
47422 69753 1
79977 82858 1
42732 67013 1
20017 53049 1
60827 13368 1
48014 39849 1
28185 30887 1
20916 48601 1
66863 88194 1
48409 64815 1
38012 88910 1
14485 83588 1
64379 18523 1
27588 42688 1
55863 26019 1
97003 34192 1
76095 15777 1
97090 37538 1
96371 64234 1
17386 98614 1
15789 71780 1
56011 25672 1
19014 83648 1
51064 17935 1
68716 19653 1
59673 69853 1
97867 63628 1
42640 22236 1
25667 25751 1
19736 42434 1
81677 15401 1
93877 91700 1
7127 42514 1
40797 17415 1
73776 35163 1
10122 77210 1
69408 98525 1
69764 86237 1
70026 29394 1
66424 68562 1
49949 85823 1
26241 66846 1
19980 97613 1
6521 6342 1
82599 16930 1
87322 11599 1
90934 54637 1
35198 77130 1
7013 14579 1
83031 602 1
46798 92782 1
41874 59100 1
26417 46858 1
74144 99550 1
49715 9654 1
22454 49486 1
628
