995 1
44935 36121 1
31762 34352 1
36346 1619 1
13178 75303 1
85163 23153 1
67497 93098 1
41119 198 1
64276 14143 1
8222 2185 1
39217 1030 1
93185 84480 1
65188 49199 1
92104 11828 1
67924 18361 1
80257 5902 1
78458 75311 1
89940 90065 1
95034 4169 1
56123 4650 1
26493 81725 1
80786 98605 1
80364 36238 1
70090 21639 1
47738 67588 1
59012 29558 1
18904 21912 1
8471 59491 1
71826 44432 1
96594 84979 1
69946 81676 1
81673 68538 1
17846 51334 1
17455 81649 1
33090 25606 1
93169 53471 1
72461 18168 1
15123 87981 1
73525 33816 1
70645 72168 1
95340 98311 1
66304 58050 1
25951 98367 1
19036 28624 1
27235 53353 1
20652 22792 1
34340 32710 1
72314 8874 1
69873 53129 1
92571 87953 1
22850 209 1
85151 71547 1
58919 7180 1
42353 76328 1
84679 12867 1
5217 13362 1
18857 95957 1
24209 2896 1
83803 73218 1
82366 48125 1
6995 64565 1
22714 96506 1
78189 66302 1
10617 53985 1
98472 35871 1
97736 97248 1
94529 26761 1
89166 56915 1
35035 1091 1
58153 85929 1
76895 9269 1
13054 96987 1
38892 19930 1
28903 15797 1
11084 58579 1
95379 36071 1
1497 74215 1
81620 85135 1
88326 8118 1
48978 90372 1
47539 18804 1
9848 69749 1
20048 79627 1
2695 40243 1
21284 51666 1
17377 25417 1
46138 75714 1
56328 98279 1
49451 67004 1
97021 66889 1
18751 19397 1
11759 9654 1
66998 61276 1
72790 55257 1
48267 92017 1
46718 92074 1
3094 80969 1
30064 5936 1
95122 33280 1
80338 40623 1
44937 75939 1
3317 544 1
83534 96039 1
18502 39562 1
19653 35794 1
74795 64562 1
93446 16563 1
93783 61943 1
17287 44245 1
19346 61559 1
79513 76482 1
83296 39589 1
79145 70730 1
83629 85403 1
85105 22910 1
13610 42718 1
98351 31290 1
69978 92365 1
7780 77940 1
68523 20791 1
41487 36564 1
21191 95602 1
56291 29837 1
37709 37199 1
15589 98080 1
67693 37214 1
49530 24158 1
36746 30886 1
36438 2203 1
49270 16550 1
85212 11401 1
95637 85741 1
94979 91144 1
40224 81330 1
67063 96443 1
28019 70838 1
25318 31256 1
12052 236 1
20143 17559 1
73461 9451 1
8155 51285 1
45723 23513 1
44426 69287 1
56754 71879 1
16857 41656 1
36610 499 1
80800 50935 1
69563 53048 1
19607 87874 1
93022 10227 1
43488 75631 1
80310 65737 1
4772 73748 1
74931 44913 1
97360 48110 1
82777 97645 1
62282 9405 1
83570 93616 1
88013 70185 1
55084 39528 1
3807 32661 1
13179 83073 1
18786 51142 1
10650 97482 1
53724 80357 1
41669 51188 1
47598 25980 1
8000 76968 1
59811 9023 1
20674 86878 1
92891 3838 1
91850 63399 1
28100 53530 1
9318 91441 1
17847 87273 1
39126 59108 1
88047 94933 1
91051 80749 1
21262 48713 1
67946 28640 1
18285 55388 1
63381 24453 1
71291 11433 1
82204 72576 1
77453 73911 1
21334 49394 1
47518 37351 1
77497 9753 1
77950 8347 1
69615 43902 1
95712 660 1
4678 11556 1
25586 47639 1
90357 57821 1
76364 33411 1
70869 42894 1
88253 78087 1
87621 81248 1
74385 68451 1
40582 28731 1
19195 74059 1
48586 45600 1
92791 52984 1
35206 37331 1
88861 48693 1
59986 17530 1
39949 1329 1
22858 33518 1
34592 65356 1
36612 26274 1
30431 2281 1
64898 73156 1
2392 65807 1
71758 35428 1
81506 38486 1
26140 79523 1
83124 76600 1
46326 80971 1
3594 9013 1
8279 25758 1
30460 24592 1
73123 27455 1
78987 62233 1
22566 72038 1
27007 21934 1
46425 4500 1
88513 28703 1
26632 99023 1
27804 84885 1
10774 69835 1
33048 28784 1
14498 42653 1
6443 11507 1
48665 57336 1
24896 16750 1
41790 83819 1
29677 25039 1
3829 49135 1
5844 4773 1
81946 86534 1
24609 94533 1
32269 11923 1
51163 3674 1
10214 32255 1
846 93772 1
94240 81734 1
80554 17024 1
61182 98895 1
62762 64875 1
69055 20909 1
39183 67121 1
14674 95476 1
90141 28559 1
16447 54242 1
80446 55591 1
9496 79940 1
39308 14471 1
56439 25754 1
5655 66040 1
77426 59419 1
69160 854 1
59810 58957 1
4306 18430 1
84852 74721 1
5583 68707 1
61726 29731 1
35225 89297 1
75140 5749 1
81924 88320 1
59069 7695 1
45403 31092 1
8094 49313 1
93384 87229 1
65654 75392 1
72097 31745 1
57654 78821 1
87722 99738 1
84497 39884 1
36799 45497 1
86364 24131 1
32736 28992 1
27496 83316 1
76676 47564 1
37373 25569 1
48783 30756 1
53573 83441 1
77595 44703 1
69851 31362 1
76281 1360 1
22629 89377 1
17567 33829 1
96450 29403 1
38689 67010 1
42045 77516 1
80927 43140 1
73806 98570 1
68655 82576 1
85332 11757 1
49484 60632 1
11198 97486 1
62557 93456 1
17141 6198 1
90309 80028 1
93953 28160 1
1726 50126 1
13129 30542 1
84258 12189 1
38187 89048 1
78631 29310 1
7886 3910 1
25556 26124 1
61549 1757 1
42800 19063 1
78820 55863 1
23857 96814 1
79668 69251 1
84995 71945 1
58175 48930 1
61378 78980 1
8443 32113 1
95673 89172 1
86146 69449 1
86661 91463 1
70127 40038 1
32415 59983 1
71766 18532 1
86919 82910 1
67702 6564 1
55354 4261 1
60445 43236 1
62836 45690 1
29374 93587 1
63633 1375 1
91771 45859 1
56401 84770 1
2602 73824 1
37762 33464 1
852 76865 1
17057 84134 1
44128 45259 1
23252 52366 1
30845 22331 1
38415 70674 1
95256 85965 1
20816 90369 1
78550 91863 1
37934 22129 1
72713 251 1
77333 78096 1
97962 11777 1
75872 1312 1
68243 88835 1
46394 97092 1
33414 26176 1
22156 25864 1
94556 49764 1
88823 80875 1
56337 33744 1
89642 40757 1
68504 80342 1
2937 33666 1
13257 91678 1
37260 17880 1
73505 39560 1
39508 26294 1
36092 14333 1
96509 24450 1
35403 24360 1
20606 37864 1
22437 59977 1
84027 20307 1
56893 33868 1
96802 92307 1
74411 26906 1
72535 96269 1
54081 84610 1
17765 25062 1
25748 29065 1
77415 93323 1
49918 98651 1
22890 83078 1
50675 20209 1
16033 72125 1
38958 30972 1
26157 38330 1
37167 75144 1
93773 60509 1
73514 50644 1
40319 30335 1
83033 89987 1
39349 11179 1
82157 1112 1
24121 94488 1
60847 14533 1
95940 86558 1
13107 41924 1
84921 73072 1
77200 12921 1
38688 68449 1
58045 39438 1
85259 25908 1
95141 95244 1
91330 92528 1
21829 62528 1
93934 90106 1
13065 67423 1
88557 82379 1
91455 77600 1
6897 31988 1
21389 37081 1
67758 31711 1
24745 5966 1
6215 3440 1
10974 46946 1
99167 51193 1
73882 91294 1
61874 29952 1
41281 69988 1
2816 75061 1
6655 59935 1
90332 85620 1
11956 84901 1
15225 81902 1
86940 6139 1
40075 34482 1
16021 2759 1
71384 13230 1
86262 45704 1
12762 47454 1
32724 29250 1
4569 52507 1
22091 90380 1
35270 35232 1
94309 77494 1
54905 97630 1
37986 53094 1
57308 79059 1
98760 99328 1
27499 26089 1
30949 41277 1
37451 2578 1
39219 6422 1
41908 38456 1
44255 62393 1
96508 88638 1
49509 97585 1
21848 67323 1
1778 93230 1
37577 11213 1
70938 69246 1
37898 37930 1
74219 90455 1
2752 3263 1
94187 63110 1
38230 76821 1
80751 77448 1
82886 69330 1
18738 25753 1
73338 50372 1
21949 77056 1
34600 10115 1
82043 68671 1
55751 98488 1
48863 43910 1
85517 44406 1
4692 45923 1
63502 4702 1
2008 43993 1
99810 51569 1
48614 55665 1
38898 53462 1
12728 75209 1
45140 97916 1
33483 95901 1
98335 98836 1
60144 9962 1
48659 13797 1
94271 36822 1
46762 40242 1
88521 49826 1
89592 94150 1
6440 53482 1
7611 17664 1
12746 34229 1
982 80705 1
13470 15788 1
48180 54799 1
32304 68611 1
49498 49646 1
68591 83620 1
68587 41089 1
98017 5795 1
12586 53682 1
42834 78731 1
56766 12280 1
38343 7939 1
79779 69383 1
40240 41787 1
97162 74574 1
71555 43633 1
14490 47033 1
24553 45324 1
94942 45099 1
74460 64961 1
90413 87239 1
58046 84422 1
90027 27048 1
14356 96696 1
54983 64538 1
82473 46916 1
10273 94192 1
22397 51247 1
56136 31373 1
15631 49833 1
67406 37666 1
26107 2818 1
90698 3276 1
56610 21309 1
82459 3567 1
19742 84692 1
84604 4944 1
89889 30157 1
67605 57541 1
25884 41496 1
18414 79943 1
84286 88475 1
81711 19064 1
76366 80640 1
1458 83590 1
78681 48374 1
47348 19583 1
77117 27363 1
31897 65163 1
50484 75095 1
68426 47701 1
23213 88126 1
37400 58594 1
30474 66842 1
9859 50615 1
55871 31760 1
90978 28556 1
93851 48835 1
49013 11130 1
84934 47076 1
15933 47944 1
28393 34672 1
76350 51437 1
87767 22549 1
2028 68371 1
31042 45628 1
42183 60928 1
24396 23177 1
23524 42703 1
11873 33442 1
73711 40929 1
94716 95189 1
3001 58844 1
33811 76165 1
18990 25272 1
94162 27229 1
93078 23458 1
56670 49709 1
86859 92777 1
75032 70363 1
52169 47150 1
22388 58136 1
82901 3051 1
10692 86017 1
36639 61014 1
20175 45025 1
22435 43452 1
52908 69534 1
67237 71327 1
70689 45440 1
10165 23551 1
95636 13575 1
26175 99368 1
43911 6558 1
69209 93955 1
55578 55182 1
94010 3669 1
10958 17379 1
22333 37 1
16933 40220 1
94884 72983 1
45218 46601 1
20672 96984 1
80900 69670 1
19764 50470 1
35383 2170 1
98820 72401 1
44741 85944 1
3344 61898 1
90160 37280 1
50691 51527 1
41137 68858 1
73739 68881 1
54850 39853 1
42089 86938 1
30770 29989 1
52681 14015 1
63670 29991 1
2534 2500 1
74048 45186 1
78323 7874 1
16643 11069 1
60822 16821 1
32008 8042 1
37286 11347 1
74264 84523 1
33418 82709 1
50067 49761 1
26660 76563 1
50317 24417 1
95218 74914 1
49756 92088 1
32022 5258 1
96426 60017 1
67921 78159 1
16052 47960 1
61398 64594 1
50575 5571 1
14697 41860 1
61238 87332 1
83176 77259 1
91202 94114 1
14116 98004 1
9490 96365 1
88678 81659 1
1013 20524 1
76535 49090 1
82261 79455 1
78668 70610 1
47118 77068 1
71995 33783 1
43402 6579 1
48848 74605 1
74872 18265 1
31050 29269 1
2307 29095 1
55802 27185 1
97572 71939 1
62907 21830 1
92539 17378 1
45434 63929 1
29845 59599 1
74710 85942 1
37645 97218 1
1120 68015 1
22093 44122 1
18837 69206 1
49890 51876 1
81150 65825 1
54211 26537 1
4930 81294 1
54667 23706 1
52142 55425 1
46479 68712 1
76930 18487 1
20663 97181 1
11139 68159 1
74673 97886 1
63495 23562 1
34114 96480 1
84273 36500 1
5359 94850 1
63120 39385 1
8799 50605 1
45347 64248 1
23048 83600 1
23625 17063 1
43504 95679 1
31176 78713 1
66958 34899 1
55523 29707 1
85518 31608 1
7300 44351 1
69744 25943 1
13234 17082 1
83483 2461 1
75319 65042 1
89029 8171 1
82656 6435 1
81404 23688 1
24956 20955 1
59044 86461 1
95088 49324 1
13406 41060 1
88375 76691 1
29940 78344 1
99759 19534 1
68415 76465 1
25199 33306 1
4101 22092 1
52193 25053 1
83048 67954 1
42539 36802 1
82870 20320 1
17771 58094 1
61979 62775 1
1085 60193 1
18700 848 1
32711 78030 1
82192 18526 1
14138 36179 1
89902 83800 1
64815 3142 1
27111 38681 1
81704 865 1
53500 30491 1
17386 52894 1
81384 60532 1
70766 82702 1
15353 92408 1
89496 17411 1
4640 32360 1
33624 73185 1
6763 48680 1
61403 22654 1
47338 94179 1
61381 61389 1
40473 92787 1
82255 73494 1
50354 69935 1
20858 35334 1
29740 35115 1
19797 59649 1
82403 20704 1
74154 31986 1
26289 74355 1
43297 49413 1
2835 45326 1
16055 28760 1
60413 48484 1
38211 72028 1
74632 35435 1
95372 63304 1
52907 31989 1
69813 47180 1
49684 85862 1
8565 53082 1
57747 25628 1
93177 62304 1
77946 27433 1
17196 27377 1
75213 62821 1
29288 55285 1
17503 72702 1
83473 58759 1
46449 66782 1
38348 77618 1
35329 61299 1
11663 22025 1
57484 40894 1
51821 56351 1
71963 11109 1
47042 51841 1
35597 6036 1
82314 2102 1
94726 19609 1
48435 64883 1
30440 64354 1
81334 49056 1
86092 671 1
74042 29042 1
41680 76656 1
46746 95956 1
96958 92452 1
28581 54297 1
69020 47691 1
61353 19618 1
65769 37801 1
12573 62639 1
52923 89920 1
38293 9958 1
42145 8504 1
90921 23991 1
69460 69399 1
5015 94749 1
71645 72749 1
53713 33974 1
58172 28259 1
88796 14594 1
90591 87792 1
90882 16740 1
68136 12127 1
57200 49158 1
21157 16651 1
70300 49097 1
58328 66754 1
3423 72727 1
91692 43016 1
87250 95508 1
48446 86695 1
81879 84213 1
55972 3090 1
49680 43133 1
57265 38314 1
37255 16816 1
78638 6809 1
32873 80851 1
48200 9788 1
93581 65529 1
73563 43359 1
64533 20980 1
28333 28088 1
47768 88356 1
52433 6851 1
47386 30743 1
44084 32821 1
22174 80983 1
91767 56529 1
80416 90416 1
53826 43283 1
47614 26672 1
51197 96275 1
32566 9042 1
28669 48739 1
85428 1435 1
6026 3414 1
98486 38591 1
69554 9862 1
85715 9639 1
73935 31589 1
69666 60612 1
93216 80659 1
66293 50653 1
64726 60713 1
62863 69496 1
43349 75634 1
88598 22706 1
39688 12094 1
45741 99576 1
62445 17066 1
35610 99551 1
26939 39760 1
65316 16586 1
96609 51646 1
4347 5711 1
91814 56451 1
61897 90103 1
48084 66342 1
901 27607 1
49917 91182 1
37073 98900 1
44716 25192 1
41111 93142 1
46649 70939 1
90723 73363 1
12469 83096 1
57491 92062 1
71245 46843 1
18980 90826 1
61303 47615 1
41662 40276 1
87756 11156 1
61076 51720 1
3623 48056 1
52628 30875 1
71033 5507 1
15857 10724 1
98757 49054 1
16493 70814 1
9994 7496 1
62584 10294 1
62244 96619 1
44306 85616 1
97699 85007 1
2041 32655 1
81876 24739 1
22508 6611 1
93739 83259 1
94336 45910 1
72272 74970 1
26926 5116 1
65408 95238 1
79176 42385 1
80943 17946 1
23324 31163 1
82958 68408 1
28488 19044 1
36162 83193 1
64899 82019 1
37358 51240 1
32156 11560 1
24746 39049 1
93275 13263 1
31226 83655 1
3573 20397 1
46423 37780 1
49772 11697 1
67403 4530 1
94865 47973 1
20086 77373 1
90614 21944 1
71669 35306 1
9709 4997 1
1746 37920 1
43259 97253 1
10173 59517 1
41880 24460 1
49361 14944 1
13973 15910 1
4612 80451 1
45279 61205 1
16419 28582 1
56890 44305 1
8227 43085 1
22891 15445 1
29728 74311 1
75926 42046 1
4051 83821 1
62741 52358 1
34362 22531 1
97232 53621 1
57277 54380 1
71904 56823 1
72455 46305 1
89344 95845 1
31657 76304 1
83771 94350 1
20422 29290 1
98788 68377 1
61289 20985 1
96377 31155 1
79510 54071 1
73285 33423 1
41590 42249 1
10918 96648 1
37027 93124 1
58556 47079 1
46277 77653 1
35821 90568 1
75629 78576 1
18803 52785 1
17195 47820 1
93878 86170 1
23899 56482 1
39635 21973 1
98903 68137 1
53089 53451 1
23540 8093 1
63676 92420 1
44776 78333 1
64935 80645 1
13303 61107 1
99542 97169 1
2304 2190 1
35282 51979 1
19495 13588 1
96703 9785 1
678 99875 1
98450 41687 1
80455 31309 1
98925 87305 1
5855 85463 1
47663 90202 1
88563 91676 1
45639 26128 1
39852 75052 1
86815 45073 1
73787 30932 1
966 58647 1
23940 6803 1
57656 1687 1
18219 32299 1
7253 32457 1
88901 5600 1
39504 69918 1
789 33983 1
2570 41165 1
72181 89600 1
83891 99920 1
94890 23897 1
23327 32353 1
84380 53460 1
45346 73900 1
74821 78694 1
71688 96313 1
90383 35912 1
44963 53136 1
11027 15360 1
96284 50000 1
67240 15423 1
23035 25261 1
695 42700 1
48085 10530 1
11394 13843 1
38651 11656 1
88606 91709 1
28756 96713 1
61463 79810 1
13680 82347 1
96970 1915 1
92659 62814 1
27387 20416 1
468
