716 1
62382 34898 1
15228 87931 1
46940 69311 1
60431 30632 1
6527 63011 1
74879 43566 1
12543 44219 1
80667 50354 1
92844 96246 1
31060 56217 1
42515 28130 1
39646 4179 1
56263 82558 1
58576 46232 1
91270 85087 1
83263 62637 1
54820 45879 1
58042 50320 1
4277 30848 1
30858 87996 1
80175 95288 1
26901 7254 1
52186 97862 1
490 75536 1
93188 52462 1
94676 9787 1
7608 68889 1
16831 51125 1
12553 21610 1
26794 92154 1
66679 58762 1
46436 40167 1
79168 26585 1
80825 13114 1
39565 17279 1
42141 48884 1
77880 64212 1
53053 74504 1
43446 63647 1
81945 80974 1
36341 9303 1
85438 71427 1
1225 24728 1
50952 25823 1
69075 11760 1
38755 31925 1
15674 25585 1
41064 69683 1
8514 39844 1
65271 31526 1
82117 34690 1
86046 50997 1
38685 93349 1
61973 251 1
19856 54311 1
43411 43581 1
77363 97829 1
30695 775 1
34180 70138 1
67934 82519 1
91539 27106 1
50694 82861 1
88760 98497 1
23518 45522 1
86098 51484 1
36518 14369 1
35907 5985 1
45570 88575 1
68126 97093 1
53555 47017 1
60791 19302 1
22695 74372 1
3901 19753 1
94956 51978 1
79668 6999 1
45288 42559 1
6056 23 1
56843 72298 1
13338 17699 1
78563 57487 1
45106 80474 1
3759 70369 1
33529 17071 1
53257 55008 1
43048 79705 1
55912 2052 1
72285 37439 1
51126 1354 1
50986 10119 1
2538 59154 1
99296 23001 1
74338 16596 1
9838 58019 1
20737 18777 1
43189 79688 1
78145 89402 1
9750 92952 1
51855 61088 1
13594 43896 1
9941 26958 1
79697 86909 1
70305 26141 1
63165 11718 1
95589 70703 1
42133 21554 1
90846 67563 1
99242 39099 1
27350 84538 1
43605 85849 1
20646 95860 1
97042 81126 1
23146 50394 1
39352 38439 1
32006 32976 1
19769 89018 1
59279 9258 1
30459 47390 1
35133 25782 1
77286 95679 1
26200 8724 1
40690 17134 1
45089 23934 1
53203 81443 1
18960 48587 1
23152 85172 1
64839 86028 1
35476 3552 1
56382 85534 1
25483 29396 1
93919 63572 1
63397 87678 1
73132 98350 1
45381 84496 1
67615 19503 1
40465 22431 1
66047 90136 1
72939 27420 1
41881 48813 1
2439 49210 1
72496 66428 1
71935 86548 1
58292 17172 1
42044 80155 1
18637 88562 1
85068 57641 1
83445 74017 1
38864 1247 1
42030 53724 1
13963 7694 1
29611 89742 1
12416 50563 1
6808 78939 1
65143 99744 1
98432 17227 1
4909 91845 1
18551 73014 1
71615 65144 1
99978 77437 1
43152 99837 1
12910 79326 1
71679 53556 1
52863 54901 1
70533 22207 1
99287 10428 1
96232 72184 1
62754 71530 1
14680 19081 1
20285 72359 1
13516 14815 1
3252 68942 1
15855 92979 1
61833 88948 1
31880 75335 1
82189 24922 1
36381 36138 1
89575 24695 1
4891 18037 1
90749 81505 1
3702 23990 1
78235 21605 1
70759 89452 1
44076 6930 1
61694 78802 1
98898 31575 1
62988 93663 1
93102 15312 1
72092 81381 1
1648 71279 1
99887 40900 1
69612 2599 1
52988 88806 1
27379 41209 1
83241 74951 1
84090 72892 1
70337 47402 1
9732 22363 1
27901 57847 1
4768 53625 1
9992 29552 1
488 39543 1
33967 37245 1
21053 93093 1
50550 81603 1
69200 85760 1
32646 10762 1
2979 8944 1
6665 75046 1
12832 89398 1
73704 7392 1
18846 87994 1
98252 35510 1
59708 61086 1
92374 10819 1
45661 43135 1
52763 63808 1
74910 20203 1
50425 66633 1
9739 52173 1
51499 66750 1
18264 17535 1
66320 30923 1
24318 52188 1
74403 42950 1
57883 70773 1
78712 52716 1
72642 61067 1
69527 69672 1
93111 59544 1
71330 42085 1
43060 98556 1
98153 94936 1
62013 88504 1
18996 51858 1
35900 27229 1
69328 59256 1
51581 30467 1
33308 45174 1
39979 80553 1
94172 92801 1
22827 56267 1
38425 46652 1
29222 74700 1
73332 94005 1
43466 81630 1
8109 78845 1
30882 43729 1
62372 45393 1
61621 86311 1
87820 56122 1
25638 42092 1
70845 59231 1
72760 44906 1
99721 46493 1
26206 25917 1
28735 52377 1
31886 27847 1
26736 24888 1
17887 49098 1
84554 79272 1
31598 68186 1
83967 62125 1
80963 6703 1
9815 20234 1
83813 55788 1
75728 88952 1
55626 10614 1
315 60508 1
26043 41633 1
17533 98352 1
97824 23378 1
48560 75791 1
93069 18006 1
83116 27218 1
31542 10215 1
691 50888 1
75613 22325 1
25248 28860 1
63027 26867 1
61054 18779 1
66984 5711 1
91228 16704 1
83158 53422 1
88003 16849 1
40923 19224 1
77183 1236 1
37255 53811 1
88273 64821 1
49644 23588 1
91998 90513 1
74205 49869 1
81506 35348 1
32856 43633 1
51480 96414 1
78278 77394 1
47473 71136 1
79056 10364 1
67478 23887 1
21391 68553 1
36307 6531 1
13627 32998 1
10433 40254 1
70762 38280 1
71292 70488 1
85975 39011 1
90470 18739 1
83056 36915 1
17403 53398 1
18642 3724 1
95407 69927 1
49480 54877 1
71535 64189 1
51135 82323 1
79125 54306 1
77698 37788 1
40380 80726 1
40855 80552 1
93928 24189 1
21555 36672 1
9503 4782 1
85066 10486 1
61925 76967 1
54143 57017 1
25693 59629 1
16877 17927 1
90941 12859 1
11005 13221 1
64674 44524 1
39662 5159 1
47662 93136 1
99841 21722 1
96178 40498 1
39371 13719 1
82161 98705 1
84970 37544 1
41384 69037 1
55326 56101 1
13853 44510 1
29403 80052 1
94283 99802 1
45737 98384 1
11878 4578 1
48819 53461 1
69454 76958 1
77009 22299 1
84825 74654 1
71754 32367 1
27219 40141 1
51914 1566 1
49353 66764 1
44879 33470 1
72106 83840 1
3416 37178 1
17600 34396 1
34540 69691 1
36081 66436 1
13576 76400 1
78471 26217 1
24260 4751 1
61423 16649 1
15967 74856 1
82489 78194 1
74041 81906 1
51033 64678 1
61310 16065 1
70409 2616 1
2742 8898 1
84879 94478 1
13529 65629 1
17569 19029 1
73439 21061 1
17791 91525 1
39926 58735 1
50911 25132 1
81380 81772 1
32457 67639 1
94908 24848 1
92643 15736 1
1598 30452 1
48711 21889 1
23130 72746 1
65289 13753 1
51519 95377 1
48817 84131 1
85161 88331 1
72882 39474 1
42692 88112 1
28617 61446 1
1433 12024 1
38479 9422 1
64033 97659 1
40344 63532 1
58736 51724 1
11839 73692 1
42811 67146 1
51184 85288 1
27352 58018 1
84140 92639 1
26230 41657 1
74821 96171 1
53748 87221 1
94887 91518 1
74011 68941 1
78662 32721 1
46630 4586 1
73836 23878 1
71472 92394 1
65855 86369 1
41096 54290 1
58067 79845 1
52562 49053 1
86629 22389 1
46943 12146 1
11991 44743 1
47370 30081 1
22737 87468 1
69092 74897 1
73524 29256 1
48454 94894 1
16480 1325 1
85285 63423 1
30845 58631 1
80500 17127 1
30394 86694 1
35398 79741 1
76944 50879 1
24450 2589 1
74353 6659 1
77129 6472 1
62258 81686 1
90943 10869 1
31728 26989 1
79539 50209 1
95427 96608 1
49499 29088 1
974 28105 1
3881 57029 1
92997 35623 1
47022 18667 1
54671 74321 1
53448 79978 1
52848 35309 1
75901 94897 1
66176 53894 1
72256 85359 1
9594 6739 1
93015 2951 1
73107 9298 1
57925 7818 1
13036 48117 1
42893 15734 1
74039 37248 1
78726 54034 1
79970 36078 1
78882 50269 1
28016 9483 1
50233 76445 1
66182 46662 1
71296 22480 1
52440 33309 1
78008 29667 1
11903 44787 1
47310 81013 1
37002 71645 1
54716 52322 1
66020 23595 1
84110 66427 1
5172 50272 1
30444 68722 1
13063 49054 1
94268 70582 1
858 7541 1
28891 63819 1
39397 46953 1
45610 20795 1
23602 28976 1
17895 47087 1
17599 95932 1
66684 58276 1
25934 56198 1
42303 30853 1
82225 38061 1
42396 69325 1
8032 37763 1
31494 85084 1
86791 44204 1
67193 73037 1
52349 64498 1
80363 22160 1
48232 18730 1
51287 75446 1
96566 50938 1
9546 77099 1
181 17053 1
79542 26410 1
26588 65283 1
85674 41455 1
65614 59098 1
32461 44329 1
7737 57233 1
69476 14076 1
61501 15041 1
85677 64230 1
57366 86705 1
6258 61995 1
8627 22844 1
24343 377 1
56181 5283 1
85251 15233 1
4895 25854 1
28410 11647 1
37228 72033 1
75409 64038 1
74482 79036 1
67995 69410 1
19560 23051 1
11633 82729 1
98063 55843 1
10509 87377 1
43054 69491 1
6674 88260 1
6941 98015 1
39984 98986 1
30587 70573 1
98282 99873 1
22977 27900 1
87020 2877 1
54460 98070 1
50677 47908 1
85915 81866 1
49086 96016 1
10195 9573 1
63486 95792 1
33886 74408 1
54312 99064 1
82616 5685 1
9275 64320 1
94032 49236 1
4699 5417 1
50222 42347 1
50417 74887 1
94196 59814 1
99152 23332 1
3217 24985 1
89101 16210 1
41051 34915 1
84860 45823 1
23372 8216 1
78062 47071 1
19427 37876 1
18024 61779 1
61922 44010 1
85917 82372 1
20530 72482 1
79869 66053 1
4511 92625 1
86091 2282 1
98188 5885 1
83274 40089 1
41224 26907 1
8170 4354 1
96770 33489 1
97484 51920 1
80375 99664 1
16192 63801 1
59438 3829 1
59297 68457 1
2836 37241 1
34617 88654 1
91782 41279 1
13480 10268 1
15810 22891 1
82103 31795 1
33863 10786 1
34460 30439 1
66193 52756 1
12865 46913 1
69646 18432 1
15822 56871 1
1183 70865 1
89699 91910 1
50406 16841 1
38570 24458 1
18914 22808 1
13210 86368 1
72525 94252 1
53806 66196 1
12769 94364 1
19007 32561 1
24313 70783 1
77740 37484 1
68593 18929 1
79192 88423 1
16052 72002 1
87852 47780 1
38181 85282 1
94222 95152 1
64779 9369 1
11506 91159 1
13758 88829 1
39693 40542 1
20141 7892 1
4372 1847 1
8642 39215 1
70500 32459 1
10271 26616 1
74467 42529 1
1819 94086 1
51035 23660 1
90903 69313 1
66995 18386 1
70554 47688 1
40803 64715 1
2200 16993 1
66014 14026 1
10859 66448 1
19158 60929 1
55071 75223 1
16687 9513 1
36441 15272 1
1968 13379 1
21568 36445 1
46266 32754 1
2571 46725 1
15864 63247 1
52561 39790 1
34576 11625 1
83991 13570 1
67966 65573 1
18238 95930 1
28732 45933 1
66540 43598 1
48055 65030 1
11021 35719 1
12830 65765 1
62878 23015 1
9198 28862 1
73351 35921 1
25273 9026 1
28013 11530 1
81812 39323 1
95673 30448 1
43330 26154 1
74164 74670 1
48959 64726 1
38051 24781 1
70290 46952 1
92424 40899 1
58063 60297 1
29353 48465 1
68197 68851 1
57073 29200 1
51339 7576 1
16966 40012 1
99532 25206 1
27081 91243 1
1138 12019 1
41274 10507 1
4863 40831 1
39154 42547 1
9630 21052 1
5394 15172 1
37504 71882 1
47322 78874 1
62540 499 1
68238 37671 1
99474 53517 1
28125 40921 1
61830 41772 1
38605 61038 1
21031 53795 1
30436 74275 1
11093 72723 1
58366 17606 1
82571 62598 1
52987 30115 1
9976 50052 1
14649 61574 1
14033 42307 1
85547 87848 1
84132 83273 1
86626 58212 1
48821 71580 1
24410 84040 1
38367 66613 1
17749 86509 1
94125 22707 1
11864 46446 1
69589 75373 1
45825 64957 1
44235 94747 1
42244 41352 1
32150 11947 1
42183 29899 1
75363 87100 1
19041 51215 1
56764 38197 1
12880 33410 1
95802 96007 1
86894 89109 1
95182 68962 1
74955 19082 1
54223 42151 1
7241 42977 1
31217 96976 1
15685 88453 1
40874 4904 1
19055 74820 1
673 60880 1
73463 95056 1
83151 44160 1
10874 4790 1
87777 2756 1
6321 51939 1
30746 60537 1
68663 60481 1
21622 62757 1
158
