318 480
7489 297 8269 9738 8347 3115 7346 1458 1909 5187 4941 8157 4245 8158 574 8727 3794 6987 6144 6076 4694 3685 3855 7189 1965 6790 4214 6103 9791 3014 1671 6825 1141 8589 243 2910 1525 3059 2896 5021 8440 5822 1781 9113 833 4671 2203 4481 8525 7789 2965 2423 350 5119 6970 1908 6509 1624 8692 154 9252 6435 4964 5839 5351 5194 857 4908 7115 4215 3166 5624 1135 976 83 3286 5747 6340 4292 6460 386 1816 352 7149 3821 985 9980 2953 2904 1670 9889 9114 5811 3745 9929 6524 1306 6296 6617 5115 2189 3649 7730 5525 4871 7757 5838 9889 8552 2916 9972 7913 9396 8429 2200 9815 4805 7592 8539 2938 7734 883 5555 4742 732 8361 5706 9169 9235 2198 6596 7750 5675 5054 6485 9445 4262 8792 136 7674 8962 7669 327 9225 8978 663 6843 8894 681 2114 3629 9477 7459 246 5071 2240 5203 6152 7914 6778 3264 9266 9352 9474 4162 1120 2559 3439 7446 6999 3050 4935 3831 7964 6351 4206 6482 6242 412 2388 8254 3746 9997 2799 7663 6606 5566 3622 1153 8864 7049 3019 4538 9026 1575 6777 8161 1740 4574 967 1993 4548 3093 5021 1390 5745 4487 6603 1288 533 9751 157 426 112 851 906 1183 7035 8952 6040 3372 9329 4671 2309 5471 7210 6035 4351 4278 5020 7301 1959 653 142 1353 5096 14 2054 4631 4344 7325 7906 6612 6190 5011 1897 8340 1580 9823 8165 3825 9477 5349 8488 209 6120 4383 9833 6216 816 2660 7176 5455 7794 887 5778 3011 5195 3754 1234 946 2867 8427 9234 3775 8 103 4118 2980 8459 7523 8511 7621 8823 5846 9708 737 2308 2281 739 2838 8966 3192 4050 5058 8000 717 1274 9493 4585 4019 7583 9925 844 2320 2794 7427 8051 7980 5507 9163 938 7638 8015 481 3038 3692 9864 1765 3219 6984 8702 4368 4680 3918 6608 5730 8047 6845 3706 2253 8711 7612 5148 1476 5148 6606 9846 214 4950 8993 6759 4256 850 6940 4267 5865 5542 887 2680 3705 1691 1567 8440 8976 5956 845 6027 3672 7397 8711 3199 5774 3357 6495 9022 8991 896 1396 3196 1234 9502 1832 2059 266 2297 2833 8128 6838 8664 2506 557 7686 9303 209 8297 84 8437 7008 4791 7191 2956 5867 9399 6466 2869 7440 940 3466 7509 6230 9453 1528 4293 37 4267 8817 7906 2946 4200 9978 912 3904 4063 7144 2625 4054 1757 8289 3000 9055 2889 2659 3643 1496 5569 3004 6550 3197 4269 8463 1646 5891 57 3343 3111 5989 5199 8665 6681 3015 7194 4331 2126 8722 4838 3966 9922 6289 6869 991 996 9244 1077 5355 710 2604 3187 5898 3251 1856 3408 5628 7579 7484 1991 43 635 7964 1506 9138 5195 7101 1626 5336 3131 8264 3883 2484 3939
5161 40 159
8050 58 157
-5043 81 348
-2666 82 355
-4861 97 128
4420 145 36
1163 199 388
9359 276 472
5929 325 382
1462 328 262
-9958 332 416
-3419 335 93
8352 360 189
-9354 443 16
-643 525 465
-7302 557 418
-7461 638 81
3642 645 163
6048 649 469
4293 789 324
7061 878 210
3004 923 114
792 939 145
-7824 949 304
-2418 961 182
46 962 105
3099 963 73
8770 1041 374
9132 1085 120
8019 1102 371
5606 1146 166
-9435 1200 10
1066 1219 473
-8965 1252 148
-4352 1279 480
2242 1344 202
23 1370 365
-5451 1384 353
29 1393 80
2639 1438 178
-2594 1441 55
7679 1454 343
-9582 1495 377
7122 1498 57
2738 1504 288
-5105 1539 279
7195 1579 325
-563 1591 282
-5963 1615 97
-6132 1628 437
-3602 1646 480
7275 1674 49
-6493 1677 113
6541 1681 478
8538 1750 277
589 1873 278
9 1883 411
6115 1925 74
4627 1975 151
-4664 1981 195
5030 2031 183
-38 2051 35
4044 2066 467
3223 2073 407
525 2079 215
-3855 2176 433
3709 2178 411
7849 2180 18
-8362 2202 50
1566 2211 308
6092 2215 122
-2845 2225 264
-264 2227 169
1648 2234 316
1011 2296 11
814 2298 348
-5266 2366 431
-5496 2421 164
9514 2430 275
-5722 2507 374
3478 2531 443
-6883 2550 79
6685 2557 326
-7866 2577 73
-9800 2587 242
3191 2611 47
-8849 2637 90
5950 2694 463
-5777 2698 403
-3813 2700 194
-3776 2705 34
3404 2708 308
-7676 2816 332
1196 2825 27
2856 2829 128
1969 2848 329
-4172 2883 122
-7321 2888 151
3028 2890 229
2418 2894 230
1481 2942 5
-9989 2944 479
9687 2979 187
-3522 3079 469
9624 3117 19
-869 3121 371
1037 3127 413
-4454 3134 28
656 3148 174
-3569 3213 208
4398 3221 233
-9820 3228 451
-4580 3247 183
-7460 3270 230
7186 3283 40
3161 3299 381
7706 3318 162
-4566 3332 148
-1581 3343 328
5884 3378 90
-7318 3391 183
7847 3465 169
5980 3480 372
-4755 3492 218
4518 3530 47
390 3614 408
-879 3665 24
-3451 3951 101
-130 3980 290
-6738 4135 165
-8798 4137 214
9364 4138 5
-6807 4152 281
-758 4192 437
8223 4230 151
2271 4246 365
-3532 4268 125
6810 4288 272
-1094 4300 310
-3541 4321 416
-6236 4348 111
-4651 4365 148
-3695 4390 378
-7677 4429 178
-3486 4443 178
5467 4454 384
5597 4467 182
-9562 4478 184
-2525 4484 110
2790 4541 357
6325 4600 255
5708 4614 160
-5629 4615 44
-8689 4627 403
-5682 4650 42
9151 4676 294
9770 4697 392
-1077 4720 460
1986 4757 52
-1625 4790 186
-9798 4810 213
-2810 4821 70
-6594 4825 48
-928 4879 39
-1962 4887 62
-3645 4928 286
1137 4931 148
9439 4957 17
4979 4975 10
4389 4977 173
932 4998 393
9037 5004 195
-2732 5033 25
3649 5037 119
1167 5144 80
-8607 5164 56
-3529 5194 90
3096 5215 144
-8994 5234 413
-5973 5264 345
7274 5425 75
-9059 5442 207
7699 5531 263
7246 5532 215
-2135 5577 32
9768 5598 430
-6575 5608 125
-904 5643 273
-1120 5757 140
3327 5796 426
1869 5890 422
-5417 5986 141
6727 6028 318
-2188 6076 23
-7647 6102 233
5889 6151 440
8981 6161 470
-8697 6167 330
-8198 6191 284
6958 6199 420
-5509 6224 378
3278 6240 173
-5789 6304 402
5329 6350 59
5850 6412 111
-6770 6419 120
7929 6422 116
-5280 6463 226
6983 6517 411
-3999 6596 184
5180 6688 408
-3681 6725 401
9241 6728 51
4509 6752 282
-3055 6823 48
-6085 6890 420
303 6897 73
-3662 6912 106
-763 6998 14
-4646 7019 324
-5401 7145 133
-227 7165 214
1477 7216 94
8281 7250 344
-2669 7341 70
3195 7377 306
-1106 7448 134
-9168 7464 112
-5322 7504 185
-6269 7506 462
2622 7556 81
-8321 7578 107
8035 7632 450
-7820 7646 75
3292 7692 261
-6419 7724 263
110 7735 69
-9023 7749 202
6370 7751 292
8590 7846 468
8083 7852 256
-2226 7864 55
4116 7868 132
-7238 7881 182
7393 7888 425
6119 7892 203
7835 7922 412
9135 7954 290
2047 7955 224
1210 7969 472
4945 7985 235
-9664 8013 382
9054 8060 471
178 8108 334
-7736 8119 23
2927 8133 315
1927 8158 406
3284 8175 57
3525 8179 407
-9764 8216 345
-9204 8264 60
2954 8279 418
4410 8283 432
-5900 8371 131
5612 8399 30
-6469 8417 390
7197 8418 117
4090 8443 115
-1420 8497 213
5987 8529 51
9091 8592 310
-672 8643 215
5024 8663 440
7579 8678 172
-6365 8714 391
6276 8743 398
-3091 8782 176
-5580 8813 455
-7044 8817 259
-9201 8846 181
9952 8872 43
-1682 8915 390
-8260 8920 470
1042 8936 259
-7574 8942 32
-5784 8953 183
1216 9025 440
-5650 9037 122
6852 9067 288
-3038 9097 213
2141 9158 22
4995 9179 178
1209 9323 479
-2669 9349 320
-547 9370 242
787 9376 93
-1708 9396 17
-7665 9411 256
-1739 9434 175
-7613 9500 35
635 9534 402
1609 9546 173
-9630 9555 418
-4139 9585 247
5916 9600 354
2667 9624 236
6733 9667 306
-4388 9672 455
5697 9708 53
6714 9747 91
2877 9791 106
-8514 9794 226
8403 9805 327
-9118 9810 468
2692 9826 305
4443 9846 284
5139 9876 228
-1318 9941 308
