924 828
4 53 42 85 75 27 36 73 95 37 67 47 24 85 6 37 96 3 94 32 57 26 82 91 61 71 91 17 45 91 18 61 90 31 70 53 49 39 2 9 51 90 42 24 26 57 82 68 5 79 25 13 44 44 8 77 56 4 7 42 78 42 4 59 74 93 1 44 19 13 23 26 19 69 77 83 3 77 76 57 54 81 38 47 22 6 71 99 71 50 88 97 76 88 87 61 7 27 80 40 52 71 2 96 63 25 31 92 70 38 78 27 81 41 12 72 94 26 88 63 83 24 64 33 30 3 59 39 97 39 57 43 28 3 52 21 57 26 75 50 53 74 67 42 66 83 64 100 99 13 47 2 12 70 6 15 80 69 51 1 37 75 72 25 21 64 0 22 67 76 41 44 64 48 36 67 4 17 20 24 93 3 64 53 31 28 72 13 65 35 66 18 70 79 28 23 61 44 71 84 56 96 5 78 100 98 47 84 78 47 9 5 80 62 86 68 1 72 96 99 63 94 90 8 73 6 54 96 61 0 72 61 41 19 28 53 92 48 50 90 7 79 39 40 47 57 4 27 42 4 14 78 49 69 45 66 10 61 89 96 54 34 10 51 24 50 44 100 2 96 78 27 5 81 34 67 0 89 26 14 25 55 64 23 75 21 86 25 81 17 26 100 29 30 6 75 1 84 47 46 37 55 98 60 17 28 14 52 86 5 4 45 71 43 62 64 91 50 42 46 78 43 49 86 13 73 92 37 24 83 24 73 53 92 84 84 6 56 52 28 1 34 33 64 4 39 63 81 85 59 29 29 45 30 70 46 60 95 54 3 35 45 24 22 9 0 50 69 68 64 59 32 26 21 66 0 80 93 18 76 39 17 87 26 27 9 36 80 48 39 36 81 44 63 75 70 82 7 98 78 87 2 84 38 41 26 71 35 71 67 4 58 97 95 51 36 54 2 28 12 75 65 63 34 87 74 25 17 72 63 55 82 34 3 92 73 81 74 11 44 0 17 36 10 24 56 92 93 15 27 85 91 3 45 56 92 34 9 1 38 45 25 48 44 13 4 80 63 45 51 49 48 37 97 19 30 89 4 72 35 16 52 76 78 37 86 21 15 66 14 57 6 89 94 56 48 61 95 29 59 53 20 46 4 36 18 11 57 40 23 41 51 11 67 75 82 69 51 46 59 15 86 85 41 62 76 77 5 34 84 56 64 35 16 80 48 95 5 65 5 90 46 81 98 66 58 8 30 15 68 47 40 66 82 94 42 45 67 65 69 48 63 77 36 53 62 52 5 40 7 40 4 5 64 0 8 75 50 44 45 12 22 38 88 87 72 92 42 41 88 10 18 46 34 35 29 95 41 61 46 56 73 94 30 4 19 64 85 58 9 6 43 48 24 6 28 74 22 13 30 5 65 5 83 14 72 5 22 68 17 80 87 21 40 36 43 42 2 30 69 87 43 55 6 52 85 75 61 35 55 84 34 7 9 27 69 93 44 19 78 60 47 78 97 94 94 40 60 68 22 16 38 97 11 84 71 62 21 2 32 84 26 63 79 52 23 80 56 13 64 52 46 3 44 45 73 43 18 40 74 90 91 17 4 25 15 12 85 11 26 4 4 7 31 53 65 7 63 34 46 36 34 4 66 77 39 42 50 66 39 33 80 1 20 57 55 36 36 13 9 71 9 50 92 65 48 87 21 32 45 27 13 53 24 5 22 14 59 60 37 89 44 24 23 87 87 84 86 98 73 59 70 29 67 20 43 50 30 50 21 70 20 66 100 92 91 49 29 54 35 92 38 32 35 48 23 89 91 2 19 56 59 73 80 1 38 14 2 11 24 63 7 23 43 69 1 44 71 93 95 4 43 84 39 100 81 97 6
-27 1 28
78 5 18
-40 30 15
-63 38 5
17 56 4
26 58 5
-41 61 9
-73 70 8
53 71 10
17 92 20
-30 93 15
95 98 21
-61 107 3
-21 124 16
59 149 12
-71 151 19
60 152 16
39 174 7
45 177 24
-65 182 2
-25 184 14
-47 185 24
-55 186 5
-3 195 24
-96 213 24
51 237 5
-78 242 16
-34 245 18
87 250 17
57 261 23
-40 262 18
15 265 24
-61 267 5
79 268 12
2 293 6
61 302 4
-2 327 27
40 373 1
-54 378 17
-85 384 8
95 392 17
63 404 5
27 440 5
51 449 9
82 450 12
-11 454 28
52 460 25
-92 461 6
-33 476 23
80 502 1
52 514 8
81 518 28
58 519 9
-94 526 26
77 527 6
-16 559 8
38 563 28
-18 577 24
-82 579 11
-8 592 26
69 627 1
-63 629 8
-3 632 23
68 644 8
9 658 17
30 660 18
79 667 18
12 671 7
95 672 18
93 677 26
-53 680 24
-10 685 25
-81 688 22
-82 691 11
-37 695 0
33 726 28
8 747 24
16 759 0
13 764 12
-72 776 16
-74 780 16
51 790 1
-43 801 1
-1 831 9
33 847 3
-84 849 21
75 869 5
75 870 26
75 885 20
43 920 12
-46 924 22
-63 928 6
56 940 21
-9 953 12
-56 960 1
-100 981 5
-82 1006 16
81 1011 1
2 1018 11
-4 1031 11
5 1033 24
80 1074 19
65 1092 10
92 1101 11
24 1108 14
-26 1110 23
78 1115 25
-58 1122 12
41 1135 28
90 1139 11
-14 1146 28
-26 1149 24
-18 1153 6
-82 1160 3
23 1172 27
-17 1178 23
70 1183 3
-5 1206 20
51 1214 19
89 1219 10
10 1251 26
-23 1261 1
-84 1262 24
93 1267 1
3 1270 13
-33 1278 9
-21 1347 16
-50 1386 13
21 1388 17
-67 1390 21
-3 1391 15
-8 1393 20
-89 1396 6
-59 1400 14
-29 1409 8
1 1414 13
75 1418 2
-20 1423 7
96 1439 10
-93 1446 11
9 1447 11
-52 1451 9
71 1455 26
-70 1456 13
59 1464 19
64 1474 28
-66 1481 3
-92 1494 23
-81 1496 2
37 1536 4
50 1573 20
-29 1576 17
85 1598 7
-46 1602 19
-74 1614 0
-56 1619 10
54 1659 11
98 1660 21
86 1662 15
73 1669 14
7 1673 16
37 1692 3
-99 1698 2
54 1731 26
96 1732 4
-78 1747 20
-85 1752 11
-56 1754 9
50 1755 5
-10 1767 14
23 1774 9
-58 1783 0
90 1791 1
-91 1825 6
-95 1834 26
-82 1860 20
57 1865 25
-46 1868 1
71 1887 28
2 1896 11
-53 1902 23
54 1905 28
-90 1916 2
59 1919 26
30 1920 17
-80 1979 14
-71 1986 4
-19 1990 24
70 1994 5
-87 2021 26
-9 2029 18
76 2055 1
37 2061 6
-2 2071 13
50 2074 21
92 2111 9
-32 2194 24
-13 2209 1
34 2216 3
-48 2225 21
93 2256 0
68 2275 14
-40 2278 6
-17 2284 8
77 2288 14
86 2299 22
85 2301 23
-86 2323 19
-59 2325 8
-85 2326 10
-85 2333 5
-37 2338 11
26 2343 11
-69 2347 28
45 2361 15
-93 2362 19
66 2373 19
74 2384 11
-91 2400 23
21 2410 0
65 2412 22
-26 2423 21
5 2448 1
47 2462 17
-63 2463 0
-32 2466 14
-33 2475 13
53 2493 22
-20 2494 22
-59 2506 9
-40 2510 28
60 2520 4
18 2523 17
28 2535 21
-61 2545 28
-93 2557 19
22 2597 10
0 2602 6
50 2607 28
16 2608 25
48 2612 5
29 2616 8
-89 2672 26
-4 2674 2
-49 2684 17
40 2704 18
3 2705 26
-41 2708 14
83 2709 23
2 2716 15
-80 2724 3
49 2741 0
-4 2747 14
71 2750 17
-100 2752 7
-10 2761 25
-17 2775 22
-89 2790 9
-23 2794 11
-56 2804 17
72 2823 24
-54 2852 2
77 2866 26
7 2883 9
-35 2888 7
24 2890 23
-19 2892 22
64 2925 1
-50 2933 22
-11 2942 5
22 2966 28
-32 2972 0
38 2995 10
-100 3012 16
-30 3014 22
4 3017 5
63 3025 2
88 3057 14
-100 3059 0
-61 3074 8
20 3077 28
11 3081 25
-100 3089 26
85 3090 20
76 3140 0
92 3170 21
58 3171 3
-84 3194 18
-42 3197 8
64 3198 7
-10 3201 28
-76 3216 23
27 3222 13
-22 3234 3
24 3236 21
23 3238 21
53 3243 22
-91 3261 22
87 3262 21
74 3266 14
-59 3279 11
-72 3286 22
-89 3304 20
-84 3320 8
9 3350 16
76 3353 25
44 3362 10
-26 3363 19
-64 3384 11
59 3388 25
93 3393 6
-98 3399 14
93 3422 26
-94 3425 6
3 3440 4
63 3445 16
38 3452 17
-24 3461 23
-76 3466 7
-3 3488 5
-65 3494 19
-39 3499 5
91 3501 16
-100 3508 13
-40 3535 12
-57 3557 15
-20 3591 28
16 3600 25
71 3611 22
43 3635 7
10 3644 23
-9 3647 21
-43 3669 16
61 3676 8
-76 3699 9
-90 3707 4
73 3710 11
-33 3719 18
-11 3730 16
-55 3750 6
-93 3751 17
-13 3755 9
-82 3761 26
67 3772 23
29 3794 26
-5 3797 1
79 3802 23
-86 3819 1
66 3847 5
44 3866 22
-80 3869 27
38 3879 11
67 3880 18
-62 3929 7
44 3933 26
34 3955 19
-45 3956 13
93 3962 28
15 3972 6
-24 3979 8
91 4004 6
55 4014 24
-94 4017 10
79 4022 1
70 4051 18
13 4070 25
-91 4074 0
6 4075 20
99 4080 20
-1 4090 24
26 4091 24
41 4098 13
-24 4105 8
-84 4110 2
97 4111 16
-97 4128 2
85 4182 17
36 4185 10
-64 4195 3
69 4225 26
-68 4227 26
-56 4229 26
68 4232 24
59 4240 9
0 4248 16
-59 4255 24
40 4267 8
28 4273 19
93 4281 15
43 4309 5
24 4313 5
-61 4320 12
-58 4323 22
47 4334 4
-5 4364 11
34 4374 13
46 4378 14
63 4381 2
-94 4385 2
24 4402 6
-22 4448 6
32 4449 22
-80 4479 7
-55 4480 19
-24 4502 5
-82 4542 27
47 4549 3
19 4552 6
1 4561 15
-7 4568 27
-47 4571 0
-52 4589 21
-29 4595 0
-99 4628 7
-26 4641 17
48 4645 16
8 4648 25
-52 4661 25
-40 4664 22
77 4669 4
85 4673 27
-62 4678 19
-52 4687 11
-91 4697 4
15 4710 27
-7 4723 10
-32 4727 13
-57 4755 15
-9 4764 4
-39 4768 8
-72 4771 6
9 4785 26
55 4803 9
12 4813 5
2 4830 10
51 4832 6
-17 4841 11
-80 4842 23
-67 4849 27
8 4874 11
96 4877 18
-49 4878 25
-97 4899 15
27 4911 2
82 4920 14
39 4928 25
-92 4930 15
-36 4937 28
78 4968 1
-56 4975 7
-72 4986 6
-13 4996 20
4 5005 26
-88 5022 28
-47 5029 11
67 5034 12
92 5039 19
58 5043 18
49 5044 26
74 5048 10
-2 5064 13
-78 5085 22
40 5088 27
71 5099 4
-58 5131 5
-93 5147 2
45 5158 1
-64 5161 11
-42 5162 12
60 5167 11
100 5172 24
8 5185 16
57 5187 4
41 5227 19
-39 5233 25
-27 5281 5
-32 5288 7
-13 5297 21
17 5299 18
-82 5312 22
4 5318 11
-94 5348 0
-76 5352 1
-60 5355 11
31 5356 27
-90 5371 12
-89 5404 21
51 5418 22
55 5446 12
3 5461 4
83 5467 25
-18 5484 18
39 5485 14
24 5486 25
-47 5490 18
-7 5491 21
-42 5494 22
4 5499 19
-67 5526 6
0 5541 18
11 5549 1
-23 5554 5
-69 5561 1
-83 5562 26
-47 5569 15
72 5573 16
-65 5589 27
58 5598 8
-92 5607 18
46 5619 5
-33 5622 18
100 5623 7
39 5627 18
-51 5653 12
-39 5658 6
-9 5666 9
77 5667 25
47 5673 8
14 5680 27
-31 5685 21
-18 5692 7
-34 5693 23
30 5694 21
55 5706 28
73 5720 1
75 5724 26
59 5746 7
-5 5760 17
85 5765 3
-15 5771 6
92 5790 6
-81 5797 10
24 5805 14
70 5816 3
-24 5823 17
-29 5831 24
-36 5849 15
32 5885 0
-89 5893 13
-47 5895 28
52 5905 9
59 5921 14
-26 5958 3
83 5964 15
23 5973 5
85 5974 26
66 6009 0
-3 6023 4
0 6030 1
-13 6043 5
-88 6051 8
-21 6098 26
7 6102 17
76 6126 27
-50 6132 3
-37 6155 18
21 6174 21
69 6175 25
18 6181 24
-74 6186 19
-46 6192 15
59 6193 19
-27 6219 11
100 6258 3
81 6273 13
45 6289 28
86 6296 1
-29 6302 1
-62 6304 17
-50 6315 14
62 6326 22
75 6346 21
-27 6368 2
-70 6379 3
35 6382 10
-73 6385 15
-13 6392 5
17 6401 19
-3 6419 12
-6 6421 15
-67 6424 10
0 6438 28
90 6442 8
77 6444 5
-89 6448 9
-94 6451 6
-47 6458 24
68 6478 22
-35 6480 18
-96 6486 6
-70 6492 22
-66 6496 1
-21 6509 13
31 6511 25
38 6520 5
34 6526 12
-84 6530 24
-97 6532 17
-20 6538 12
45 6551 17
54 6559 25
41 6589 7
-66 6591 14
-59 6594 2
-70 6611 13
-11 6612 10
50 6613 0
-26 6643 27
-44 6660 26
-72 6685 24
23 6703 18
-30 6707 16
40 6725 3
58 6730 22
5 6740 2
-56 6742 8
-24 6758 2
-23 6782 2
30 6785 17
-21 6791 22
83 6799 16
21 6804 18
0 6825 5
-5 6830 28
13 6836 24
-21 6837 18
-74 6844 2
20 6872 20
97 6877 11
-51 6886 2
-5 6898 13
30 6920 8
-60 6946 4
92 6955 16
47 6966 11
70 6970 18
-83 6977 11
-96 6988 9
-62 7002 12
43 7007 18
-20 7009 12
-22 7021 6
-72 7027 2
-41 7036 10
-42 7052 9
-18 7056 18
-33 7062 7
-92 7069 18
27 7073 6
35 7077 6
38 7099 9
-28 7112 22
3 7117 17
8 7130 15
9 7150 25
-41 7162 5
68 7166 22
-24 7186 14
-3 7201 25
54 7208 25
35 7224 4
-17 7231 19
80 7239 19
-77 7240 12
87 7268 8
31 7288 1
76 7299 8
89 7302 4
-32 7311 22
74 7339 17
79 7353 27
79 7360 7
87 7380 22
21 7382 8
-96 7386 9
70 7392 5
45 7402 9
-1 7404 19
56 7420 0
-57 7430 17
-86 7432 4
-95 7435 27
7 7439 13
-21 7440 13
-6 7443 3
-41 7457 16
34 7467 14
9 7481 8
87 7491 0
-8 7499 16
-23 7505 20
18 7519 19
-15 7523 14
-21 7542 0
-25 7549 1
14 7562 1
-75 7578 12
-54 7586 15
85 7587 22
-59 7589 8
50 7605 16
75 7616 4
-36 7644 4
8 7681 12
80 7689 4
-100 7707 2
-20 7724 9
-37 7730 7
3 7731 0
-20 7732 28
96 7739 6
-49 7744 2
-61 7748 10
-87 7756 26
-33 7767 14
45 7768 8
-59 7770 21
-62 7773 3
-62 7781 26
-14 7782 14
4 7785 26
-9 7788 22
-8 7818 26
-54 7820 20
31 7833 16
47 7847 21
-22 7877 5
14 7882 22
95 7886 3
83 7888 13
-57 7894 16
-96 7902 17
-100 7928 24
-98 7949 6
-57 7959 18
-33 7968 4
37 7973 3
72 8005 23
-12 8018 10
8 8068 25
-11 8071 2
63 8081 25
78 8082 19
-9 8101 8
65 8136 26
54 8144 25
39 8147 8
-17 8148 26
19 8158 9
57 8160 8
59 8167 23
71 8179 27
26 8229 11
-84 8238 7
-11 8243 13
-100 8257 26
-13 8261 17
-3 8263 0
-14 8275 26
65 8284 23
17 8285 4
46 8288 3
95 8289 3
17 8293 19
48 8302 26
78 8306 17
20 8320 1
84 8324 20
77 8334 0
23 8349 10
-93 8352 12
90 8376 24
73 8402 8
61 8425 13
-84 8433 24
-91 8434 16
-88 8446 24
-3 8455 21
-87 8467 14
-88 8504 4
-90 8507 0
65 8535 2
-14 8557 12
-28 8560 25
-35 8578 1
-19 8581 7
-16 8591 2
-5 8636 26
-73 8643 27
98 8646 19
-100 8670 8
90 8672 24
-48 8679 20
-28 8685 16
47 8693 1
84 8699 22
18 8708 21
35 8711 7
54 8712 2
-28 8727 27
86 8729 14
-33 8731 22
39 8753 15
-33 8762 12
63 8766 1
6 8782 3
32 8799 18
-79 8811 11
-47 8813 23
-86 8821 2
-8 8831 26
43 8835 15
39 8842 3
-43 8846 7
-26 8872 1
100 8901 17
95 8911 16
-2 8913 18
56 8916 22
-90 8929 16
-88 8930 25
75 8935 5
-3 8942 17
40 8996 22
-85 9004 4
-37 9022 5
-41 9030 25
43 9032 2
66 9080 22
-68 9089 13
-36 9090 10
-50 9098 13
32 9104 3
-42 9107 25
-24 9125 19
-34 9147 27
-81 9172 26
-82 9173 6
-50 9175 23
-48 9190 6
-10 9192 8
-70 9193 25
88 9196 23
-67 9223 24
-31 9224 18
50 9225 22
-43 9233 17
-75 9237 17
-100 9240 15
-46 9248 19
-17 9249 0
-97 9257 8
-81 9264 14
97 9277 15
55 9283 19
-12 9301 9
13 9322 28
77 9325 24
-26 9328 24
86 9335 0
-12 9337 21
40 9352 22
-97 9362 16
16 9390 14
50 9414 1
67 9419 28
-91 9426 7
71 9466 7
-65 9469 2
60 9487 6
65 9490 10
6 9493 23
-96 9498 5
-98 9503 15
95 9515 9
43 9517 19
-14 9524 26
69 9532 4
1 9543 23
95 9544 26
88 9547 7
-39 9568 23
-1 9578 2
-7 9581 25
49 9614 11
92 9618 26
88 9629 25
-75 9643 13
12 9646 1
63 9649 8
25 9658 1
79 9665 24
15 9677 7
77 9689 0
-10 9701 1
49 9711 10
24 9718 3
74 9726 22
-70 9730 14
-20 9734 0
-93 9735 18
84 9739 18
-75 9756 10
17 9790 23
-19 9793 14
-32 9822 15
98 9837 28
-11 9850 4
51 9869 22
-96 9870 3
85 9880 9
-94 9891 2
95 9904 28
-29 9915 21
8 9921 0
84 9934 1
93 9947 27
54 9954 3
-90 9962 26
6 9965 10
26 9972 5
92 9977 12
66 9978 25
13 9995 20
