4724 1987
49 63 59 74 69 81 28 77 55 35 7 73 82 17 35 6 49 85 68 69 15 17 80 95 93 54 9 11 22 36 85 30 38 54 54 68 37 24 78 54 80 23 28 17 70 72 51 7 35 6 52 24 33 42 58 48 27 95 94 49 60 45 48 45 57 21 20 93 11 18 56 74 72 22 91 96 2 36 86 24 5 79 4 73 42 58 79 98 47 28 71 78 26 56 65 26 50 37 16 64 72 55 27 90 83 28 21 69 98 73 93 10 89 44 95 59 90 33 67 27 92 91 95 58 31 36 22 78 25 94 71 75 67 23 65 95 0 46 31 36 95 17 68 33 8 75 54 86 28 0 0 94 26 92 24 91 69 26 75 78 14 87 2 67 8 55 3 43 9 14 24 2 31 35 97 20 39 83 4 22 60 20 61 86 66 12 63 35 77 86 45 97 83 15 21 52 82 6 18 12 62 9 76 4 24 25 77 29 3 35 34 77 26 0 46 43 22 19 15 55 93 92 79 36 94 46 20 90 67 43 1 74 23 50 76 5 41 29 92 56 40 67 87 32 95 92 57 44 59 22 4 48 64 8 78 53 30 97 11 22 73 27 98 77 8 59 65 32 85 12 70 94 26 16 72 77 23 75 99 32 14 98 9 26 10 52 37 33 36 30 60 68 47 76 78 58 98 64 10 88 99 78 24 45 53 35 78 51 36 52 84 83 22 17 28 82 87 67 82 69 60 21 62 9 72 97 54 4 81 65 48 59 20 30 49 8 51 21 74 81 19 90 7 95 38 31 6 52 78 2 33 70 19 37 3 81 7 57 96 64 58 34 99 22 39 86 91 24 15 83 79 13 94 17 25 78 8 37 22 49 58 45 94 17 80 36 24 28 43 66 28 86 67 12 96 24 80 74 32 45 75 35 0 61 34 61 69 51 48 30 84 94 75 18 56 17 37 92 23 95 52 3 50 49 91 43 65 96 56 76 15 40 36 42 95 32 12 100 42 33 71 57 34 94 55 79 88 18 18 44 95 65 85 6 4 35 53 72 46 8 36 79 84 83 56 1 38 69 6 9 77 48 87 98 98 31 56 86 87 52 33 50 50 48 29 17 75 100 59 16 88 73 34 64 82 34 73 69 4 22 96 73 17 84 78 81 16 96 98 92 85 26 32 40 22 49 90 74 24 42 49 4 98 51 100 38 85 51 30 47 16 69 64 95 90 12 53 93 76 3 20 32 66 75 24 1 18 65 7 4 89 52 83 23 89 28 4 0 93 22 27 55 58 98 4 39 92 54 23 75 99 0 78 70 100 21 57 62 36 18 82 99 27 76 10 77 100 1 74 3 96 71 84 96 17 39 98 90 69 21 45 59 63 1 13 53 78 24 56 93 55 12 6 10 81 97 5 3 88 27 48 78 6 12 67 58 77 93 53 37 65 56 4 83 47 59 43 87 79 24 44 75 6 96 94 92 2 42 42 72 5 41 90 68 44 52 24 25 50 49 12 33 73 22 39 52 22 39 33 19 98 35 72 34 1 82 14 2 56 59 31 69 21 72 9 50 32 61 11 16 60 27 25 93 47 97 70 72 44 95 94 81 37 80 47 77 83 11 97 52 53 92 1 90 83 98 95 23 13 62 92 80 30 47 82 11 83 83 44 53 8 5 13 76 68 91 23 93 53 15 72 71 22 34 89 16 61 53 17 65 87 52 61 93 17 12 26 7 11 8 38 87 8 5 14 47 33 19 53 55 43 35 85 63 14 99 75 100 31 50 56 20 89 13 23 93 77 61 77 16 85 31 73 68 65 88 75 36 11 73 7 69 5 43 15 99 19 17 90 100 83 91 82 77 83 15 85 3 12 65 44 27 3 58 83 40 11 23 30 83 57 5 65 48 45 18 92 42 67 24 90 52 51 57 79 41 94 44 1 48 40 97 21 8 92 71 86 39 37 70 65 69 90 64 92 36 17 44 12 8 41 97 72 26 44 86 71 96 85 100 21 15 66 49 15 71 63 28 67 91 97 97 33 5 56 15 13 39 67 9 85 93 96 50 16 3 75 36 28 61 85 20 92 52 30 21 10 28 28 5 2 95 69 51 77 74 21 57 81 70 92 57 82 65 91 50 13 4 90 76 40 45 3 76 70 54 77 99 74 0 45 99 95 13 45 18 8 50 50 91 51 91 58 54 5 62 46 57 62 73 1 29 43 56 20 27 52 5 26 65 62 100 95 94 18 22 46 63 98 4 1 47 58 39 52 4 93 16 73 46 60 37 66 47 91 70 48 70 36 71 100 45 69 41 40 51 3 74 8 76 66 84 38 86 78 41 32 56 100 82 64 76 75 18 69 34 26 2 54 56 21 39 37 85 18 40 85 76 57 23 9 40 85 82 40 77 74 42 65 79 18 49 52 78 36 1 85 87 67 86 94 35 27 25 16 11 52 14 78 39 21 55 94 94 38 49 86 45 2 40 1 33 64 72 38 16 12 8 46 31 13 93 86 5 87 40 30 27 24 82 66 39 39 76 51 20 77 76 41 96 29 89 46 27 92 51 42 3 1 33 58 57 33 46 53 20 82 64 45 5 43 35 84 29 43 73 1 62 50 100 75 89 14 9 11 45 46 54 74 36 52 62 100 33 71 26 50 30 19 42 95 89 22 24 60 85 41 16 50 76 17 56 83 41 39 65 37 92 4 69 9 41 65 55 0 45 41 31 69 53 23 2 45 4 90 10 99 43 56 51 99 65 35 89 85 86 21 78 25 78 38 74 30 15 20 42 11 77 55 42 41 84 90 68 11 15 10 74 24 44 37 71 85 81 19 44 3 23 39 76 77 72 30 3 23 5 10 12 20 66 75 83 29 53 16 11 33 51 97 59 18 7 35 39 69 66 13 65 89 62 27 69 43 17 29 90 27 80 36 94 88 86 78 2 86 0 32 35 27 25 56 50 22 8 44 95 18 63 63 42 29 94 11 67 17 50 47 94 93 69 27 100 88 1 68 100 69 35 85 85 23 61 72 65 76 3 97 0 99 36 10 4 98 23 50 17 77 56 34 95 5 83 76 53 25 28 68 12 46 49 76 78 93 3 83 35 69 81 15 17 22 23 96 0 93 5 19 5 96 48 90 67 71 19 1 59 5 81 67 5 91 83 26 28 31 86 9 66 14 87 44 98 42 80 37 83 46 60 85 98 51 44 95 3 8 69 60 55 100 40 76 66 57 17 9 77 38 68 63 85 10 52 14 45 93 27 13 34 72 72 94 1 70 4 42 60 21 46 18 90 32 43 62 6 63 6 78 74 98 47 32 6 66 59 9 87 50 81 64 30 44 94 38 54 39 40 21 87 5 83 93 32 82 49 48 54 87 86 33 63 93 79 2 3 20 30 92 85 18 21 69 65 16 7 54 94 75 37 58 23 63 63 17 30 3 67 31 70 29 58 83 32 23 58 21 64 11 64 31 18 13 38 3 4 10 97 8 35 90 6 67 82 76 27 17 97 62 76 11 89 80 92 78 62 56 67 18 87 73 42 10 47 25 21 61 20 32 61 94 82 20 61 2 23 36 15 40 16 49 80 53 68 18 97 28 80 17 65 26 63 59 90 11 8 53 31 68 81 61 15 37 44 51 75 93 53 95 25 62 23 81 95 14 50 61 64 23 81 82 51 66 24 34 3 29 19 74 76 8 70 86 48 73 11 15 77 85 83 92 56 34 83 1 4 22 4 27 52 67 50 15 62 61 11 68 43 47 10 67 25 23 24 76 49 33 39 67 26 61 48 13 96 80 37 77 38 9 16 47 12 15 29 17 67 5 5 34 41 75 17 86 20 2 23 34 16 42 71 41 73 37 7 31 32 70 8 18 63 36 34 38 82 46 45 19 39 15 94 32 54 1 63 53 86 56 44 89 24 72 6 9 26 61 39 65 30 10 31 21 13 69 1 44 92 50 67 50 25 42 5 5 72 24 61 83 37 21 27 0 20 78 52 74 62 83 73 37 96 98 22 6 58 69 6 22 21 51 11 30 94 60 100 94 80 21 11 16 32 62 44 98 77 31 30 25 43 45 37 60 32 83 35 6 4 70 41 74 67 44 57 76 94 56 81 25 44 33 4 2 52 47 2 49 14 12 37 2 25 34 36 50 79 11 36 79 79 51 90 24 96 10 84 47 27 29 70 34 94 95 73 14 78 38 81 7 61 77 2 57 85 61 32 31 88 58 52 28 22 41 5 52 37 42 83 17 21 32 49 18 75 44 63 6 59 19 21 13 82 86 54 85 1 22 8 15 72 97 90 54 65 11 37 74 15 77 39 45 80 29 59 9 79 58 66 88 25 76 42 92 40 100 0 3 33 53 72 14 31 99 45 22 39 37 70 54 38 74 78 55 20 19 74 50 45 46 53 69 6 87 22 15 23 51 71 67 22 97 56 45 20 18 58 68 7 76 100 93 14 71 65 5 1 34 37 57 71 59 35 46 7 92 48 81 56 4 39 81
12 7 1584
-51 8 1010
14 9 986
-43 10 1170
-70 13 1837
-11 17 781
-37 18 1977
-21 26 1033
-71 27 96
81 28 533
76 29 348
80 30 1295
69 31 1181
58 33 907
-8 38 934
53 39 916
97 40 65
27 42 163
33 43 1423
-41 44 261
-42 45 630
-39 47 1476
-57 53 305
-78 56 1243
55 58 1965
-42 59 1556
30 60 245
-89 61 1503
-59 62 1679
-86 64 1339
46 65 348
-30 66 753
94 72 1471
34 74 206
-37 77 603
1 81 500
17 82 1253
-16 86 1115
-98 89 1711
58 91 1980
-72 93 507
69 98 1473
-61 99 1896
49 100 1829
-40 101 422
58 108 725
-26 109 1117
-74 111 1726
-16 112 1655
-42 113 590
21 116 1910
33 119 1642
-59 120 154
-53 123 807
97 124 1097
2 128 806
-36 129 284
-77 136 1959
-28 137 890
-75 138 344
70 139 1218
-1 140 797
99 142 1764
-63 146 793
24 148 1947
-37 151 164
-36 154 1900
-83 158 1352
-14 159 200
41 160 674
6 161 1903
91 164 277
55 165 1627
52 166 1246
94 167 975
-89 169 1919
85 171 1534
-98 176 810
-96 177 415
-89 178 334
-87 179 255
100 183 1571
44 184 1683
-98 185 529
39 186 766
-14 191 1183
36 193 444
52 196 51
-70 198 1829
-99 199 1132
54 200 1964
-76 202 1029
-22 205 1841
23 209 65
-32 210 51
85 211 714
-65 213 1861
-42 214 617
60 215 1404
-93 216 91
-87 218 1654
47 219 319
-66 223 896
63 230 1746
-88 233 1480
46 236 1578
-55 238 1393
-54 240 1480
63 244 1946
96 245 1871
34 248 1724
69 251 1624
-84 252 513
-63 254 70
69 255 1550
18 259 198
35 261 784
-6 265 199
-57 267 1941
-43 269 275
-92 272 208
-79 273 179
-37 274 409
-75 277 1369
-64 278 852
-3 279 320
31 282 887
100 285 1499
-35 291 1434
-99 292 966
48 299 591
-43 301 479
-76 304 1476
90 306 435
-35 307 1694
2 311 1359
-89 314 1939
-24 315 1909
5 316 1186
9 317 1068
21 318 1686
80 319 457
-99 322 1752
39 323 767
8 324 1134
22 326 966
-94 327 547
98 329 769
-26 331 1549
-75 333 329
1 335 206
-23 337 37
-79 341 226
2 343 1774
48 346 650
-2 347 1763
-80 348 641
74 350 390
33 353 875
-98 354 1601
-43 357 627
-12 360 1179
-40 361 1436
28 365 359
-74 366 490
-76 369 647
2 372 1980
-17 373 290
-64 374 859
57 375 535
-34 378 1227
19 379 225
18 380 1908
-55 385 812
12 387 1080
11 389 851
-41 392 1561
-29 393 506
-27 394 1624
54 395 841
87 396 1136
-19 398 857
26 399 1617
-63 400 382
-4 404 380
-87 406 1841
-25 407 1707
59 411 1650
-60 412 1558
-1 414 1659
-39 416 321
-19 423 1103
30 425 1962
-38 426 55
-75 428 1809
-23 433 1906
74 435 1465
61 436 1230
11 438 165
91 439 547
90 440 1884
-97 442 1142
-71 445 362
-21 446 366
-82 448 52
86 449 640
-50 450 756
-47 451 1645
1 452 1469
99 453 848
-17 456 768
-63 457 208
15 458 190
-46 459 1462
93 460 1204
34 461 1755
-3 462 406
-69 464 311
77 465 543
89 466 927
-79 468 1564
88 469 605
-26 471 1330
100 472 525
100 474 16
62 475 1427
15 478 1506
28 484 669
43 485 309
-24 486 632
58 487 91
-99 488 1589
-85 494 534
68 496 788
-61 500 535
-55 505 737
81 508 730
33 509 1514
41 512 340
43 513 1471
90 514 727
45 515 978
74 516 400
16 517 1764
-60 522 6
-1 524 1076
-69 525 1564
-32 526 1418
39 528 705
62 530 1507
-82 532 1981
-79 533 1051
-82 534 27
63 536 1021
50 537 1265
39 539 1981
-53 540 1530
94 541 1283
-10 542 739
-65 543 1088
18 547 827
-37 548 1108
-67 549 1854
-66 551 1899
-99 554 523
57 556 1470
15 557 482
35 560 543
-50 567 1826
-59 568 189
58 569 1276
14 571 1051
10 572 1914
62 573 1934
-14 576 1668
-18 577 1377
-92 578 684
81 581 1593
-59 582 1960
-41 584 371
-8 588 816
2 590 74
91 592 1870
-27 593 1123
-10 595 1757
-93 597 526
24 599 840
-51 600 1513
84 602 801
-35 603 1367
58 604 1081
-94 605 1355
-14 611 1026
-12 613 502
-7 615 1720
15 617 172
-86 618 1016
69 621 170
58 625 313
-66 630 85
49 632 160
-99 634 830
62 635 642
-83 636 1536
52 638 1849
65 639 1054
-41 641 585
100 644 140
50 647 309
23 648 1280
-43 649 370
-11 650 189
-64 656 1531
69 661 944
99 663 1250
-5 664 386
54 670 433
1 680 1344
-84 681 91
-11 682 1946
-77 684 1255
-62 688 1435
91 689 197
-84 690 1583
64 691 1482
9 693 571
85 695 1556
-81 696 793
21 697 459
25 699 609
-33 701 314
-79 703 688
-39 707 1894
60 710 1684
17 712 18
-47 713 975
-23 717 999
53 719 992
53 720 99
17 722 465
-6 725 1480
77 727 85
-84 728 879
10 729 670
58 730 377
-33 735 326
-92 736 606
-17 740 1236
-85 741 1838
-76 744 1476
-25 745 871
-66 746 1884
-24 751 1520
-18 752 1973
-37 754 16
75 755 18
23 757 820
-56 758 1679
30 759 1287
-29 762 921
57 764 1713
8 765 1104
-2 767 34
15 768 1216
69 769 765
-28 771 287
-12 772 469
-5 774 910
30 777 1094
57 779 1067
32 784 1468
-3 785 139
-25 786 1648
17 790 1652
52 791 1600
-96 794 1318
61 795 1769
30 796 1740
-72 797 200
-42 799 1317
-1 801 1878
-85 802 1323
47 803 686
49 807 1412
31 809 643
38 812 369
-24 813 541
48 814 1708
67 815 790
-71 816 1749
7 819 1071
-14 821 1477
-11 822 1248
59 823 379
16 826 914
80 827 808
51 828 1980
-45 829 540
-74 830 1715
-34 833 458
51 834 699
-93 835 1782
74 838 640
-39 841 384
-74 842 997
-81 843 103
53 845 746
87 846 199
76 853 242
-60 854 1474
-32 855 792
-63 856 353
-67 857 1870
31 858 1975
-93 860 183
-64 863 1807
-16 865 1097
36 866 1355
59 868 1883
-40 871 1618
48 872 21
-17 873 886
-21 874 342
-82 875 619
-61 877 1018
-77 878 478
16 880 974
-63 881 1057
-78 883 515
38 885 814
45 887 1144
-40 890 1270
77 891 603
-69 892 655
92 893 610
-37 894 560
-17 896 745
-10 900 1320
14 902 1860
-93 904 1275
-81 905 873
-42 908 1971
37 909 434
31 911 641
92 912 983
65 915 1454
-54 917 517
48 919 1668
95 922 672
79 923 1036
69 924 86
20 925 709
-69 926 1207
-94 927 692
-64 933 171
-32 935 1644
6 937 904
-50 939 235
50 948 516
60 952 1527
-39 953 579
-62 956 1310
-3 963 92
12 966 1462
-13 967 113
-14 970 1238
-49 971 1362
-26 972 279
-60 974 610
-48 976 160
61 980 454
55 982 1203
-27 983 1864
73 985 746
-86 986 1837
-99 989 436
-53 991 1058
90 992 321
80 997 418
-85 1000 977
-18 1001 494
48 1002 1357
10 1006 679
-42 1010 1861
45 1011 1123
17 1013 740
11 1018 407
-78 1019 128
-63 1020 1385
-1 1021 850
-71 1023 1860
60 1024 92
7 1026 1818
0 1031 107
57 1034 1047
38 1036 557
-68 1037 641
-22 1039 997
81 1041 1447
-54 1042 268
-47 1043 1425
-78 1045 1932
-99 1046 725
-12 1047 1064
-100 1049 440
54 1050 1373
-85 1051 895
-41 1053 412
85 1055 150
59 1056 822
-85 1057 405
53 1058 29
11 1060 761
-34 1061 994
-34 1062 698
47 1064 1
47 1066 651
27 1070 648
-47 1072 1580
-80 1074 1347
-45 1075 1669
83 1076 1844
-42 1079 844
-74 1085 1887
-57 1087 218
-26 1088 702
17 1089 1018
82 1095 1812
8 1097 1551
2 1098 386
-76 1102 1256
-10 1109 425
-26 1110 81
-38 1115 988
-10 1119 807
-78 1121 458
0 1126 988
58 1128 1895
-88 1130 1651
63 1131 1892
45 1132 900
-12 1134 108
-98 1135 1891
-44 1138 733
-78 1139 1315
-13 1144 1245
47 1147 1086
-14 1148 1823
5 1149 1791
65 1150 1931
6 1151 1931
18 1152 1219
43 1153 74
67 1155 1545
98 1157 1236
-98 1158 1419
-78 1159 946
-43 1160 1948
-15 1161 1357
-12 1163 1437
98 1165 1032
-19 1166 1488
-41 1168 1844
-27 1170 235
-35 1171 1642
60 1175 940
95 1176 1221
56 1177 863
-52 1178 1281
72 1180 1785
81 1181 1330
97 1185 455
98 1188 690
13 1192 1552
25 1193 937
80 1194 1780
86 1197 1159
-41 1198 366
23 1206 1093
75 1208 1347
60 1209 1025
54 1213 1696
46 1215 1418
75 1216 983
-78 1217 1456
89 1220 1323
20 1222 964
-81 1223 1371
-42 1226 215
-100 1227 601
19 1228 1242
-45 1230 511
-76 1233 889
-60 1235 249
-9 1243 1905
5 1246 1916
84 1248 1572
-15 1251 81
58 1254 1399
-35 1255 771
85 1257 1350
-4 1258 274
-8 1260 72
-6 1261 1758
55 1264 1554
90 1265 1511
-76 1266 512
-65 1268 1398
11 1271 1740
20 1272 1590
-48 1274 254
81 1275 627
-49 1277 1192
9 1279 409
40 1282 523
10 1283 557
92 1284 889
-17 1290 814
-10 1291 1764
-17 1296 1862
-92 1297 1746
3 1298 894
5 1299 161
-7 1302 1752
48 1304 1404
-78 1305 1312
-90 1308 1027
49 1311 1854
-53 1313 751
-90 1314 1643
-17 1316 463
-17 1318 1774
-64 1322 1274
62 1323 378
9 1324 1087
12 1325 431
-96 1327 966
-8 1328 1003
34 1329 1015
-1 1331 223
8 1335 1448
19 1337 1177
44 1338 503
90 1339 1576
-9 1341 1436
-66 1342 316
-21 1343 752
88 1345 1636
63 1346 1220
4 1347 400
-68 1348 661
30 1352 256
-31 1353 1348
65 1356 1829
-39 1357 1611
-25 1358 1070
98 1359 329
39 1364 234
-65 1368 118
69 1369 1157
26 1371 179
-98 1375 692
-13 1376 956
-10 1377 576
-36 1382 887
-22 1384 1275
50 1386 1802
16 1389 1773
31 1392 784
-51 1393 1470
-33 1395 538
-14 1396 682
-22 1401 1471
-70 1402 148
31 1403 1355
-31 1407 897
79 1409 1005
78 1410 1582
-65 1413 511
21 1414 139
-55 1416 1971
-54 1417 1780
-48 1418 711
-18 1422 1150
-56 1424 1486
-14 1425 423
91 1427 755
67 1428 562
-36 1430 1548
38 1431 1137
-35 1432 387
-89 1433 710
100 1435 218
-93 1437 1027
16 1441 1950
-35 1442 757
86 1443 484
-14 1444 505
61 1447 31
99 1449 32
-90 1450 832
38 1453 1188
-46 1454 1251
13 1457 1635
-95 1458 266
-41 1459 233
-39 1461 1615
-60 1462 872
88 1467 1913
44 1468 1658
-66 1470 1308
-82 1472 1030
-22 1473 1882
-45 1474 608
67 1477 1495
-73 1479 1226
-23 1481 883
-94 1482 144
60 1487 206
67 1489 1916
24 1490 1759
-94 1491 762
-43 1493 1554
53 1499 118
41 1500 1536
91 1501 1221
88 1502 676
-16 1504 413
-33 1506 1614
-43 1510 1852
76 1511 806
91 1512 1258
-48 1513 286
-34 1521 1267
49 1523 434
98 1525 836
90 1528 1243
41 1531 1574
33 1536 820
-65 1537 1107
78 1539 55
27 1540 71
25 1541 1471
21 1542 922
76 1543 1768
-10 1545 1674
97 1547 1302
99 1548 122
-90 1549 90
7 1551 1223
-25 1552 1691
-27 1553 477
14 1557 1417
64 1558 1544
100 1559 974
-95 1560 1518
-4 1561 424
-43 1562 1191
-29 1563 1630
-4 1564 1635
-40 1568 1660
79 1571 1176
34 1572 1794
79 1575 571
-33 1576 1581
-83 1579 1019
-9 1580 1068
-88 1585 1407
1 1586 1778
-39 1587 1542
34 1589 35
-46 1591 521
-25 1597 138
-52 1598 128
-60 1600 1951
5 1602 94
-92 1607 994
-18 1610 902
-97 1612 1256
-23 1613 516
30 1615 450
41 1617 332
-73 1619 1023
12 1620 2
-98 1621 227
88 1622 1391
24 1628 748
-24 1629 1762
45 1630 1725
-2 1632 1386
-87 1635 328
-59 1636 1178
55 1637 51
-66 1639 1766
-72 1643 1303
98 1648 376
77 1649 1903
23 1650 907
49 1652 1085
-54 1653 740
76 1655 1858
49 1658 445
-86 1661 1680
88 1662 95
-40 1663 1883
1 1666 1707
-96 1669 367
-95 1670 1519
70 1671 1913
-16 1672 1900
-38 1674 1417
97 1675 1609
87 1680 1268
45 1681 513
-11 1683 185
14 1684 331
-62 1688 1982
-35 1689 405
38 1691 1223
-40 1693 837
92 1697 673
-70 1701 1926
-60 1703 373
97 1704 1728
-36 1706 1564
-49 1708 96
60 1710 812
-37 1712 532
61 1713 76
84 1714 1885
98 1717 1572
92 1718 960
30 1719 889
-66 1721 1986
83 1725 398
-63 1727 273
12 1738 1109
-96 1740 1367
71 1742 540
-3 1743 618
-81 1745 1857
17 1747 754
-23 1749 260
-26 1750 1117
100 1751 219
-41 1752 1085
80 1753 86
-57 1754 1104
31 1755 639
-1 1758 1244
-74 1761 74
9 1764 1192
-90 1766 439
41 1768 1531
82 1770 1276
-43 1771 917
-18 1774 1791
37 1779 513
-43 1781 289
40 1782 1022
88 1783 316
59 1784 371
10 1786 1025
13 1787 572
-39 1788 1081
-37 1792 1570
-49 1797 594
-9 1799 789
-31 1800 276
-99 1802 1027
-33 1804 1373
54 1807 1720
-38 1810 985
-37 1812 850
-2 1815 533
-94 1820 1378
45 1823 407
-22 1825 1504
-97 1833 729
40 1836 1057
-54 1837 1489
28 1839 160
-23 1840 944
-71 1842 853
50 1843 1097
-47 1844 12
-92 1847 1742
-33 1849 678
-70 1853 1412
37 1856 429
-26 1859 1747
73 1861 425
48 1864 1630
-56 1870 1162
27 1871 211
29 1873 1633
-86 1874 704
18 1875 783
-41 1879 1413
53 1885 528
-14 1887 1613
42 1889 345
59 1891 691
-93 1894 533
24 1895 1810
-78 1896 1177
-99 1900 482
67 1904 1264
-85 1906 1465
24 1907 742
-46 1908 1815
-45 1912 1322
-98 1914 149
-30 1915 1551
71 1916 1331
-15 1917 1780
-23 1919 403
19 1920 61
-45 1923 978
5 1925 58
22 1926 945
84 1928 45
80 1929 1077
56 1930 272
44 1931 1475
-26 1932 615
-50 1933 949
14 1934 1522
13 1936 1752
97 1937 1827
54 1940 1105
80 1941 1463
-17 1944 1400
7 1947 1287
-36 1950 66
56 1951 220
1 1952 273
-83 1954 601
-63 1959 360
92 1961 469
-14 1970 1295
48 1972 199
94 1973 57
-12 1976 307
-30 1977 630
-11 1980 1243
-72 1981 897
-8 1988 1469
93 1990 1413
-14 1997 1331
53 2001 179
3 2002 1928
32 2003 1585
24 2004 772
-89 2005 1024
-3 2006 154
48 2007 1131
93 2011 176
-98 2012 312
-49 2016 108
87 2017 494
60 2018 415
81 2020 1906
-37 2021 223
-47 2022 1351
-92 2024 789
39 2027 544
34 2028 1160
55 2031 255
-10 2039 637
-10 2040 1930
13 2041 1975
-62 2044 686
-15 2046 863
-36 2047 1592
-88 2048 754
41 2049 363
72 2052 1909
-37 2055 1679
-98 2057 597
81 2061 1647
-78 2063 702
-63 2064 1848
40 2065 1607
-63 2066 914
10 2067 1016
-55 2070 1970
-4 2074 1351
-38 2075 1899
-5 2078 695
-96 2081 85
16 2083 1469
-86 2084 155
-18 2092 1097
86 2093 1071
71 2096 680
-81 2098 1883
-46 2102 1371
21 2106 1849
-12 2107 599
84 2108 146
23 2113 720
45 2114 1160
-28 2116 192
-84 2118 701
-21 2119 1222
38 2120 1942
37 2121 348
-80 2122 896
14 2123 1686
-40 2125 1503
-97 2127 1681
-51 2128 323
75 2131 1773
-83 2135 1245
9 2136 1125
-100 2138 237
52 2139 508
33 2142 529
42 2143 393
40 2149 478
-41 2150 395
-25 2152 1467
14 2153 514
66 2154 1099
-31 2155 1117
94 2159 346
-28 2161 1590
41 2164 1150
5 2165 1046
6 2168 1476
-83 2169 454
-3 2170 893
14 2175 484
-81 2177 934
-17 2178 19
78 2179 1649
43 2182 1720
31 2186 1758
-1 2187 893
-49 2191 259
-5 2195 1386
80 2196 1879
-14 2197 650
98 2198 936
40 2199 426
-34 2201 31
-76 2203 310
96 2204 611
40 2205 1636
78 2206 1956
17 2209 774
83 2210 706
51 2211 1290
12 2213 1620
-52 2217 551
25 2218 1724
13 2222 1190
63 2223 1987
26 2224 1541
-55 2226 495
66 2227 737
-26 2229 1235
-79 2233 120
-19 2234 1136
63 2235 649
-74 2237 1117
100 2239 397
80 2240 814
-57 2241 1128
-61 2243 1701
30 2248 1475
47 2251 1695
0 2252 343
53 2253 150
53 2254 1021
-89 2255 880
-80 2256 461
29 2259 1549
8 2267 930
-64 2269 1065
-51 2271 1037
-64 2272 1950
-92 2275 1140
43 2277 900
-73 2278 686
92 2279 54
-78 2280 1577
-70 2282 1406
28 2283 1850
74 2284 709
91 2289 1575
56 2292 678
49 2293 1341
89 2296 1455
76 2297 1312
28 2300 1695
92 2301 803
63 2304 250
-63 2306 1880
-17 2309 180
66 2310 1422
-97 2311 1963
-38 2312 1586
65 2316 659
-77 2317 239
78 2320 985
74 2321 1142
-96 2323 1200
-79 2324 392
-21 2325 1980
-39 2331 240
96 2332 784
-63 2335 1096
-96 2337 766
-51 2340 404
46 2343 1547
83 2347 1362
3 2350 1978
-94 2351 960
-88 2352 1025
89 2355 492
-25 2356 908
6 2358 808
49 2363 893
-1 2364 70
-78 2370 1343
-40 2371 392
-31 2372 1945
83 2374 1650
56 2375 689
-81 2378 130
48 2380 588
75 2381 1670
-82 2382 147
-72 2384 1103
-86 2385 670
-44 2386 1470
-65 2387 813
59 2388 1271
45 2390 1958
87 2391 320
88 2393 1549
-59 2394 56
-62 2398 1814
89 2401 1662
11 2402 45
-25 2405 911
-53 2407 1211
-54 2408 1589
-100 2412 539
43 2413 658
40 2414 1775
-98 2419 613
-21 2421 229
71 2433 714
-77 2434 1084
13 2437 852
50 2438 1722
-78 2440 123
-96 2441 197
69 2443 557
-96 2444 437
-65 2446 73
-8 2449 90
75 2451 1491
-49 2453 1035
26 2455 750
99 2458 1927
26 2461 882
-74 2463 1421
2 2464 1906
-98 2465 81
5 2466 792
-19 2469 1432
-24 2472 1881
-14 2474 192
-51 2475 140
-63 2479 840
-39 2480 1563
-41 2484 753
47 2485 713
-71 2488 1427
-2 2489 1876
-61 2493 1398
-12 2496 1609
-33 2497 230
83 2500 1376
92 2501 1316
-23 2505 388
-51 2506 912
-47 2508 109
54 2511 1334
-61 2512 333
1 2514 879
-99 2515 304
-57 2519 235
50 2520 90
-73 2522 1783
-84 2523 1968
-38 2524 854
-63 2527 1335
-50 2529 263
13 2532 1641
-51 2534 890
-55 2535 1013
-71 2536 879
-51 2537 196
59 2539 370
-58 2543 1538
62 2545 645
-70 2547 1304
56 2548 123
34 2550 1241
11 2551 1353
83 2555 1424
-43 2556 1240
-49 2558 487
-10 2560 1622
-20 2565 1114
-85 2566 1446
-100 2567 546
-15 2570 166
88 2571 1572
2 2573 1254
77 2575 1003
-32 2576 53
98 2581 1641
-41 2582 72
-88 2584 1298
-75 2585 1271
40 2587 412
51 2589 520
-27 2590 1932
-53 2591 328
-63 2592 398
-66 2594 1634
-61 2595 1334
-91 2596 1264
49 2598 1593
74 2600 1980
-51 2601 788
-98 2602 1869
15 2608 500
10 2611 1903
71 2614 768
30 2616 872
-46 2622 939
68 2623 937
2 2631 1957
-43 2632 1049
80 2633 193
-46 2634 18
-33 2636 266
80 2638 848
-79 2642 1348
-54 2644 1580
85 2645 346
80 2647 241
57 2648 167
49 2649 1663
-6 2654 1059
4 2655 180
-6 2656 892
23 2659 139
30 2660 1609
-53 2661 1748
-73 2662 331
-53 2663 1213
15 2664 160
27 2666 1824
-21 2668 1098
56 2673 841
-69 2678 1932
46 2680 1691
-41 2681 566
91 2683 3
50 2684 1936
-22 2685 854
-59 2686 804
90 2687 1382
91 2689 1735
16 2693 82
62 2694 671
-90 2695 411
-77 2697 1876
26 2698 129
22 2701 990
59 2705 1781
-4 2707 1929
-45 2711 159
-72 2712 1371
-21 2714 1356
-79 2715 1098
-90 2718 994
94 2721 1526
-79 2732 200
30 2734 430
-56 2735 1202
-24 2739 1611
-6 2741 495
-53 2743 1704
-99 2745 1874
85 2746 1453
20 2749 747
90 2750 1533
-91 2752 466
-27 2753 213
91 2754 1307
42 2763 1864
69 2767 518
-79 2770 1284
77 2772 1176
-77 2773 1392
56 2774 1101
-100 2781 556
49 2782 1823
-79 2784 635
-45 2786 1058
-38 2788 934
-56 2789 1603
95 2793 24
1 2794 672
45 2799 745
-30 2804 937
-45 2805 1336
-65 2807 1574
93 2808 699
-1 2809 1881
91 2810 686
-23 2812 325
-70 2813 1074
0 2815 1826
-8 2817 256
41 2818 476
19 2819 12
-49 2821 516
68 2823 765
-59 2825 262
9 2827 107
-48 2828 864
-18 2829 1752
1 2830 1686
-81 2831 969
-73 2832 455
89 2834 1242
61 2838 1304
-68 2839 621
90 2840 272
85 2841 1668
53 2844 220
65 2846 1696
64 2850 1512
-20 2851 1245
-59 2855 939
-37 2857 1608
-44 2858 1780
-76 2859 258
-92 2860 289
23 2862 1066
19 2867 353
6 2869 987
-66 2870 1629
78 2872 1355
86 2874 84
-73 2875 921
-80 2876 408
37 2878 321
0 2879 1251
1 2880 337
-46 2883 319
54 2891 228
1 2892 1521
23 2895 522
-21 2897 906
28 2901 1044
90 2906 449
52 2908 307
-22 2909 1971
-77 2910 1134
-63 2912 30
89 2914 273
-97 2916 266
43 2917 1238
73 2918 784
-56 2923 1015
84 2925 334
12 2926 485
43 2929 692
85 2931 769
31 2933 768
-4 2935 343
-39 2937 646
60 2940 326
22 2942 678
89 2944 1715
33 2945 1073
-76 2946 448
-8 2947 411
-57 2948 1549
89 2949 143
99 2955 327
100 2959 837
-31 2960 1824
71 2962 782
-95 2966 331
56 2968 1880
-97 2969 390
60 2970 569
-79 2971 786
44 2972 1060
-44 2976 633
-12 2983 1087
-3 2984 1884
6 2985 142
26 2986 1461
-100 2987 552
-20 2988 1864
-47 2990 956
-8 2991 1229
89 2993 450
-95 2995 1472
72 2998 435
-83 2999 243
63 3000 796
-50 3002 285
46 3006 1452
60 3007 1809
-17 3008 1380
-15 3009 110
-51 3011 977
-97 3013 293
-40 3014 950
-43 3015 619
22 3016 778
-64 3017 1401
-27 3023 558
96 3025 141
26 3026 1351
2 3027 1640
-45 3028 1687
-96 3029 1406
-87 3030 1507
-68 3035 1909
78 3036 1614
97 3040 826
28 3045 633
32 3046 1729
77 3047 1212
66 3051 1260
-58 3053 977
13 3059 1838
93 3060 1837
25 3061 665
47 3070 1830
-3 3073 1707
-69 3074 1067
-89 3076 888
-100 3079 211
-1 3082 1089
41 3083 523
-90 3086 1044
-82 3088 1987
28 3089 1160
-10 3094 1234
-57 3096 1269
20 3099 1523
-12 3101 1892
11 3104 1192
-55 3105 1490
45 3106 656
-65 3107 1983
10 3108 95
100 3109 743
100 3110 648
70 3111 1797
-68 3112 647
95 3113 933
18 3114 1837
-25 3115 1858
-99 3119 36
-95 3121 170
-43 3124 1555
-36 3128 1269
-26 3130 1579
6 3133 1013
1 3134 250
-4 3139 704
56 3144 270
-40 3146 994
-85 3150 686
-82 3151 1771
78 3152 501
49 3156 1323
73 3158 719
-48 3160 581
51 3161 1395
-89 3164 1842
20 3166 1969
93 3168 1293
2 3172 332
84 3175 1216
-48 3176 1607
95 3177 798
97 3179 1538
-19 3182 1266
-14 3184 1961
-74 3186 1493
100 3187 1911
37 3188 764
-48 3189 1311
16 3191 991
-93 3194 918
22 3195 1196
38 3198 977
-59 3200 1454
73 3201 651
48 3202 99
-71 3204 689
-20 3205 906
-31 3210 792
-45 3211 4
96 3212 1148
80 3214 566
-90 3215 1259
93 3217 486
90 3218 1526
-35 3220 827
-34 3223 1743
42 3224 557
40 3225 452
15 3226 1601
42 3227 1239
-100 3228 956
-47 3229 527
-19 3233 778
-77 3237 547
18 3238 889
7 3240 845
61 3241 1400
-60 3243 1971
31 3244 1363
18 3245 1078
-43 3246 146
65 3251 1385
-53 3252 1344
-71 3254 511
84 3255 1822
-90 3257 807
90 3260 1648
-74 3261 314
88 3263 1178
-45 3265 138
-18 3266 310
48 3269 1897
-7 3270 1038
82 3271 194
5 3272 359
84 3274 1029
-10 3275 439
-67 3276 1652
88 3278 464
85 3279 1262
13 3280 416
-2 3281 1920
49 3283 1403
68 3285 1172
-100 3286 1150
-23 3292 1054
-4 3294 1031
1 3295 0
38 3298 1051
11 3300 679
58 3302 447
-26 3305 154
-76 3306 1917
-12 3309 1602
72 3310 836
70 3311 1243
-37 3312 568
-20 3314 516
-94 3316 1838
-96 3317 1778
-46 3320 941
100 3321 1916
-41 3322 1305
98 3324 137
62 3325 542
6 3327 36
6 3331 418
-4 3334 1085
27 3336 1409
17 3337 1980
8 3340 322
2 3341 1130
-14 3342 362
32 3343 1548
35 3344 1008
-15 3345 548
81 3346 1020
-39 3348 299
30 3349 1093
55 3350 1802
-28 3353 1073
77 3355 1581
32 3356 1959
16 3359 1316
-21 3361 409
34 3367 906
21 3369 1211
0 3370 426
23 3372 1198
53 3375 62
1 3377 1700
31 3380 1135
-98 3381 1620
-21 3385 1286
-79 3386 1084
76 3387 869
38 3388 1155
48 3389 568
-82 3390 444
-33 3391 1632
53 3392 1322
-5 3395 590
-1 3399 1805
-61 3400 1596
9 3403 1117
-37 3406 1960
-25 3408 1057
-27 3410 433
-12 3411 1174
-16 3412 199
36 3413 562
-96 3416 943
26 3417 1191
-34 3425 847
-54 3429 352
-50 3432 1746
-36 3437 6
75 3439 979
74 3441 1308
-32 3443 1258
-62 3444 1483
-43 3448 1903
98 3450 1210
14 3455 1473
67 3457 963
-98 3458 57
97 3459 801
35 3460 387
-1 3467 74
-57 3468 1523
82 3469 505
-30 3473 1109
98 3475 1150
8 3479 1812
40 3480 1469
-56 3482 1854
-82 3484 1586
-21 3489 1694
-42 3490 1323
-70 3491 1292
-44 3494 1488
28 3496 1702
3 3500 493
-1 3502 633
58 3504 1888
-94 3505 1078
10 3507 1219
43 3509 1209
-6 3511 1006
64 3514 737
81 3516 132
-84 3519 484
-35 3520 325
17 3521 1897
90 3522 1856
-5 3523 1223
-6 3525 808
45 3526 339
-16 3527 236
48 3529 1965
-30 3531 1215
37 3532 1729
-13 3535 777
-93 3536 1436
-56 3537 425
71 3538 1639
-20 3539 1397
58 3541 1308
93 3542 1414
85 3546 1777
-24 3547 764
52 3550 1651
-79 3551 1980
56 3555 518
-55 3556 835
-19 3558 1013
63 3559 882
13 3564 1836
-93 3566 698
-31 3567 1041
-85 3569 1564
42 3570 942
43 3571 750
-31 3572 466
-41 3579 641
-89 3580 1670
51 3581 765
20 3582 1340
92 3583 513
18 3585 18
-35 3586 1304
-90 3589 720
-27 3591 1782
49 3592 722
25 3593 1513
-48 3594 1903
-66 3596 79
-24 3597 139
66 3601 686
8 3602 904
38 3603 1047
-68 3604 1227
-48 3605 1596
1 3606 87
98 3607 638
63 3609 1144
-12 3611 1790
-80 3614 1656
3 3615 783
15 3616 1935
92 3618 167
-4 3622 869
97 3624 294
-28 3629 1044
-14 3630 1533
-87 3631 1132
11 3632 1208
77 3633 1261
72 3635 562
71 3636 823
-72 3640 310
62 3642 348
-11 3646 182
-96 3647 498
84 3649 1733
-58 3650 1229
86 3655 1198
-33 3656 721
-43 3659 1189
-3 3661 1332
14 3663 1301
-88 3667 555
-22 3668 1231
40 3669 1949
-13 3672 1267
21 3673 272
-10 3675 1135
63 3678 1471
42 3682 57
5 3688 926
22 3689 1516
1 3690 305
-68 3693 1334
-68 3694 1372
77 3696 1627
-49 3703 1422
30 3707 745
-72 3708 393
-41 3710 1153
67 3711 1270
-40 3712 1917
-23 3713 1338
-39 3716 581
31 3717 1467
-46 3726 1105
-6 3729 686
-68 3731 882
-47 3732 1862
24 3733 605
40 3736 79
-17 3741 258
84 3742 1730
-63 3743 1689
19 3746 1297
71 3747 1171
-40 3757 1270
-34 3758 1785
-91 3760 1760
-48 3762 1710
60 3763 65
-17 3766 675
26 3767 1006
-85 3770 79
-83 3771 611
-77 3774 1259
-64 3778 1910
-59 3780 271
-11 3781 33
-5 3782 661
93 3783 1065
35 3784 1242
87 3788 1618
-49 3790 621
-17 3791 143
33 3793 194
8 3798 1299
76 3799 641
90 3804 1981
-23 3805 468
56 3806 1026
-47 3808 1380
2 3810 972
47 3811 70
-58 3812 207
-40 3813 1912
-27 3814 57
66 3815 1258
-60 3817 184
-21 3818 403
-79 3822 1032
69 3823 1788
72 3824 402
98 3825 676
95 3826 364
-71 3827 452
63 3828 52
-17 3829 1405
25 3834 50
-24 3835 193
-94 3837 590
60 3840 1351
-79 3848 1046
-19 3855 1411
-22 3857 1180
7 3858 167
64 3859 1363
49 3862 955
-60 3863 1234
-44 3868 1338
-39 3870 1901
57 3872 1648
-40 3876 791
-34 3877 1828
43 3882 997
-82 3883 594
-27 3887 1544
-40 3889 363
93 3890 502
-30 3894 422
59 3895 1293
46 3898 413
21 3901 532
27 3904 1794
-56 3909 211
-49 3912 1337
73 3918 1428
94 3922 726
-71 3928 293
41 3932 1536
-65 3933 610
58 3934 1449
-67 3936 1626
30 3937 1140
-57 3938 458
95 3940 1872
19 3943 1633
3 3944 1420
-56 3945 1807
73 3946 169
73 3947 124
56 3950 1620
76 3954 574
-91 3957 746
-34 3960 1368
-84 3961 1680
-14 3963 224
43 3967 1668
-44 3970 1005
17 3973 1970
-10 3977 1427
-57 3979 1420
13 3980 1821
7 3984 955
42 3988 1263
46 3992 226
79 4003 1538
-55 4005 1781
-45 4009 700
-84 4013 1683
-20 4014 1550
11 4015 54
18 4016 1262
-57 4017 51
100 4018 1318
-50 4019 351
42 4020 83
28 4023 1341
28 4024 492
-44 4025 1419
-22 4026 250
-79 4028 1745
-99 4030 1843
5 4036 828
-20 4037 944
-10 4038 1449
-91 4039 1835
93 4042 1505
49 4047 586
-41 4049 488
55 4050 797
66 4054 706
-79 4055 1943
16 4056 1269
73 4061 1214
29 4063 1647
47 4067 488
-18 4070 1810
6 4071 480
62 4073 361
61 4082 1645
44 4083 1449
85 4084 314
91 4085 1697
77 4086 1883
11 4089 43
-45 4090 1877
69 4094 1348
74 4095 586
-89 4096 1933
-55 4097 1585
5 4098 1609
67 4101 102
-31 4102 278
3 4103 88
-47 4105 162
84 4106 406
16 4108 1489
63 4109 263
-89 4114 1111
35 4115 570
-49 4116 1738
82 4118 708
-14 4119 388
33 4122 1961
57 4123 225
36 4124 37
17 4126 339
-57 4127 904
-93 4128 1891
-47 4129 1828
96 4130 1750
24 4132 1303
-66 4136 816
23 4137 717
-54 4138 1931
-72 4139 924
-42 4140 762
-52 4141 1472
-24 4142 682
-77 4143 257
-9 4144 241
-83 4146 1028
0 4150 1790
81 4155 914
9 4159 371
-88 4162 1209
21 4163 595
58 4164 594
43 4165 844
99 4167 1100
-63 4172 1798
39 4173 1329
39 4175 130
-86 4176 1016
65 4177 1811
-94 4178 722
51 4179 47
16 4180 1080
46 4182 1688
-23 4187 1970
74 4188 1209
-13 4192 1175
19 4196 713
-16 4198 433
-52 4199 250
-18 4200 857
-94 4201 1176
-52 4203 109
-32 4204 796
-37 4207 1595
-35 4208 762
-95 4212 1685
7 4214 322
68 4216 1281
-56 4222 1317
42 4223 1570
14 4225 833
-21 4226 306
59 4229 366
-6 4230 1
21 4231 1237
-97 4232 990
-22 4234 1461
2 4235 1521
32 4239 1664
-54 4240 413
94 4241 411
-54 4242 1147
80 4243 1658
30 4249 927
26 4252 926
86 4253 808
67 4254 1016
-19 4256 1749
33 4258 1841
28 4259 244
-94 4261 545
59 4262 1656
88 4264 1725
97 4265 1344
-17 4266 184
1 4267 367
-84 4269 1862
79 4270 503
-14 4271 773
15 4274 1261
86 4276 1627
-39 4277 414
34 4279 604
56 4280 626
26 4281 484
-14 4283 1802
-48 4285 678
36 4286 311
48 4287 1527
-63 4288 229
-75 4289 1140
45 4291 1266
-79 4293 1102
-34 4295 1148
-68 4296 1454
-58 4297 564
97 4303 747
-21 4308 782
46 4311 1516
86 4312 477
9 4314 28
-60 4315 1333
-56 4318 59
-22 4320 1564
17 4322 1198
-89 4324 835
13 4325 1716
-71 4326 1295
-72 4331 1048
-27 4332 608
0 4333 624
-1 4334 683
-52 4335 1240
-54 4339 976
-24 4341 1395
-89 4345 1373
27 4347 935
15 4348 1414
-72 4351 1463
64 4352 1580
39 4353 1652
-1 4354 1377
54 4357 300
28 4361 969
48 4362 991
70 4364 1040
54 4365 402
35 4367 1904
-40 4375 880
-28 4377 658
35 4378 434
71 4380 750
-43 4387 674
35 4389 958
-85 4390 271
-10 4393 728
-33 4395 1933
3 4396 1118
55 4397 1103
54 4400 465
100 4401 1212
-87 4402 12
83 4406 1341
-34 4408 1665
-26 4409 1672
50 4410 816
-55 4413 730
-71 4414 1867
90 4424 1365
29 4425 55
-18 4427 1755
19 4429 970
-9 4430 420
-20 4432 408
54 4433 1629
58 4435 1276
42 4436 67
-30 4437 339
-90 4438 1095
-50 4439 1845
36 4441 1843
-56 4443 1410
-19 4448 1665
-13 4450 1385
98 4452 1908
-2 4453 431
-95 4455 1534
-21 4456 1976
-96 4463 482
-73 4465 920
-71 4468 1473
65 4476 432
-48 4477 1946
-10 4478 1435
72 4479 534
2 4481 1923
64 4483 1151
-2 4485 1636
4 4486 1932
-66 4488 1376
51 4489 40
-80 4491 773
-67 4493 1762
-90 4494 1585
59 4497 218
-81 4504 118
28 4505 1267
15 4506 991
-80 4509 257
40 4511 1358
4 4512 984
-95 4514 1895
96 4517 1036
-30 4520 1659
7 4522 948
-21 4523 282
82 4526 152
84 4527 1771
35 4528 287
4 4529 930
-100 4534 262
25 4537 735
20 4539 293
92 4541 76
-26 4543 1426
84 4544 1809
-60 4546 1313
-23 4550 1925
13 4555 1283
-41 4557 297
23 4559 1910
-44 4560 1948
-69 4562 832
-47 4564 1939
93 4575 1279
89 4577 572
-11 4581 244
21 4582 744
-71 4583 41
-87 4585 240
-57 4586 1515
-71 4593 1414
-22 4598 528
57 4602 812
94 4604 1933
77 4606 1239
36 4607 818
34 4608 773
38 4611 657
-82 4612 1805
-72 4615 66
-15 4616 1101
-77 4617 564
-16 4620 361
25 4621 1228
36 4628 67
-66 4630 1043
75 4631 1565
67 4632 236
-91 4633 1105
-2 4634 877
-86 4635 1594
37 4636 1297
76 4637 641
96 4638 1946
-54 4639 216
-55 4641 1440
-62 4644 141
16 4647 1404
-36 4648 706
-23 4649 1523
-35 4650 944
90 4651 675
-20 4652 728
-65 4653 187
-32 4655 1552
-72 4661 330
-89 4662 1427
2 4664 833
22 4666 934
26 4668 371
-38 4671 902
76 4672 1435
2 4675 9
-15 4676 994
-31 4677 1538
-72 4678 1477
15 4682 180
19 4684 64
-99 4685 983
74 4686 391
-22 4688 115
24 4689 1953
39 4690 341
54 4691 1834
0 4692 968
13 4694 1968
-41 4696 1514
-33 4698 824
43 4699 1149
4 4700 1259
51 4703 245
-3 4704 1274
-64 4712 1041
89 4713 1170
71 4717 1779
-5 4718 891
43 4719 740
-58 4721 842
70 4722 750
0 4723 1877
-42 4726 1167
-28 4727 1430
-2 4730 1721
-57 4732 1471
-100 4736 1360
41 4739 336
80 4744 1478
-4 4747 1369
52 4748 1504
84 4749 1649
55 4751 825
-12 4752 1424
-59 4753 153
21 4754 330
-36 4757 1510
6 4758 1163
-82 4759 1448
-43 4761 1934
-51 4764 637
96 4765 1961
-50 4768 248
65 4769 1960
66 4770 1482
-71 4772 1660
41 4773 607
10 4774 1416
7 4775 1936
91 4776 1666
-31 4780 366
-26 4782 1245
80 4783 659
69 4784 941
-13 4785 1764
78 4786 1499
78 4787 40
18 4788 194
-80 4791 1806
-98 4795 406
-72 4796 640
93 4805 768
69 4806 1832
-41 4807 66
-91 4815 93
97 4817 1512
74 4818 271
-48 4819 290
-74 4824 1018
-35 4825 111
-22 4829 377
66 4830 1321
-63 4833 345
38 4835 422
-3 4836 1337
-14 4837 1801
98 4838 184
74 4839 1246
-71 4842 1160
-20 4844 904
-5 4846 951
-56 4847 72
-41 4848 1128
-18 4851 825
74 4852 750
0 4854 333
-33 4855 1106
-93 4857 1941
-66 4859 232
-2 4864 470
-67 4868 590
-68 4876 1591
20 4880 1379
55 4884 862
-67 4885 302
32 4888 932
-21 4889 639
54 4890 472
14 4892 7
0 4893 837
26 4894 744
-37 4899 1495
65 4900 1341
-73 4902 484
-19 4903 739
29 4906 863
71 4907 697
7 4909 1385
-35 4912 241
-61 4913 26
28 4914 1971
-80 4915 549
23 4916 1179
-72 4918 1598
-21 4919 415
-26 4923 64
88 4925 698
-68 4926 1629
73 4928 158
-75 4929 799
99 4931 274
-40 4932 1207
77 4934 1433
48 4937 544
86 4939 307
82 4940 1872
59 4941 1840
83 4948 1378
-64 4951 1614
-83 4952 696
-95 4957 1796
46 4960 888
-81 4961 1079
-6 4962 1851
-41 4963 1868
79 4964 1490
63 4965 1122
-29 4966 1442
-27 4969 829
-1 4970 1968
50 4976 120
73 4977 423
-20 4978 1082
80 4979 1422
83 4981 824
60 4985 1082
-33 4986 813
64 4987 224
20 4989 1081
-65 4990 1691
94 4994 1987
-42 4999 924
82 5001 940
-24 5007 1821
76 5008 814
46 5010 1515
43 5011 1140
3 5013 186
-58 5016 1477
0 5017 1543
-100 5019 1845
0 5021 218
99 5023 1019
15 5024 853
-70 5026 1439
-58 5027 180
25 5028 1496
-2 5033 1716
61 5034 370
-55 5037 736
17 5039 546
-3 5041 673
28 5042 1094
48 5045 1709
52 5047 1423
-11 5051 865
-78 5055 319
15 5056 141
-57 5061 1266
-90 5062 821
-54 5064 68
10 5065 943
91 5069 892
54 5077 1334
-40 5079 852
-57 5082 1405
-51 5083 1041
-45 5085 132
19 5086 1947
37 5091 700
-27 5093 703
66 5097 94
45 5101 1897
-14 5102 781
-2 5105 1064
-50 5106 825
100 5107 1168
-57 5110 1720
83 5113 864
56 5114 874
-66 5115 752
-72 5118 1682
98 5124 297
-62 5125 1789
14 5126 529
81 5129 23
10 5132 171
-46 5133 1014
98 5136 1816
-82 5137 527
83 5138 217
29 5139 1715
38 5140 375
-72 5144 652
-40 5147 1181
-95 5148 99
23 5149 351
-18 5150 909
59 5152 1944
-32 5154 1468
21 5156 1228
-13 5157 1931
67 5165 29
-60 5167 767
-49 5170 638
-43 5172 1981
-49 5181 139
-99 5184 1912
-9 5185 450
91 5187 737
-41 5189 774
99 5190 1833
52 5191 370
-44 5193 390
-34 5195 204
-89 5197 657
-33 5198 565
-74 5199 64
14 5202 1189
-95 5204 1793
17 5206 95
6 5208 197
29 5212 642
14 5213 718
1 5215 730
-58 5217 798
48 5220 1041
67 5221 260
-58 5222 1504
2 5224 762
50 5228 619
21 5230 1153
66 5233 1172
84 5236 456
-93 5240 520
78 5242 1773
-40 5243 1777
-33 5244 1122
63 5247 249
-53 5248 575
61 5249 1463
-81 5250 610
80 5252 1038
62 5253 1583
-68 5255 0
-3 5257 254
85 5258 930
6 5259 706
65 5260 1404
-7 5262 1850
0 5266 172
66 5270 625
-52 5274 1140
-4 5277 1307
4 5278 1919
42 5279 499
-54 5284 1077
68 5286 264
-6 5291 895
-55 5292 1500
29 5294 624
-77 5299 1913
-95 5303 1829
-76 5306 1717
-79 5307 1950
-65 5309 476
34 5311 700
-73 5312 1493
32 5314 680
61 5316 1646
-37 5317 771
8 5318 434
41 5319 1303
95 5322 1061
-36 5326 621
18 5327 1246
-9 5329 130
-94 5331 397
-84 5332 1945
85 5333 772
19 5338 230
-95 5341 1325
53 5343 29
-95 5344 995
-100 5346 704
9 5347 1081
-80 5349 394
-63 5355 979
9 5357 1355
-60 5360 1006
2 5362 132
58 5366 1088
-1 5369 568
39 5372 540
38 5376 551
-38 5378 1746
71 5379 1199
-21 5383 805
-3 5387 1839
83 5389 895
-93 5390 1386
-47 5391 1381
9 5392 821
49 5393 1048
-80 5395 769
-44 5396 1962
-50 5398 601
-100 5402 617
-84 5404 692
31 5405 1882
65 5407 807
-57 5408 982
-84 5409 723
87 5410 1519
-75 5412 1829
2 5413 1671
64 5414 98
71 5415 1473
14 5416 1482
72 5417 1214
1 5419 1467
58 5424 740
-8 5425 1965
-64 5426 1654
52 5430 1508
-69 5432 12
-3 5433 853
-80 5435 1739
-52 5438 1293
66 5439 356
59 5440 1565
75 5441 915
-89 5442 458
-42 5443 1855
90 5444 1785
4 5447 1821
47 5448 1011
-7 5449 1344
-61 5450 1705
20 5452 1730
44 5453 346
-73 5456 1879
11 5458 923
-79 5461 1818
92 5466 1660
-100 5467 1232
49 5469 888
-28 5471 1436
48 5474 1802
33 5478 1002
72 5479 396
74 5482 424
89 5484 1129
-31 5485 1503
85 5486 585
73 5490 1249
-62 5491 1661
-78 5492 287
-7 5496 298
66 5498 92
-24 5500 1008
80 5502 146
-72 5503 1541
63 5504 431
-94 5505 1283
-49 5508 870
-53 5512 1936
35 5513 114
29 5514 1657
59 5517 1370
-30 5523 497
-45 5528 833
90 5529 1710
27 5538 1136
-29 5539 1084
-21 5542 281
-45 5546 1789
-74 5547 667
85 5550 1348
-8 5554 1008
-85 5556 553
72 5559 1910
-92 5560 1674
-41 5563 1313
47 5564 1240
90 5567 1871
-75 5568 867
-96 5573 242
66 5574 311
-9 5577 82
84 5578 1077
55 5579 1477
33 5582 874
-61 5584 1346
9 5587 1495
75 5588 1318
-40 5590 1164
-46 5593 1670
92 5597 66
-50 5598 1813
-96 5599 1394
1 5601 1876
5 5605 1509
54 5608 1282
100 5611 605
85 5613 614
13 5617 1394
73 5619 1442
26 5621 131
64 5624 602
-98 5626 1464
-82 5627 23
7 5628 892
-92 5631 89
-27 5632 870
-69 5637 1340
-3 5639 1701
89 5640 148
46 5641 1042
-19 5643 61
-67 5648 566
-80 5649 1271
24 5656 978
89 5659 1178
98 5663 1553
-55 5665 688
100 5666 252
-84 5669 263
91 5674 1281
-66 5675 377
-33 5676 1781
-22 5677 692
-35 5679 695
10 5680 1364
-43 5683 1668
86 5686 1679
-29 5689 536
83 5690 1154
83 5691 1908
-30 5692 522
-3 5697 859
-84 5698 965
66 5700 1523
86 5704 1423
-34 5705 1675
45 5709 1749
-49 5711 1644
59 5713 536
88 5719 316
-45 5721 146
-2 5725 1176
-94 5726 1009
-61 5727 1414
-28 5728 33
-73 5729 377
85 5730 732
-37 5731 1941
64 5732 1165
-70 5734 625
66 5740 5
7 5742 483
5 5745 887
1 5746 855
-17 5748 1607
60 5749 529
99 5750 270
-34 5754 1282
94 5758 302
44 5761 1565
-41 5764 1565
25 5765 1980
-99 5767 651
38 5772 1603
91 5776 375
-4 5780 1268
-55 5781 415
-29 5786 1062
78 5788 666
-26 5792 990
38 5793 1935
34 5795 353
76 5802 194
-77 5808 1136
77 5809 1509
34 5812 827
-12 5813 403
63 5815 1028
81 5816 527
-38 5817 1177
-99 5819 138
76 5822 1382
-89 5823 738
-74 5824 941
57 5825 191
6 5827 41
29 5828 1280
-80 5831 499
-67 5834 15
38 5836 1911
42 5838 391
51 5839 19
25 5840 1206
85 5841 1127
93 5842 1144
81 5843 876
-62 5849 52
-75 5853 1476
58 5855 50
-34 5857 771
69 5861 340
-15 5863 782
36 5866 544
-97 5874 1808
82 5875 745
86 5877 678
-18 5880 1265
-90 5881 471
69 5884 1207
-80 5886 1188
-32 5887 686
-90 5888 1801
-50 5890 89
-20 5896 1521
74 5898 1913
-14 5902 247
89 5903 325
21 5905 1495
85 5909 1598
83 5910 83
30 5911 1860
-84 5912 473
78 5914 655
-30 5916 1260
-1 5917 1247
-17 5918 7
-40 5919 1135
34 5921 1726
-13 5922 239
44 5927 1561
52 5930 1360
91 5932 1086
95 5933 1936
-12 5935 241
-83 5938 1973
29 5939 547
-13 5940 1469
56 5944 720
36 5945 774
98 5946 1444
44 5947 530
22 5948 532
23 5949 1246
36 5950 77
53 5951 1078
-89 5952 1798
-85 5953 985
6 5954 638
59 5958 1807
-35 5959 1283
94 5962 1512
48 5963 807
-5 5964 127
82 5968 528
-7 5969 550
85 5972 569
-69 5974 1007
24 5975 1261
59 5976 409
51 5977 896
-82 5978 1935
91 5985 1920
78 5986 253
8 5987 1152
51 5988 869
58 5990 1164
40 5992 1585
20 5994 1481
-74 5998 774
-70 6000 1031
79 6002 49
1 6005 1171
15 6008 1419
45 6009 1604
-11 6013 387
12 6014 462
-42 6018 399
34 6020 787
-3 6025 711
-98 6026 1510
97 6027 448
15 6028 882
-51 6030 911
22 6032 1528
-38 6033 1746
75 6037 1711
6 6039 1557
-22 6040 643
77 6041 1564
32 6043 1245
34 6044 30
31 6045 1688
75 6048 406
-72 6050 1339
-76 6052 69
54 6055 527
-4 6056 927
-15 6058 1678
36 6060 722
28 6062 1243
-52 6064 500
-5 6066 881
34 6068 1742
63 6070 126
31 6071 1811
-76 6072 1262
31 6073 125
71 6074 1852
-20 6080 1744
-2 6082 1653
-17 6083 1697
-57 6085 1313
40 6086 1357
45 6087 1172
-79 6092 1310
77 6093 230
82 6094 962
-64 6096 1659
63 6098 749
-92 6100 95
88 6103 56
78 6104 385
-86 6105 717
-66 6108 74
15 6111 1017
-36 6112 341
22 6113 742
-59 6114 1064
22 6115 902
-21 6117 1822
-81 6118 25
-16 6119 1848
25 6121 274
87 6123 819
87 6127 1170
38 6130 16
36 6132 942
59 6137 1702
57 6138 1605
-15 6139 912
-1 6141 689
-88 6143 1897
28 6144 239
-56 6145 1320
-42 6146 503
1 6147 6
73 6151 1241
-87 6155 77
-25 6157 405
-82 6163 501
-21 6167 841
46 6171 970
99 6175 848
73 6176 627
76 6177 1268
90 6179 418
68 6180 234
-93 6182 1318
-53 6183 81
-7 6184 192
-99 6186 1484
90 6188 1094
-82 6190 1160
9 6193 529
-11 6194 1153
-14 6195 676
-77 6197 955
73 6202 1699
-60 6203 1543
86 6204 697
-67 6206 1981
-75 6208 1679
-33 6210 1487
-22 6212 700
29 6213 1491
63 6216 343
-86 6217 1207
12 6218 1461
91 6224 311
-73 6226 1659
0 6229 682
35 6232 36
-31 6234 1900
61 6235 1496
15 6236 1662
32 6240 745
74 6242 1148
36 6246 698
22 6250 1004
31 6252 1618
75 6253 1982
8 6254 1757
48 6258 364
5 6261 1281
46 6262 1886
40 6263 1052
64 6268 467
-43 6269 600
-1 6273 1640
70 6274 829
35 6275 692
-4 6278 1867
27 6280 1565
-20 6282 228
-78 6283 1268
93 6290 1650
-45 6291 971
15 6292 202
92 6293 1865
-19 6294 894
-47 6297 1350
60 6298 438
54 6302 628
24 6304 1738
28 6305 407
26 6307 1372
-26 6308 157
-32 6312 376
-51 6317 433
-70 6320 70
-46 6321 432
-12 6322 952
-4 6323 565
-69 6324 1320
-47 6325 1800
-19 6326 1846
-3 6332 193
72 6336 780
-82 6338 1884
71 6341 924
-30 6342 186
-28 6344 914
-59 6345 392
27 6346 786
-14 6347 663
-23 6351 1702
-64 6354 224
30 6357 261
-56 6362 905
92 6364 1743
-90 6365 339
-23 6366 1471
6 6368 882
-77 6372 1960
-28 6374 827
-98 6375 443
-84 6377 1514
30 6380 1423
-90 6384 1424
-24 6385 1263
-8 6389 1890
56 6396 1438
-93 6398 672
95 6403 1933
-54 6404 1586
-21 6405 1170
81 6407 1831
-14 6410 697
-40 6411 705
-44 6417 936
56 6418 1055
-79 6422 1446
74 6426 168
74 6427 1095
-22 6428 222
6 6430 1720
4 6431 499
-88 6432 1399
-69 6434 1003
1 6436 1362
-63 6437 458
90 6438 161
29 6439 1473
-3 6440 1922
-12 6442 1678
59 6444 772
4 6447 20
52 6453 45
60 6454 1068
85 6456 1886
-6 6457 1414
-43 6458 41
-70 6459 1479
17 6460 1333
-65 6463 1548
-71 6466 1049
27 6470 877
-97 6471 134
64 6474 1032
-56 6480 29
-55 6481 1807
27 6489 152
54 6495 1403
14 6497 302
-9 6499 309
75 6501 1294
-21 6503 367
-28 6504 1022
-2 6505 14
-66 6509 76
-53 6511 689
39 6512 61
34 6514 525
77 6516 207
-6 6517 1750
-6 6519 1696
72 6520 1278
-60 6523 1102
-6 6526 68
-12 6528 1638
-51 6529 970
-14 6534 1
90 6535 100
-93 6536 690
-25 6539 1779
-13 6540 1730
90 6541 611
48 6542 983
57 6543 408
-89 6545 890
-42 6548 194
-40 6552 554
-97 6553 1610
19 6555 837
-92 6559 778
-45 6561 1339
86 6566 62
96 6569 1538
54 6570 611
51 6573 87
68 6574 1217
-18 6575 661
75 6576 1484
54 6578 1147
74 6582 228
47 6583 1423
-53 6584 1944
-87 6586 1699
-19 6587 688
27 6588 668
-6 6589 1563
-35 6590 893
-68 6592 939
-98 6595 899
-70 6598 856
93 6600 181
-93 6601 23
-54 6602 1012
89 6605 63
-19 6606 764
10 6610 1325
-25 6611 1611
12 6612 801
-6 6613 1961
46 6614 1815
-30 6616 1622
52 6617 1177
17 6618 744
84 6619 1930
30 6620 708
-28 6622 1356
-30 6623 1457
89 6629 1129
-3 6632 600
-49 6633 1595
81 6634 1029
57 6635 1489
70 6636 1848
60 6638 914
-97 6643 165
-31 6645 1663
-29 6648 33
-39 6649 1380
78 6651 904
49 6653 1253
25 6657 1925
0 6659 1466
92 6663 644
67 6664 746
83 6665 847
56 6666 1031
-75 6667 986
-84 6669 1412
37 6670 1928
89 6671 255
-13 6672 1378
90 6673 1585
-22 6674 1735
-68 6675 443
80 6680 942
-94 6683 167
12 6685 422
63 6686 616
-70 6687 1097
75 6688 1219
37 6690 1502
-87 6692 1502
4 6693 1583
-86 6694 1320
-76 6695 36
-8 6699 1167
64 6702 1586
-38 6703 1208
-43 6710 1985
-30 6711 810
-56 6712 1075
14 6713 1393
-27 6715 1528
-42 6716 1617
-57 6717 26
89 6719 723
-38 6722 1141
-81 6726 246
-11 6727 201
50 6734 196
48 6735 467
85 6736 1626
-45 6737 1159
-66 6738 598
-96 6739 916
43 6741 1020
-11 6745 177
-39 6751 1596
6 6754 1112
-59 6755 1422
34 6756 1297
69 6762 1349
1 6764 1424
29 6765 1577
-91 6766 1503
73 6768 623
-89 6769 404
-32 6770 11
-45 6773 1939
88 6774 1359
-19 6775 4
48 6777 429
3 6780 988
-41 6782 1940
-10 6783 1896
-83 6784 1705
33 6786 1497
-96 6787 1926
13 6792 1867
90 6793 1886
35 6794 1577
-96 6800 1588
-97 6801 1110
-77 6802 145
-35 6806 1698
-79 6807 980
33 6808 1075
-22 6809 1591
-68 6811 1419
66 6813 687
-61 6815 1351
90 6818 708
-9 6825 1439
54 6826 1524
53 6828 660
14 6829 111
-53 6830 86
-37 6831 303
83 6837 115
-79 6838 1616
-56 6839 1065
60 6843 289
-79 6844 249
61 6846 410
8 6847 628
91 6850 976
66 6854 1889
6 6856 1335
74 6858 1412
11 6860 134
-76 6866 627
71 6867 1514
95 6868 1368
34 6869 1928
14 6870 1761
-50 6872 1173
-53 6875 154
-5 6876 727
-81 6880 160
-75 6882 1896
91 6883 1935
51 6886 542
-13 6887 535
94 6888 1754
-79 6890 1617
-61 6891 1973
31 6893 1771
80 6894 946
-92 6895 652
82 6897 1633
42 6903 1183
84 6904 463
-18 6906 914
-1 6908 1580
27 6913 298
93 6915 1589
-21 6916 10
55 6919 818
71 6920 1271
38 6924 1639
9 6928 1956
34 6929 1062
55 6930 665
12 6937 362
80 6938 929
35 6939 1423
36 6941 504
-76 6942 1223
99 6943 178
-73 6944 1286
-58 6946 1298
18 6947 1601
26 6948 936
-46 6949 1470
84 6951 1964
45 6953 204
-8 6957 840
29 6958 1865
-33 6959 1024
2 6962 230
-8 6966 520
21 6971 110
6 6974 479
-3 6975 1113
82 6976 234
-43 6977 845
38 6979 63
-97 6980 847
94 6981 1757
-23 6985 1717
-66 6986 1687
9 6987 339
55 6992 1221
-51 6995 130
70 6996 92
71 6997 817
81 7000 1882
72 7004 385
-12 7005 1690
-82 7006 658
72 7008 745
-75 7009 611
-72 7011 244
48 7014 493
-5 7015 1015
-98 7017 883
-44 7018 1247
5 7020 1144
60 7021 1490
-73 7023 1070
-50 7027 1825
60 7030 1691
56 7032 1743
-96 7033 283
-96 7034 1611
-77 7036 24
98 7037 444
-75 7040 464
-68 7041 1396
-93 7048 42
71 7059 1964
-87 7060 243
-1 7064 1365
83 7067 1766
-49 7069 1068
-27 7070 1239
82 7073 139
69 7074 729
59 7075 1216
-96 7076 1049
-75 7078 939
-88 7079 508
-85 7083 1213
-53 7085 41
95 7088 1560
32 7089 972
50 7091 1509
-44 7092 1316
65 7093 284
-62 7094 1073
-47 7095 290
34 7098 919
-72 7100 1401
-14 7101 921
95 7105 1741
-16 7106 366
-69 7108 1802
-8 7113 1526
-64 7116 606
47 7117 656
-87 7128 361
-78 7131 917
-63 7132 1616
-83 7133 301
-77 7134 1583
89 7135 374
-18 7138 811
-39 7139 1235
75 7141 43
-88 7143 1169
5 7146 1579
79 7149 1176
-88 7155 1486
17 7156 1190
-23 7159 1225
30 7163 412
-9 7164 1542
-53 7165 1425
-23 7167 1215
84 7171 1706
52 7174 449
-99 7175 1690
43 7177 538
27 7178 628
4 7179 1035
-90 7180 664
-25 7181 949
-98 7186 1161
-91 7188 1121
-46 7189 1135
0 7190 1168
78 7191 840
88 7194 170
78 7197 684
75 7199 57
-30 7203 1250
-81 7204 90
-38 7207 1572
20 7210 1767
0 7211 1011
-10 7214 1623
78 7216 1044
-1 7219 929
36 7221 660
33 7223 184
34 7232 372
26 7234 59
34 7235 49
9 7236 1149
82 7238 172
55 7239 1411
40 7240 1974
-27 7241 1250
-18 7243 1265
-70 7244 1151
-23 7245 223
-33 7248 1382
30 7250 91
-9 7252 1193
11 7256 79
-27 7257 873
74 7259 393
97 7260 1379
-36 7262 739
45 7263 706
89 7268 54
26 7270 169
-61 7273 306
1 7277 612
54 7278 308
-96 7281 1474
71 7284 1635
-95 7285 1594
37 7287 981
44 7289 420
81 7290 863
79 7292 287
-80 7294 510
38 7296 1582
-93 7297 825
100 7298 1664
-40 7301 1043
-24 7302 1182
-46 7304 1691
60 7305 9
90 7306 907
79 7308 1081
-80 7311 1888
-36 7312 202
10 7316 1320
22 7319 1000
-61 7320 440
20 7322 579
-86 7325 1783
77 7326 1415
39 7327 130
-77 7332 556
-36 7334 1137
-77 7338 1033
52 7339 1111
0 7340 1511
-11 7342 570
-64 7344 1966
49 7346 747
-82 7348 332
-42 7354 1238
-78 7355 1252
-45 7366 500
-38 7367 1665
-51 7371 1964
1 7372 533
-82 7373 1416
-16 7376 158
-55 7377 617
9 7379 1921
42 7381 174
-37 7382 1942
-30 7383 1281
53 7384 1402
10 7386 1369
8 7387 1929
72 7390 36
100 7392 1052
35 7396 876
66 7397 1187
-79 7399 1695
84 7402 894
-5 7405 1719
83 7406 1356
24 7407 318
67 7408 1912
-13 7409 357
95 7410 1011
-25 7411 1164
-23 7412 372
26 7415 104
50 7416 1141
-43 7417 602
73 7420 1096
29 7421 95
45 7424 1835
-58 7425 1786
96 7427 964
29 7428 321
-2 7429 1092
-67 7430 1972
-33 7432 598
60 7436 1327
57 7439 1236
77 7442 1359
92 7445 1021
61 7447 129
20 7448 36
37 7449 666
-24 7450 205
10 7451 1271
99 7452 1713
-51 7453 1105
-97 7454 1108
42 7455 1464
-90 7457 1688
0 7458 634
-77 7462 1292
96 7463 1818
-56 7466 412
-42 7467 324
-2 7468 1379
32 7471 743
14 7473 87
39 7476 772
-53 7478 1282
50 7482 979
97 7484 1976
82 7489 1429
-92 7492 1141
-12 7494 466
80 7495 881
-38 7500 1838
-98 7501 323
-92 7502 1735
92 7504 1709
-97 7505 201
65 7506 671
-25 7507 1813
92 7509 1373
-24 7510 496
-65 7513 731
53 7514 1046
12 7515 343
79 7516 1548
-72 7517 1729
98 7520 1840
-28 7522 288
-48 7523 997
5 7524 1534
-33 7526 1704
-36 7527 1593
-32 7528 1959
-12 7530 909
37 7531 1060
-2 7532 1789
-27 7533 140
90 7534 373
29 7535 980
-69 7537 820
-74 7540 1823
-89 7542 489
-41 7544 74
-13 7547 1131
-86 7552 1431
55 7553 757
18 7555 1046
-57 7556 586
-60 7557 712
-35 7559 705
-66 7561 1261
-82 7567 566
54 7568 579
51 7571 1888
93 7572 429
-89 7573 736
10 7575 1078
38 7576 250
-67 7579 1932
-77 7581 257
-73 7583 108
-97 7585 1332
-72 7587 135
8 7588 1632
54 7589 883
-68 7590 232
-57 7593 266
0 7595 1320
-53 7599 285
55 7600 1952
-16 7601 1794
45 7602 486
-88 7603 1192
59 7604 873
-83 7609 1122
-44 7611 498
-63 7613 1467
50 7614 842
4 7619 100
44 7620 1978
86 7624 383
11 7625 1976
44 7627 35
-85 7629 159
44 7631 1151
44 7632 524
-98 7633 1764
-77 7635 705
8 7637 816
-5 7638 629
-32 7641 179
68 7643 1026
-47 7644 1901
-10 7646 875
-29 7650 131
-74 7651 400
24 7652 1541
-85 7653 999
62 7655 619
-52 7661 1612
28 7662 1309
92 7665 1217
-44 7666 979
-74 7667 1139
-51 7668 1524
91 7669 745
-86 7670 917
-19 7672 251
-89 7673 1624
-81 7674 134
-37 7678 93
42 7679 792
22 7682 906
-59 7686 1278
-82 7687 1229
83 7688 996
16 7690 200
-32 7691 1590
77 7692 1477
47 7694 1641
15 7695 825
84 7697 1309
-20 7699 414
-80 7700 1923
-100 7701 682
-42 7702 694
9 7703 1908
-86 7704 796
-35 7705 1436
98 7707 764
26 7708 1821
31 7710 1735
16 7711 529
3 7712 1862
-80 7714 161
88 7715 915
60 7717 1127
-73 7718 1684
59 7720 670
-62 7723 362
-39 7724 1683
-46 7725 886
89 7726 733
9 7727 847
22 7729 1965
-13 7730 906
39 7731 1947
27 7735 1768
-57 7736 734
-40 7739 174
85 7740 1478
33 7743 1691
60 7744 150
75 7745 1480
-24 7749 641
50 7750 1396
-26 7751 1229
85 7756 1350
53 7758 993
-84 7760 193
-67 7761 492
-100 7762 643
-56 7763 239
73 7764 695
-100 7765 1927
-74 7766 1249
25 7767 1793
45 7770 844
45 7771 1245
-95 7775 1051
86 7778 511
69 7780 1909
-26 7781 1235
87 7782 1525
29 7784 1131
4 7786 1780
-61 7787 528
-59 7788 452
23 7789 126
57 7790 1189
79 7792 286
42 7795 1355
99 7798 882
-44 7799 1836
26 7801 1244
2 7803 1972
-65 7806 394
-16 7809 1739
58 7810 1597
-33 7812 387
-69 7813 681
-41 7817 1668
49 7818 1916
-28 7822 247
2 7824 87
-80 7827 1488
-29 7830 1472
-25 7834 540
61 7835 103
-81 7836 117
87 7839 1883
31 7840 1825
-15 7841 1858
-61 7842 495
28 7845 343
50 7846 958
1 7848 1177
-49 7849 1502
-57 7850 201
-59 7851 1425
-79 7857 312
-99 7859 1669
42 7861 276
-70 7862 1186
-56 7863 1425
31 7864 910
80 7865 320
-88 7866 1273
99 7867 117
40 7868 649
68 7871 1029
-62 7872 832
-43 7873 537
-50 7880 738
-19 7881 1741
18 7882 278
-31 7884 1688
-98 7885 479
72 7886 1039
60 7887 1885
-89 7888 573
78 7891 1097
50 7893 1637
56 7896 1717
-1 7898 1103
18 7900 1402
83 7908 239
51 7910 517
-9 7911 488
85 7912 826
33 7915 479
72 7917 133
18 7918 1719
-2 7920 520
75 7921 1345
8 7923 1895
96 7924 1753
36 7926 422
24 7927 1879
96 7928 1693
38 7929 795
-13 7931 1701
13 7934 1303
38 7937 1048
25 7938 849
84 7940 634
50 7942 1634
-2 7943 668
37 7948 25
-44 7952 1415
65 7955 976
100 7963 179
32 7966 1304
-58 7969 1246
93 7971 1619
-55 7973 379
-57 7979 1603
29 7980 1140
-73 7981 1717
-56 7982 1900
-79 7985 164
-33 7988 138
-10 7990 1384
34 7991 727
-13 7994 1672
3 7995 189
61 7998 267
59 7999 279
38 8000 534
24 8001 603
60 8002 1368
-69 8004 282
19 8012 664
48 8013 755
74 8017 133
-28 8019 1048
54 8021 1243
-81 8024 422
-74 8026 1047
-49 8027 1800
-60 8029 352
-74 8033 1612
79 8034 1247
-61 8040 781
-53 8041 1538
73 8042 441
85 8048 1667
71 8049 220
50 8051 1517
98 8052 1381
-82 8053 799
46 8054 1059
-59 8056 214
-28 8057 1364
-23 8061 618
-96 8063 1914
81 8066 1675
14 8068 1023
70 8069 159
82 8070 1485
36 8071 925
19 8072 301
86 8074 932
14 8075 913
-54 8077 905
14 8079 645
96 8080 338
-30 8081 765
-30 8082 1286
35 8085 1882
-72 8087 1000
-50 8092 1565
-25 8094 1203
1 8096 1666
26 8098 1044
-25 8106 1898
-42 8107 498
-45 8109 825
65 8110 1101
90 8111 1248
-71 8112 1011
82 8114 1293
-20 8115 6
0 8117 1111
41 8118 752
-5 8119 370
56 8120 197
36 8121 166
-54 8123 1653
-17 8127 1804
64 8134 734
82 8135 74
47 8136 165
21 8138 917
10 8139 837
-28 8143 611
-69 8145 778
96 8146 934
27 8151 1036
62 8155 307
38 8158 1767
49 8159 1493
37 8161 1753
75 8162 1550
15 8163 979
49 8165 1861
46 8166 1140
-46 8170 1308
-50 8173 659
-21 8178 675
-35 8179 189
-54 8180 1694
-9 8182 1547
-28 8184 1731
-37 8185 106
-81 8186 860
-22 8188 1154
53 8191 1327
99 8192 840
-60 8195 767
-65 8197 1679
72 8198 1552
67 8199 1796
-68 8200 437
-16 8203 17
91 8204 42
-66 8206 382
-56 8207 1742
-59 8208 1728
-75 8209 247
97 8210 525
77 8212 1458
-96 8217 1181
74 8222 1254
35 8224 1296
58 8226 1381
-11 8227 1425
14 8228 1980
-59 8232 1585
73 8234 416
48 8235 941
-18 8236 1909
-54 8239 750
-89 8240 1095
-35 8241 919
8 8243 965
-94 8246 473
74 8247 1758
-80 8248 1499
-24 8251 734
-70 8253 1510
-62 8254 1092
98 8257 1785
-78 8260 1312
1 8264 1373
45 8265 1732
-63 8268 90
-62 8271 1606
27 8275 632
-27 8276 1721
-68 8280 1004
-6 8281 1931
37 8282 47
81 8283 1249
-90 8284 1428
95 8286 1178
62 8287 715
-16 8288 1290
13 8289 638
21 8290 506
-26 8291 1285
-23 8293 1410
32 8295 267
-5 8296 258
-9 8299 163
85 8302 524
-35 8305 381
5 8311 474
35 8312 1410
26 8313 1679
72 8314 741
3 8315 361
27 8319 234
-27 8323 825
81 8324 1603
40 8327 550
-96 8328 1109
-100 8331 1113
27 8332 1308
60 8333 1401
-5 8334 1877
-45 8336 422
-45 8338 18
-81 8341 1742
58 8342 83
-72 8346 1576
51 8348 1503
54 8349 987
28 8352 1707
47 8353 1096
32 8355 1373
-37 8358 1153
1 8360 1934
-67 8363 1502
-27 8364 1481
85 8369 1835
-43 8370 1089
-34 8371 638
80 8375 1319
74 8376 752
68 8377 1018
-97 8378 1298
-23 8379 1500
-93 8383 1587
-72 8385 1121
5 8390 1090
40 8391 1786
-44 8393 1835
-80 8396 774
-71 8398 408
10 8399 825
3 8400 1607
6 8405 959
-14 8408 1794
63 8410 715
11 8411 1679
-35 8412 1444
-88 8415 1530
98 8417 114
99 8418 374
12 8419 1556
67 8423 183
44 8427 981
-39 8429 576
61 8430 575
2 8435 71
94 8441 538
-44 8446 1910
72 8447 1396
12 8449 1754
91 8450 1664
35 8453 1817
35 8459 1002
77 8462 1338
46 8464 371
-30 8465 1328
-38 8468 996
-16 8470 63
-87 8471 1977
79 8472 1474
30 8474 16
73 8477 1404
1 8479 418
18 8480 1817
54 8483 1717
-33 8484 727
-32 8485 367
-92 8488 1719
-30 8489 537
5 8495 1207
32 8496 1087
87 8498 1869
6 8500 1117
-17 8501 74
83 8502 1111
5 8506 1737
70 8507 1285
-79 8514 775
-54 8515 1959
32 8516 1252
80 8517 1419
-79 8518 179
-69 8521 868
-20 8522 1900
-30 8525 284
-48 8526 1580
37 8527 28
79 8529 1031
95 8530 702
-78 8531 1111
-76 8533 401
91 8534 1548
-65 8537 1453
83 8539 741
-30 8541 1577
-77 8545 70
-43 8547 1173
90 8549 1319
-34 8550 215
-14 8556 1784
91 8558 88
83 8562 1624
72 8563 658
-22 8566 523
-84 8569 1085
-62 8571 1967
-55 8572 1672
-37 8573 43
-61 8576 69
-50 8577 1949
-10 8579 350
22 8580 1802
97 8582 864
-19 8584 781
-11 8586 666
82 8587 93
34 8590 724
-11 8592 910
-92 8594 942
68 8595 1363
-29 8596 237
57 8598 392
-6 8600 1675
-32 8603 1452
-50 8604 1913
20 8609 669
-25 8610 1584
65 8615 1943
-81 8617 509
-4 8618 965
-95 8619 1777
-83 8621 0
-54 8622 1493
-90 8623 130
-90 8624 154
50 8626 193
20 8627 1900
-3 8628 657
69 8630 1171
91 8632 759
54 8633 552
-27 8637 484
-75 8639 151
-99 8640 1474
53 8641 1428
-39 8642 1448
76 8650 959
36 8651 595
-32 8654 1796
22 8655 883
6 8657 1882
-28 8658 144
-57 8663 985
-78 8664 1951
-13 8667 42
-77 8670 1599
35 8671 1548
-84 8672 1053
69 8674 1349
-30 8675 1869
-8 8676 1780
-64 8677 807
27 8679 313
32 8680 1526
74 8684 598
2 8686 1631
62 8689 1064
67 8693 1109
60 8696 1552
-19 8698 1775
55 8699 544
47 8701 524
-58 8703 569
-15 8706 884
-28 8707 1519
-27 8709 10
-29 8711 1557
-56 8713 473
65 8714 485
-78 8716 1206
96 8718 1610
67 8719 1956
76 8720 606
-53 8721 705
68 8724 615
-57 8725 333
-49 8727 1482
-67 8728 160
-64 8729 1241
-70 8734 1215
-75 8735 1752
92 8736 260
60 8745 821
61 8749 1315
-92 8753 1179
57 8754 321
-25 8755 1667
-50 8758 1420
51 8759 823
-81 8764 309
-96 8766 761
-39 8767 316
-54 8771 1106
77 8772 31
-17 8773 1111
36 8774 540
-92 8776 318
28 8777 822
-11 8780 1331
-88 8781 1305
-60 8784 779
11 8785 1879
-89 8786 1379
-91 8787 1266
39 8790 1336
-35 8791 267
80 8792 1491
61 8794 1985
-43 8795 1985
-29 8797 1286
60 8800 1799
23 8802 1163
41 8805 635
54 8806 111
-96 8807 1384
65 8808 1121
-13 8810 160
-10 8811 753
78 8812 1078
28 8816 390
90 8817 611
63 8818 213
74 8819 1871
93 8828 264
1 8830 1378
-30 8834 504
-90 8835 857
-57 8836 1100
-72 8837 1289
-62 8838 1361
-76 8839 408
-6 8841 1431
-24 8842 256
-93 8844 735
-87 8847 1353
55 8848 293
94 8849 729
4 8852 549
-48 8854 1353
-51 8858 99
-82 8863 434
24 8864 1694
-74 8865 1806
36 8868 1344
-85 8869 1778
24 8870 13
97 8872 557
-50 8873 899
-35 8876 383
-11 8880 609
-71 8881 551
25 8882 1344
78 8883 613
95 8884 1834
-9 8886 472
-42 8889 831
31 8892 718
-98 8896 1512
-87 8898 217
66 8899 1375
53 8901 277
-4 8902 61
-95 8904 1814
-68 8906 853
-51 8909 645
-57 8910 991
-6 8912 1370
-36 8913 1928
44 8914 631
-74 8916 233
-12 8921 271
96 8922 132
-49 8924 1649
66 8927 523
-8 8931 931
43 8932 7
-62 8933 1678
5 8934 451
-62 8937 1845
-2 8939 644
67 8940 1483
-96 8941 1919
-76 8943 1306
-99 8944 219
52 8945 1069
-22 8946 1836
-43 8947 423
-30 8948 1756
60 8949 820
-33 8950 1481
-74 8951 1388
94 8952 363
-12 8954 1273
-75 8955 1308
-43 8958 1876
-80 8964 119
-87 8967 480
77 8971 1538
3 8973 444
84 8974 91
89 8977 1483
-100 8978 650
31 8979 1964
50 8980 1002
-48 8987 1256
-80 8989 1768
51 8992 1732
31 8994 1867
-76 8998 1221
-26 9003 152
-64 9005 41
3 9006 188
-50 9012 1466
27 9015 484
30 9017 1549
-30 9018 1973
71 9021 1512
-70 9022 921
84 9024 1930
-15 9025 1629
-41 9026 128
-89 9027 1807
26 9030 1713
92 9034 140
-68 9036 1331
-81 9038 240
-18 9042 373
63 9044 265
19 9045 466
10 9048 521
-44 9050 1500
49 9052 1524
-77 9058 999
-98 9059 1353
-72 9060 833
71 9069 1546
50 9070 536
1 9071 262
24 9078 107
-85 9081 1764
30 9082 421
10 9086 1333
58 9087 325
-63 9091 1122
-88 9092 177
-95 9094 1507
37 9095 1438
0 9096 321
36 9098 998
-60 9104 1818
-34 9106 624
-36 9107 812
78 9108 593
-7 9113 1118
58 9114 1643
96 9116 1439
83 9117 1565
-55 9120 330
14 9121 969
-80 9123 1570
20 9126 273
12 9129 1520
38 9132 485
8 9134 1153
90 9137 1906
31 9140 1951
-28 9143 1776
20 9144 353
15 9145 946
-37 9146 453
45 9147 1418
-35 9152 1350
20 9153 1881
1 9154 1492
-85 9155 1797
-25 9158 746
15 9160 981
95 9165 1214
7 9166 583
54 9168 1921
40 9169 1032
-55 9172 1048
-28 9173 966
-30 9174 879
2 9175 1780
91 9178 997
-19 9179 77
41 9183 437
14 9184 378
-80 9187 754
65 9188 163
2 9189 766
-54 9190 1962
-35 9191 897
-60 9192 1383
-5 9195 369
36 9196 869
68 9201 8
37 9202 925
-61 9203 707
94 9208 1193
-61 9209 110
6 9210 1340
-57 9212 925
9 9216 1428
2 9218 695
-17 9219 513
-90 9224 1127
-32 9226 1522
-40 9231 1504
-69 9234 357
87 9237 62
-25 9240 1238
74 9241 1132
-88 9246 1549
90 9247 289
27 9248 1560
7 9249 39
-59 9252 1794
74 9254 694
35 9256 1808
80 9258 1394
38 9259 520
53 9262 756
-16 9266 1640
-13 9268 200
16 9270 612
-96 9271 1639
15 9272 1528
-91 9273 1186
-21 9274 1476
-85 9276 136
8 9277 839
-86 9278 1317
62 9280 1520
-100 9284 1258
26 9285 438
45 9286 118
90 9292 65
55 9293 315
-79 9294 545
-60 9295 1518
59 9297 149
19 9299 1080
-33 9303 1199
87 9305 1609
20 9306 1594
36 9314 890
-90 9315 1409
-86 9317 451
-59 9318 1289
88 9320 864
-66 9326 1816
59 9328 1039
1 9330 1109
-63 9331 615
90 9332 1377
78 9336 1974
-20 9339 94
-83 9342 102
-80 9343 474
15 9344 50
92 9347 1277
12 9350 1838
2 9352 504
86 9355 1724
-5 9357 458
47 9359 1971
-95 9362 499
-30 9363 1780
44 9364 1271
-15 9366 1039
30 9367 1617
10 9369 406
-11 9371 1577
56 9375 1424
-7 9376 894
-66 9380 38
-10 9382 1677
-67 9385 1168
64 9388 1765
95 9389 209
43 9392 1890
-60 9393 805
-7 9397 1517
64 9398 136
-97 9401 439
18 9402 1356
9 9404 788
-12 9405 1595
-68 9407 1022
-61 9409 474
-31 9412 1481
60 9413 1526
-61 9415 947
84 9418 689
-61 9421 1082
-83 9423 710
67 9425 810
1 9428 1396
84 9430 295
67 9431 1285
-54 9433 1566
-80 9438 1448
3 9440 1186
67 9441 840
12 9446 1757
-69 9448 951
-76 9451 1554
15 9452 1195
-29 9460 1551
-91 9463 1415
33 9465 1620
51 9466 703
-66 9469 1179
34 9470 693
-16 9471 107
-12 9474 1646
-68 9477 1416
-71 9479 1037
-5 9480 1090
81 9482 972
-79 9486 3
-50 9488 1901
47 9490 960
-33 9492 469
98 9493 113
-55 9494 21
45 9496 627
-65 9497 963
89 9500 1436
-54 9501 1499
-33 9503 1236
24 9504 517
48 9505 1320
-32 9510 1917
4 9511 1677
58 9512 204
49 9513 1227
-75 9514 293
-34 9516 869
-14 9517 1540
60 9519 1865
-5 9520 1217
-75 9522 28
12 9533 571
-43 9534 972
-86 9535 745
33 9536 1522
83 9537 1368
-88 9538 1863
11 9541 1907
49 9542 612
-52 9544 320
75 9548 1089
42 9549 218
32 9555 58
-59 9557 1465
-74 9561 1284
-34 9562 409
-62 9563 681
68 9565 1324
2 9566 47
-19 9569 1174
84 9571 1768
73 9572 863
-86 9577 528
-27 9578 384
-11 9579 809
-60 9580 1073
36 9583 1743
-96 9584 1057
-48 9585 1980
-15 9586 1025
84 9588 641
57 9590 502
65 9595 842
-35 9596 485
-49 9598 1937
-62 9599 1372
47 9604 515
-31 9605 907
-73 9606 175
42 9608 1047
-83 9610 455
-66 9611 1812
-75 9612 835
-36 9615 1232
82 9617 96
56 9619 1435
50 9621 348
17 9624 1529
-6 9627 956
-14 9628 199
56 9632 1792
-50 9633 1335
67 9634 1258
19 9636 1945
57 9638 1310
50 9639 1839
27 9640 125
-84 9641 664
-31 9644 1653
27 9645 657
-71 9646 1795
8 9650 1461
-8 9653 1125
16 9654 512
-1 9655 325
97 9657 24
-67 9661 1936
100 9663 959
-82 9664 1659
-98 9667 746
-41 9670 995
-63 9672 592
-97 9673 1511
50 9674 502
-46 9675 1662
95 9682 1622
5 9683 1876
89 9684 1986
-1 9685 1122
-25 9687 545
-87 9689 953
4 9692 292
0 9693 1847
65 9698 994
97 9703 1054
1 9704 1628
10 9705 1045
-55 9706 19
95 9711 55
35 9712 380
-91 9713 1363
85 9714 1953
84 9715 162
45 9716 524
85 9721 1563
12 9724 1224
-16 9728 407
50 9730 1863
55 9734 818
-98 9735 246
95 9736 1379
41 9739 104
-39 9741 966
-91 9746 1482
25 9747 1213
75 9748 372
43 9750 1132
6 9751 674
15 9753 516
83 9754 396
32 9755 225
-79 9759 1653
42 9760 1033
-55 9764 1473
22 9768 1146
-36 9771 1422
58 9775 484
32 9777 1177
74 9779 1565
39 9780 541
-40 9781 475
-6 9784 811
-83 9785 305
-84 9786 97
-29 9787 996
6 9788 938
37 9789 1797
-81 9793 1303
47 9794 1512
-93 9795 1883
-42 9799 1829
80 9807 1792
-3 9810 1492
75 9811 945
-36 9812 1827
-59 9814 657
-61 9815 1670
85 9818 995
78 9819 813
99 9822 148
69 9826 807
94 9830 1963
-26 9834 855
36 9835 1798
51 9836 474
-15 9837 1683
-49 9838 1862
12 9839 1268
-17 9840 1261
-99 9842 170
-54 9844 66
27 9847 1967
82 9848 1418
-71 9851 1061
26 9852 1960
-92 9854 1343
-14 9855 752
80 9857 1060
-98 9858 1006
36 9860 109
14 9861 1746
30 9863 382
-76 9866 352
-12 9867 393
82 9870 1594
35 9872 482
-72 9874 1307
39 9877 1771
-25 9878 1502
-13 9880 1829
3 9882 1474
92 9884 1255
75 9889 1455
-67 9890 1929
-52 9894 1113
94 9896 1779
77 9900 891
100 9903 1066
54 9904 1384
-11 9907 1798
-4 9908 544
-1 9911 1425
19 9912 279
77 9915 1928
29 9916 1964
-72 9917 1975
-56 9918 1543
-11 9921 153
-94 9922 151
-3 9925 1285
-12 9927 194
-20 9929 842
35 9931 1659
-65 9935 332
-100 9937 593
80 9938 364
37 9940 1494
21 9941 1389
32 9947 577
30 9953 1332
84 9954 320
-4 9956 1913
-33 9957 178
-98 9958 689
31 9959 94
67 9963 281
22 9964 1751
-40 9965 0
59 9967 1261
-36 9968 249
-17 9972 756
-14 9974 235
59 9976 861
26 9978 1588
84 9979 1468
-60 9982 577
-70 9984 533
-55 9986 1752
81 9987 840
9 9992 1167
-54 9996 301
-36 9998 1350
-30 9999 1979
