20 201
17966 -56319 85609 5908 28453 75334 -35497 -76692 89672 -32357 32816 66281 75611 -46625 46166 -22543 65463 -2620 -69937 9615
7 17 22877 37799
4 15 12755 31913
9 10 41900 69997
10 15 11910 7994
1 16 30834 92520
11 11 70609 72984
3 5 86517 86459
8 10 50337 33537
2 15 41335 54949
7 14 70026 47070
6 17 91927 18616
11 16 61288 23762
5 15 54807 85062
3 5 7392 92792
7 12 95651 80424
8 13 92365 23455
1 3 49937 42926
2 4 82002 92487
4 5 55302 43408
10 19 93009 9003
14 15 27168 22613
2 7 27713 30392
15 19 85172 63279
8 18 48445 35454
5 13 54221 94277
15 20 64358 3898
3 7 42678 67963
1 9 81663 43326
5 17 36038 90054
11 16 54732 2139
6 13 98724 30311
2 5 99036 2225
12 18 9937 15020
15 20 99213 57861
4 8 80205 74469
2 3 30892 92256
7 9 31566 71343
8 11 71305 13480
8 12 21256 89921
1 11 49192 98813
9 9 35035 25711
8 14 56668 28010
11 12 71865 80896
15 20 68211 34203
9 10 33794 96644
4 7 46669 62633
14 15 74417 74445
1 18 11364 80176
3 12 4601 28149
6 19 50343 81622
10 15 16529 96783
17 19 88448 85589
7 9 90552 43293
11 11 70472 86896
2 16 50338 78903
11 17 7521 8314
2 11 41754 81140
1 13 67574 70604
12 18 68035 43283
2 13 71374 23079
3 11 61706 90608
2 11 47091 81488
3 6 11537 78608
4 13 78077 468
9 11 83951 6995
12 18 79786 21151
9 9 79813 76370
13 19 17909 98470
3 8 89211 16746
10 16 51611 49142
4 8 32682 74496
14 20 61043 20850
1 16 19377 70549
7 12 69071 2955
9 11 35116 21590
7 11 21578 49548
2 19 18930 58897
5 15 30707 15664
3 6 52149 60740
3 16 26875 21497
3 3 25173 60809
7 20 86318 17187
8 16 97549 47075
11 11 89275 87471
7 19 89115 46624
4 20 60428 50973
4 18 41865 61513
10 19 91542 59747
7 15 43184 62972
13 18 58251 33070
15 18 10061 7280
10 15 6412 64878
8 13 41224 77630
5 12 41742 47369
5 12 43143 79673
3 14 45000 57792
6 7 32280 63516
1 11 9662 38821
10 14 70932 50065
9 18 32959 97175
11 15 11237 8450
2 2 75976 79425
11 18 88464 13023
9 17 6298 16636
14 15 34957 63678
5 8 20057 28595
2 14 7312 3101
1 19 22266 64586
10 17 57758 91299
11 17 39407 17247
10 13 90892 7201
4 18 97663 78752
13 19 61067 72295
2 3 99093 21312
5 20 78563 90802
13 18 83822 67605
4 15 8156 21028
13 19 19730 74410
7 19 72292 56226
2 5 21233 38227
19 19 53033 38058
10 14 74980 17849
9 11 35585 71519
9 12 72677 71659
13 16 17354 6267
9 13 73632 67024
1 4 81336 69816
7 14 87034 31331
1 5 17374 29354
11 12 10919 19450
3 6 74713 7463
9 18 93505 45128
8 19 10143 73061
16 18 662 9486
4 9 77440 23119
6 16 77123 10973
4 8 70886 25402
13 17 24879 79478
6 13 89399 82955
3 14 83980 9626
6 15 62158 71151
2 4 55058 91003
5 18 56562 11728
4 8 3054 45487
19 19 7093 13777
10 11 61185 45106
17 18 41072 5981
3 3 54231 70399
5 9 17890 5934
2 5 70554 45986
8 13 85374 30880
2 5 7643 53387
12 14 57476 72494
10 10 56085 80388
4 5 71348 90936
7 11 13479 38774
4 4 11038 79003
13 14 20612 86049
11 12 22956 44266
1 6 34469 55470
1 2 65208 32461
3 7 86374 21907
4 13 69694 6263
9 13 94931 23691
4 10 19228 59006
7 17 74320 93427
12 14 99688 36691
7 16 94313 25752
8 13 74289 19964
6 6 34800 76990
6 9 58008 16370
12 16 19784 17658
2 3 79280 2291
9 13 97484 72665
8 13 45432 82133
1 12 74367 73330
3 8 17986 32502
7 8 47703 12770
8 16 68425 47887
15 17 4997 1749
1 6 34483 57680
8 9 40761 3206
10 14 13935 9762
1 8 70743 50298
8 16 35949 79919
5 13 90990 58843
15 18 51653 44278
1 14 2928 74206
19 19 77320 54256
4 19 84185 46598
4 16 64072 30279
12 12 18621 45857
19 20 61256 36164
19 20 26179 13167
5 16 87631 49477
1 11 92944 11207
11 12 69764 38042
2 13 35445 9980
2 8 72216 12366
5 9 81994 26674
6 7 43985 32092
