220 123
63693 6722 46002 -80502 11388 60358 62086 -13310 18735 96217 379 87816 -62523 -56541 86637 59387 -40543 -32098 18246 12990 -33972 53224 -89920 -8176 -95961 97663 52703 21681 -81904 8553 -37105 -47380 25888 -42812 -56194 6609 -69372 25052 82826 62638 9768 -92825 -34504 64555 58547 -13149 95837 59358 98284 -21873 35215 90729 49747 -54499 92108 -49692 60863 -92426 51668 -94143 62381 49584 96418 29790 71833 68780 -66226 -440 -68676 85949 -86395 -91865 41140 -54023 70237 -11638 -51608 72882 -63018 -50488 -82512 87758 6910 -4294 85270 -62175 -51171 96860 -14165 17586 -75354 -39150 81754 -8271 -24808 55756 -75036 -30703 88088 -93650 40572 -40336 81915 27509 98878 76363 -80310 96417 93705 15849 -93296 56479 63460 -80336 99877 -84681 -75785 94960 47787 -73293 -16007 95471 -30607 -83506 6615 10455 29976 56089 27594 -59383 -43221 63907 58160 88144 -56141 20941 18166 -1323 38544 -61176 97799 -77776 -10980 -22605 62846 -91883 11126 -4199 -12982 -65620 20148 88315 -50504 -20477 -88690 36151 50859 -24624 -7749 19156 6936 21411 38435 31123 36325 67843 -85511 -55577 -51644 79909 -12485 47290 3136 61311 -1820 5964 -21958 -12467 89713 -91934 80642 57208 8708 95732 -5362 -63548 36834 85676 52843 82469 84468 24966 -81205 -3221 -93784 -5359 -71729 -84298 -87303 60365 -61097 -90474 -98207 89962 40049 -98019 90897 65704 -38974 -86637 82641 19937 65742 -52074 82301 -57370 -83863 5631 54864 16237
90 163 59324 83538
64 65 30115 48098
178 194 74084 43925
13 43 11290 87478
55 86 63315 95695
132 174 69038 2773
29 180 875 941
81 190 49630 37375
8 67 43938 58571
209 212 37836 95328
37 81 98457 97249
136 178 70361 13672
50 69 70412 16651
50 149 78231 33793
161 168 67521 54289
35 44 56965 14185
102 119 46129 82442
82 125 39630 38908
61 145 21783 62088
28 102 4232 53200
9 110 71141 10364
6 104 99583 90494
106 172 63616 98208
129 156 94991 50754
30 160 45315 30489
66 104 42149 24693
94 151 44424 58720
110 196 60462 30173
98 141 80554 22665
8 208 71141 99581
82 207 33911 48418
106 200 13889 98746
4 180 84760 24301
191 217 52350 8287
105 217 6200 57249
87 123 86136 31694
23 98 18905 22943
73 179 62981 71864
70 140 27858 87418
47 170 11624 34711
10 147 63444 58287
58 138 73509 53090
20 180 76298 85896
52 98 54012 39921
58 212 95738 50530
114 220 47643 95521
109 182 8323 36310
12 78 44517 71370
62 78 98159 99142
166 190 60066 41475
120 134 47755 25134
22 197 43061 71060
15 75 17491 45860
188 199 1658 79344
61 125 41061 27922
9 200 12988 1432
181 200 3890 72343
118 124 20372 91766
102 206 15870 49942
54 168 97808 54074
12 169 83490 65709
92 211 48982 91377
79 181 64048 25544
11 171 4784 45957
114 126 14388 42251
175 214 87711 22379
16 21 97165 5805
66 78 51529 64284
41 68 88018 2494
43 125 67922 98721
40 177 25855 26798
60 130 43415 83923
76 169 31842 73006
129 170 70493 54858
91 152 9920 73558
61 214 80714 67410
49 117 95558 35576
103 113 75617 50758
118 147 48584 38556
70 174 80932 10717
131 166 36467 38356
20 190 22055 57399
24 177 60909 4743
129 199 24694 51353
100 197 34502 50112
125 167 44845 61924
42 190 23161 61827
24 138 36064 47273
53 99 44381 16414
89 193 75953 87779
7 55 41750 67960
7 147 56117 85208
113 159 97124 78253
105 159 56430 53523
136 192 87680 48946
44 99 65923 2378
194 194 19089 14373
130 150 42118 1776
95 108 47669 37560
100 189 39090 17781
4 217 19584 5433
9 153 17097 84623
27 174 76257 7030
133 141 52471 13654
79 193 14226 37645
19 157 54324 79033
82 208 45308 12145
51 89 17002 56855
53 64 70121 31392
87 115 7418 52707
32 90 23820 42427
115 173 94548 2269
75 182 35808 95242
19 22 9839 31537
128 163 90508 88827
83 173 46832 53573
26 217 48991 51982
14 108 7040 76385
85 189 51993 22933
182 219 69259 23606
122 154 52895 42226
188 210 63694 67703
63 145 63209 79728
