125 124
73 119
91 121
12 19
40 55
55 100
2 119
11 22
111 125
107 114
88 106
67 100
80 84
110 111
63 64
121 122
106 115
29 42
117 119
45 109
47 79
90 95
4 105
46 121
58 69
103 110
71 87
19 39
57 97
22 79
7 117
24 52
108 123
20 119
68 85
30 120
84 112
112 120
39 78
82 100
105 123
78 106
99 119
53 67
38 44
50 70
27 39
72 101
56 73
97 107
3 38
31 67
14 30
92 121
59 95
100 123
33 62
23 63
95 113
83 95
8 23
115 123
102 107
76 92
34 37
37 119
18 30
116 124
48 63
69 108
41 57
96 99
118 123
85 109
42 71
16 18
101 120
51 69
77 86
15 75
124 125
61 100
25 88
70 105
75 107
62 82
26 108
5 54
122 125
64 72
60 125
10 61
36 92
65 75
66 123
89 104
86 103
54 124
109 124
21 72
120 123
98 121
79 110
13 28
93 113
113 124
94 96
104 123
49 71
114 119
87 93
74 95
6 11
123 125
81 85
44 68
119 122
1 81
17 56
43 118
35 45
28 30
9 102
52 63
32 110
300
10361 5790
35148 39709
30183 29340
79590 32969
79226 17657
70096 37649
16376 41537
39666 10615
16971 57980
7332 61564
71022 51864
95232 22495
76140 90227
59347 74934
68782 64883
73890 18729
40729 26325
55203 65318
89615 49872
64925 99535
35493 90791
20865 72129
84490 59590
36974 37833
47041 18138
60940 26912
98471 7096
73793 83710
81025 28908
55351 68774
11227 10883
98521 66334
54524 13196
77678 52937
85680 62635
59736 380
83285 83781
87710 13468
2256 49351
14825 23787
15136 50608
29749 53811
93241 7071
31700 62838
15407 32350
1802 86803
78000 21382
7773 49309
46781 55429
807 86479
57377 6414
45856 44958
14117 11467
35792 93639
43108 91045
74488 45036
7349 42697
83213 12061
52776 20203
43643 73193
24936 70468
48967 45668
62695 17652
29197 90979
62261 62693
54987 18936
30440 17950
97251 81370
94026 75095
11473 59478
94820 1636
80065 60956
41828 77422
80763 87446
93687 72846
66276 41907
84461 74494
70452 37220
91813 4438
49398 67001
10740 35431
2144 36271
23033 60223
78654 10808
29599 11306
72698 6199
49027 56073
62111 51931
52420 86976
23583 16948
57533 39914
51019 86586
71298 51277
56131 76239
12849 77732
2435 89719
99602 8774
42430 59248
49348 8568
85501 71216
15840 39940
34562 35360
4131 41112
93290 64483
76111 85053
9438 7129
55450 41328
44224 21086
72010 78452
37437 87010
56684 26693
80314 7326
24778 91342
69905 96479
37969 59468
66120 51100
92610 27688
61577 38464
84486 53811
84347 81210
68253 16022
60838 56288
84977 79837
10320 74849
22326 39761
13474 11270
87746 38221
71337 49213
12494 43688
67072 7628
31857 87033
92643 1375
65858 62740
88539 47623
93033 13653
65811 55039
66326 20053
91027 71023
50971 67865
1451 78654
32064 12610
81236 24257
25094 32216
22790 65348
36410 57195
87156 65323
54362 30554
15031 71289
1539 14563
69817 41468
16345 63350
36225 10006
73451 57459
43348 9696
89788 61141
15396 60783
55199 16831
33914 37956
11266 93485
85882 42257
93425 30787
21536 37722
86679 12924
10647 57684
7199 45831
81820 9859
65927 64736
5321 81176
40650 18331
96310 44338
46973 46887
40352 9758
3294 44597
66024 7221
89587 73494
46629 80444
84619 68012
81409 90132
28832 69863
8136 3982
86461 61803
32315 56338
79486 13303
18407 58242
95221 69801
75395 12439
13693 99116
77908 50643
85232 21387
70661 25153
67899 43236
43938 56327
561 16749
70986 68637
33587 35603
11300 52653
94922 23471
9620 32953
72956 53614
42713 24030
48697 28546
5616 13311
28875 21890
61872 81764
59335 11323
3054 94504
63543 75335
39889 79212
50447 25181
19976 61390
71141 75947
38562 37511
87053 14024
75408 62675
40900 11021
92321 98457
60736 28762
97275 53771
61498 2343
10085 92894
36301 15537
7617 34158
47064 54483
55994 32650
21294 34137
48870 56008
29054 40138
59099 35959
67197 25369
15368 33238
30072 10343
23502 66953
99726 38539
60725 18839
95193 98234
91206 13176
12564 55850
94844 38309
26164 47669
25619 70995
71975 49992
49590 91647
19975 91896
76177 26948
22295 55383
83310 44829
28748 2016
43553 60575
3534 52983
82698 20585
9893 64020
46035 47391
26128 84241
89708 76667
4866 5852
85129 50045
63001 27447
95253 88455
2216 45769
88499 94258
81173 10467
95790 84664
94109 32772
92114 40182
52016 74820
12963 30654
86564 54826
38622 57795
22480 78014
64555 84174
31917 91308
17091 15945
37440 58645
99666 57828
87866 18490
89895 87857
642 22795
52251 90938
74471 91467
90712 81503
49116 81499
48462 47037
82999 61802
31953 40550
76202 20274
40970 3091
52487 10692
82536 35259
81132 30454
51635 13367
63548 45360
84106 71593
73236 46820
9519 79045
13436 34160
62382 95630
86277 25960
16675 99613
30706 69304
22160 80522
