200 2000
67 96
11 125
26 149
129 152
15 186
73 187
24 168
55 145
12 189
21 43
72 76
24 123
55 162
53 132
127 186
36 54
5 38
156 182
142 162
9 80
60 165
32 47
91 180
32 152
67 148
14 179
175 187
16 35
5 164
92 175
17 111
70 169
55 83
70 170
65 82
9 123
21 112
56 79
106 151
48 132
176 191
84 193
99 170
93 126
75 154
109 188
150 168
81 172
15 181
134 167
31 197
122 123
78 167
29 81
6 156
104 133
140 144
87 168
29 137
34 136
160 167
49 172
101 152
75 164
182 196
16 42
39 198
155 192
100 130
159 163
191 194
41 87
12 140
120 188
133 172
71 146
34 50
153 173
51 125
45 132
175 195
47 49
18 181
20 124
22 108
39 110
168 198
139 166
8 70
132 141
120 135
131 137
53 161
197 199
74 167
66 90
154 168
27 186
148 184
56 91
53 149
104 192
20 113
57 86
38 193
119 162
195 199
82 185
49 91
45 180
62 136
28 78
64 90
199 200
107 157
69 93
59 191
11 141
13 81
96 190
28 158
44 181
113 151
39 89
110 183
157 196
83 154
42 107
19 25
53 71
1 73
62 87
189 200
8 44
23 176
109 129
50 169
60 73
37 146
33 183
164 176
80 191
95 153
4 65
55 190
46 118
94 132
80 153
19 200
105 185
93 97
138 182
9 11
56 184
125 192
53 99
54 72
19 122
153 179
87 100
20 77
162 195
58 74
69 169
144 177
102 164
54 98
20 101
8 148
12 104
16 145
24 41
5 18
26 51
40 127
108 121
44 124
57 176
11 113
16 22
40 120
6 188
54 187
116 175
76 95
61 151
144 181
109 191
30 52
132 181
59 122
37 130
126 169
86 117
115 196
101 114
34 151
145 154
45 99
5 96
31 181
118 131
28 92
58 68
48 53
22 87
65 77
39 139
15 131
53 94
46 124
97 181
98 187
15 28
58 70
159 189
13 19
52 65
77 106
73 190
89 120
42 74
108 125
27 80
2 52
105 161
1 43
2 173
172 179
10 112
24 133
155 177
26 66
117 132
39 40
22 37
151 157
132 147
39 177
88 110
10 18
71 129
110 194
133 195
182 191
51 192
126 197
22 63
21 194
110 155
74 165
9 105
20 112
153 193
47 195
184 189
109 146
63 95
33 173
141 146
8 88
131 196
84 139
33 153
54 173
120 163
33 68
123 131
114 153
25 112
124 171
67 161
57 67
30 182
11 100
142 167
158 176
7 20
57 112
65 101
105 126
56 88
92 176
114 175
38 147
21 183
13 15
9 82
45 168
29 38
10 191
40 178
23 37
46 192
147 151
70 179
170 173
7 28
31 57
44 161
14 62
14 80
142 158
73 129
51 130
100 122
161 195
61 73
80 114
11 104
127 194
98 118
11 46
93 120
94 152
4 79
106 190
54 160
144 152
145 198
42 137
140 183
176 198
64 175
40 94
24 119
14 93
126 173
127 175
102 176
59 168
92 154
88 197
36 191
125 176
50 189
32 120
66 158
130 148
13 21
79 116
31 58
159 196
49 122
10 15
178 189
194 196
38 135
104 130
22 159
107 131
50 139
110 146
69 126
151 187
129 178
26 56
87 171
107 173
63 133
7 96
47 52
140 198
16 53
17 166
39 101
8 195
37 186
127 180
14 152
83 113
129 151
5 118
29 37
178 180
10 78
45 104
7 9
16 91
33 166
143 194
97 175
69 111
11 183
12 66
19 174
97 149
57 127
12 174
68 197
152 192
7 92
4 190
37 82
13 89
89 118
60 138
46 57
18 147
73 167
30 129
176 188
55 147
11 24
28 34
91 161
143 188
53 190
42 94
66 165
31 136
23 41
101 134
11 86
12 120
56 162
49 150
105 156
63 185
131 151
104 105
22 183
99 150
25 108
107 159
43 162
141 150
34 159
135 158
25 150
130 199
90 170
40 48
13 193
145 187
68 95
41 188
31 89
116 137
34 176
45 151
99 108
17 95
55 84
145 181
4 117
134 139
11 146
82 128
37 100
44 73
25 198
63 194
31 64
18 30
45 118
8 158
89 111
44 127
12 181
89 179
44 141
31 120
37 52
36 165
14 97
39 43
190 192
138 176
33 126
92 187
88 123
87 200
119 184
42 106
26 77
62 80
150 183
39 159
18 134
34 134
59 87
1 154
163 174
52 132
164 167
112 199
1 135
48 174
7 182
132 149
171 185
59 119
39 163
56 195
41 122
18 86
77 113
47 172
35 36
28 96
37 199
68 200
58 101
173 181
54 182
54 106
107 120
47 115
74 137
37 61
32 44
85 113
72 183
3 138
78 175
83 137
190 196
8 162
52 161
44 104
174 196
34 90
99 194
32 144
100 192
7 194
6 191
7 77
47 99
40 56
3 198
45 152
36 106
37 127
62 129
101 140
150 175
185 192
67 130
119 161
83 166
52 72
35 110
72 124
165 195
42 196
89 136
95 179
29 120
6 151
161 177
122 172
11 35
137 158
42 105
188 195
3 70
71 148
9 159
8 48
3 114
24 149
119 183
74 91
101 111
9 76
51 133
64 70
167 174
25 101
11 171
17 27
8 128
55 141
132 139
16 55
57 192
95 105
41 172
195 198
26 48
11 192
63 178
18 156
77 98
114 181
74 147
95 175
129 176
127 141
4 18
33 50
123 185
12 14
79 110
18 167
85 156
19 44
38 156
4 147
72 133
1 182
147 155
43 49
163 170
13 70
26 123
81 200
52 122
131 157
47 199
70 93
27 136
68 163
89 109
154 185
32 136
102 135
112 152
12 90
139 198
105 192
14 40
58 133
10 42
42 187
38 85
79 119
149 194
41 72
85 92
169 176
117 199
54 151
111 154
143 156
11 37
26 174
15 167
82 110
48 123
42 154
11 119
28 75
50 120
8 40
115 198
129 182
41 178
133 185
52 155
23 71
98 190
10 79
60 137
67 132
80 130
38 182
9 192
21 133
41 183
88 121
81 109
111 126
53 184
33 99
1 20
13 23
64 89
62 177
11 103
114 198
99 154
31 177
14 153
21 76
193 199
39 145
27 62
67 172
98 151
90 93
32 181
24 120
50 170
69 181
19 199
2 125
66 130
128 162
12 81
9 148
80 185
45 87
5 42
4 160
170 181
118 164
69 114
7 113
68 114
70 198
75 113
107 144
97 102
8 149
23 168
54 87
13 39
152 197
34 189
138 160
133 162
135 188
87 180
16 103
20 160
42 66
159 179
55 92
14 42
49 88
19 86
52 191
141 195
98 135
28 188
49 99
38 77
19 144
33 69
42 111
43 167
27 179
87 119
168 192
31 168
80 86
42 113
25 110
19 76
21 128
91 171
80 95
18 85
57 171
46 102
147 191
172 194
8 9
79 162
21 125
57 146
59 121
104 197
64 110
10 74
11 133
92 188
70 185
1 98
42 83
23 91
34 113
34 94
34 89
114 159
142 145
54 196
161 184
48 133
11 87
73 142
110 199
52 108
23 120
19 150
23 184
56 99
60 74
143 165
55 165
171 183
73 100
41 198
1 38
12 153
104 175
47 65
86 183
86 185
61 148
185 193
101 169
48 122
50 65
96 100
100 125
137 156
54 56
120 149
133 177
44 150
15 92
124 155
126 170
79 175
59 186
198 199
52 125
4 109
185 194
106 135
50 93
72 113
47 128
37 57
153 170
110 192
16 121
8 136
32 115
9 146
137 189
23 52
151 164
51 145
97 170
126 153
61 102
84 152
17 80
108 136
102 168
106 154
54 79
22 92
131 169
36 71
118 125
14 31
24 51
12 163
5 79
94 105
17 29
161 187
23 25
19 104
42 65
30 187
67 195
60 196
120 193
2 141
148 183
23 36
9 133
10 165
24 127
128 132
16 44
23 150
55 77
27 181
58 190
21 171
73 138
26 150
48 171
49 63
7 139
3 152
94 130
51 121
61 147
93 163
86 112
60 134
70 134
56 146
14 197
27 170
99 199
14 33
120 186
8 26
40 121
153 186
57 94
22 174
78 157
132 136
134 155
128 192
186 198
86 195
57 103
9 103
3 200
169 200
11 172
91 123
10 80
86 141
77 116
139 193
1 167
75 129
15 176
34 141
187 199
65 168
148 198
70 101
143 157
87 150
21 40
70 181
29 170
80 177
41 155
8 146
125 130
26 79
150 160
123 127
166 176
103 171
46 183
42 160
71 117
52 185
44 122
75 96
41 180
43 124
60 166
120 173
130 151
90 115
78 107
79 118
34 111
37 115
61 74
50 186
64 170
196 199
100 153
111 139
3 177
30 113
129 190
99 146
138 158
99 195
105 162
76 150
8 63
68 101
77 157
39 111
86 178
26 166
132 150
116 196
8 47
20 73
31 173
45 53
35 146
68 94
72 104
54 176
66 78
30 57
89 170
87 105
13 84
86 174
55 135
75 156
66 85
137 151
126 128
124 182
112 184
102 197
41 162
90 163
44 185
22 25
34 120
48 154
61 168
59 146
27 149
20 78
12 179
127 183
30 191
15 38
28 110
161 169
48 82
141 155
25 47
14 34
72 143
30 142
187 188
39 80
10 113
9 71
49 158
186 193
10 156
24 25
53 108
8 152
119 174
41 57
2 102
104 155
39 95
41 149
161 174
23 197
104 112
14 87
54 143
103 155
117 150
58 67
153 191
102 113
26 161
73 105
117 184
13 35
34 163
83 188
22 125
110 172
71 180
50 101
33 161
48 146
78 102
8 106
69 197
74 129
183 196
14 198
83 96
112 127
38 165
41 69
35 194
4 98
65 177
94 155
146 193
27 198
8 67
15 171
22 185
53 194
87 124
158 198
44 49
5 167
71 104
48 77
7 12
189 192
114 125
50 121
132 199
8 54
32 187
44 108
19 180
104 123
80 169
45 161
51 57
72 141
2 190
84 173
22 132
93 115
138 181
116 179
47 98
74 191
53 172
97 186
178 185
3 136
124 130
146 195
122 151
22 61
134 198
32 114
75 132
32 133
121 133
90 111
22 150
51 122
111 193
58 170
103 141
11 185
77 131
18 106
3 181
83 168
74 187
117 128
16 104
160 198
18 38
188 196
49 128
50 58
34 170
90 154
67 168
60 142
37 99
131 158
38 96
33 62
120 180
79 100
62 69
18 109
128 168
52 146
47 123
140 162
23 194
54 109
114 186
42 129
24 104
122 127
87 199
2 138
91 158
173 187
55 114
46 82
66 187
39 105
75 87
40 146
87 101
189 198
69 119
97 153
141 194
58 189
90 152
51 63
12 152
25 195
51 194
118 176
63 122
10 127
34 140
47 105
153 163
54 107
27 123
105 190
54 129
8 56
170 190
6 98
34 64
22 133
19 45
90 166
102 143
6 143
19 148
10 65
96 102
66 151
7 161
52 93
5 6
166 189
32 70
37 150
149 172
68 70
2 33
18 157
124 162
115 179
114 117
19 53
37 45
76 127
94 141
83 182
71 168
111 115
27 68
24 121
28 165
94 125
16 45
71 78
149 162
22 88
29 33
165 175
100 172
24 94
97 197
1 75
149 183
87 194
19 171
104 194
92 142
11 43
56 86
22 86
54 175
129 157
9 197
24 174
111 185
25 132
116 143
51 178
59 134
72 184
65 182
8 53
177 184
59 149
122 174
162 178
88 136
15 107
24 43
85 96
84 179
7 120
48 63
33 107
40 148
42 77
25 137
16 192
9 110
15 36
62 198
125 150
84 103
70 97
23 105
12 33
106 188
161 162
8 172
71 161
36 199
44 192
180 200
144 186
48 185
32 34
14 173
64 153
89 139
142 185
5 123
93 153
74 190
76 132
131 145
58 86
188 190
91 149
37 194
34 152
179 182
99 112
84 114
16 52
33 34
21 74
31 48
47 160
178 196
28 134
28 144
138 196
57 123
130 171
192 194
55 191
114 115
9 41
127 133
82 99
31 200
133 141
29 159
152 173
148 161
136 179
61 158
47 133
116 151
25 56
89 196
15 196
88 99
54 191
84 159
84 198
26 117
66 191
76 196
53 183
88 168
79 113
37 171
128 161
19 59
39 136
47 70
38 160
11 13
75 187
155 199
51 149
154 191
51 53
49 178
107 169
9 27
32 58
145 175
58 186
181 197
89 134
30 175
89 152
54 127
123 161
98 124
124 179
54 154
2 158
57 132
30 176
57 91
3 31
3 126
25 94
132 146
148 152
72 87
113 167
136 170
92 96
90 95
56 183
105 155
124 163
43 59
2 160
49 185
25 180
126 181
101 148
32 81
7 112
72 122
152 159
98 154
28 174
68 194
102 129
117 194
5 75
58 171
168 175
140 189
92 143
192 199
13 53
42 151
31 152
46 119
83 190
19 192
111 181
66 150
7 42
21 55
145 200
34 109
64 140
148 155
60 129
65 69
124 168
127 146
11 184
87 149
159 198
87 169
30 75
76 199
4 143
37 53
93 170
141 162
46 195
41 124
21 51
76 123
140 169
81 193
136 163
25 105
100 155
103 146
21 24
9 59
85 145
30 151
149 152
26 112
11 110
102 116
35 103
109 113
30 160
166 169
43 161
83 90
153 197
61 66
101 163
1 166
112 174
51 129
154 158
155 195
67 184
54 75
71 110
143 171
108 111
74 151
119 171
60 125
28 55
58 97
28 66
37 63
46 88
173 200
44 88
50 78
27 103
153 169
1 27
86 158
157 191
22 199
125 184
13 65
28 140
53 56
75 190
22 29
115 134
114 161
57 168
6 75
79 108
58 193
38 109
4 96
142 173
81 199
31 62
49 135
106 131
39 174
192 195
47 196
93 111
17 32
31 34
19 161
77 96
35 195
49 192
5 66
18 96
163 169
27 134
78 190
47 110
27 31
138 190
137 148
8 105
14 174
16 56
71 103
7 176
53 130
24 146
101 153
41 110
38 51
180 196
8 19
48 192
5 138
77 156
150 184
65 135
49 115
74 148
31 125
41 78
39 148
7 118
40 192
32 64
69 164
10 30
48 193
30 116
50 115
2 187
37 141
45 149
144 171
78 135
54 156
63 132
70 110
78 96
51 171
30 137
90 134
40 117
79 127
75 95
40 122
40 76
62 166
48 94
45 109
2 143
46 146
3 84
11 48
85 158
135 154
65 139
53 63
144 179
52 61
113 125
136 159
46 67
96 160
79 176
19 183
123 133
57 72
50 136
96 188
150 174
173 190
182 184
56 180
72 119
85 154
57 128
180 185
88 98
31 185
157 177
26 111
48 188
29 90
1 69
69 107
29 85
136 166
15 54
67 83
56 175
20 49
90 198
1 18
4 10
115 157
71 159
100 123
79 96
136 168
93 173
113 196
97 166
141 171
125 183
5 57
51 79
90 120
107 140
147 177
56 154
124 199
104 122
19 105
48 71
5 142
61 70
88 130
7 165
21 45
71 149
162 192
100 174
64 177
141 145
156 174
117 119
40 51
30 74
94 123
7 164
30 135
71 82
7 162
67 173
100 128
28 143
162 172
39 172
2 80
50 81
103 122
103 133
91 172
81 136
98 157
174 186
22 110
186 200
33 139
141 149
66 199
174 178
175 196
77 79
169 189
39 173
13 95
160 195
19 56
169 170
2 182
28 167
41 71
120 153
11 161
99 128
50 90
37 124
5 20
74 198
115 200
76 125
38 142
71 172
58 73
15 142
16 123
110 148
37 59
98 164
113 142
15 98
112 132
128 137
82 133
144 169
70 177
99 103
14 101
83 135
21 168
34 84
44 163
44 94
144 163
90 126
77 129
35 43
59 171
121 151
102 167
6 76
73 99
35 42
149 178
71 171
81 115
118 163
21 103
11 195
116 135
35 154
62 101
109 126
57 178
55 60
22 23
33 98
76 121
123 174
171 175
132 162
82 180
81 134
13 197
31 148
150 161
141 184
58 163
92 145
80 103
189 197
26 114
133 148
6 9
146 154
68 169
51 195
9 49
2 74
55 106
22 122
100 124
64 199
111 170
123 192
44 142
12 27
43 123
11 88
160 191
121 148
82 154
113 138
171 194
127 155
166 181
35 105
69 179
162 187
86 144
36 118
157 165
19 35
51 156
8 161
35 126
76 194
96 175
175 176
143 148
106 142
77 182
15 66
5 156
69 200
67 119
154 160
5 92
92 158
90 181
181 187
28 102
74 79
25 49
3 115
68 152
83 94
45 82
46 49
40 194
122 195
104 167
18 158
92 102
157 175
44 128
59 172
79 129
110 157
133 178
14 17
60 145
119 130
144 178
103 119
37 51
47 53
134 182
144 193
53 112
106 164
3 50
17 145
38 115
60 78
67 178
29 131
59 199
78 117
100 171
4 37
36 138
70 90
31 95
36 111
85 116
47 114
34 93
28 157
85 141
43 46
91 105
50 146
114 140
62 97
19 52
20 152
50 159
117 141
108 157
142 191
33 144
175 191
125 195
160 164
63 148
62 89
114 166
84 166
82 194
10 145
28 60
132 184
89 102
11 105
16 168
22 175
132 144
88 199
123 148
4 142
89 93
37 112
58 197
110 144
148 192
94 100
158 185
12 173
26 192
51 87
21 123
113 190
82 190
21 72
76 168
27 163
46 53
26 122
183 185
73 165
34 177
42 165
47 86
30 109
134 179
41 51
107 115
174 183
118 165
78 137
178 183
43 155
41 52
78 158
110 149
71 185
74 164
3 34
163 181
61 156
83 131
170 185
17 114
73 75
24 172
7 151
137 188
134 170
26 167
6 158
86 171
58 126
45 196
56 87
48 67
63 105
86 125
28 138
87 161
16 47
12 39
38 143
38 101
61 98
18 60
88 171
26 108
51 93
79 138
122 155
71 184
3 81
73 154
63 153
64 151
35 97
186 196
4 44
2 116
23 158
15 129
50 152
45 124
113 175
12 134
55 65
10 20
55 79
81 152
84 147
71 199
9 56
112 178
169 177
13 139
160 169
11 117
121 194
135 145
30 65
151 168
86 124
77 78
66 69
136 173
25 63
21 25
6 20
124 180
96 111
74 175
31 124
400
64334 630
53756 39358
98551 24046
24326 13041
75077 19263
32410 22104
64737 77543
38770 21448
45196 77770
54941 72626
54954 29602
65831 6285
20005 70485
58456 90454
22637 24731
56170 45866
6014 55101
89773 93339
8696 87192
65288 98850
29000 56548
18987 30567
35518 7927
60417 65040
68378 98265
11134 43182
66744 78686
44585 4414
71341 94767
14450 11305
32195 80240
37734 21667
56738 66250
56161 70298
37940 69723
92820 8860
66559 88610
7725 40617
83206 19564
38816 27290
21551 68709
70022 60099
88340 38124
29845 28482
18484 67911
18742 82718
72874 6001
74860 24768
96220 40081
61077 20386
7333 37152
97127 15767
85634 89166
32351 40241
2687 88534
84230 74340
204 88935
1770 61524
24290 49287
6631 10068
23126 58240
24068 64917
40820 41583
22682 68897
29261 16887
36485 36339
73586 66542
53470 56816
7776 25014
7233 27685
45386 77241
59883 66656
44852 37630
67097 38594
93253 39077
9669 54251
84357 64936
48090 96144
45373 15671
15574 89113
74262 11104
43195 29562
90734 34737
8106 630
56864 93760
81192 71479
91049 19130
20820 12270
10436 36632
28453 67436
82488 23049
21709 45744
96522 4091
9372 8809
32718 6679
99607 39265
99668 18412
74365 87785
5750 72098
68730 52935
90553 28822
16836 21339
13586 82371
10593 44846
36695 61523
88563 84092
8753 3619
28739 77875
84030 40745
49829 1059
50391 45381
96632 94322
94077 86819
91290 12523
50288 52840
82029 85670
79960 69098
79061 4702
64725 96039
7578 47260
51935 83050
2055 47877
57437 13812
10370 83427
57422 42238
16915 36039
33135 78883
98244 13620
33344 47032
1498 55517
36359 77892
30330 96362
60152 73338
7798 28120
69818 26347
73024 18463
74121 62195
46007 55218
94526 17978
38724 4002
39251 54310
49977 4885
8177 19369
49220 88251
96452 55987
56714 99423
22731 64720
39620 78748
26529 7449
8425 89286
61368 85223
46710 46755
33075 31950
18900 11135
75176 25042
53814 7483
67540 99347
12231 76764
22558 53733
65386 22171
25250 79280
48042 20977
42765 79564
42148 87498
45065 17778
19658 75775
48731 84948
62134 97296
85746 71393
19417 66674
73729 52575
32834 51963
45125 54661
90109 66766
46994 34920
27111 69116
64135 61901
15901 12577
12896 6369
32026 43642
53134 73331
16952 54951
87870 68971
26455 25052
87498 82567
19739 5547
2079 89839
70784 2307
73375 21037
36919 80283
84844 33158
43825 55888
70063 95626
70325 10759
18642 89381
19224 59719
91318 97196
33671 42092
66248 4045
321 72581
88079 74897
74262 31422
84036 6692
23265 64449
27556 17910
92571 57535
98950 72190
51987 14861
95014 75794
28193 59578
31537 97764
60850 40240
9999 28634
59436 37266
8877 13546
68089 54084
34276 14252
58137 52969
41021 32725
29247 58435
39291 86634
59112 80768
7061 60355
32639 17086
92003 67391
50463 99044
22306 89093
59309 89232
20136 61581
87627 87476
2635 63238
5550 32901
8756 9738
44055 14024
27232 47674
26987 71473
50541 19798
71938 73857
2470 40222
99447 15166
58728 41634
40386 63736
11939 90480
77512 83831
29939 75850
79747 2896
68742 56130
60841 63997
43894 19910
11539 14444
85067 41549
63034 11743
49797 22130
18402 95283
54462 96405
93853 46216
50143 44106
53128 56139
47274 79508
95888 36764
11138 64983
1442 95301
80809 93947
38971 12990
70120 70761
46417 34130
42017 76529
10100 40774
76523 6313
68164 69141
27412 98609
50657 8627
51417 67492
70564 99174
20285 39659
16301 73592
21862 62555
33197 7715
49506 7832
4998 55023
52845 95569
28382 99510
61063 68317
6688 4889
66118 2363
53426 9921
2196 61862
21105 87299
37866 10986
91692 93665
16985 57605
19914 69460
40618 9575
15345 41989
35074 18027
63284 71297
57867 86200
55077 51854
90373 38905
82133 8984
10359 87522
57078 26406
57434 56215
5313 61956
93834 67872
67018 44819
74439 29449
26508 31207
36275 4413
61968 79077
21910 17016
65564 29253
62377 34586
13688 61756
89472 98220
33159 87501
54583 79008
47782 9600
47184 90204
37250 19579
99825 44352
7236 59116
4032 44829
93624 12873
84607 67507
73550 37332
41901 85309
3062 19556
64527 45561
19104 50114
65788 11422
23218 46715
89846 29725
66515 59593
23630 20999
99078 67967
40372 28415
93041 86251
31402 88268
8935 83367
63617 15133
71138 78636
10255 406
3943 82065
58530 99237
73548 1504
74582 25791
47852 24152
59355 43661
68019 96658
32692 76111
87478 37967
42918 56689
45346 83154
46898 31982
31120 97788
92384 28878
93603 53226
26207 25216
92878 5890
54528 63359
73819 69570
15590 16940
39283 48129
77278 29566
35479 10009
7662 78446
24957 4839
46099 77264
88114 67070
47410 50056
40409 96389
30965 93731
7282 93602
40693 82441
35284 94503
39940 71012
10254 79865
49562 55449
16119 79440
6215 44341
25583 926
25388 14512
87316 44437
88545 91874
3381 46843
42532 60569
1792 73785
62154 35140
15950 1463
12834 9065
71736 40091
53181 25518
18328 23826
49206 66032
38891 18262
64016 66617
46531 30075
63140 80210
79765 69905
