250 350
82 147
6 169
6 51
72 77
126 185
201 219
99 173
33 105
143 163
155 157
31 176
28 228
186 224
2 29
104 145
129 170
114 122
50 91
79 236
84 226
217 222
32 125
134 199
15 145
223 246
156 219
89 230
160 172
106 176
236 249
140 204
16 153
121 135
84 93
18 111
113 241
38 112
143 224
219 243
19 43
142 191
112 210
38 141
2 49
41 106
156 221
235 236
97 166
43 181
56 150
40 50
68 191
6 166
86 232
172 248
49 156
184 194
195 202
115 141
100 102
197 212
227 237
199 209
140 236
10 158
222 230
64 97
138 231
101 242
120 213
132 242
47 104
139 140
67 139
25 148
196 203
137 243
8 104
178 234
26 196
117 144
146 192
24 240
124 203
83 127
212 245
69 223
148 207
170 171
69 84
42 150
77 118
165 176
163 193
40 85
16 234
141 192
150 184
161 224
240 245
11 70
17 61
18 217
189 198
28 217
76 115
7 97
127 248
94 232
154 179
78 159
103 224
166 173
109 120
206 248
33 155
239 250
98 213
82 200
157 233
20 198
105 250
36 106
29 141
151 214
63 232
248 249
117 250
230 241
75 131
10 210
27 54
165 189
191 210
140 175
82 127
225 228
58 222
211 219
244 249
68 249
221 226
39 212
81 160
204 205
85 195
52 215
175 197
157 217
216 231
57 69
228 232
105 175
246 248
128 185
210 233
234 244
94 125
19 41
20 125
190 243
16 210
188 242
207 210
136 220
218 229
41 236
183 193
162 222
54 235
181 218
233 250
144 193
35 169
10 36
111 160
118 186
60 144
90 132
18 117
48 210
133 239
37 132
94 176
96 214
130 134
193 243
17 114
78 245
129 187
73 189
123 172
153 189
83 243
46 110
18 131
180 228
215 245
56 135
247 248
93 196
127 220
38 186
123 137
23 82
187 208
152 232
226 250
96 235
22 45
164 167
13 122
14 183
71 182
231 239
65 238
173 198
44 213
225 246
176 245
88 98
71 112
55 220
126 218
135 212
179 250
74 241
130 156
75 128
72 237
34 82
100 180
202 210
185 194
158 208
167 191
169 243
214 236
79 95
25 193
249 250
3 9
158 196
69 70
31 239
86 239
63 145
80 161
110 205
198 209
122 130
149 161
174 216
26 233
64 93
5 246
87 179
168 208
31 237
192 202
25 189
242 250
23 170
145 171
158 169
196 213
68 228
47 167
162 236
224 234
12 126
22 198
9 43
66 213
32 46
45 140
55 106
207 231
30 120
232 248
13 72
59 234
108 122
102 247
123 193
213 238
170 242
182 238
209 239
110 178
208 231
61 69
194 229
75 187
245 248
229 242
45 105
177 185
35 213
131 147
203 222
88 244
113 128
156 174
83 108
39 238
217 224
29 89
171 182
80 229
125 174
157 247
49 129
95 239
69 194
241 243
237 241
4 166
91 126
238 243
116 174
26 78
51 233
118 190
59 179
243 244
205 215
28 117
148 173
19 110
166 196
107 116
70 182
62 157
92 114
200 213
220 239
91 234
103 163
8 66
119 190
1 176
88 116
63 241
26 234
159 248
21 249
147 173
53 152
175 195
250
40985 79815
1638 80699
77051 80589
97626 23961
70123 81183
98808 58355
72801 47505
74439 90078
19682 85006
79013 14772
17847 22607
55352 67975
29195 38657
67193 87970
88167 30192
32623 2464
11635 8671
96840 97595
70469 96328
75698 11203
48474 28257
93914 43913
23802 75360
30119 88948
76620 66488
9007 1070
93585 4276
16991 95050
51212 10525
77547 44728
96837 56975
69606 86786
16854 70427
38238 93253
25851 16665
46863 91784
24279 21144
75219 57326
23558 80244
57461 94876
3443 85814
52797 4445
12166 69973
71554 75813
10182 53553
23345 78821
29471 75713
95451 75558
19452 34349
29493 78564
44656 99650
2484 60636
37405 9885
93892 35612
17492 29278
57727 58610
37099 61916
30799 54908
87699 21821
25645 50144
69420 84886
76324 36311
37689 438
59154 4027
44142 99546
66686 77376
45946 39296
84871 38094
10758 32263
94179 80704
72002 22758
16482 50108
79694 23152
79356 77470
23292 58016
33395 99110
66958 28092
14848 96867
50223 61286
87009 23871
25046 54360
62894 35985
56229 15973
46297 51063
13477 23971
56639 32774
32627 11085
40207 70545
22771 87113
96532 36281
12555 11321
64629 8656
34224 76560
1904 33753
40112 72369
41173 59880
89462 70158
11113 38536
68653 2651
79885 27461
58396 43352
72804 95499
49634 45543
19503 71629
97094 45005
85449 64597
6594 12711
10151 99670
39999 52561
62829 90094
23054 17337
35673 98746
44736 67057
18185 49696
65072 11231
34264 22669
8561 69922
8871 17222
25696 12701
4078 92188
71069 84334
29812 52124
65138 25132
49365 8253
2695 4471
39533 56841
40601 92613
93752 4620
93611 36097
41054 51820
32166 99615
33297 21463
13573 90320
64068 74940
7522 35946
4540 8615
90861 73130
14264 98757
10382 73130
48877 52226
15403 24297
42306 32116
46001 69816
45928 96606
86632 91656
59929 24483
19798 29401
93294 88234
62151 21026
85804 15881
81178 45844
96886 65510
92640 35591
69677 37987
53223 4643
1761 77932
43542 98143
29664 70634
18242 34872
70541 92194
67706 12919
34451 96304
64236 44185
70702 23134
61615 5863
4868 32718
48653 51347
40744 85673
88879 53331
81636 67253
43579 76564
89231 1173
60472 52287
85704 1345
14417 75586
21410 46987
81353 98920
12013 68608
19345 470
80542 69254
44176 92509
11984 1925
83148 5702
76058 13611
82768 90591
62507 87503
56722 64021
6053 59775
96438 31709
33803 22045
54714 94577
60378 44348
66844 39446
47259 82156
69567 70513
53504 57090
4430 10797
72727 19335
79971 7320
87055 93658
7094 92320
47221 55886
33135 96119
50185 25403
28611 67478
66127 36218
65731 95031
13546 81879
94763 40573
23915 90767
48248 72979
92785 89259
46873 66631
28585 51614
89238 56250
39824 52365
30686 45869
93185 83651
40519 29539
43969 97306
19508 41232
5400 44669
25010 17307
84976 18343
93110 17917
63430 95850
795 16424
53646 78431
66652 80453
49508 99541
70225 34849
9198 4553
57770 42233
57501 44127
24952 21043
93523 21694
48666 74870
4713 97186
72002 49561
97555 58994
7392 79760
53752 99517
51386 88196
56506 32018
1815 17574
48702 48259
38501 58216
41003 9687
32278 92951
64784 29447
