47
1254947 1685511 999518 1695535 1736494 1787145 601246 1644407 1207074 1643564 1241443 266823 1384826 605870 211297 125595 873126 1992185 1820846 672972 1258158 12888 1247731 1400757 1573988 1869160 1686267 340859 1852618 360128 1956265 789895 1764530 1328453 1887262 925116 1588920 120306 920770 1932781 603100 707579 1782466 130000 409505 974557 51476
375622 1610283 317234 368422 1215900 1329075 1138512 1905257 1613596 1289852 380905 1754404 825224 444537 676019 28329 984865 258823 1163544 1416558 666543 345536 1216591 1176572 1323004 1714098 1677599 1967337 460480 682969 494764 1223294 260473 386855 95425 1318418 124769 1985554 1410113 70557 1246179 91243 1478415 1768649 1773668 1768239 1688578
1256365 731436 337564 855645 616622 1042494 1181756 272601 1202779 934063 978767 459049 1525457 1436533 1453165 471718 910916 364153 1397452 732993 680321 1187299 1299595 1203115 532471 1478891 1081526 1406924 531905 847242 1430874 1232063 1120973 509241 101054 1090955 1080019 1932926 271789 322542 1946540 1069809 483836 1718362 1876883 1756269 1687352
1923180 1542996 804635 754319 554479 742222 898526 10262 1278643 1136300 1130133 10241 1478609 974249 1397250 1949151 1811840 263582 1802207 445481 102035 1713225 1135921 1970457 858868 1841757 428724 750711 703332 1428778 1267975 651426 69108 1152248 270773 1342362 426202 1762243 1224732 618180 1287225 625309 1592306 489487 203651 1444377 1777148
227464 632834 1938554 1765856 235746 1098722 600363 314464 1307149 1447232 457053 1001427 1870320 785271 1827499 839542 1578380 113384 1203045 1458997 1578222 29516 445429 733279 533311 1656423 1171429 1853055 1743720 169611 1383920 162879 520557 1727227 1518130 83536 1882255 1320617 234376 1929281 1315748 208612 1856439 742393 881600 1525541 1323643
1490157 1087284 1242382 1039932 299048 1745101 389143 71371 188176 924303 146512 1990390 126921 126848 1911901 1618317 218472 969720 797283 1494064 1817860 3770 719670 1878470 9880 412350 1494040 137514 638138 1856725 410611 1260651 1727982 1364417 391009 1942904 1001786 1127669 410362 171911 1785786 1051229 1775841 1781743 1008930 250213 1263007
1305905 1076709 1717184 1231712 381319 316963 1461655 1492773 2849 652479 1842258 69176 1835477 1159780 1335088 544610 632222 1725459 1024844 1132756 996375 886975 1593861 248 176486 756838 840009 1941031 1139641 269169 1972693 1769487 1745338 1296261 1435224 334276 326772 898559 1340423 1741937 301112 620568 390975 1559410 1830730 1130140 617787
659029 1339021 301526 939439 1616768 797964 1658719 600347 987104 1899685 1525278 1392578 1133792 992750 1302428 1773003 1762887 986983 1452570 370351 1900827 119883 892293 1805434 626823 228383 912032 1671475 1858930 1194532 1551634 1158427 164974 1367105 1443657 436533 1203742 1562573 795588 1198732 1688841 19851 823774 19730 123259 1209587 1973492
1621879 103809 399243 946747 1587814 663516 460159 1168785 12092 983834 735971 1196419 1565053 1954450 1122614 1167024 1833608 307718 1727743 707879 1464630 1601700 971190 284630 1927094 276175 223405 1200318 305727 259013 298487 1291863 1351687 1011591 74849 19944 1656401 481088 416822 962329 1603697 517073 294241 1214240 225873 1748904 1393029
1749078 1648694 699505 1069006 1261434 413504 462083 1879008 71172 292995 1374887 1303953 1990697 1927417 1457017 301949 528246 1142991 1312655 433486 823581 204107 1628552 1296647 595288 901806 163259 1105453 1155595 960956 1078853 1462783 469792 1226424 261039 629895 686100 610428 655095 1236440 313809 1351597 1730766 307786 1339105 897980 996985
923670 663951 1559716 1729774 1048786 1769531 191211 800594 1965972 749872 1638059 1673724 743707 971912 836717 23581 528842 1302466 739126 1144707 1733194 294702 478773 253854 593242 109091 1498576 1132252 1271259 677784 1414978 936436 1660528 778135 682453 1108397 573123 1925041 1853213 1154656 1723063 454522 982611 1831607 402791 1005994 1202230
563672 1139458 461453 194951 1087101 429807 1584466 149761 146723 1294146 163779 1851357 104043 780713 993521 1966566 1693386 529658 885738 1500973 594770 1587299 1314437 1218355 122701 1779684 504126 1182379 773082 337920 1848754 758828 1830171 1268288 133302 1515900 911098 1720468 45337 638140 1593642 1930528 1162570 1258408 967643 377263 960234
1244798 1045354 1364859 652857 1081160 664296 836743 32575 408230 868015 1482720 622038 924552 798912 12485 1660850 884387 1491567 714400 1609210 537533 1933786 131378 151256 925590 391000 1033476 632496 1494550 1751223 164649 903267 633458 855973 468774 320827 1220084 262373 80702 1295400 1310629 1103043 767125 1365153 248241 1692029 1208018
674752 1507470 1810637 377365 1126416 778516 1688372 315987 1390529 433333 61357 324296 1706751 1902388 1396940 794569 1507191 1708558 1215226 1510699 472249 1461042 1505051 48208 523474 1443796 769629 267971 1945114 1350410 804145 1090081 298424 1883157 779648 1422214 1866958 1916058 1657673 56575 1584775 746932 1423183 259517 659491 811470 1258572
1390746 1149539 1805655 1652830 1833824 333716 1785509 812800 198353 493859 1485078 996612 1350773 1970403 1250723 1343223 1029694 1867064 1078470 1771033 1437569 986754 86239 357687 743588 77482 269219 1764146 616968 246163 900584 909080 1601694 559405 1332042 525186 1181469 318529 382074 1749070 1377079 27797 1929987 1754715 1154637 959146 184957
1916518 33295 677400 1355629 158939 818698 1416980 362918 106120 755181 1659421 164663 469906 1036281 388699 75240 955711 331611 206161 547446 1784715 1096667 98020 1828015 671696 1225553 846962 942489 259097 392473 1808416 410019 1397880 318503 834293 606713 725326 548526 334165 821370 706964 975625 471483 1675204 326316 624809 345600
638648 1734473 1696227 897860 146739 1506161 929326 269924 382120 481974 475211 637031 1314647 1421750 1837481 115989 1379559 1328945 1619578 952290 377927 509946 688794 699786 319599 1136126 665700 1302736 1848121 1073037 541458 698646 1171510 760587 1848744 922810 1388983 1730610 1454862 1951585 143037 1662062 1813733 18313 1306538 1858446 492023
396434 526226 1867250 1907023 1893132 217188 455074 243073 606453 362830 967587 1364777 1031301 1326720 852927 1458447 987879 38744 333445 238349 971625 1021966 468072 1832664 1526962 552350 422544 280231 58252 1925583 1415174 1434667 54272 1680828 1189554 752078 1905842 1990695 585316 1344440 1167277 1792436 1411924 199185 413764 1630333 1932386
1933609 854396 470408 597620 1900804 1525966 537956 1595734 920391 1430402 18292 82821 1733850 375753 1802766 52715 491363 57381 1180859 7194 810245 1191804 1601050 1426251 459427 1459746 1116914 941482 1860969 874601 1808496 1130831 1609763 1782802 1635142 1127860 1186909 81327 1947244 18699 249178 393242 1950063 18537 33679 316540 909284
84327 1856614 676405 1692942 950451 1152990 1237696 66433 1768870 668977 1666445 544033 868857 1490802 1289820 473162 528101 862119 1424753 1114662 1034470 1694893 1387416 474814 946035 375836 1384575 921220 496169 178650 1464753 1453445 1174440 444003 629275 611551 1852049 444686 900445 1864629 187541 1530506 430817 1162947 645210 857581 1420746
1991537 1335514 240090 1944338 992860 1428064 424161 256567 1248925 1605260 1338004 1673580 912331 547881 654338 1751645 949792 911572 50111 1031036 1608508 1389457 1175361 1826395 1576896 1389224 765118 1838455 796142 968208 1384356 1263872 1397085 724670 1647177 1800292 1306388 1091945 145763 655074 1173740 1771636 32484 513712 717219 1846437 1553173
994106 1601241 259854 1848960 711150 855867 709956 810605 1761693 174286 1491168 219138 1312292 1009611 1119958 1817262 975064 158183 129423 1103007 851912 1966257 1969000 947817 1963450 876908 382759 685670 492955 564806 467143 1461760 431033 345481 194885 1943289 311049 494106 337958 1297995 746411 1449011 655569 832135 57102 940427 1146055
1866722 1890131 484600 531486 1327252 861733 557650 273700 814482 489261 1578740 218148 634237 290696 993976 1835836 439312 1305802 1253595 824023 1589655 31122 375747 20247 192242 969715 435849 1662234 87465 488983 689237 1534498 1361215 179458 1152697 1037911 13912 1002040 1800491 997192 915453 1294658 1310322 1373497 1708416 1735384 176845
373457 1101148 1967740 1260613 924139 1854124 62144 1432026 343059 706552 1876677 541369 230379 1771249 1840161 1852390 1426062 227350 1368963 617098 25411 540726 437249 1800391 1605516 1203187 1507249 877037 1051741 210974 1239416 100896 1968619 1563603 1085443 350067 1245931 471739 700889 1524136 1344800 1187223 1643755 1559759 1915965 116451 1886364
1765203 680850 829712 995294 939877 1790114 1472296 1359902 1904320 1391907 358761 257724 1756516 1569960 1618379 425362 1681749 779194 53317 38327 1346041 1027700 692097 1551999 929717 1891589 421698 96116 337874 1362482 124279 1172968 73390 1281697 1965779 1400555 1031922 1679733 314654 682770 1113824 1891368 334272 1130902 600317 117086 140595
196468 1087677 272948 1479940 1938804 1608389 1400217 230760 444576 201113 1818560 363604 173443 1103056 658329 1131989 132632 1936511 287497 277376 42747 562915 460603 1183212 336251 1942127 1075844 1581499 960398 847239 1280590 1021094 402857 1055959 679966 1136478 917614 1358124 1955807 1091277 368930 815981 312192 983550 1616266 164444 1480129
393183 883990 877402 3806 395222 1901221 1901221 475871 1201636 1563226 813688 708085 1115421 282396 1707499 1762819 182254 1529796 473477 1685089 1067646 499589 1226715 1947996 979172 716378 838882 1912790 1417741 1334471 1102766 1762225 557790 251180 518420 1647852 541066 65715 1460332 1115390 196113 455013 615311 1215911 1746849 343400 1529874
2862 1914822 1089974 1509662 1665524 1849005 99904 1574753 838127 1414785 1696399 1792687 905331 1454156 466542 938150 277770 815159 1267633 1524441 1719325 1303426 961038 1859030 1929381 605477 1072841 1310960 1825005 1098006 1542534 546751 1315704 772219 1291772 1051108 1668672 430387 1785096 1305483 1764637 780264 270771 369517 209430 313598 1087665
764579 878574 782214 1489560 1739706 1350454 759709 1521040 1430288 449150 665689 1716394 78245 1196034 250684 1044824 576290 1127171 1872707 1492553 861825 1751807 1545059 1655224 510045 20178 689116 164593 414540 1729462 1271781 1359726 594018 649394 980642 526377 1938308 1804474 739107 1402107 629029 1056995 1816605 673033 242547 463362 120581
1729907 1290925 407607 15282 1611249 959235 1130740 691674 1085378 807168 1655956 520151 1478263 1780183 561170 1047076 1951900 956910 1916455 1935364 1775749 76830 1860251 1318982 1753441 1582509 1186219 1901112 1739434 1130682 43945 655653 598866 168584 787411 1516797 1026634 824701 1078326 1721672 1933033 1644681 1493414 1025435 891224 1867952 402003
1459684 1659449 1095383 402257 1818597 128831 1872325 1311985 1759599 600186 423262 1740495 1950947 553094 485802 775535 1542216 1627655 632478 830365 518097 1830674 1935435 607427 1676364 694017 242394 1769241 1636476 472682 767261 1230526 1299712 1188966 1277322 1659878 68634 711539 1690195 738936 748245 1392625 1302932 365596 615146 1268760 944720
1643728 1378361 933872 699413 1153264 1917199 1170732 1440515 931354 19082 95481 307768 1944810 330803 891430 1786375 1033976 1163339 888639 1522894 580481 1024105 1685574 1917313 1230488 1964851 1409176 1778715 159660 461620 433680 914452 1713476 43995 1430979 1270086 666239 1499372 197908 1913391 1214580 1058758 1193689 1923425 1826327 1131492 1274575
559912 964477 1430806 1369764 1562854 679069 1025100 625979 217501 1188930 1612511 1172229 832751 1191372 80761 1075222 836742 1197514 1152573 693752 245923 987075 1155947 1736788 1545994 661125 1635918 1260145 1503976 447786 1373384 42960 1729042 1038268 161653 215021 299170 1931351 1157598 1856303 1022012 1325389 192598 1581899 67050 40320 1374227
627317 1447252 1079256 1916459 420746 811121 709273 1083649 980829 104998 347119 930567 1567576 1003690 1613158 860848 468593 435338 1343887 49818 1688300 282811 1733947 517529 870474 532099 102358 644040 679343 794848 457731 1326495 277304 721792 348805 168110 18 1162567 862626 1155165 525689 251827 732383 1474087 1589084 710416 525514
556266 1589748 1115890 1100753 688773 759198 1523909 391855 321102 1109167 246887 385995 1661465 1803503 1995743 329606 1857104 695275 471562 1316788 69236 817150 1972398 124424 1221533 1399771 1376076 235116 105708 886816 87740 1295312 958009 249633 1687767 756486 83903 1216903 1685274 430107 1311477 707642 361879 59296 330184 1639841 798690
1942648 17779 568561 1767319 180985 1869658 38146 1853579 1663083 239408 356452 128086 637619 1618969 1079948 1008003 231770 676931 740116 926721 807423 1222892 449741 461614 758746 273078 623582 1980490 103045 1887509 28880 415591 604385 1416896 565670 1235818 1196421 711938 1525049 1510696 1455404 421106 244253 1514585 1526921 1131763 1038793
220533 919510 1102513 1921873 793049 1667445 329292 1331487 302068 1790954 1999860 218256 1477607 1411507 1588502 566710 490650 1159344 1214694 1325136 1594500 1610910 1949666 511972 1867080 44671 828031 820984 1272401 1033740 1019747 1613995 1938486 761326 1911812 645571 1846663 1077859 467364 1246 82218 381408 1496494 1908278 1397805 1670617 1077153
1138024 1678494 668859 1730403 1773352 576984 1280373 1422865 1732988 1084907 206365 183791 1321455 1945854 378464 1983786 14613 122389 1898159 1892813 831454 302033 1194907 218551 1143535 606470 1108248 1371952 1670811 717814 1684437 592988 24974 1341722 1454423 1609495 1387579 958496 59407 1074720 1856233 1226513 1091663 1792076 1236778 1569123 197685
1276520 1778383 1888249 635314 207593 770290 1614603 1478007 600604 801911 1905543 124618 1321928 996388 1918528 1127378 1485465 645943 1648533 1546452 9845 813053 1488155 367767 57719 1715868 1073418 1466303 1162031 1713008 1811969 963087 267370 333893 903003 1387196 1019817 265264 702186 314771 224084 1515478 1959861 1316595 128469 1332040 710095
742644 1599763 1520046 1528488 650637 346150 983318 1025233 1639351 1101293 653204 1083897 863547 1478925 1736930 1083321 1614455 169092 792140 1947766 748412 558511 317714 1045099 703499 319389 1874983 311321 1943099 975075 1183905 121922 705737 713720 1207296 812148 954638 1627928 535885 1137426 1138982 1414899 458249 1764947 1912167 1352878 1923938
882939 1914172 876584 337920 942151 1540112 685146 819535 1610386 688787 1579699 1502005 226733 200770 786037 5115 19967 134140 294885 76019 358139 450910 1659576 570582 629081 136310 217625 748813 1788419 1534779 401572 1572711 1247068 877577 1144870 1693838 147413 349289 1099763 915741 1001842 704093 457754 114411 976624 830741 1013171
1044763 274915 1962285 292 926455 1056681 104974 508056 305891 1815807 1539520 1445583 1744076 389203 1031090 186742 1275714 388596 1885447 1376131 1522676 584339 1427784 1074371 218329 301253 492157 320138 209832 426475 1377086 1793381 274569 1620597 250220 473504 66044 1596479 1460518 1640432 81716 470633 1798356 1136287 447927 894155 1444448
1759616 713255 1570477 394644 574363 1519333 304912 563646 749393 377661 1152052 1522597 1353962 759984 301671 1568350 817285 1002170 621879 1976071 1880231 1735934 1960228 116420 1608824 1550819 1826647 381488 1753963 1273429 1503834 614549 204192 1734182 1592247 767327 1742016 1407165 952337 1517443 476521 1938016 661551 1134547 882509 93802 308654
1840954 1532470 730340 1799190 1506525 1836469 1383681 152584 568482 1794525 1265986 481043 410224 671432 2331 1316977 601539 443743 1235059 700025 1517499 1519823 1761008 299500 1725147 872291 1441448 828081 877186 817592 1541416 1261415 1261760 470002 181715 53799 607130 198552 628980 881256 883832 551429 1870895 300404 797763 1255895 63618
47682 834197 1138116 397803 1279052 1465573 1408089 1116055 487607 35492 701104 1625905 1446773 1143537 798173 842140 503566 966611 34059 567509 1870964 727396 1906280 644342 305992 1769675 591912 746320 122915 1154415 1821383 831408 432376 1547388 55760 1175038 241880 643270 1562432 289694 953232 1903824 686513 149758 561383 1044756 739511
150181 1916494 508325 1220422 52854 993559 536660 1357655 533575 1386522 1056577 397801 1385419 363044 883481 408580 817293 503206 1329563 1471674 1459687 1741399 171969 1613190 1975738 1155428 236021 435319 802316 525673 500003 1188717 1847395 1872701 704185 249033 378177 496023 1573976 1865953 1697454 262162 741193 841862 802985 1503249 1104847
605682 890651 1340582 316577 366580 589556 1372700 1260251 454072 1396105 891333 506225 118119 691415 808047 612443 254032 1627299 243894 1662091 1963123 1745053 1870029 1406327 638464 298031 734366 547597 1689863 1557075 1730249 570438 1031864 534795 1742530 140004 1382876 414950 712095 234901 1705278 872873 385526 189252 43971 1648568 784474
