39
1 13 1 12 13 4 10 15 1 16 4 14 11 3 17 8 6 2 4 6 3 6 3 0 19 9 11 1 2 18 10 0 15 2 4 9 6 10 18
18 16 2 18 10 9 0 7 8 3 13 1 5 19 11 0 3 3 3 10 16 16 17 6 0 6 8 14 6 3 7 12 13 5 5 18 9 5 6
7 17 0 4 8 3 11 2 17 13 1 6 1 4 3 10 12 6 11 17 0 6 15 5 3 19 6 11 15 13 1 12 16 17 13 6 11 11 0
13 7 12 9 14 9 1 1 14 0 4 8 9 9 9 11 17 7 9 5 11 7 19 12 18 14 0 3 4 4 19 3 8 1 5 0 1 8 6
17 0 6 2 11 15 5 13 10 18 5 15 0 8 6 9 13 14 18 18 14 15 14 5 1 9 14 7 10 10 15 10 12 5 13 2 13 8 0
17 9 12 2 5 4 15 15 13 18 8 18 4 19 17 6 18 9 5 3 12 5 16 8 19 16 5 9 7 13 16 8 17 18 8 15 13 0 7
1 14 9 17 5 10 19 12 18 9 0 12 4 0 6 4 3 17 13 12 17 10 11 11 7 1 11 4 13 2 19 13 2 7 0 0 2 4 19
19 17 5 14 12 19 0 9 2 4 5 11 8 0 16 7 3 11 4 15 5 18 13 15 5 0 12 17 11 3 16 8 12 5 18 18 2 19 18
4 12 2 13 3 13 8 2 6 2 12 4 10 11 3 3 11 12 1 8 13 17 11 7 12 18 15 12 18 7 18 4 14 10 11 13 11 6 3
10 7 18 6 19 13 12 17 15 11 12 18 15 13 6 11 7 17 16 4 10 9 6 6 19 1 14 15 13 6 3 19 15 5 18 15 4 15 15
18 5 2 13 13 5 10 12 1 19 5 11 4 8 6 11 4 7 14 17 4 13 0 10 19 2 18 11 14 14 9 6 19 15 13 15 14 2 16
13 4 5 5 13 2 3 1 16 11 17 13 1 4 8 13 6 5 12 18 15 7 9 15 3 19 12 4 7 13 11 17 16 5 16 17 6 9 3
2 6 17 13 16 7 11 16 4 19 17 1 11 2 1 4 12 7 6 13 14 6 16 5 14 12 1 6 10 14 17 2 10 2 10 16 4 15 6
15 15 11 0 7 14 17 12 10 4 0 15 1 15 9 0 12 0 2 17 15 12 10 16 18 17 6 14 14 11 2 18 18 3 7 5 5 11 0
15 9 11 10 18 15 11 13 18 1 16 15 14 0 11 0 18 16 10 6 4 19 16 2 5 12 5 4 16 7 0 9 19 5 13 0 1 3 8
17 0 15 2 12 18 4 1 18 13 15 18 15 15 19 8 12 13 14 2 8 15 1 10 18 3 0 16 16 0 0 13 13 18 5 3 19 14 4
0 2 6 8 16 1 8 7 10 12 5 13 12 9 17 9 9 9 10 15 14 9 15 13 1 1 5 2 14 9 13 5 8 10 7 12 6 12 15
9 0 3 11 9 7 9 9 10 18 9 6 8 8 11 8 13 8 4 5 12 1 3 3 0 3 9 5 9 2 1 13 10 3 8 10 12 17 10
5 12 6 0 6 1 19 17 5 3 19 12 7 16 8 19 11 10 15 16 18 14 13 16 4 1 18 7 0 13 14 10 4 16 16 17 7 9 6
10 17 16 4 17 7 1 11 6 5 19 14 7 3 4 4 14 16 10 7 9 17 16 10 5 2 2 13 19 15 5 17 19 4 16 8 15 16 8
10 4 1 0 2 2 0 1 12 12 10 12 0 6 7 13 6 4 3 12 15 19 10 14 7 17 15 13 3 12 7 2 17 1 3 2 9 0 16
7 16 0 14 19 2 17 19 13 18 3 15 14 5 13 7 19 18 18 6 16 1 1 17 18 13 4 12 18 12 6 3 13 1 2 9 14 14 19
11 8 6 19 12 11 6 8 6 12 2 1 1 11 14 15 7 7 6 16 4 1 17 7 3 19 15 4 13 13 5 19 14 4 6 3 14 7 11
10 7 6 10 8 13 12 6 16 19 5 18 16 18 9 19 6 4 11 19 10 15 12 6 12 12 5 10 14 7 3 14 5 1 18 15 13 11 19
10 9 3 3 1 6 8 18 17 9 16 1 15 3 1 2 2 13 19 17 12 8 10 11 11 17 4 1 12 9 4 5 1 11 3 19 13 3 16
7 3 7 13 4 12 16 18 4 5 5 11 17 4 7 12 7 7 5 13 2 4 10 17 10 19 2 13 5 16 18 10 9 16 1 19 14 17 1
4 10 4 15 18 9 16 9 7 18 14 3 13 15 8 19 12 9 3 15 0 9 15 11 3 17 1 3 16 5 15 10 1 17 17 16 8 9 10
16 7 1 14 17 15 18 1 0 16 1 0 17 4 18 14 17 17 14 14 9 9 12 15 2 17 17 13 15 4 19 11 13 7 19 5 14 5 8
5 1 15 4 1 6 0 1 7 5 15 19 9 10 9 18 0 18 10 6 1 17 16 17 9 5 2 2 8 18 8 9 13 1 7 4 14 3 15
14 17 19 11 5 18 15 4 5 11 15 9 1 9 5 7 13 3 16 15 12 7 17 19 15 10 0 11 16 1 17 13 17 13 2 18 6 1 18
15 9 6 6 10 18 5 1 8 7 10 10 15 4 11 5 9 1 10 12 4 11 18 4 11 2 15 4 10 3 15 5 9 12 17 17 17 3 10
9 13 12 9 0 17 12 17 6 15 17 9 2 11 11 3 11 4 12 16 16 2 17 10 7 13 9 5 17 4 9 6 13 18 9 1 18 12 9
10 1 19 14 10 4 13 1 15 3 2 14 18 5 12 9 4 12 19 3 11 6 19 6 1 1 14 17 1 19 7 14 1 12 17 14 6 7 0
18 19 6 14 15 13 13 7 12 4 3 2 3 10 13 17 2 16 16 13 8 16 12 7 15 11 16 8 12 0 10 2 18 10 16 2 16 4 0
11 14 14 15 18 13 2 19 4 13 9 14 10 5 15 12 1 14 13 15 14 9 5 6 11 6 7 10 4 11 16 2 0 4 7 6 13 4 0
15 18 6 9 18 1 5 1 11 12 5 19 16 5 18 1 9 9 15 12 11 17 3 12 11 8 18 7 19 5 4 15 3 6 2 8 7 14 17
1 9 18 4 7 17 17 11 14 0 4 19 16 5 0 6 8 17 10 2 7 15 18 0 3 19 1 13 3 15 0 0 4 18 8 0 6 18 18
7 16 6 18 0 1 19 1 13 8 10 16 13 16 1 8 16 13 1 3 19 11 0 15 6 7 3 12 12 13 6 16 1 5 4 5 8 7 5
13 10 4 14 12 12 4 19 8 8 8 15 4 19 4 13 10 19 3 6 4 12 18 10 1 14 16 0 13 9 9 9 13 16 9 12 9 16 11