32
9 1 2 16 18 3 10 5 1 1 11 19 1 11 14 8 2 9 2 3 19 14 10 1 14 16 4 6 15 11 8 9
17 2 12 14 18 7 18 3 19 16 16 14 9 4 4 7 4 2 0 19 13 10 10 10 16 3 10 17 0 4 17 12
13 15 5 3 0 18 1 17 17 14 14 8 15 9 6 4 4 1 12 14 1 9 4 14 11 11 11 19 12 2 16 13
1 0 10 12 11 18 5 2 16 0 5 16 4 5 1 14 15 14 8 10 19 12 13 1 9 5 6 8 17 7 2 12
13 18 18 2 1 6 3 18 12 14 9 10 9 7 0 19 7 16 0 8 10 7 11 15 6 4 9 11 12 15 17 14
3 13 5 3 12 18 13 0 0 12 13 19 3 10 3 9 0 16 13 12 2 13 14 16 17 17 1 11 13 17 10 12
15 3 19 5 1 4 1 10 16 17 11 3 14 6 18 4 9 4 11 15 12 4 5 17 10 5 9 7 13 19 11 16
7 1 10 6 1 11 19 16 12 2 11 7 15 4 13 5 18 17 2 17 0 1 3 5 11 4 4 2 16 14 8 10
0 13 13 14 4 10 16 2 7 15 5 17 10 6 17 12 14 12 2 4 13 11 8 9 8 10 2 9 7 1 4 13
10 0 17 2 2 14 6 14 5 16 7 18 18 5 3 12 6 6 6 10 14 1 16 4 8 17 17 2 16 9 9 0
15 5 10 2 1 2 14 6 1 13 9 11 0 2 18 8 19 2 15 3 11 6 12 17 6 3 11 7 3 10 0 9
6 19 14 0 11 3 10 16 19 18 2 14 19 14 8 5 18 18 15 13 10 3 7 7 5 14 0 11 9 7 4 3
4 15 8 12 5 13 9 2 4 16 4 8 16 17 16 12 12 11 13 3 15 15 14 17 6 3 16 7 9 18 5 4
9 4 10 15 15 17 10 19 17 4 19 0 13 17 9 14 1 18 2 1 17 10 7 8 12 12 6 4 7 0 10 3
6 12 15 3 11 19 9 3 14 0 10 9 4 13 12 13 15 4 19 2 2 3 16 7 16 14 8 2 8 10 9 4
16 9 10 6 19 12 11 15 12 1 3 6 16 11 16 0 4 12 0 7 17 14 4 3 8 6 3 5 6 18 18 12
7 16 11 1 17 12 0 7 13 2 0 15 3 15 0 19 9 18 5 6 11 1 4 3 0 2 7 6 16 3 2 5
10 2 8 16 1 8 16 11 19 0 18 14 1 19 8 3 4 11 18 0 5 18 14 16 3 19 2 16 12 0 18 14
1 17 5 15 15 0 0 15 8 1 12 3 17 12 4 7 14 18 19 6 16 0 0 3 19 3 7 18 9 8 7 14
7 0 0 6 9 0 13 12 11 16 3 17 19 12 18 16 5 15 12 14 18 1 5 0 7 4 10 9 12 18 15 3
8 19 1 18 6 3 5 13 4 1 13 15 7 2 13 16 17 0 4 2 2 13 4 10 17 2 6 11 14 12 16 12
16 14 13 4 15 8 10 3 16 2 1 9 4 12 17 17 18 15 19 13 11 13 10 12 9 0 1 12 9 17 17 17
5 7 9 17 18 3 0 15 4 18 15 17 11 1 18 5 7 18 12 1 5 12 17 19 1 10 7 16 13 5 17 7
16 6 14 18 16 3 1 7 14 18 4 14 13 13 19 15 17 14 4 8 12 16 6 18 16 9 3 2 17 0 1 17
19 18 1 13 14 3 13 15 12 11 0 14 10 5 13 2 14 18 15 13 8 5 0 2 10 9 9 10 0 7 2 6
11 6 4 17 0 16 2 7 8 18 2 16 8 7 19 17 15 11 15 17 13 3 1 7 13 7 14 0 7 5 7 0
3 18 17 3 14 19 5 14 19 0 18 4 5 3 10 12 4 0 0 14 19 17 4 5 0 4 11 5 8 0 2 16
1 1 0 12 13 4 8 7 12 4 4 5 2 9 17 1 12 15 7 7 5 1 15 7 2 19 9 19 18 6 13 15
10 11 1 10 6 10 16 5 16 14 18 1 10 6 11 3 0 4 18 9 1 8 6 13 5 14 1 11 16 6 0 9
5 7 1 4 1 2 16 4 1 1 2 10 0 19 3 4 3 12 4 6 8 13 16 17 17 14 6 6 3 13 16 15
6 1 6 8 16 19 4 9 18 16 14 3 18 11 1 10 0 3 13 12 19 11 12 7 13 11 4 14 1 15 5 3
2 9 3 18 13 2 12 0 0 4 2 19 1 3 3 13 1 10 11 12 1 12 14 0 4 0 4 9 2 7 9 2
