55 23509
48 16213 8601 20390 11475 21494 10708 9383 20055 3757 16902 16543 14808 1452 12321 13985 5270 1564 19566 2144 2241 4627 6682 2578 16841 2796 4049 22083 7080 12716 4062 10605 12170 20404 17123 22341 3254 6131 10950 10843 16008 9463 13685 1809 19768 7156 3574 6010 21997 21975 11839 12639 12162 7881 2125
3753 17203 5151 22239 13863 16997 2904 15946 11367 6003 11894 3611 4923 22550 16829 16844 11750 1754 16460 3594 23442 19336 5977 7391 19421 22568 12412 3435 4418 23501 18919 20234 3181 21251 21147 5852 15428 15042 5970 11699 20919 704 17224 20672 21327 10709 11714 4243 13761 9896 479 2389 17628 21875 22062
48 15894 21995 18088 14707 855 14139 13012 15732 4360 18668 21720 3212 2995 5831 6349 6607 19214 6163 21598 1282 19093 3953 4620 13092 15803 9233 9721 19429 19604 12968 6916 13686 15401 16358 19874 14871 1286 10887 10790 13433 4065 7406 15347 17259 17322 5919 14338 15107 1169 14683 19707 7416 7488 23292
1049 11211 17432 7243 18899 7679 16077 6576 402 1000 6524 3142 2370 23031 8755 7392 19709 408 16409 7010 15899 21241 871 6783 14616 8649 7159 17741 17079 16380 17359 12245 1759 21068 6917 13414 19100 18337 20369 16576 22052 1563 14571 15798 3962 8572 7347 11011 22422 13923 2385 8882 20386 22480 7224
6518 1729 3005 13332 16658 6095 1654 8673 8535 13860 7922 19154 10611 4801 7293 4071 13632 13156 8964 21272 5332 17574 20029 2596 22875 1948 22319 5572 1508 8048 12876 2422 14089 1767 6193 9836 2192 9837 22968 73 7065 4395 9206 18526 3478 14049 19033 1455 17660 7213 3847 6341 2539 935 8203
11069 3657 15766 10188 13671 9344 20186 2774 3440 11116 7870 1513 12889 21202 14056 19330 1544 10440 14696 1531 5945 16699 10161 6038 726 12358 13012 19144 8106 6868 14355 11627 20558 22314 16378 1649 21909 16872 8490 12559 8890 6993 15941 2544 17507 13746 12562 20447 15463 2682 22219 16391 9000 19406 8267
4771 14754 6034 11582 9811 10386 16063 21931 11944 2038 9830 17762 5991 14837 20183 6611 10010 20090 14068 10488 3829 16975 19683 15662 10783 8270 20825 21811 9354 9010 22607 12421 11574 15930 22353 14638 2407 15417 5421 5568 22433 22707 9258 19928 13228 1242 7262 2180 21687 11812 711 13315 1814 12858 8363
15812 15581 4978 12978 17297 19877 22661 3668 16372 9404 15955 1636 11590 12776 14156 350 11393 2169 22129 6962 17028 6168 20046 13697 1924 4441 4558 3087 8680 8197 17119 7053 20498 2521 22743 18247 3581 8433 4022 14148 7009 21599 11279 67 15308 16377 22321 16975 10587 20155 18884 20578 12739 2369 13700
9451 4936 19847 12231 3609 10085 10612 3248 18911 1353 10912 17647 13263 9979 8398 10046 6418 16573 7473 3301 15210 3849 12042 22888 277 1265 10217 6339 14594 5986 12519 4418 22396 11618 10161 16558 4892 7425 7233 4078 3130 13584 12326 16167 7955 12918 2569 9166 19090 22353 18541 1608 7368 18150 11179
5164 7652 17980 4760 18932 5010 14871 2438 19455 6914 20735 7156 10285 20209 1491 7700 6023 4420 12559 3700 20782 16759 19877 22181 4345 8591 343 20976 1465 21514 21358 7365 21318 8689 781 6441 4326 5620 9030 2996 14309 16337 4180 4296 6878 11699 18007 3769 1217 16875 5458 3527 18963 9800 14221
1088 4030 1870 13412 3312 16474 14953 15382 15077 1725 15195 14298 15429 9283 17284 1729 4456 19087 3481 9079 10850 20835 14833 622 12321 14441 5038 9346 12666 18877 12296 10160 1001 8147 14407 14359 19504 8324 22137 17574 1150 16758 2336 21948 20576 8663 4231 8809 11440 15180 16867 14382 16812 2281 1971
4292 12867 13966 15139 14644 17377 2512 21115 15130 17808 16711 19907 11929 7375 23205 22803 3724 15903 22574 19242 8855 15517 7816 8308 22608 15710 12020 11316 3768 6171 23088 14892 20474 18222 22873 19723 726 10786 17153 4558 1317 19343 17768 4297 3474 6742 361 14504 8653 12970 22950 12291 3441 22969 8719
13019 16118 10810 7659 14823 10529 13561 20870 20989 18191 5738 6899 3663 22312 1847 1914 21839 5073 3610 22657 98 19953 1261 10711 1092 22668 19175 2148 11011 13856 1786 13696 18501 7217 9817 5838 19359 6853 1450 1758 8614 3036 5657 3429 7543 17527 17342 3361 3976 23130 22333 4261 17378 20471 17597
1482 12295 4957 7120 10045 14677 8103 11853 9925 815 18029 13088 13283 9245 21810 9806 1439 9499 14730 22310 7556 15561 18508 14995 21751 17320 15844 8545 22510 400 7234 13920 6831 6113 7356 2998 8169 5933 6214 14711 22608 17624 20085 10014 14890 495 6484 3105 8797 7720 12789 20977 2726 13126 4960
3330 17670 21362 8230 10738 13546 13443 8560 7208 13203 14621 14897 9735 19647 16417 1680 855 19678 2728 3127 12605 7447 1662 17471 17795 17414 20406 20497 9179 11176 17366 12427 11113 8885 7970 10030 5852 14921 15335 5539 1289 15977 14063 21611 4155 15216 3779 14342 2709 12416 22399 14924 13389 4485 713
17562 21089 10862 19642 6090 12382 14302 9643 16081 7859 22115 14263 17854 18423 1812 669 13866 12202 7392 5516 3623 11872 15992 13339 20756 13382 21563 7562 18010 950 3015 19806 4539 14709 8026 7363 17355 4633 18027 10622 17959 548 9059 4281 20766 16330 7910 11946 12122 21072 22398 22008 22142 8250 15400
11669 21945 20093 15757 14491 2839 19731 13959 19320 7204 19102 18053 8831 18980 22163 7413 22339 20140 18976 23214 8832 17299 17641 14119 2015 15345 12283 18951 4049 18213 1524 20540 5092 11304 2130 17698 20653 12307 284 22493 4824 21230 8309 19374 8949 4672 17848 12477 702 1862 11813 6334 10028 8457 45
5847 14112 16259 5081 2750 20551 13893 14835 20920 14853 19236 11547 10113 15410 4441 11044 11312 5711 343 22688 8743 17017 4671 6782 15349 2336 19441 13002 8261 19553 15020 14528 469 16130 2594 769 14703 7130 2967 15567 12771 22373 5102 3344 2205 4351 17514 18863 5537 19787 15296 19004 1943 10588 6854
7564 16586 3395 5159 21544 4337 12437 20849 22611 2319 2309 18875 21250 12754 21071 3247 8302 4664 4095 19474 18135 8902 17151 12677 6896 23211 12190 15266 2008 17519 22247 6180 12331 9744 4675 18184 1217 18993 9978 5245 7808 6827 6865 15885 14346 1156 6647 3092 21602 100 9560 23025 9788 5428 8748
16886 1505 1624 15502 270 2117 1756 70 7539 7546 6648 20872 22253 1375 11821 4302 2255 16221 6867 18962 3434 3969 13981 4722 7602 3498 15719 6634 8561 17077 3645 21847 20769 10420 716 9046 4761 6566 4411 5984 8384 16199 13389 1576 1964 15222 2937 19696 9308 21446 5240 1494 11356 10595 7804
12217 16739 1307 45 5367 12197 279 2258 17970 632 15995 20131 12757 11034 15726 21655 10206 690 2332 18011 13265 15655 10202 20076 5121 7710 16991 7169 1279 18374 18167 22752 20647 22149 6640 324 14307 3025 20836 20974 8011 22312 18334 12182 9443 4893 1877 21797 8175 23127 15657 3676 19766 9384 15655
21317 18610 9009 7765 10476 6668 3637 21697 10949 8879 23430 17792 16068 2923 145 576 10995 12852 3269 16068 7667 5843 5562 12264 7290 10784 8683 12210 18483 389 13428 8491 12051 19118 7469 14990 20411 1423 10798 15041 10384 19782 776 7579 22144 2435 804 3045 15131 6825 13908 8397 7804 4424 17134
17910 22864 10286 22742 3760 8777 9967 117 9585 9671 2339 20784 6031 21508 986 13048 1982 22405 6632 5463 7341 9307 13449 9462 10746 2297 3326 15935 15842 11991 18099 1583 4765 14443 1655 12011 4358 6508 21936 10352 10188 18714 22585 15511 19548 15328 3178 3025 13606 7631 2179 21460 23312 12494 2760
16383 12641 19043 16579 3319 22771 18110 16517 7538 16931 528 15000 8191 6123 19739 2678 10090 8952 18764 18135 10156 18832 22623 14515 1517 9782 11823 16865 9618 16534 12746 20727 2959 12318 21331 1880 11956 15606 22590 12002 12653 17480 15256 19637 9635 21276 14783 9872 23119 10418 17417 1064 19122 20510 11003
1844 9056 4686 11222 21094 9383 15647 15485 4445 17162 11387 15392 16290 14855 15491 14914 3381 4892 3490 17851 21022 5696 14634 9059 12449 11025 3640 7834 14239 14449 8250 13859 2255 13115 16909 8819 11219 20591 21360 21299 11069 15220 17271 5646 20710 13116 19607 8557 21820 21799 7995 15529 11916 22461 8613
11820 941 18292 19582 3546 53 18087 8167 2266 17329 14709 17153 12991 5937 14339 10065 5228 5795 7248 18579 2158 15533 17667 11886 5197 4124 8899 7005 5238 5581 19136 13229 4480 4893 2579 2418 4785 3669 14046 23338 10284 4286 6204 12770 19777 10757 16579 3592 3080 18500 2269 3183 1188 22009 20577
4267 10833 25 18849 6304 2794 6495 20947 4758 16659 14206 16441 16327 8150 5964 8836 12183 9264 2653 6938 10114 17616 12060 20178 13944 21535 7389 15022 20653 20921 20063 2168 10027 1395 10743 9230 1681 3710 11604 12135 12999 2593 20422 960 21193 9415 4010 16812 3936 14517 4196 19296 9253 12333 13607
5689 9533 18900 10967 9563 22748 4652 13746 16669 4938 1345 4912 19457 3912 6341 18487 3856 10932 1669 465 18668 1188 620 21850 5201 4853 13152 8698 1589 11467 21776 2979 15485 11448 17867 21647 9721 11423 1451 7866 21604 22024 13390 14819 8263 3055 11023 22976 12497 18729 4738 2129 10829 14951 3868
18081 7340 17597 10612 13588 10471 8408 1917 19192 19549 9431 19966 7227 18581 3488 22666 3930 16345 5547 16180 7966 8798 13057 17029 18761 12934 15194 3226 18325 8397 22570 7848 14195 11267 16380 14816 17430 16548 6546 560 20367 5857 20468 1876 2360 1658 16516 2093 12547 5417 9952 5981 17709 10756 10182
11803 10594 14995 19579 5278 13725 9811 21359 16145 5798 12915 13166 16152 10552 15336 14311 20771 11558 331 18351 9754 11232 18707 9097 3975 9957 7642 14918 19790 7884 12752 13380 19839 8987 12226 14415 3459 3721 10652 8723 641 6167 11591 1840 22002 5587 11073 17789 13140 14098 12116 21741 6813 11518 1384
22741 9032 8639 4187 7909 16312 2183 13557 15110 17454 7068 5651 10874 11410 12802 21683 8398 9479 18014 21407 11200 17630 18373 9190 350 3594 9631 22611 5110 16702 22983 11911 4036 1053 8055 2696 2272 17363 13902 13432 12083 13336 2101 10507 7616 8409 7456 12530 5531 16238 9942 11851 12883 13685 20060
2330 17939 150 10044 2347 2495 3524 14594 14810 19089 2690 3201 4239 13396 9523 1399 6192 22085 1303 9008 16913 4014 17883 13028 12381 10146 14550 12908 16966 15184 5077 8039 2275 20580 20938 6777 1319 5030 14725 21433 4110 15175 15014 23023 14043 15495 17401 3603 5428 11234 20414 11374 18319 4223 4124
11367 14385 5441 2213 4846 16247 17811 3942 5359 1822 17421 11213 8197 3525 22979 4207 7020 6783 8632 18716 18372 21795 12244 12647 3234 418 5677 2218 8342 23308 15793 13791 8121 8309 15735 22481 10771 18424 2036 10282 6906 20357 10691 13781 18839 15193 18070 5509 18955 8378 2515 3123 1168 1513 21986
11091 5624 21543 18749 1921 19656 14691 3761 4762 7744 17245 22231 11288 1509 15977 1340 3673 19902 2959 15944 4570 4293 784 6675 8210 8586 7788 17049 16257 11944 4624 9886 4457 20693 5056 12432 18459 9230 13953 8626 20959 8376 3016 16757 5523 6856 16510 5885 17990 13678 7444 4757 22446 2061 5782
20364 8778 12401 15140 15580 6300 18788 19678 10676 21629 14056 1897 931 21822 8316 4787 19706 4029 4496 1539 17659 17382 23383 14249 12505 12600 21711 13830 6470 3659 11415 21261 275 5682 21226 12325 749 18071 16977 22596 6750 21519 11248 19276 12719 11577 3802 9389 6654 11246 22967 19835 1873 4525 10912
17780 11779 2812 4714 846 2188 18154 17751 21572 4392 266 4011 9132 5150 3291 21106 16544 18684 22812 18366 6979 14212 3282 16988 17262 19674 21418 1489 4039 13653 21483 2425 9365 13918 17294 23145 2019 10269 8696 5904 8545 20402 3926 10044 1141 12462 22077 16113 19211 12103 19759 5734 615 15060 10522
9356 12416 11153 1063 8538 15812 6863 5685 12688 14497 15095 22877 20500 16796 22320 7279 11759 12826 2598 5701 9884 3538 352 3780 15253 15195 23404 19178 16190 10285 1129 9179 6182 15716 12018 8847 3214 2084 14658 14901 21637 3404 17949 12407 17063 10249 13644 15435 3084 15480 5692 8549 20045 10137 22791
14020 22871 6450 2374 10455 5317 21074 13973 23366 1581 22331 7676 21369 4033 2755 15197 21132 11390 17861 18401 17850 14659 1571 15325 14578 13162 14786 8343 20270 13575 6850 20284 17583 8515 1197 1173 7552 13030 18607 13751 4642 13995 7043 3476 11921 2233 4396 336 17997 22414 7074 21349 16375 18798 12265
16833 4749 7730 3965 5934 4012 23033 1652 14735 2257 13475 20554 16563 13305 22015 19276 12980 11212 22726 5396 9827 6178 11290 13545 18652 13625 7976 11988 19147 18931 10091 14004 5339 20194 12417 12573 21792 4616 3122 11929 7650 2516 7929 8829 20108 19519 17342 8134 3932 60 22591 22024 6258 22807 16265
4785 3946 2565 23177 4040 4115 7669 8554 20764 3100 12835 1434 5559 20481 12105 185 224 14226 22777 1743 14832 20756 7816 1289 17575 22167 12107 23185 1615 5045 1691 2699 8831 7299 16150 19877 12070 8541 6804 9013 19021 9461 13460 13066 8532 18747 5174 10833 7091 21985 18478 21175 17785 3207 3666
20727 20724 16319 18399 8941 6572 21706 19126 12713 6015 2574 10002 691 7799 4046 415 10352 4622 7175 6665 9823 5702 14923 20402 20550 8168 13084 4229 8884 1396 23498 21180 737 11425 106 3434 19793 12219 19414 685 21837 6194 22015 2644 14743 12085 17211 18939 15813 3085 11610 22965 19277 4222 2177
5376 18519 18952 17306 1093 3685 19735 15887 21558 2747 2402 15410 583 9372 80 9122 6921 811 637 7635 9745 7539 17506 19110 7050 23257 9070 14221 7018 14597 6343 20095 4717 8784 16949 9682 5332 9462 22946 6211 6306 21683 17734 2813 17279 14566 3917 18045 9975 13868 21293 8941 2326 17198 10788
23308 22998 11007 5468 15147 18890 6728 15216 16545 17415 17474 14655 9036 8925 9936 23403 2363 166 2320 4770 16144 3907 14657 18141 3685 9698 15743 14424 3006 19624 16568 20178 5254 19995 8750 3567 8126 336 21800 20982 12390 12723 12219 16647 6521 11544 8464 7663 23392 12145 16535 15555 3949 12902 4325
14281 14822 2454 8730 22006 7365 6336 619 12912 19776 5392 2059 8191 1977 8912 8584 12441 19300 3685 10025 6620 12130 11549 18495 18995 21159 18775 10207 11065 22377 22321 4154 16418 16436 10301 3697 13637 8269 20875 6842 18951 16388 2426 17534 3077 12360 8660 5591 3007 19079 15386 2159 15731 9371 10530
5302 17011 12987 22793 22117 16034 5500 10335 20563 17567 17797 17999 13808 11908 5943 23448 9225 8807 21831 9640 14673 3667 16541 9307 5090 18121 2445 11538 23247 4876 13039 21789 19553 17965 13291 371 15167 7595 8953 22617 19028 13379 10472 13599 14492 7507 12737 19877 12436 12454 4869 9855 20485 15903 13606
3648 21917 14094 10827 18934 9048 781 7694 22029 5426 4467 16306 13080 18751 10624 23439 12994 20920 19333 1332 7692 15970 14860 2821 21751 22274 16918 11837 1897 12804 6812 7710 13420 19992 2152 6134 526 18590 1829 9099 9022 19481 5284 520 10427 10878 17770 16095 21467 23156 10905 10164 14984 21609 8208
21079 19778 1586 6617 15328 20020 8133 6539 20860 4488 8853 822 5291 21658 12309 2368 16750 20321 10528 2352 11464 18910 11598 14953 22556 22744 23252 5581 15317 6776 11634 19542 12307 13800 17017 12271 23420 22615 18135 5436 8620 133 7338 16068 22623 7940 6027 17912 8987 2739 22249 9447 14156 12057 3264
1166 610 6640 3099 13871 20575 4652 11585 14522 17969 15727 13100 17354 17324 15042 7808 18065 6791 10065 15616 6416 13695 7137 2752 6047 12350 8578 6315 72 1978 5678 5933 12378 1113 1624 10973 18365 9313 16875 11076 8289 10570 16415 22128 15220 15884 15198 2459 10348 399 13937 5441 10727 22896 15087
17799 7321 10282 12519 5025 15991 10529 17118 3334 9730 20321 1847 11609 23047 10844 692 18727 8978 6232 14604 18577 1191 10098 11960 15394 3954 17736 9097 11073 19457 13153 20334 1398 11109 5539 14290 988 10080 4823 19091 5449 6703 9814 3544 7651 22809 16298 1577 13487 7484 12826 15314 2946 3539 8579
3258 21452 956 6879 12497 692 15790 7713 19956 5452 11025 5110 7454 1218 5497 9159 22006 13493 16306 3204 20963 19054 1552 2779 15035 18446 22907 3755 23134 7014 14274 20847 23218 14591 21762 2511 15969 20400 18948 23113 4266 23373 2394 6688 11761 5989 18816 21455 19527 8326 4500 21551 12269 8533 3794
19447 7338 14288 3642 5787 17569 4192 14762 1905 16194 16774 16422 16498 13734 13809 13185 14789 11942 15538 15345 21257 20243 5833 11250 19532 261 13085 7810 7839 14687 16064 10615 10663 3692 6877 15197 16003 23458 13448 5988 21700 14655 21226 15693 11969 9174 9474 19405 7532 23326 176 22514 18833 8875 6109
6681 11853 7553 1596 8284 3358 22390 17080 4762 18718 2987 22893 18446 4163 366 14271 1562 19545 3648 14423 21558 5899 22591 16841 14354 3256 5885 6297 18138 19078 4734 18107 19836 4674 15130 9149 21885 14386 2453 20842 12498 11448 9164 7025 4594 21834 21436 12465 6565 10927 11634 17529 12671 8264 16093
16703 8063 15819 6802 17170 12768 9036 367 9087 1747 13154 8451 8192 21183 11860 19767 9024 17051 10921 22260 23130 214 20864 19955 11559 16283 15694 18688 8064 8559 17202 18784 2031 21889 5864 9230 19192 18 23012 12776 20528 19112 3192 20510 19010 19274 15178 19823 15515 13747 11766 7427 8167 11097 15023
17282 5932 12242 2144 3630 13553 10110 22991 7210 15835 2063 8936 20957 8085 12143 6172 16790 420 22189 7161 19109 2243 23067 3146 22444 10530 17013 8437 22397 22833 13596 13293 14181 608 4512 2231 17618 4904 7016 12728 21922 21266 6064 14422 1990 20344 3555 9418 14074 14060 12661 15204 12262 16287 19663
2890 15343 4271 10510 14855 11555 5387 7963 15606 18932 20063 10559 8621 17879 9386 15617 19566 6048 13593 19618 6831 20348 9211 11077 6778 1676 1226 18793 6203 3687 14750 17639 3546 14036 8427 3369 22274 1010 15070 7537 3219 10294 22491 16129 21607 2680 22004 2672 18808 2466 10313 16937 9283 19681 16978
14378 8088 14407 1157 21599 1501 14823 12148 20702 22576 12136 17202 12360 1022 20111 11196 11107 612 2476 4495 22900 9747 21920 13887 10718 4044 23257 5066 4405 4943 16909 9862 5331 9674 14097 9651 17881 1301 17223 4190 22312 17153 4506 7523 15860 18646 9155 1809 9421 6627 14353 13410 23289 1588 7226
