30 29269
24538 20544 6452 9514 16459 23842 25366 26490 16999 4028 5649 16466 3470 24888 21663 8619 4234 1511 17391 16244 23078 1352 9564 12750 14342 10776 11132 8193 1933 20227
3044 2434 4289 11508 13167 17740 7073 3437 18172 9167 16573 19499 23207 171 25678 22068 6427 13105 12650 6529 5551 959 4083 9051 20292 19977 27606 10059 8439 7176
17617 1864 20396 17338 8741 27296 9656 20614 3587 24645 4825 17033 28836 13123 2951 27624 9774 5022 4212 28810 10384 17475 13269 15842 23854 21215 23865 17039 27663 25778
25777 14901 22765 20430 17529 10358 22757 24665 22875 16036 27998 27320 1523 5992 27653 13573 1889 3491 15624 6485 23223 20968 8916 21302 16399 4328 25305 15422 18246 14044
5933 4157 7379 6748 16957 12630 16476 9844 26780 14966 24596 8110 800 26182 14303 19512 9972 24637 18796 14848 27594 27465 25101 22344 12554 28958 6792 4152 28252 27729
24804 27726 8084 22208 26727 14562 10849 10343 19344 10835 10552 8814 20769 5453 22055 11428 17944 20533 8650 24092 25560 16722 26984 28626 27523 18681 13426 27418 4693 24878
2929 25366 24151 889 14394 21581 18572 28742 4377 25657 28739 4251 14445 581 1310 9953 16542 4217 16862 5849 24260 21296 5359 2110 4796 7149 23294 11656 18743 27831
11880 4317 12304 22273 23211 9740 5480 4464 18899 4749 7339 3200 22838 3998 14451 14121 8878 16241 741 11230 3236 6875 19380 15103 9331 2153 18313 4998 11284 8423
9122 9493 24814 20798 24077 5841 17310 26903 20715 849 16128 15826 1897 8852 28630 18144 18284 26027 23391 28801 7733 17727 8477 19123 14800 10905 5785 15161 27236 6901
7612 6370 2946 9511 2857 24983 20825 21439 25296 11569 23658 19528 15972 8783 29093 11356 9651 9285 23959 25789 7673 4850 18089 19857 15810 18300 29267 1094 22689 20138
13175 7861 12930 8688 20803 15103 1103 20479 2489 15726 28643 1377 9220 26898 10074 2724 26539 27683 11203 8283 13152 5499 23927 22044 19655 14528 24731 9250 26929 24305
23015 12946 5844 18419 25167 28301 777 12375 19427 13683 14952 24333 17797 6364 11375 20403 26088 11417 27595 19928 35 7869 25165 27191 25230 22719 10633 46 17431 5757
2070 11199 1243 21604 13657 9853 16858 5331 21063 23659 9431 28783 10296 24215 28615 9308 25171 17092 6355 12548 5737 27703 8345 7315 1430 4075 21698 25912 1413 17048
22898 17301 19639 1667 18970 628 19822 17873 13954 22670 15540 10472 28076 5974 15039 18682 24322 24303 6178 22064 12731 4005 21870 5624 4286 24105 9937 12327 28672 26252
20118 9954 287 18296 6797 25846 5102 2384 19688 17990 22252 1586 5947 9698 25333 21214 18472 17708 24591 1694 4386 27887 22766 12004 10058 24959 14712 11986 1281 16690
18547 2628 28286 23890 5510 26602 9941 2379 22756 7800 2995 19475 29116 22653 28665 26826 22802 13726 17728 382 16455 16059 12424 13537 10026 11786 21980 25807 21375 20506
25142 12451 11017 23925 13982 27458 24674 15802 16295 16790 21998 26277 19611 2481 19557 10846 28287 1019 9289 26183 18497 22130 27229 7964 26529 6912 435 22055 15873 15755
22874 19630 6452 28531 12871 8270 18108 1141 8427 13832 28642 25717 28266 18544 1871 17467 28364 19416 7069 11826 6374 28658 20773 16545 11984 27095 18811 6623 19171 27883
8693 12453 21387 17682 6435 8124 24184 22984 25764 14123 4040 9701 24795 417 3393 289 14666 4176 2981 2787 26315 26577 20284 27059 24978 10795 27692 21179 4855 22185
28387 21017 18812 11623 3022 10929 14435 1257 7713 29075 10125 21695 13271 3670 6167 3770 22568 28383 19006 5392 21593 20811 25402 18175 742 12409 19579 9972 1617 3974
4542 10523 22980 11449 28567 18708 28182 16571 10291 26159 7502 11389 25763 3884 229 947 14120 8527 26330 6700 6568 8320 7960 13021 28312 17412 2364 14286 3887 27850
17365 25044 1279 15344 3067 13150 27198 13164 9512 28786 21254 1704 10381 10749 6552 22625 24187 5427 6163 28540 1806 3567 528 16474 20946 12699 27714 17282 16267 15195
22733 5548 25107 4667 18528 17559 1248 19014 16374 24455 9274 15638 9280 18778 10148 8439 28511 10337 10943 4399 18051 20872 2591 6917 18692 13250 14497 23191 18366 2303
29090 2330 25525 10810 16547 5805 11842 22965 17221 15470 13852 319 5573 10619 13907 879 27555 5119 4158 395 15343 14984 16827 25205 7618 2130 24648 13424 20892 26344
14229 7726 27304 4814 6544 23671 14560 26989 13691 9824 12428 2108 14173 18975 20913 27401 1641 14893 8646 5551 18718 15110 17314 23488 6908 15587 2304 10246 3138 24907
16848 22583 13105 13347 1620 23376 130 4748 7667 29047 25688 25546 23666 7488 10078 20052 25276 26412 17414 4949 5775 2549 18643 8183 13338 15245 27321 4417 4211 12879
6701 26510 7628 14299 11070 25147 25578 18426 26105 9358 7440 4548 25535 19402 22642 27565 17530 26200 17936 7297 6248 27072 2617 24895 18488 3716 8966 1112 26918 14349
751 1656 25570 5145 19628 4036 5710 8881 13275 7274 9164 7080 24454 27052 5181 14989 4817 26453 661 19969 23406 20390 4306 26416 1727 14294 13473 21909 8318 20621
22681 17221 2288 18030 13497 7688 23130 24742 23750 11038 10050 16657 19322 26615 22753 18111 27724 11644 15447 3542 6683 17587 22879 14736 22894 24097 21761 12019 21996 22633
9750 28993 2005 18585 28828 26112 19266 21846 8184 2884 967 278 903 11488 19931 15654 20294 4768 17926 16004 4227 27781 28763 11594 4475 3385 28928 22048 26140 24503
19574 6795 1695 12844 1461 8910 20343 6169 5046 537 22709 15375 5616 14227 10303 8098 25475 13143 17884 22787 28705 1267 8447 20645 21780 7809 11705 6724 294 24484
