14 9619
1705 8306 6641 6925 629 5601 8519 9435 3489 8720 7049 30 646 2616
2218 4604 9290 3616 1128 7409 6520 3227 376 4622 2841 3739 6523 1067
6585 2282 2355 8275 3883 4791 6568 861 8005 7911 5628 4201 8217 3774
8157 1580 4150 3316 1342 2048 6771 7813 5528 2560 1080 5913 791 2525
7945 3838 2252 2682 7913 3561 7625 9584 2627 2919 5965 9598 9514 1455
4427 6530 1957 4196 8940 3929 6270 4538 9299 1960 956 1501 8662 7110
6231 836 6443 7745 8614 4150 5089 8036 2007 6164 1718 3718 3669 5841
6503 7066 8308 9355 6845 7036 1159 4549 6859 525 9157 516 1589 4515
162 2389 409 3292 3155 2977 1227 3109 4804 1072 4041 8838 2029 4284
6632 3802 698 1268 2515 4089 2293 3644 2604 6533 9578 4620 126 382
5176 6630 8632 9242 7175 3103 7083 4543 176 3797 8897 1270 3870 1627
2334 6005 4403 2967 7179 1985 9321 4130 3499 2140 234 4415 6185 689
4032 9015 3186 7210 453 2019 3338 4402 7832 7975 4943 3454 1539 6230
5242 1390 504 8458 5066 3697 7224 2145 5203 4056 5331 4289 7710 2204
2426 3982 6584 3633 4491 4405 4381 1398 6935 1069 4615 4113 1997 7620
