15 9883
5700 5388 5772 7507 4745 7721 3761 8081 911 861 991 1928 8360 5594 8550
2068 8651 5213 6213 6608 8650 3874 9308 853 7231 1800 1023 4807 8665 4850
5927 7144 8313 382 5938 6305 7210 1957 8370 2293 3915 8513 5750 4429 6399
1211 8134 5850 6769 1556 2815 9575 6064 2749 2713 3758 9006 2775 5862 6042
235 1752 5860 1871 9458 1638 327 382 5282 7002 577 4943 618 3423 7464
3730 8498 2381 1898 9657 3396 8891 4365 5720 5206 9795 8660 5300 1015 3203
7537 1072 9295 7479 267 4429 483 2700 4841 2351 3286 5040 7760 199 4270
9572 590 8105 2141 4931 8177 8395 2442 4791 4301 7003 2365 7544 346 5381
9124 3806 319 869 2699 7696 4665 3696 205 9298 5621 5944 1887 2053 8621
7784 6193 7973 5372 1368 9754 2833 267 5731 4679 7279 9600 3830 6778 4243
3911 724 8849 9297 3730 4482 1226 552 4335 7025 1030 8801 8839 4814 7885
2371 1342 6271 4843 5418 1915 2728 4952 1525 6728 3584 3039 2555 4730 7005
7487 5075 7235 3188 4035 1637 2220 967 6345 4588 3969 1190 4039 3544 4470
1624 21 314 523 3948 7636 3756 4967 4366 4353 3626 7465 7735 6561 6962
3371 1333 6446 3762 8982 7308 3994 8232 2746 5432 4762 5202 6145 6969 2569
557 7422 4450 4565 430 1439 744 4839 7185 4768 1086 4574 2906 7729 1226
