36 65119
57322 19274 25444 35559 64675 10884 51484 63750 47606 61578 36143 30926 50399 20669 29340 10012 16937 17623 60270 10362 24086 44791 26485 54172 23183 41291 60939 16828 6101 21438 23228 30667 10359 18547 33772 21849
0 42326 56833 21077 36766 25847 44394 34155 64862 46998 7979 13899 55601 45258 37488 25646 57442 23143 35077 10566 29015 19623 37342 61459 13977 34652 45588 48294 47836 17374 37768 12811 61915 8568 57591 34691
57090 8968 1855 7024 52460 27112 14217 58485 32004 7292 7759 33636 53403 43694 32207 6032 33101 21410 13266 28085 31371 53822 58023 10000 17085 48175 17474 47388 25883 18093 48306 18685 24293 37731 43463 7398
41002 25308 24456 37978 17625 64495 1228 44229 2125 54602 45167 23657 35777 64023 37343 31003 48686 9928 29709 63440 6854 51615 18322 48688 18826 25459 45772 47681 59109 37006 165 28799 29174 29903 34211 36948
47259 856 4530 33359 9442 26738 16170 29976 21074 9365 43228 12468 21230 45738 39599 24971 33733 15520 34148 57392 53823 12110 2326 60466 64581 8842 27425 33912 21673 7185 32593 27293 14631 42928 28056 41963
18510 22247 19455 5765 36456 19509 1612 18160 64049 8679 1847 55302 64424 15307 25488 2239 33991 4213 34287 61001 33044 28455 9441 18667 11841 60818 32456 47687 4153 63139 20819 2584 32325 20544 36234 8457
59511 10131 30723 15351 4797 45118 33818 58787 54083 63425 50597 3475 1949 1778 62664 45826 24191 13017 33483 37267 55646 57329 3792 55668 58988 59407 18744 52405 28800 57833 3992 54335 27629 61674 1066 64292
61239 21638 48899 31618 30673 60291 59609 22045 4771 3316 2967 6765 1753 53492 37880 6211 12328 13887 28075 11388 30661 49274 9107 3343 46977 113 58026 43157 2793 11302 56179 61303 41561 29783 34266 55832
43191 49630 46700 10486 41123 16737 10918 17762 45859 59545 64133 59888 54666 37634 22350 11178 35661 28633 6163 62979 41064 35790 18019 40766 24123 13362 59159 57799 13951 1347 15343 39562 32179 2385 48836 4858
55197 29250 34780 58798 34964 29287 12846 8426 62750 13177 63114 36706 55489 31539 20299 302 27150 25439 11484 37753 38394 56891 36957 43553 49436 2362 40210 12421 32335 20839 61958 51584 59653 14238 60819 43794
24770 31173 36151 6268 2043 6582 3788 50303 17700 39291 7613 41396 25702 31849 26760 424 15289 2256 19157 53256 55001 12485 8619 54000 63154 36575 36665 48565 33568 60642 60788 56863 37608 52651 35540 46464
47816 47760 31465 40874 36670 44411 9066 2355 64349 14529 59955 50702 13144 39988 31621 48951 31484 17593 4977 53762 50170 37057 45462 48118 8709 12463 62400 21251 19768 21810 56853 2342 34892 39183 49760 31004
12953 64718 42573 11120 36498 64185 57057 3773 13378 45759 13257 29123 40032 6574 30031 55320 39915 17642 44402 16440 17264 32841 26681 9596 39632 43884 31978 5046 15977 7818 5681 3425 3518 5605 16989 23888
3045 11921 7329 18927 60817 23404 38711 35683 43090 54143 62101 35013 30300 40735 15704 43289 11038 2304 5803 38129 17176 2073 58404 58834 507 51587 57712 248 50318 42076 32255 39791 54922 56934 16204 41492
16635 5229 53021 51678 56520 32214 58645 35822 47078 40519 3499 14922 9788 28896 16904 10360 1655 6818 32821 35644 19857 57716 51553 13805 23360 27787 34262 5614 40084 40837 25116 13172 14111 19462 48534 53640
13147 42618 20894 20655 48334 48278 25618 43875 46890 2382 54057 14563 39048 1878 19429 13699 61261 28636 41758 30870 24249 48664 23910 56279 28940 27796 48231 35786 42216 6942 37054 8394 28116 34736 12780 12939
9781 45709 20308 26184 63084 40605 22682 42847 7234 59590 33592 12759 62044 47969 58217 23167 32498 10064 43000 25978 2944 20087 21313 62955 1177 13489 5783 1112 33584 58545 45728 37553 14268 7867 7155 60388
55555 47474 60108 2890 9863 45384 7884 5977 60339 10673 9080 49737 52194 18805 13836 40518 40685 17744 38639 60328 40487 43339 61868 14841 9583 53083 28241 26487 20765 11807 8332 19275 13160 50665 52970 8287
32508 24216 22800 39487 7583 13273 48109 39864 12975 31045 35097 41700 17041 1496 12703 26131 34740 58980 30325 45675 48309 15639 14258 44735 62903 28905 41587 1168 37721 27340 38494 8431 15824 31240 3048 22791
51097 35407 59386 27050 12790 26471 63451 31580 62417 23438 22283 42070 11719 51947 53433 40460 36197 46311 18039 26712 36690 16871 20122 36450 35468 41461 18070 4519 64635 25783 6408 17064 25297 50422 13943 44594
9008 28430 6635 26754 33382 20326 47228 36280 17303 61819 15695 40179 40397 40004 29894 50639 63831 15021 40484 34417 32721 63449 35657 55625 41251 46106 51617 31258 54457 15715 52923 24921 4850 39556 12109 11855
57577 30685 60160 32316 44887 19087 15794 45124 33118 64910 56782 26047 49857 14492 50078 6950 59232 7078 29221 23865 30167 39904 28194 64249 60593 46033 61386 41252 18624 43923 38124 39765 38825 40780 2021 51213
56434 49617 16391 22171 61750 6920 2287 10209 13226 20165 38239 52658 63886 36275 27669 5046 58840 11707 36763 47060 52410 4384 12165 64295 17299 55904 59967 52091 32208 46744 63838 122 9488 2893 8174 16989
43982 49886 48488 30750 5216 3263 30597 2123 52129 7516 58116 47704 27580 12279 42243 30256 54666 3775 7277 57996 44202 52813 11789 25241 16864 35781 34799 43340 15828 64558 61207 22765 36603 19409 23498 5190
12855 27546 3748 60320 27895 60725 37307 526 7686 4553 43861 4404 24985 23051 24938 31178 27530 27908 40747 29639 35496 2183 24518 52669 46051 9304 8112 28342 6099 28861 9349 48923 40807 56461 10510 12563
55610 46728 35096 59040 31644 32909 36205 59841 56109 33879 10412 10402 33558 53737 27025 8787 18189 32275 4828 30021 62242 8214 251 52114 9020 55547 5606 41125 45656 61080 58096 60885 2509 19728 42750 18904
32845 9012 3895 24969 7110 19246 52571 18154 8604 24446 16414 45291 48440 32447 27098 52402 44791 18291 24146 5258 42072 6150 23543 41862 23384 46061 13898 14765 52172 23816 38311 30515 28323 5054 28078 21282
6462 26886 5527 64072 20849 62451 42750 21263 1739 56795 27163 51587 30873 37475 11361 40230 20053 23729 5285 47056 60259 16112 42529 40329 23497 43135 53082 63146 23042 28093 38254 51673 18728 62638 55509 25427
52187 35068 8287 60658 20760 23198 17462 27521 46863 49176 39664 11440 40721 22910 28255 24435 400 62104 23475 7351 32536 5361 44737 40083 7221 12596 15944 32631 18969 46568 59333 21458 52184 49193 11659 51425
11705 64624 4733 36448 18603 17682 9061 12652 6971 45878 6387 60593 22662 39058 23702 21946 20087 56756 36225 15708 29071 29918 33880 25672 53623 30245 52351 5723 16377 36148 62797 18900 15843 24458 11100 8711
34007 40004 59444 58008 56037 28215 19171 31053 23055 28596 53899 11847 24890 47831 7405 59788 40437 2889 64562 55735 47151 30981 34681 58755 60776 3473 17234 41923 24864 5891 34411 1654 36857 27638 49725 54539
42858 17286 29664 55128 25747 13243 58690 46892 54663 35739 28387 6477 29407 24738 8 3132 48126 37657 34753 38214 42739 23990 25419 52087 17906 35516 29427 55976 21065 38568 19113 17118 4834 12101 50321 20755
41176 384 26508 64141 43422 63959 30970 42108 12392 63153 22229 43069 5716 18686 32317 29250 24833 39494 54239 2450 20770 24884 35645 25573 54730 30703 5470 62877 15388 1636 59773 22782 32076 34402 35679 5558
29050 33345 40359 56497 31309 60820 40245 17151 2925 10080 33329 20675 59621 47360 42053 29249 5184 23549 12944 29484 12996 56159 26162 30305 1513 44747 34081 34343 44445 5590 42951 10040 31119 49207 39871 48637
56820 7911 40678 52959 63957 35343 30068 42499 1953 63088 38334 39422 47361 32779 3009 2085 27264 51724 7483 28622 60448 62131 36405 37745 26335 16492 44383 26494 22853 13321 61600 18245 19581 11923 10104 5410
23344 41765 14923 16439 21815 7110 61146 59847 61401 32844 54702 12172 49226 57190 51851 56590 37482 53216 31298 37769 49478 13950 29457 51581 26657 64925 41065 50514 19832 31742 35441 11154 50876 55621 47095 21262
49712 12633 3074 63627 13477 21877 48486 38909 22602 35538 40918 51269 61788 18963 63208 18483 36749 22740 51072 22001 62649 10950 24689 47326 55448 61079 9175 61356 49584 25925 42417 31921 19148 50644 10616 4674
