69 38447
35152 28506 1226 15915 9623 35842 35483 3825 33011 20152 17613 37078 10851 16617 20228 23291 36071 13794 26665 29797 1771 29645 6 34541 34784 25557 33398 36321 36944 9256 4628 37301 21365 11859 132 32926 18002 8704 16821 14668 29660 24710 38212 10269 35709 5960 14622 28876 6546 17389 35483 10018 25482 9192 2459 20949 1000 36474 8963 21671 3769 33544 18088 26043 21020 24697 31284 13942 7261
24896 5133 12122 8480 21323 32878 28388 4170 4838 1108 8508 17341 20667 29316 20165 32197 27682 5183 15291 19170 23633 16474 3175 16034 3194 5125 4736 5109 594 31988 13025 12871 7805 11031 35829 35290 27966 37258 31202 20807 35479 15391 35757 32634 28466 27391 38035 9574 15339 26728 15880 36435 37211 2395 34138 11193 19856 10667 16062 35973 14960 30225 2685 28759 10946 5432 17409 8205 25667
9759 16600 37165 20285 36101 25342 36199 29691 19292 23718 23097 26484 20030 25449 21526 33130 22558 7627 30380 15821 32939 31905 35742 37730 31552 13396 21035 32544 2987 11185 4296 14559 9946 36102 13529 34977 22939 13590 5586 35550 11235 13299 21026 35387 16093 34831 10487 34011 35252 18882 36344 5023 6380 2258 19028 17697 14096 37174 10834 22787 27982 28383 6586 37645 30257 36614 31897 5059 21074
11096 13565 3773 16252 37655 7896 11289 13039 21110 16678 20123 35686 27538 15755 4233 2643 10863 11422 2377 31890 26632 37299 16668 12245 6094 34782 23267 31361 37916 33083 11527 8701 5985 12451 20906 11278 10902 37304 27184 26966 8896 36070 35175 17468 7723 10752 10746 28185 24444 29604 12513 16893 3327 28358 37212 12030 122 3177 30432 18499 8588 38031 3433 12588 26809 35741 9298 23279 19473
35868 28881 6245 3621 3416 21956 14484 14038 36620 36057 18952 12330 23256 479 28138 34150 4757 8694 4023 16266 8446 22783 23214 1505 23982 15855 1026 10047 4686 31600 15791 11329 7435 35871 342 9805 19766 22549 15268 7126 27572 6466 3085 21607 24699 26769 23664 33770 24537 7775 31280 28519 23163 20861 21138 12966 15686 31200 20855 28480 36951 14639 26513 16156 18793 19741 26341 31690 32228
25658 15612 1607 21579 24018 12901 10600 33553 6723 24813 33907 13386 19783 2225 8006 15708 27712 10615 16405 3602 8409 7459 13537 17711 10829 35110 23141 26801 21716 15218 22480 5830 2692 4593 9444 31090 28288 15878 20135 8964 12142 15484 149 6144 14614 5274 13861 3498 17841 33321 35707 25458 2050 28210 31666 17668 25204 37871 27846 31824 11289 32126 34780 18822 2314 23522 37809 25977 15553
8185 15727 15306 33572 29961 31212 7569 37250 21478 7789 35888 10196 20705 30224 33147 31306 5854 38199 12083 29959 22630 22929 4126 26932 4595 31617 30707 17175 6686 10875 5501 20865 6938 303 35923 32141 37443 30100 34553 26832 8067 20690 24298 33759 18720 10317 3791 23799 8320 9468 11680 11325 37864 21498 13819 24253 6737 37551 15628 22525 32428 23164 24451 22122 20676 70 36793 31429 5638
28883 29177 15101 31830 8103 6843 25712 7025 35304 8361 7159 24667 29755 8501 676 767 22871 37 7259 31215 318 2522 300 15041 37238 17687 17699 21473 22250 37678 6900 36034 1705 10202 26217 8122 35140 30839 21767 32417 11995 2068 18642 37717 20856 24403 6952 25608 35119 30512 12031 32261 36709 1734 3539 34207 38362 30632 27948 23540 20432 19311 34539 34079 16107 505 13734 34932 1868
25980 5626 22599 18667 11714 961 23471 6797 14413 30225 18026 5239 35518 11694 26846 32987 31582 15782 33550 31887 36769 36428 15789 34523 37301 197 7111 18997 10452 18443 1152 27028 32424 5 10875 3925 29494 33396 13634 7976 3722 26960 21998 32525 5329 1937 19006 12384 2328 11570 8382 35835 15848 10097 28485 35125 13013 36919 26278 16901 10139 15939 17067 17666 984 25781 22788 18150 4269
25133 18725 19275 11353 32168 33400 37432 34342 17969 17860 6476 25402 6082 29929 4717 34708 18621 26104 16906 8147 31535 34230 7365 30949 23782 19446 4410 12503 17275 12433 15576 33576 12536 35057 18264 28281 19891 27714 35690 9917 30441 6624 33882 38229 5415 22818 24736 22444 28773 25138 8926 16502 23626 33504 16286 31833 20187 9623 12508 22906 23335 24551 23603 10614 31971 15412 17949 10723 12088
14240 32901 32451 4567 16670 4 35088 25930 18701 7582 16460 4639 10692 2009 22819 31905 20243 9596 15658 25738 27762 27914 7754 7783 9772 27340 18185 27384 621 19046 15062 8064 12414 9733 24208 33797 3604 24405 30476 25161 27112 15260 28058 20073 1228 28379 30986 16938 10262 26459 34796 219 27428 11091 16501 11614 8816 27913 16110 29099 38148 21607 6783 7677 16591 386 26363 4378 13220
36839 1861 30613 5248 25216 12858 10343 9743 329 14973 30754 28651 4192 22371 5161 15503 29610 15612 12182 31990 36995 7736 26450 33350 10681 21086 25022 9001 19936 17250 28718 24944 5303 498 4821 12245 36350 31596 27853 11068 1785 36073 23126 19766 19484 15831 6095 24516 8714 9561 22440 4384 2441 21716 20319 38331 20402 13000 11199 6683 26490 37483 1578 24647 19335 28974 14367 21998 25748
17564 37775 31680 21930 12634 36059 5441 17925 5021 14410 29973 3725 17581 4171 10615 15252 18923 22990 12847 8986 17425 19939 30654 14271 29662 11921 4346 24448 14186 24943 37144 37720 15346 1006 13946 20984 20924 32185 1634 15265 19692 15055 5856 13555 22443 29471 1430 1109 32208 30516 17140 4634 4152 35993 20509 2786 15422 515 223 14151 32524 15263 23161 36059 6084 38220 31581 4648 7932
16456 15671 27092 243 36533 13021 25256 17984 24017 35018 4694 34779 12530 7771 12632 29645 24320 25501 28621 35795 14355 18597 27363 33628 26993 29014 27146 10400 8451 18101 28458 25143 5933 31779 26914 9364 20282 28649 8146 19737 20964 32083 16747 6993 23986 36822 30333 1496 25834 557 24592 4128 32160 34331 18373 3681 5446 8362 33222 17665 10924 6974 2417 5478 14017 11625 1305 4825 35840
387 24313 27678 23936 2169 36970 5650 15240 30125 5491 4871 36200 582 13640 14863 10418 21887 16876 35017 32720 31771 31007 6457 8151 30668 21640 34084 34461 18694 23716 1179 21088 24601 17534 6947 28231 5622 10177 1255 33262 6352 3644 18706 8170 26232 22787 4412 22110 34946 11888 5973 1864 26822 25214 26014 37963 22260 7852 37582 24144 10096 619 13735 7415 34442 20418 2212 1786 8294
33005 16695 30112 19104 33561 26475 36336 32368 24376 13979 2137 1491 21657 17147 25610 10928 29630 37339 7735 6238 19190 14645 1627 31270 13503 29364 29929 19874 12817 24181 3561 21258 5865 1531 5080 23756 4824 1031 4019 29663 9260 12365 22156 7827 21496 29981 8182 279 18000 10382 8543 37484 6155 22866 6346 5029 20777 1853 28023 9756 4335 10481 35500 20402 10859 3477 26043 27349 27097
6901 27716 12365 31500 3720 38357 21390 30636 495 21105 11504 27127 20214 13535 13595 9302 35965 2042 37806 38129 11687 6256 11216 33849 17789 21790 1891 8935 23823 19849 15728 12443 7840 3085 1122 35296 11909 25098 1130 13918 12455 25130 22266 11464 18903 14716 15482 693 22132 21887 6511 18531 18182 38103 34904 4324 35159 13797 25487 12855 18862 33915 36961 7483 4321 240 27737 31599 36165
35303 26963 7051 29897 29194 33353 27487 32255 36821 28574 9179 24717 1944 18024 21091 20598 6586 4650 33547 21741 22837 36459 28378 26276 6074 14245 20946 38008 18891 27544 25316 34502 23710 16256 32354 36378 13652 33291 36424 38098 8424 13815 38396 9229 37500 6366 2747 8948 37128 20542 23414 33110 34806 409 20625 14511 29082 1845 15890 23912 26226 14965 35626 36221 529 3603 19196 31487 4086
18710 2597 16876 32524 27769 9641 5179 8886 21366 37523 31018 33561 10636 34064 28530 16522 13761 27008 29657 12019 8382 5393 1778 18098 7759 25642 30674 7197 29503 32294 18306 29125 38053 17035 24527 20333 12281 3669 24993 20091 12998 21053 3547 578 6154 9326 35842 15065 8150 18187 15646 26641 32630 27937 13904 37890 34337 30827 34425 31594 28878 175 34315 932 26858 15367 17905 9364 18265
2371 1121 35330 29208 37843 28489 37983 25025 30771 24927 12496 17560 20983 33834 33763 36207 6718 285 12579 15995 23797 3898 19213 22141 34566 32300 38170 3097 24890 16957 21718 31588 105 34466 13649 7108 30802 4043 10702 32206 8324 27877 2557 37782 6086 28381 32052 30317 30004 20410 12883 38117 26966 14176 35673 907 7068 6786 12771 12329 37055 15650 33682 2045 27605 5876 25043 15442 30090
16698 35345 11634 38163 19018 6315 30722 27945 18344 6783 6613 35539 26638 11588 17767 4299 14534 31309 11986 28661 20102 33506 11944 25195 8074 26923 23547 1757 16499 12272 14299 35637 13779 16818 25374 11321 21714 16155 35758 28799 4875 19016 30862 2078 247 1247 37921 37348 36338 28641 21494 36223 18655 26094 35986 6307 32746 33776 20794 8015 13849 25098 1649 28910 18242 36360 16714 13765 10397
19561 6742 21497 30836 19923 15837 27713 34743 29258 5066 19404 13159 27061 31337 23365 21176 36658 4228 20734 37411 1228 22929 17999 32857 21214 707 35763 22620 17108 29037 24803 30834 37797 31019 1867 19518 3637 22915 5518 21382 35061 38192 5565 28746 1172 16450 7583 5802 36764 31825 4357 33015 23015 24442 9612 12381 34114 13852 7656 37445 16997 21137 25296 3291 28840 26125 23587 28983 21260
32411 38054 23717 15884 26199 15253 20407 5522 19355 7856 12753 14832 16070 25802 10729 20646 11647 17975 23857 20488 9108 3336 11822 17067 27037 5062 28730 16907 24932 34413 10896 25358 17629 5149 831 16031 2577 38119 28140 34227 32657 36279 21603 21347 6545 30136 9890 17839 18060 16086 12136 5633 38026 1350 4765 10077 2469 29825 26808 16136 37102 19223 24770 17267 11765 25966 38363 38031 3008
31922 15503 8284 14448 22397 33679 3391 4817 3970 1848 9264 26556 14304 11745 28196 27099 37436 7877 2887 16270 38000 4662 35816 12305 35844 31838 32399 3582 26277 7296 20461 3953 28802 10592 8311 24798 30027 10455 8377 7321 33853 35142 14878 6710 421 28179 22292 38084 36007 8288 21512 14264 21337 4726 11190 30352 29572 2686 9131 4288 681 32919 11096 12418 6793 15941 26558 26829 19560
29265 9147 37018 3915 16290 25184 9713 12204 16555 37522 37943 32928 32673 22274 24377 20608 10419 13987 16094 6851 34034 37203 25603 31310 6882 1759 36273 7602 24298 4685 37300 21422 21380 17941 18096 33116 37171 14151 27520 12174 23671 27579 28616 14334 30733 3367 29242 12638 7575 30313 1063 31772 28189 26760 9633 34896 32668 15426 20627 31345 31269 19204 5590 27117 31711 26693 10552 4634 38187
7025 618 30890 6610 6762 5332 35553 15783 17222 27449 6001 17759 27656 30870 4414 6806 23309 15912 12400 17105 23658 37911 1750 20346 5747 30953 37498 2525 17037 31640 333 9063 19980 3798 16811 11957 24577 20786 5521 15815 9935 32358 28969 38192 10356 31870 5476 25852 10328 498 11929 36199 9816 5697 20760 2211 22008 24728 7856 14093 28297 34879 31914 18368 3904 20975 3869 30010 30827
31555 459 21205 13641 1810 5862 23935 18587 24221 11911 20913 7693 8090 10279 30866 7689 14675 19231 26304 9844 14317 12442 19000 7826 37907 2527 21706 31316 17716 18555 26488 26003 22247 27653 27648 36600 23693 29415 24036 20545 33768 15282 10574 13591 7902 6651 5219 11801 25193 7303 30053 4040 31886 23461 1418 30711 37802 12702 31762 28439 6449 27542 32072 24037 13044 10099 35942 30967 23627
31661 16867 9752 4888 15996 10678 18458 4459 13268 19571 7397 36404 7296 23906 24535 28043 15736 23588 22402 21407 9336 33628 23881 297 31983 29684 12257 6042 37229 2310 4165 8295 27629 37170 21933 4510 22118 24343 20807 22384 20905 22268 13409 37625 33988 19682 1365 13626 36684 23343 26288 21194 37669 9013 25834 11847 91 25540 31233 37735 33340 27380 7153 31253 26654 19904 4939 30180 26297
27934 30763 14890 38423 19140 14810 35923 3867 20960 29367 2180 36308 11548 37518 25628 38399 3284 16935 11398 486 10896 3324 35591 15755 31674 19543 29947 16007 7089 4572 32887 25037 20663 32448 10936 7477 3952 8045 37943 24372 25033 21120 16701 24962 7658 16582 31775 3484 13869 7680 32707 19143 17954 18305 3903 13961 21228 19133 23473 32538 9511 31676 4295 16271 26814 22397 36365 739 22880
6904 9695 27530 17140 15722 15580 12485 22984 18268 15749 2834 6401 27326 1803 32123 22922 2468 24626 28171 37005 37568 29511 6435 8656 38209 26517 14830 17949 26120 37722 37526 25383 30438 14745 4210 385 7616 38414 16893 19124 29309 651 27291 6724 1702 12879 37887 3206 29889 16524 31233 15111 32856 11595 3666 5770 33917 8471 4276 6129 31359 377 4807 18144 37253 12904 20080 15262 37479
22302 21755 5031 1944 16233 29434 31062 1246 13178 14040 10556 31741 31045 7247 13793 29632 28021 34482 14510 33968 5251 4455 16053 13811 15027 9471 23646 22041 7259 919 16065 6259 7954 2651 36254 25499 23574 18581 17974 24320 20399 14576 11340 25488 12885 26219 34427 23399 9315 31569 13791 9808 27226 7152 16849 21636 3881 35012 25249 16128 27362 36672 28527 29320 36137 12358 30019 26466 38192
11965 24811 17292 23701 32559 24189 26237 7918 12197 2480 27236 28817 6970 3566 10985 24918 38034 29328 28822 16043 7105 31600 20270 29243 6599 33135 4545 11522 25561 37990 21449 15037 10356 37024 16950 20112 37464 16291 19595 25663 32180 30568 37263 4203 19898 18711 2430 29613 21745 37177 21868 36367 9742 35548 25210 14779 19280 4542 13021 4202 21060 21357 26895 30585 9048 6835 14289 14449 5565
24203 16033 19163 26601 7671 3136 32726 26704 12866 7554 10735 35509 32584 269 33081 31636 9764 22614 36156 15950 3408 37533 581 13408 1768 18084 25347 24842 11513 22328 7877 668 3381 36493 18404 6852 11597 17759 19797 32160 33888 26657 5689 1072 28758 14386 14561 24694 6419 21148 31602 24168 6895 35357 15566 32516 1624 37162 4438 19338 27170 6124 5443 9482 37097 8667 13271 30411 34157
10612 30504 33560 32726 24749 5172 18746 33395 32860 27349 24356 5239 16489 23603 29408 16965 35919 30106 6813 2724 16913 2085 17474 30033 3502 13248 24913 14280 6194 1841 32628 27403 7319 7846 35983 13401 15197 26717 33417 14802 10609 2476 27766 19653 7809 11726 1627 24157 5469 5829 36863 27040 37784 25382 16995 15886 14835 3716 5085 3113 16999 15383 13318 24140 6605 29669 31453 35031 11777
12898 26500 35461 9991 7933 22808 9359 6976 24368 20416 16836 7199 33944 8980 13483 15618 15496 22768 27956 8925 13713 16350 23086 25511 14652 7092 24752 21544 12995 25172 17887 28543 35658 37777 34737 10562 33113 320 3007 33731 642 34507 25043 26666 29825 5859 24905 10214 19631 4513 4437 15935 7763 19143 14337 38221 30419 26776 18716 25731 15684 1772 322 9118 14741 25855 8143 7865 29638
5491 29240 18825 11241 7867 16572 18315 29806 24828 23288 11262 3051 13201 32799 2054 17134 17710 3528 36521 27721 373 20324 10979 16995 8933 2024 34855 24337 10190 6938 25104 5718 13940 28246 22418 9901 1388 23419 34798 31105 30561 8055 24987 12613 30798 13111 976 32891 30041 29353 34249 23747 36993 1726 30601 224 31401 10833 38347 11580 12594 36843 1127 29593 3579 5618 962 29175 18888
37757 32063 33654 29554 15153 28451 4346 13508 4374 30612 19753 19141 20706 2731 11417 17945 33881 25648 3846 33481 3299 16568 4485 2909 14918 32366 3311 12230 26916 27432 11392 7 2226 8258 14136 16293 4442 8885 21180 13699 27329 24110 10960 34300 10103 5258 30101 19315 28803 1587 3849 31077 28257 2880 30480 23069 14298 20765 35832 20253 25141 23760 18630 16297 13010 26398 29818 13660 37717
27803 38388 19982 15417 23508 12976 165 31113 14691 29947 24781 25103 3107 113 19677 241 8937 25888 14249 16909 9201 37544 26042 5031 17451 854 17024 22617 28207 7 23266 3622 19856 9520 30857 11827 2701 1025 37182 34316 11063 3954 32206 19049 31313 5780 21162 32853 35974 24190 22041 4490 6745 2787 36774 9114 29205 20221 8283 35948 8944 19786 14639 19080 1540 860 33025 19706 19911
12475 25249 4826 19832 14919 38040 5521 12167 31658 37957 16948 26311 34592 37377 25605 6079 20453 18672 21811 37907 28066 6110 19251 7154 16670 565 29079 15167 6121 36838 26857 20038 17717 14248 4627 32131 38070 22894 19613 30590 34644 28900 34347 38033 5926 23037 27129 30696 21818 13432 28837 1476 3955 31963 18416 15043 17962 24263 36062 27024 37213 607 37516 12989 31323 31970 17911 32820 13869
34749 24570 31956 20999 37345 3508 34847 18209 36139 5037 36044 29201 18201 22711 23458 38293 33454 22588 1861 13734 16176 14673 22153 17426 30457 26626 36938 3231 26656 13002 23239 14232 25286 12055 34662 18427 19065 25117 6539 29149 32739 22530 11671 25901 33327 3630 25583 20467 17785 23136 6110 16510 32944 12953 37661 32254 4451 33796 15984 33503 8151 37796 37716 9387 28746 13603 5754 24230 11281
24649 16629 32165 6420 1194 30156 32526 10358 14877 22850 3145 38050 28509 33298 23348 4539 9405 10845 3901 37227 8637 16154 32509 2595 32964 11989 3397 6007 1232 24102 7794 24031 17161 35766 33396 35561 1530 14745 11868 6964 16609 36646 14341 34261 17368 24492 30652 14504 3478 7504 5458 20810 29055 32990 36958 12515 19543 25437 7085 33740 10116 29253 28177 7295 17467 28150 19512 6756 25864
12891 8280 36555 35653 33784 7775 38239 3552 615 10960 33542 7313 11830 33526 7862 38026 31421 5355 19735 6268 11692 33708 25714 26528 11174 33876 1604 23647 15755 22195 23140 24163 6385 26944 24127 24806 34030 5472 29291 1879 9815 29600 8367 34736 12340 26403 31149 1634 18057 35876 7974 32505 23185 18632 3162 8805 33914 9228 26037 16818 35494 29945 28786 2585 35607 21597 37058 34358 10291
6479 32186 5076 13659 22990 14206 26989 11308 19553 13028 31125 16424 12477 21060 1536 33284 24683 17817 29907 2571 28762 17346 36627 33349 12527 26348 5149 16644 38002 15028 31395 17702 13633 12664 31670 2432 6786 16362 20717 25309 28004 29967 19021 12830 23211 32855 3060 12243 131 34553 19148 8135 24077 18252 16949 21743 21944 29338 8823 29617 10261 14338 20419 12735 20703 34089 12414 10609 8685
25152 20421 11476 27026 33169 3396 24792 29045 34983 25778 34932 26125 21418 9918 7680 26558 29460 2606 9512 8747 27415 23567 18474 24210 21030 4689 244 35620 19878 10925 32359 27848 11548 5877 32958 23599 5849 25849 3255 8826 8907 5212 18393 33929 6123 37560 38261 29456 24618 9376 18627 19003 8123 37078 8862 23466 38330 9560 20761 18279 36594 24544 9074 35235 27203 949 21233 26073 30166
31710 29715 8186 13674 1222 35073 26296 37412 3415 24821 21235 33368 23267 29509 3688 2108 3867 9106 29028 33150 2818 30015 2493 7838 28864 17397 12554 33331 10701 23841 24102 10102 17193 21280 13990 32982 31967 24857 6726 24962 18580 30574 10411 3461 35142 2661 35939 26702 15224 30233 397 37158 16532 11108 33705 30587 19807 18259 11024 31257 10885 12040 34408 7732 23722 2667 19065 20282 222
11870 35910 24942 36411 31621 21770 3042 14075 21006 35214 35980 32040 36465 16936 3188 17268 24648 9591 28171 21863 9565 25134 15512 18968 18494 13505 13538 10107 29153 2512 21508 10003 20806 10588 15128 6904 7965 35799 14460 13618 36406 18617 35154 7447 37143 16179 35006 13223 3774 28433 16015 121 19772 5607 3583 12049 23694 11120 37891 3079 21879 6933 13177 1831 35921 851 14149 21886 16156
37403 8925 6206 20615 33201 37361 7352 9809 16536 11925 26307 7916 5424 34249 12636 20172 192 6124 18215 36965 33612 24457 21410 9248 3456 27830 12020 25109 5784 27601 33946 26108 716 22031 20889 28552 23370 10934 2255 16260 36475 23537 15786 18941 38062 28314 21985 6345 37524 37363 6180 8046 15225 16781 7938 8377 317 6809 10963 23095 1706 28820 23350 13273 13982 23881 21318 10319 31516
30651 22366 25444 7072 3610 3964 9926 24056 2697 30843 13666 30865 8620 37712 22991 740 25995 1510 67 24843 22839 1703 8219 4791 20128 8375 17559 16449 34270 36116 37660 34153 32940 24776 24006 37923 25235 12235 30702 24125 3018 4693 26010 17049 3663 6173 18170 32342 24734 27318 36662 29217 9683 8233 26592 24895 3014 30494 32913 29477 698 32264 36216 3763 19242 7929 34437 22398 28341
38286 1580 458 2097 27966 10309 6390 32666 27393 1624 17054 1728 20201 27396 239 27804 19966 36317 11640 810 16871 4138 6285 35936 5219 23950 28885 21294 30228 19821 36350 18894 16006 6658 16963 10514 32389 9793 19454 11203 19721 13452 28659 15331 22433 15661 5834 5340 8446 32529 25956 5964 31669 20576 10248 17130 23644 18511 32524 23675 37552 30810 29112 2104 4873 6139 15660 33362 1308
16179 32521 28109 27266 31090 12367 14507 17944 18665 34086 9786 16689 33424 30037 34563 2490 23034 18520 8801 33824 33519 8427 15763 34469 16182 11745 21027 6987 16735 21392 11773 10388 29271 34142 12118 17790 31122 30637 20985 17665 12364 23613 36836 32115 29037 3689 25248 33050 31834 31362 19147 10308 29646 13090 1428 12551 8583 10719 445 7042 37126 35453 10113 32178 13914 26421 2832 9214 34774
25125 7974 27878 20228 25844 26026 6290 1281 14818 26786 22983 4722 13971 8986 21477 21464 15696 9266 19571 5621 8913 20214 1930 7660 21305 29000 2277 36765 19744 16480 28827 25687 5744 7688 20739 14679 7954 19124 2409 3045 28443 352 26446 11659 4343 5345 35205 38363 21407 28313 19670 30355 26202 35331 11007 35584 33785 27202 3988 35627 10794 967 16561 260 8865 9430 22024 25205 18336
6896 871 30983 2427 14387 4960 21985 35677 20907 19264 31563 12230 14198 25604 17571 23936 29235 14955 11840 27476 32506 5840 2593 7562 24360 13592 35372 17336 1839 18840 5298 32090 15049 8323 22973 35994 7852 6491 36044 16341 17987 28857 3456 6609 6157 38356 34092 33867 21030 271 18705 7682 1555 32369 27951 17001 32456 32917 9234 12895 3868 5345 34918 2823 15620 687 34271 15486 6925
38021 17044 15838 15447 11691 33215 15003 37746 36286 432 37362 23832 15915 28564 11342 28142 8848 1681 27527 16223 24970 9023 4139 16586 22349 7496 32245 11650 22161 10428 8061 33167 38161 19429 6941 4685 33401 10152 408 23399 26212 17356 23654 25917 7257 26104 30225 31169 905 16327 30110 14854 24824 34005 17922 31334 10331 34318 37014 35807 38123 32634 4081 673 15211 16733 802 37805 17588
19244 19940 7199 12211 10063 3653 475 27314 593 31531 272 38154 22259 12761 37632 25037 565 8260 27674 7049 8795 2009 8366 11008 6836 23354 18308 30699 18646 17748 27232 27992 8809 28933 29525 28156 19134 16428 36950 20978 31446 23024 29165 7320 31020 10485 32804 27981 6143 36016 23220 1490 25958 4552 14434 4795 29010 11980 11499 15735 4021 16713 6699 37099 31294 15191 18303 6510 10086
20931 27383 36040 26759 5861 21054 3266 16323 22474 8759 30295 30924 30902 18604 25117 16447 22697 13445 33252 25035 36199 31442 32163 12924 21076 18546 37245 14162 30111 9249 26410 37523 29334 22185 16692 17163 18387 12621 26931 21268 32692 22872 24978 13700 9675 4191 9853 9705 20282 24964 2041 19108 24939 19249 31462 8244 10445 11158 9198 1557 19174 16396 32176 31252 8366 27347 6915 21648 22436
6765 37067 18095 13581 21774 14540 5042 1701 34767 6232 82 34940 22520 27984 36049 33719 31824 1192 25146 5577 18705 25422 5150 22687 1092 36666 18590 9762 27756 29751 18927 15715 2073 27366 32446 8583 32518 37636 920 17545 21427 11311 7191 38376 11688 15846 23566 29926 1162 27200 35402 1803 21576 38405 9530 4230 36873 20248 1811 35431 25945 10366 1226 36094 27694 7342 27317 37297 21149
18784 4431 23363 31208 7522 13910 17829 30475 30286 99 24900 3048 22993 21648 21764 1937 17743 16805 10035 22996 36068 38129 22740 37620 3074 30595 15466 23208 26583 26752 38438 31396 21988 21481 20548 26798 4733 29555 15896 2181 16616 37451 25348 35290 10441 10878 33925 168 21574 98 30713 31647 11901 1979 28536 18928 26683 34499 23211 914 16242 12938 21610 30190 9714 31512 14631 7232 32556
6805 18812 23923 22115 10368 29183 16706 26665 17498 13354 18778 8909 30879 23894 15041 14344 35641 25936 32750 17322 5233 26005 34812 6326 37941 3527 35077 23439 22678 26878 12786 23402 30057 14917 5946 6721 4775 14397 16027 759 37986 21937 28215 31206 6032 6335 27996 29563 14185 10494 35657 23974 16363 30883 15785 33430 6620 28626 5730 35356 29763 29645 35155 16071 11816 18885 2077 37364 12808
7239 19415 19450 10461 28486 34911 37398 32651 32153 25905 25299 10369 8394 38116 14920 19536 23612 32926 24635 2803 28239 18110 22649 16357 29052 33674 20160 31607 9342 29730 29383 11006 24044 20950 23505 20781 3097 16851 5936 24576 28846 2322 12674 2135 20597 33525 24255 16080 22174 7209 8422 35943 22104 24988 9645 33489 34080 19637 32799 2812 36884 16221 7907 23713 25445 13880 10106 26522 29391
28338 11020 1901 36261 10936 13293 17399 8800 1362 1184 22189 34294 927 13371 22339 20490 55 1800 15012 19061 5689 12481 36594 16131 8864 24080 23997 32634 28766 23637 23607 27647 6901 16162 19173 35197 8536 9516 18676 26280 35024 22472 32998 7832 18913 17021 21792 31798 16224 31363 20062 30958 22250 19575 28326 22144 21205 30674 36126 4739 399 24102 34059 18211 7666 9576 15980 38204 20640
4696 20327 35676 23116 14831 19288 10401 1330 20091 11628 1323 13287 23285 11962 30341 37430 32534 17513 8757 34764 4498 29791 32667 23751 1303 33620 31309 15652 3513 10685 26584 4813 34215 2654 15810 20998 12861 2965 22450 28672 11446 7623 25307 6768 8345 1317 37601 26973 20464 19286 8797 17546 18803 29924 30584 24313 37264 9031 25312 5166 32170 22985 35238 31768 9681 10970 5841 37089 28119
2444 6935 23684 7817 36061 20249 36376 3939 20446 9678 36895 13981 3768 8072 13851 9677 28813 12789 32379 6931 18201 32231 9318 3584 3903 4176 4610 7657 34877 17704 14806 6445 14260 9704 37422 12022 20837 36331 19418 25485 9322 23876 9790 16368 5301 14365 3346 32770 6487 27254 6511 15436 5769 27313 1836 31377 15402 508 12152 32086 15982 5837 2186 36429 31651 33539 32807 2876 40
30455 3254 34224 23582 21007 30015 7190 5574 2314 12978 10579 15006 10100 28061 26197 29782 6512 23099 31672 33766 6333 34356 17254 2932 25184 446 1826 37140 16830 12622 10598 17796 12303 36210 31578 29649 26406 31524 6089 12161 27894 29134 1775 30900 20160 9654 16356 4697 15215 554 9542 19540 22451 2629 5836 21050 4247 9702 4781 11242 6490 17512 21429 2051 37360 23673 25603 20750 28216
21038 10810 29314 24026 12403 6113 25779 12275 22861 5667 21316 11326 30476 7341 24900 23530 28271 37754 37838 18845 13163 2573 22803 21438 7347 23734 23042 18047 25661 32023 36919 29916 25625 5608 1611 5662 35108 32447 25504 31489 10008 8299 589 17205 19122 2839 14429 7229 14212 8932 36606 30052 479 8451 21242 34114 19692 4457 19780 28639 7653 34504 36560 22869 35862 15112 15202 33263 15574
32276 1798 27890 1981 3439 20980 31620 37406 31102 25027 14166 29376 23509 35852 8602 12090 28765 7865 3319 36633 23460 37042 14068 24910 31964 9837 23904 9866 4540 29431 29556 26647 36649 2574 22810 1264 5831 27037 21582 28015 31670 13387 5748 28437 22298 22989 27073 1219 30482 36511 37231 14775 38292 11292 35841 37840 9780 26347 13546 26663 22465 17848 17692 26042 17735 10669 27399 16319 36687
37768 28920 4959 27431 22176 18412 19955 32729 27026 9094 2051 17935 28268 13928 14272 20639 27517 11927 13460 36218 20231 6504 33656 25247 28917 29309 19428 16510 10085 31379 24526 7444 29037 2091 9825 2207 18344 9596 3539 17736 34177 8446 36290 612 30574 16519 21326 24993 13411 151 28887 3544 11555 31033 14928 19008 29923 16810 13608 18737 30142 9835 30190 8683 5761 19248 20988 33365 31480
18752 23672 22029 9964 27661 7222 17820 15045 34569 10820 2639 27896 36906 35409 28969 11732 16397 15289 32022 3108 12678 10966 18987 16866 15820 5513 30615 15463 5743 12432 463 3307 6746 32663 34931 37322 20241 32736 33459 19437 16986 36171 4351 16808 2502 12241 2743 38086 34225 33883 16948 27542 16344 20259 21421 29027 21615 37947 24505 38401 6694 14537 35588 29773 20997 38219 19965 33336 37105
6968 8854 11157 22365 16831 35524 35461 29894 16540 1637 36874 15001 36688 33523 7101 1141 5793 23166 4658 21183 5195 16902 21497 14719 5270 17492 14934 4466 9072 37910 32344 8865 1039 9996 6176 13093 14692 31826 17646 38120 10958 22447 17844 19448 26095 3855 5605 4310 24054 12085 7508 15449 12826 2506 34840 23581 14970 37730 38062 21434 20882 36627 1110 35980 34426 23684 2536 16053 16255
18204 8367 24953 30096 12453 37963 2836 6343 32163 17557 22916 2192 34602 14085 18083 11360 4935 23609 31693 34680 22066 24304 7733 16829 7301 36932 10933 13498 36577 20921 26111 34779 8087 26056 18573 21572 35664 9230 31392 34317 2503 16965 33633 21791 36524 25217 9609 25533 8442 16824 10086 27005 3523 27672 10303 34317 28370 8905 36515 11721 539 7500 22117 19193 31009 37528 2324 20621 36174
16716 7379 11636 4822 32800 31691 11019 18600 18329 24919 15958 21011 31068 19486 11186 2982 4732 29534 17278 18086 36391 10028 24386 3769 17125 35922 2402 19838 5468 15669 6543 18233 28943 23983 5039 34332 24485 16698 33652 30571 8539 6118 37038 35468 1979 35206 21205 32059 17612 33966 33415 23086 5140 28126 35839 4012 15112 33389 10690 19763 244 18977 8753 28339 34972 20416 35960 13416 13365
