83 65353
41733 6424 50035 53513 13312 34378 8563 18934 17947 773 46668 54465 59122 13934 20459 20844 11350 8850 58129 10579 7624 24719 3295 60562 13558 61197 2526 37316 33336 30037 3795 53959 14980 24347 48127 30141 42029 58381 14570 57598 58816 38590 31323 13498 45663 19765 19550 55997 62507 63365 24005 30678 31610 61310 63878 5249 45008 38398 28723 57442 25495 36910 7047 38273 32274 1901 10022 8340 8812 44246 17161 60505 21400 10285 64277 10382 33068 46572 28890 48173 16150 56526 47634
45621 3167 12057 28103 48286 26672 8988 43956 60351 51435 53875 60036 14307 29950 46324 959 56737 63166 48643 13093 8644 22657 47792 59641 19523 12750 52595 53428 24300 58321 10193 52201 34480 12371 35722 43118 59267 40544 36698 17060 56509 28587 12260 40377 42390 52692 26987 25171 23197 46371 54810 53348 3196 37820 52473 28357 54941 28046 39715 4508 56043 27228 42792 9162 11189 40384 27680 63503 17079 29107 15565 62767 27766 24150 28684 56225 32622 42682 41747 56494 7782 47987 44228
44936 47051 63640 29512 55938 43601 61109 11431 23424 25675 1193 32241 7688 24708 13889 48350 48215 3422 48886 48203 65332 24215 25055 56211 57423 3308 42995 61593 60148 27425 26634 53352 24800 36686 38067 3636 42335 46429 34902 38199 17417 28851 58028 6006 29732 20169 47092 17622 18530 3496 27585 15165 63034 12128 11422 16102 18620 35916 2570 12038 39110 37027 25816 44685 56195 23269 4460 36823 31315 53496 21126 49084 31206 2162 39813 11734 24386 61582 32896 62115 50599 61287 51365
26992 24436 61301 5051 34296 24793 1370 21103 48502 63876 62512 30729 62961 38716 18143 2705 32390 8688 33784 912 12518 22962 23394 15337 22721 15810 16701 43676 28232 54365 62474 61930 17941 38833 21043 6734 2847 29461 7765 3445 53792 14757 40130 26162 20848 25153 18705 12111 49977 62426 12470 62342 22112 11719 15169 60507 1963 5878 16023 43376 30526 9528 26299 823 64785 36753 54367 25464 45228 6025 11886 1749 9496 64567 50991 43508 26248 36526 59440 58654 18649 55058 20559
64526 62845 43326 12415 45880 39556 25048 31269 62243 40237 46571 38021 14749 51111 22143 33143 5758 25856 5795 60098 49877 56653 40090 12128 35284 31248 63217 23963 6454 57162 34331 35628 15316 14027 4714 47016 50761 31747 51443 13797 3322 63814 52496 23413 29474 33969 32377 34891 13045 44992 30094 14366 26250 28185 509 53733 24336 41850 30882 62014 26365 46584 21788 43170 61810 17423 964 23706 11347 50053 24246 51853 62672 12919 13023 9975 40692 11979 23852 3183 30760 40063 62259
48016 3444 141 18021 54690 28633 34557 18812 51405 12816 25463 16165 48960 23808 47445 54036 27535 646 46896 23487 33240 36418 17154 61745 46045 45190 26256 45003 36700 29545 21960 53107 28307 62616 6430 37970 20653 13317 47984 29461 27988 24811 26627 60911 18472 40829 43684 55354 20364 33888 3270 38794 64436 9656 64904 48763 63629 24485 8588 188 48152 46550 50429 28856 33041 20235 10243 52815 42950 21717 41897 64800 28868 33455 3071 30855 10034 32846 15768 20921 53280 15668 54700
43229 5732 45967 6029 54308 46615 59885 45050 55442 54692 17972 7096 59351 12531 16768 19169 27023 46779 60969 59060 30258 62097 61672 40028 51647 34351 19485 53727 24361 63619 56214 28701 16986 50977 43146 8329 17579 6583 46666 44361 57858 34226 1542 37937 49224 36842 42778 47889 51045 45144 10810 21979 5447 62849 59099 53687 20863 12827 63555 58472 44274 51593 53229 23987 26498 58572 45013 64183 24901 30284 29916 64940 15830 8063 45853 37589 14585 11113 851 36515 52388 55691 33570
3884 62738 20523 63841 19496 38823 12917 54456 44981 52684 63244 28164 30537 2591 26163 2921 39650 31592 11158 62700 39593 44394 17664 17207 31905 47704 36480 28281 50414 63813 6704 8710 17350 5106 30811 7202 30197 51552 45548 36875 59864 44366 64544 4451 48609 20414 65285 60337 50721 30555 7919 35781 33238 13663 14101 33236 46653 277 41552 3917 36057 39403 38768 64601 14671 42983 41474 45488 12430 4291 11349 27107 16050 31541 12685 15601 16241 5080 57813 35666 54023 43462 42747
63246 40202 14800 30561 12592 3456 43598 56566 62641 45331 11016 56223 44364 36274 48555 47863 56066 6550 26014 57203 57534 63993 44994 5949 45241 41168 25843 42782 2745 15897 41985 32130 62304 19162 34366 46042 46398 37007 25121 9359 19171 41360 51620 6283 25737 40511 54492 43957 50080 41366 29412 60768 39319 5483 4629 59811 3508 8185 52805 27677 37283 29559 54086 24084 9800 1169 55866 60269 12154 52213 40330 22635 35213 52960 38848 35321 2972 20159 22572 6940 40561 51427 52227
38322 51495 18718 56038 37663 56166 5351 21138 60432 32244 51883 2201 50390 9481 23355 34675 10812 17587 34247 14017 43300 9478 59020 61426 65120 6711 45234 50633 52820 3040 26397 2341 31799 4049 62376 40777 22597 35328 47985 64641 24242 39992 17331 10837 33280 16909 24125 7126 30509 57718 58829 61285 55986 22108 38471 46026 45925 57512 19351 26632 21575 7169 32013 26655 25475 17830 1653 44132 19783 55596 48802 2547 42298 729 22589 34513 45255 4657 45891 26696 34141 46264 33047
47225 17302 37178 61662 60288 1542 6473 53349 15879 10158 44606 55001 25460 5694 39625 57731 7408 26403 34755 3856 4997 1180 9422 62152 727 56794 33735 25182 32024 41996 17387 12196 5142 7612 2410 58351 20091 52141 19378 9909 34898 8517 28657 24910 11825 47654 19495 13893 42565 23175 23718 56147 42287 31112 52208 61570 15854 63369 44266 14677 51555 22615 60794 28583 45956 45679 23426 833 31333 12409 50225 19028 31905 13765 9443 59272 919 30079 38603 62185 34446 35613 17666
34517 22644 6259 35107 6122 45504 20647 48917 36984 19648 59627 35227 21501 59795 9686 3473 58198 8586 22276 54851 7504 55356 21950 9670 49519 26977 20162 51283 46910 42119 57225 10017 52073 15399 27239 26411 11290 5290 6035 19161 23732 49648 59810 38506 13815 10691 2139 47005 36905 26359 20368 55024 30906 34664 16193 54481 60852 60588 59417 57712 42018 31598 56641 54094 45024 28853 64603 58537 1330 53535 14775 26088 58986 54201 23045 64009 10636 64135 22274 9300 61047 37118 64660
56245 19305 22046 50218 46636 44192 33989 30032 55529 37960 32156 26774 1021 19460 3929 15222 52716 34293 39603 31689 1212 55883 41293 56137 47222 53933 41131 57915 21346 24008 89 24763 10419 42113 30380 45969 19486 14209 17262 33575 61680 741 29468 3134 15537 6886 601 27090 48674 17559 53811 56116 2556 43400 10925 22060 49879 56729 14009 48566 56852 65235 30187 3838 1073 11445 34144 33317 21142 8692 29778 1831 50007 6248 42689 13449 57798 60580 56278 64018 59294 16153 31542
12724 10981 8387 55468 20530 17467 45335 43185 15790 24764 23 28799 13885 46440 22778 50756 27574 37177 13067 18594 17901 10313 54077 9211 377 51193 18426 37100 25527 12518 28840 31008 40176 50243 51088 23715 14486 40293 40985 36016 53834 25810 29365 37249 46540 50810 46433 56292 47816 47809 1780 50268 60909 33507 53460 26812 3351 33101 23079 25086 64633 9085 52887 7159 22170 46607 35839 55417 53826 31123 29294 62229 33010 46128 2181 57026 28108 59513 37640 35907 45580 11171 56050
52317 16636 5827 36540 56111 161 38064 15332 40411 45594 33373 23893 51825 31871 42057 58615 49877 29847 28760 21178 20715 63646 37257 49521 50239 20692 26451 5967 6263 59431 32399 61296 10083 18752 490 34664 28572 4694 50765 64693 26410 8020 55749 29136 46831 19856 51859 7680 11990 57658 2024 57314 59942 38746 33025 22845 63348 34083 44378 16927 4746 57408 11678 24952 49074 12036 56626 64598 53775 20244 48664 9983 9758 15203 30467 43902 40297 6792 8981 36180 6648 18028 62276
20302 25634 35000 29640 12778 24831 31620 40309 24973 55234 57522 3450 57620 43353 31290 57400 12776 18483 47800 11221 14939 22533 25015 39490 44061 4656 3159 13664 42139 47118 29026 27717 57697 12171 30067 59386 63694 52836 63187 3778 18383 22435 10680 29539 45091 30481 9053 12267 55137 33308 19853 12349 58624 64811 50827 20785 51013 25660 46370 46267 19539 61514 21274 45347 40402 27601 62020 18889 16017 18857 61928 38741 54027 47498 62145 53507 1059 58106 63962 52722 22446 3097 40098
51779 26072 48875 38852 33667 62520 4902 46817 14835 53814 10831 64049 7364 25276 43829 657 44369 1960 5744 24290 9913 1822 49841 40497 9638 32589 61309 19857 6773 2467 43162 19303 32617 36569 7804 6631 30495 50149 36136 31132 6127 32384 27091 33096 62305 25997 57051 60346 6263 23621 8164 11193 62665 30328 12170 35969 23102 9450 7813 61004 23567 29984 51485 29764 61787 19371 51870 38020 18298 55012 58933 1686 31903 13207 48327 28682 19791 36552 31312 63663 8441 64806 63870
48701 40381 20379 26862 18195 13974 57957 41076 60355 43775 61916 26206 42487 47676 16805 41192 6186 48594 13523 19059 31136 60878 15380 45651 888 34061 61970 33976 50071 48176 13230 7036 33851 51276 42505 32526 15407 18687 47180 16338 9639 62996 37430 25705 26103 7377 39980 19882 31817 36813 24915 32183 3423 4907 8364 57549 18693 60961 45560 15666 38903 31042 64518 31847 56514 20697 23741 12876 62084 62409 47815 29168 10859 16053 49836 51035 53418 19594 26892 54344 5741 1645 43217
28607 23577 31017 11218 13532 64171 6134 58964 22780 61555 51516 16377 40307 64751 19701 10775 24961 37204 2447 61243 13537 22555 43597 30351 57964 37750 17531 5892 48660 49365 33136 5826 18029 29412 17541 34738 36259 47995 60409 57842 10942 11767 40963 58495 36047 22049 62643 4958 5485 55214 25244 31477 38886 3714 42443 34200 9492 59059 63970 3208 56036 31860 16426 23760 11878 64182 5324 49357 10703 22231 11037 28328 38607 17337 33178 52020 36158 44605 4764 54330 29342 34841 45532
40563 31556 24609 18819 62387 24750 9099 8680 29955 53929 40988 12189 25054 13083 757 61232 11893 23148 1430 21741 63133 63497 21295 4175 10613 38390 5946 14204 13427 58116 18595 29584 27354 55120 9949 5331 34137 56693 42478 13660 38031 17292 28144 25857 44970 21838 48739 48053 38931 31112 25836 22109 153 31106 43028 1550 39449 16208 12884 9374 58064 65238 33445 61949 33980 13929 9963 48812 53773 2257 57442 9137 15358 23288 59891 30526 19827 57223 25967 36595 52050 12847 11164
14585 21109 56907 41361 10144 48016 46303 15041 19033 9425 34956 58778 33567 36717 61308 15472 21233 60167 14142 42176 10822 49729 17335 35783 25383 17897 2725 49943 57968 33271 5939 31480 5919 45825 47280 17945 46796 57640 64737 26286 8719 32985 63397 22080 22621 11144 47800 18901 19200 64441 48535 1158 29585 30247 25016 13116 23125 51271 27102 21 24774 44375 48960 40171 33569 11458 39041 49399 6227 41579 41205 18959 46279 62944 16658 42501 4028 36022 21662 57198 41356 22087 52868
12182 6347 55660 44879 63948 10811 4972 6032 6151 64760 59163 7381 13765 5877 31481 45448 33607 22941 3851 40503 28755 20791 40499 11594 47171 13857 41810 13345 42763 49134 43167 33941 59405 49484 28647 9017 1027 39846 4364 11624 6785 616 2550 10324 52918 41766 13593 58269 2438 37952 64779 12935 9301 21950 5126 60604 54841 31629 37722 39483 1308 57360 64375 33795 28197 55453 56943 33944 56424 31776 49398 43774 54418 209 3715 45881 30611 64547 22397 12241 13091 13775 49940
6451 53352 5114 18432 57537 57471 57907 61486 29490 55112 34328 24085 23728 18375 45262 45127 25779 53316 3294 4681 25882 21039 4822 51458 63614 5451 64794 25530 46098 33778 29671 62836 56198 4163 34900 25983 9438 19694 37448 56607 29497 63822 41303 35487 15862 28225 47032 23603 53400 56073 14910 29615 43745 14175 37820 31389 25058 35505 2398 62090 59545 21739 3104 2045 48012 19573 44411 52292 25604 22659 7904 62738 14780 28009 46991 46463 10204 54567 2983 33575 25792 12464 58245
58726 6309 9148 36345 18896 58683 48617 46557 21669 15041 12363 35579 63685 25500 44576 60349 1119 11818 63919 64227 2392 1227 15933 40758 64679 26432 10443 5116 42154 10998 22349 56215 4548 28672 3387 48236 6296 60465 60436 15217 16929 65163 44458 4799 55446 54905 48448 13801 4307 54982 6478 28594 43354 46345 29362 36072 54275 61412 62781 58934 5895 65245 51323 46703 13900 13412 20209 43309 42483 26109 17319 9204 49094 38125 52806 50989 23764 21457 389 18204 4757 62099 59617
23395 46342 21453 33975 27459 54977 20043 16074 1694 35139 19618 52934 36580 61782 7425 29198 14059 26526 49845 20956 55408 49949 5537 59000 39088 1468 14020 2722 48941 8357 2142 48351 37083 3480 31669 19406 58745 42467 26383 27272 16472 27206 1204 49940 5888 19383 21470 5630 2919 1548 51708 53652 56745 7816 21680 22579 40752 54387 16007 31095 1621 57136 930 44090 25211 29135 24094 61849 800 51280 3527 38085 55455 30533 37836 7079 40751 21784 62713 19719 52000 40551 49621
23698 22033 20194 28552 53839 28475 43678 25086 18486 9479 53319 24212 54270 3307 38922 38918 25825 41563 49904 9713 14154 3337 24340 49475 20837 16621 55288 40942 20206 16597 38307 28596 14632 13344 49843 52270 2159 48902 23984 28842 40258 5831 23428 33993 52619 51105 28695 16010 44802 49889 51493 34046 4114 63332 50985 27136 454 37899 21035 58020 54028 45873 60724 48595 35900 57077 22579 42750 34050 32403 41722 9880 38528 46571 20394 11688 36360 41835 9367 56175 26981 16791 56584
15817 5326 64452 48234 12494 24960 20585 58210 16444 56596 50250 1162 62851 23636 57874 55725 51370 9038 16320 63380 12600 41469 23533 18597 7459 21709 56803 62915 30796 45619 23396 27200 48813 16313 128 37704 5155 51259 5388 50556 42128 14541 24979 60900 55897 21548 36117 54761 65226 4140 49800 61631 59483 34022 37702 8175 18529 34941 45561 60400 38882 37623 48814 7083 31333 26007 59279 55504 1348 15304 15064 40547 28999 29025 54216 57747 33283 17977 28372 7 54340 21080 33089
49783 52978 13190 52259 10823 32806 35948 61871 6283 51740 55000 22655 3970 32546 57839 50 40015 19166 52663 64366 32670 27337 2802 62843 35321 37509 39722 28877 59941 26284 54189 35955 23979 33837 13394 15077 61451 16906 28230 27093 44868 62824 36967 20190 5006 40535 15981 6711 24772 374 54307 47716 35590 63292 20626 50112 35780 12935 53914 16939 1652 6583 9548 45615 2202 30165 36676 16039 34644 40946 18492 65057 52283 29949 14352 40747 49986 37220 25561 22664 30986 29537 63575
61581 21791 42593 20562 16494 23803 37890 34438 36475 8090 39263 54104 59105 21271 11890 3486 28808 40792 62183 11994 64840 61957 39735 124 40042 13426 2604 47901 48393 29491 11705 57286 58022 15814 25888 62926 64430 8344 33963 60420 47233 47232 62696 29758 27648 18866 56545 23578 49875 26718 50746 663 814 39350 42465 46196 57603 675 55505 33031 39946 48871 26842 62717 60632 40002 1752 55132 64294 53654 61052 28191 64515 44539 8232 52559 38035 24151 57728 27425 29249 41508 54967
2880 62571 31572 38877 27654 3166 43544 38391 7116 18384 12042 6805 2058 41764 43315 14091 25713 50462 34168 4879 2285 5694 26103 5779 13409 47669 63164 60944 60405 56678 50315 63571 25059 27407 47921 5080 28129 34427 56289 31033 44531 54965 48215 4578 11176 28386 49762 16499 56200 60895 56408 23235 48877 53139 10455 38232 38704 44006 58896 36763 54268 59591 11342 65195 28829 14779 5973 27401 58880 4312 42736 5072 48411 9217 41517 40565 46497 60947 62387 8193 44760 54725 8232
45509 15820 28812 8704 29722 11426 4822 60148 47370 16959 64474 19015 15804 53556 6074 40042 27622 22662 35255 2662 24351 25586 6426 64122 752 12818 51312 10069 49694 51498 48286 35785 21497 37715 3742 40083 13924 4272 64616 55468 1726 24424 5555 24764 7899 15441 14173 19851 42979 49789 22929 62549 9066 42080 1267 49445 22491 19569 37524 8394 31353 36075 18195 36861 50376 16691 11550 28930 4968 22545 20429 57721 58692 19015 12564 35257 55718 23779 16817 23629 41549 21569 19502
57734 20743 11192 18648 35513 62683 22614 65086 21081 54175 11279 19944 14490 42202 45131 5652 16812 12239 19833 838 1281 50526 40946 52518 54762 1797 17098 55755 18686 46981 36181 6483 60178 51815 48899 32000 33505 35580 47723 61178 9510 3087 344 10545 58323 31643 51870 30826 36896 39469 49090 25390 33193 18608 37757 26637 22330 47085 13422 5338 43777 8728 20086 34594 38287 24495 41116 53827 37174 17001 18263 31144 10620 52986 52632 25068 5110 20758 322 20108 43225 11822 28968
20892 47845 51830 46116 57513 25734 21238 39842 59345 36981 26762 19863 65282 10075 39103 23455 58235 34464 19572 61346 48674 51552 49173 27936 13342 54821 30273 48695 17045 46014 11163 10035 33382 8134 62408 36827 6171 10765 56062 28900 36625 30873 64691 7943 13824 57972 56756 17827 34050 24512 29219 16269 44689 53788 31822 50792 65329 21477 41737 27593 43282 47194 48715 35715 48506 34506 21537 63643 25862 58420 12759 16038 64465 2119 21102 37850 28859 9797 21919 44739 61477 4520 33469
64799 59900 39123 44292 19120 52004 17469 20644 52802 40223 40685 65279 9254 27423 51861 31302 36647 55440 48865 20357 8093 49948 35374 1426 31062 38551 5738 48203 60581 30440 8579 52408 48028 63468 58218 61477 57991 49307 20086 30311 14063 44632 18456 20638 11248 29240 64101 7286 8648 9989 33536 1801 62371 10767 49909 26306 11827 14244 54953 20019 18044 4261 4283 25318 604 43261 1642 60112 36614 18565 17435 29520 18847 1274 6106 61601 23506 47555 8224 29202 60545 60307 30957
1686 8248 50527 13436 6206 8103 14469 47046 1677 644 35198 17225 19621 33546 33472 45722 46872 31156 64098 43867 62937 34697 21907 36776 55041 284 45232 6749 27556 14911 45822 4580 30238 40711 47662 18890 35729 51658 27819 22746 27319 60383 43014 44184 49940 55936 48014 20632 36290 9464 62120 16515 42648 26628 43332 31659 60472 36623 9638 56158 39792 53088 53362 42293 11517 19391 21128 26629 25310 64647 36919 1304 23825 58396 64273 13713 49317 35857 16496 58131 37524 10316 42577
37074 20597 20176 3772 33314 47451 55399 4083 16394 29710 12426 48769 17521 49408 23289 4382 43452 11983 52244 41360 4706 31296 21037 18179 58800 13323 42232 35498 28165 49402 41043 2699 37824 24717 38251 4999 9445 62175 46695 56059 61709 26183 46899 27416 11919 9414 33089 25484 21355 64904 22899 32296 37970 35141 52490 61428 59088 1678 56522 44316 30940 28587 17693 44917 23309 7498 28220 14903 12585 57639 60187 52854 5301 58851 41650 54552 14995 30094 15818 47774 22513 4832 58209
43025 54533 1619 53579 23769 189 52403 45230 57673 2575 6326 15080 45453 15241 4281 25179 49474 41671 40602 33483 43097 60981 24876 31364 50516 24777 9622 31103 15538 40024 14356 31324 25144 17960 4104 5501 23446 56870 54316 24549 27464 57337 11421 55383 19775 21733 45299 58724 53311 50762 19766 52186 24782 61472 43853 2605 28166 5035 41256 13203 47412 9353 51653 51689 4518 56413 32134 25747 57084 46726 35353 29518 17778 40175 46113 1519 28765 20474 23907 60344 17699 52621 6284
39205 6793 27690 4120 25931 49882 35402 22342 29928 4273 25586 15148 22458 45256 4881 27227 49642 6793 5952 54596 53953 51580 36507 46161 24719 64692 279 29614 41418 5415 2347 49274 47840 11262 47002 11263 18791 22488 13021 52294 64944 14821 41422 29009 1076 46878 36934 48642 61421 16956 32293 32389 62614 58301 12730 16288 22558 25845 40521 16208 16865 35792 21465 34346 3627 4175 39485 51594 35159 3652 49302 2051 36444 47472 9564 3344 64162 28880 39369 39053 8432 6100 3646
3950 55236 7959 16613 5316 42181 20927 45109 58231 52251 32341 47808 16030 28006 15403 24183 25463 4761 45919 15717 16042 17411 5179 48748 22114 53805 61742 7229 45142 53836 52242 58834 18720 42688 49404 22114 21686 17597 43459 50724 39826 47906 5498 8627 37869 24859 57604 25321 55577 29269 62403 60150 39765 61833 24332 535 62385 6290 65291 7982 10033 28815 32451 23690 63779 59989 21008 12209 7158 56613 30939 5403 4448 29377 24053 30374 44171 31547 36406 12683 30786 2919 50979
27679 9583 35875 53571 38898 32646 53061 51915 38703 55464 3961 21508 51880 53143 63747 50483 18172 9571 53115 56815 32115 39092 26417 28836 64524 56111 24270 63850 62901 1227 16854 8987 21109 61123 26576 37389 55771 52912 6448 54029 49946 58937 12522 38890 33520 26387 42194 15908 36887 21959 38346 21415 42170 42217 36705 30636 65075 62230 38557 44347 42267 22915 13865 32218 25436 48381 58511 16883 29430 43437 7618 42133 10099 42261 51327 43564 5227 49887 101 26570 45670 28249 48907
20973 25642 4378 26824 24609 47679 2269 22368 25360 20964 31497 12342 9887 49386 46734 61137 42606 6614 58516 23976 7247 9592 64229 30056 7036 63410 35529 6727 64078 20639 32460 58262 54366 19531 533 784 19810 6007 60591 30456 59330 24852 57002 51361 43974 42836 13169 30390 47571 4621 34887 11036 45980 58470 53617 39761 10645 65001 20620 21921 10071 37796 35934 52902 37829 10114 45248 12156 25774 46693 24489 7147 36654 17535 2622 1274 59158 2730 55654 20250 53508 64579 39261
26225 36789 14676 3195 41872 25820 22791 19349 65199 51105 52953 50994 54736 9261 31525 21378 36460 29231 14249 35078 5624 26500 19442 57493 22707 43131 63114 38060 52234 21088 4683 50616 2600 52561 37130 939 55804 55463 51600 35998 21654 52218 58771 11839 3273 29651 63834 53776 53098 10658 1996 61472 48371 8262 17191 34742 51661 8462 59429 38805 62661 18574 20303 27936 7985 608 10441 59870 7260 42756 50278 38617 22517 1879 35096 21939 6013 64075 36765 1032 30186 49405 9584
4508 65335 11559 59209 55034 40176 54468 29881 25677 58379 6549 5295 42574 63172 60136 52498 21063 19498 33291 38773 22003 45690 46533 44091 32896 54316 9806 41500 26561 47755 12338 54057 62832 25994 6350 33151 48979 14577 14461 22943 10582 14960 8814 52334 15402 17090 17731 32611 50793 326 13407 11936 27080 51722 54216 28129 35458 58366 61265 53823 64619 51429 4217 8051 8069 64974 59928 49649 53655 36736 32411 54201 65084 11814 16244 11960 35847 13706 20847 3259 18180 6103 61381
35065 10932 8212 8430 16390 33568 49861 60893 64686 12868 61185 62331 39845 7528 55030 54026 48635 22123 52465 44388 1995 9269 19914 18199 32161 2613 57491 62493 15440 31700 12850 16922 59475 2008 51568 54174 52897 38150 10585 46066 39646 53164 1871 16042 26449 25372 34774 4543 41725 44104 44981 11726 15752 46887 13134 63354 8039 50011 59769 50619 17324 35225 5350 45998 49662 22400 50969 63124 12705 63048 3744 19429 4909 37046 46704 62064 14482 50086 33503 19362 47245 46667 49414
57929 11245 35009 41782 65297 62234 39266 6230 14415 39038 49109 39521 28895 12274 39373 23639 6956 61410 47290 15181 56761 24827 5824 35693 17501 57413 13884 32799 11014 13650 58183 550 41270 39582 61884 24250 47452 27674 39785 43250 23785 51294 53890 7695 44881 43769 36138 45321 15756 8331 63990 31045 21451 7555 42008 27519 36196 48388 23738 5316 50144 46627 49737 5134 29714 38385 30411 34326 14367 29315 23160 56427 51288 24483 15359 28939 21320 41286 35303 26970 18912 1765 42408
41662 32352 53211 41762 9998 18586 42123 38658 21923 45469 25938 56713 54348 51071 30874 25527 41997 16352 43194 3064 58955 30449 48195 55465 55622 51307 2971 65094 16415 30155 32155 32382 32407 27184 26839 15375 48800 56606 20825 48550 34821 17751 37302 35239 33990 34520 44520 56486 34458 44826 35275 42548 13459 27522 16438 2130 48611 52980 43849 15806 21914 50640 22686 56519 51419 9391 49833 38784 23612 49799 17401 64274 22552 50555 23707 543 21769 46174 41335 20879 558 59791 65262
22255 51703 64647 50024 47692 42099 7140 945 7942 59145 31400 59505 26585 8474 62656 48541 2500 18183 893 54965 61431 27102 35518 10326 40483 18145 43979 41320 34188 45336 3897 37281 42885 29404 22939 18256 6501 62686 54032 46445 61403 63531 38996 21418 28985 26891 35473 32830 35349 11326 64600 28000 51177 36523 47769 35613 47803 45756 50325 37455 4784 41417 62503 25664 16254 18300 46332 44826 23598 34498 55777 16696 59511 25575 4850 36600 19665 64317 5903 6479 53945 3029 56002
52287 29330 38292 45914 55169 33143 16239 60343 31053 32200 54569 58073 53785 40432 32954 38638 30028 14140 30541 57460 53887 64680 61422 12121 29011 59827 22992 3105 42993 21705 15801 28117 46171 43114 5551 6508 27860 22147 54468 51676 19855 11487 45230 44635 50285 24510 36684 42469 62984 64567 37022 24566 10725 49111 23 58954 62899 47302 46617 42015 22485 60401 48836 45552 17148 6331 632 17929 45189 59155 14428 48963 31848 38616 48863 46757 45188 24079 11627 4764 54675 5785 40655
47657 48595 29733 8644 29693 47092 6669 9415 55665 518 61195 45308 23586 32789 3384 38939 21978 26022 34981 52358 27927 33873 54492 21151 43341 48567 16065 5101 20918 59883 60448 46854 59501 2014 46697 7748 42516 19825 8281 27563 9942 21430 64948 60728 58848 53080 53172 48571 18018 15737 56742 52742 37130 23249 27511 26656 9097 18825 7234 1877 23212 45509 29725 38820 27796 38981 7565 55574 24230 44855 47540 63551 55859 25715 47213 41802 34294 47923 56088 11794 23138 1159 23680
24320 9580 36228 2242 52901 44145 59990 58449 48509 64338 40753 49840 31450 26863 25327 54669 63024 36376 38768 52891 35966 36645 61182 54526 64742 36182 58188 32069 26588 48611 42061 31807 25772 7743 35984 15691 29732 51886 10752 28033 56663 40153 17399 36545 56662 30496 17775 28180 32652 37320 48957 23457 45134 64741 15527 50036 14387 19944 22734 47921 62231 40617 3734 35977 15459 24834 58625 59129 60780 19278 12752 64422 41050 51626 24528 51251 22484 49414 55458 22288 52603 28534 15391
13743 11704 33159 36013 46091 35983 3445 9052 10401 34166 27147 12469 28262 6383 47644 62414 18460 42932 36659 39320 18709 7935 62290 25815 16699 2370 2327 34127 41735 5663 51959 60220 24779 30286 16685 52735 16871 39029 12895 40700 59802 54556 53020 4643 37956 61714 49338 51266 62160 35198 14668 5748 21369 13888 39576 33341 21552 63678 23158 16687 21187 38746 8217 61186 61124 62972 13135 18057 45650 14517 27971 45745 51680 31345 323 40452 59907 7261 51825 60565 13619 57137 21013
17663 49825 44189 48069 12500 60249 59898 28581 18065 57950 62963 20248 8007 14529 38998 7806 32746 42775 19840 59311 64433 27858 28549 35994 34887 15058 39234 2906 27325 16022 50884 7642 51820 20328 49301 45725 53770 31401 30031 28789 19467 845 4075 14421 42608 10467 42523 60121 63287 33010 29110 19758 798 3015 12022 54080 64774 21789 21949 63738 32647 61886 421 62096 37634 50799 60354 32184 54382 58071 51501 18199 62278 13005 42392 31781 54280 64722 47942 2541 29035 7854 65234
44652 11128 13237 24657 41295 38866 20936 45030 19911 20989 10416 54683 55985 25780 41501 1858 28422 32888 18903 54647 44287 23387 5059 35603 211 56191 29247 21939 54263 30838 63954 16942 43067 40560 58135 33320 59461 63555 62519 11508 8090 24438 3444 64444 62466 5879 57432 7141 44799 7711 11587 49564 11257 16945 54000 506 13855 46475 57360 33303 11642 24545 48959 32805 28789 3635 6460 37257 35371 514 59719 23063 8305 46039 22674 2277 36603 50433 3271 14844 59782 41220 21451
38509 60113 26264 34902 55158 10462 36768 4013 20902 30181 30072 10629 28571 47904 52128 34257 3459 1855 14944 33507 13239 18974 47106 11002 55400 19856 2058 42367 4151 50323 65250 7621 11836 48518 16418 52264 44076 17170 24957 26803 43328 33003 45677 16783 37184 24121 28374 162 45612 41818 42172 51269 43408 55042 53617 60338 12770 56265 21368 37916 5568 39272 33410 57530 41018 8907 52876 7194 63924 62121 26293 3553 11059 25400 49332 18543 37243 46989 56302 53721 59883 43197 56915
38041 494 10829 53339 22837 30967 12939 2006 48057 54272 38130 24765 57245 12392 63202 30768 49947 33584 55048 26990 47765 55642 28373 6667 32658 21616 22610 51120 59451 56407 43055 39868 4127 39851 7969 3218 9542 24222 62974 46889 59725 60036 49940 29140 28743 43931 46856 16929 15346 2413 6851 49728 28036 14415 49886 5524 52985 32170 60538 15228 28633 40330 48968 34608 61340 33068 52375 61627 62267 42440 63738 63941 48752 6786 37156 14190 47188 49343 9552 3958 27747 49222 56273
24857 12052 30159 43311 21228 52595 45161 4830 28526 50965 9658 15794 58810 15217 5222 39910 25807 32532 23732 56211 12800 50275 46783 45524 11748 8640 7064 55614 19332 26097 43238 46761 19541 4562 38206 29573 11390 44185 35672 18864 8129 60447 17896 48056 2071 39560 9768 23515 22284 51394 22335 10474 9914 14568 38293 38028 45021 25078 25431 65257 46883 53697 38624 16179 59661 26240 14820 25375 8434 3435 22014 51998 57885 5194 61652 47056 17516 11045 41765 48621 15604 26941 47851
31111 1275 37018 17979 45492 23335 62664 36266 54233 12626 53058 65267 24756 29982 57958 12729 14532 48122 60523 31720 56048 3550 38308 10230 12782 29353 65035 59582 15819 62988 55956 59821 42947 23321 53934 34371 10779 32383 50983 33973 30823 13540 39809 55685 29995 55012 49838 32361 20143 36400 42836 30309 10738 3649 16483 39392 48060 37842 6783 53234 48972 9464 28052 63213 55898 60290 47363 12943 62899 18176 22294 24842 41714 20592 55898 41716 27943 33659 33106 30945 19183 35928 45765
22072 18163 23755 9248 25403 7499 42623 62856 6963 42486 36228 6007 44506 12944 36751 51514 16571 20539 56961 42156 63780 10175 53765 38523 8425 36929 26617 21929 64342 55655 55810 38836 9575 13739 18627 3813 36508 4090 30128 48399 50567 46404 24740 16377 19899 44408 32531 646 36308 35478 982 5546 24652 52500 36672 2533 40355 19781 919 22012 12014 61108 21901 21892 56889 298 45475 1317 64484 49097 30769 49536 14225 13579 48482 54593 21621 38177 31027 6861 51649 22082 12401
58023 27303 63671 25943 45546 59277 2524 26605 43842 45074 59518 24665 21195 13810 50548 29198 32572 3915 4300 36056 41165 33365 10680 45213 29988 23261 61728 13293 62934 6561 49080 11449 64680 27674 14533 21535 7952 24093 34212 39778 46729 29235 12460 27106 64453 3714 30593 53187 46289 1961 48361 40444 28524 33303 40656 54814 46913 56131 19012 20992 10399 33805 63327 49255 28834 2184 56554 58968 23641 54333 8863 44893 8215 25923 38835 30892 8422 38788 10357 30761 56071 35250 30553
35048 49130 4533 24221 4729 5264 1402 17884 20628 18189 47511 2843 17818 34899 16585 47582 39560 9649 44953 49652 19724 35345 30451 40376 47004 3275 4328 52389 64669 2579 14966 63247 14114 29796 20243 14187 5749 23043 23402 57782 10898 40732 15288 47423 21661 61272 54345 55952 11955 5063 19989 51567 32043 4736 47462 37582 7444 27104 33199 33359 48208 309 58782 31906 16183 3325 43970 31457 6953 9690 13687 52033 47119 1422 41255 9660 45277 16363 25108 11884 9910 18989 18619
58201 28499 36560 24490 62801 55754 20207 51407 22055 50128 64956 13022 51484 52490 49662 8223 46973 24840 583 16370 40203 64420 40384 52744 53896 50988 62115 2498 39158 47744 63075 53750 27001 21333 47497 11829 16369 48455 25810 63658 28779 63258 14514 48591 12229 10209 56114 21535 65233 20403 23698 17759 52946 28802 20244 13946 48944 58226 59479 23072 8908 11594 625 64116 35496 20505 46452 57804 42839 49744 55649 30528 32034 40872 33509 56815 21897 61453 36314 2157 62788 48964 24779
9093 54420 11421 41204 54618 52842 53989 39409 4730 10241 45234 42558 9692 55949 60035 19204 14488 5784 25388 55108 47258 27669 48482 40243 43023 4494 58873 8789 6527 59449 45889 10305 9091 51197 54279 1240 6363 44368 36336 56318 19325 44186 47722 10666 4023 8225 23910 43248 17577 50621 43756 50207 36647 46871 2104 17265 39935 56737 42336 44988 11974 19942 42736 64607 30461 48472 1826 38001 25338 29753 57346 19765 19896 5039 57335 30497 16322 34463 2304 41902 37495 21898 54875
44414 13678 19758 26883 2991 61024 14870 40042 49303 49106 53097 26814 48485 26543 48804 46225 29167 51869 27961 34471 19533 63167 48091 59748 15809 21952 11886 37784 29096 29854 25060 55652 51341 39071 12898 48802 23973 49559 7596 35640 30856 35671 14903 48436 37355 14991 43416 3181 47352 64613 36633 57688 10823 20637 48642 49735 10705 42472 12750 37088 47566 7060 26102 10301 19882 64925 22352 45405 34606 28280 22941 31020 43369 36949 12105 48240 26210 17506 30330 28287 4318 17913 18192
19502 27573 47797 16345 19445 40632 61181 17360 50396 30876 20103 39621 2102 21748 3361 22560 53050 35083 8646 24398 10784 46339 5522 42319 5217 50597 56164 59735 4118 26648 40054 10279 24690 50468 1116 13812 14631 19767 37240 8060 16056 27370 10984 548 27730 6133 2765 59298 40747 39335 57189 34915 50945 48581 14976 35979 54254 31163 51775 57511 58611 2018 23607 65162 5759 14007 51975 58710 41519 5199 35610 41584 64113 504 28304 12132 55741 9787 39818 48442 38320 33304 51176
54160 2988 17980 38685 30595 40041 21457 19039 32389 23306 56518 36569 13979 49793 53642 18269 10377 1034 15631 27177 44186 10277 48521 5824 61290 47686 704 65126 18162 60161 41436 41881 64739 32512 4449 42468 6994 50740 33522 27258 12405 41212 11825 57261 17744 57581 54926 21550 17088 25257 26082 51513 1669 40889 17561 42308 58634 6889 39873 41978 55101 25439 20421 24516 41740 29951 60262 14862 7224 41230 32160 35831 62929 51299 513 35787 51791 24141 40278 39675 43543 65101 5893
47857 37526 42241 30038 46564 4406 47302 59505 44629 45529 17494 48886 34481 4828 9789 10180 57418 27233 7048 16476 16493 59049 13035 11729 7276 13589 22787 46207 51139 41340 26273 12746 53247 42007 15942 30761 34307 60095 58457 18668 18286 41642 19011 39289 5613 57277 7825 53813 6379 5943 28242 62137 32915 5359 14476 38424 24225 42134 55347 7514 54372 7966 55025 25644 4036 37188 61981 4483 7161 44643 49678 35169 25494 63710 34385 30364 17419 20705 14823 9002 63498 13592 26654
9328 54398 40164 27270 6805 17301 44311 14561 33812 58337 57656 19280 36026 40355 24593 3980 23604 12553 14909 10901 33046 17957 13559 18331 17087 24934 12955 27976 63095 25936 50126 60003 64541 31947 43506 58146 25195 1515 8511 48540 10453 40823 20319 49086 2961 31513 2859 28272 42966 40013 42572 53304 17111 15318 60922 38221 45103 62571 64549 50839 4392 17763 28990 47521 10078 47219 25181 6217 27856 6073 33069 57520 55131 19599 56571 10638 57118 28908 6952 3622 44188 11810 28453
38331 10862 19478 16951 3922 30991 27599 12698 48695 12286 8783 11873 12978 18220 42268 59877 38040 14666 16135 54641 33843 38924 47828 52119 28995 31791 52026 14943 13177 59488 30474 23412 15283 12724 46483 52257 46378 20078 200 20719 55457 49410 3264 54552 50675 7371 24146 7390 34060 8130 65030 16929 8268 28515 17457 57688 60129 10072 15636 58421 55162 677 44742 32348 25976 27872 34605 50318 13299 62494 31801 7656 32163 61297 5052 47483 29641 52180 49294 32806 33072 49949 2859
55458 62823 43925 31171 57789 4880 39706 28535 54531 18207 40566 18898 41072 16486 1095 12654 67 19347 25460 34007 62170 16347 38765 3478 6152 39829 37238 27536 61731 47651 37416 40886 13165 53601 31533 25993 58544 29988 21670 37969 43337 54996 18788 21397 29103 22715 11132 12279 21851 37956 10162 28544 45897 55045 52285 12418 18956 15154 57763 47572 56793 12882 51284 5579 58914 46600 50893 4671 5980 25052 44572 22533 32166 55657 51198 10023 8478 24608 47510 41564 39402 48340 49021
13157 48019 30175 52469 1563 45021 22267 29162 12277 25817 38675 32477 25424 10600 40081 64735 50438 2513 23145 60761 34862 47380 14109 390 62093 13269 213 51174 10989 7565 22124 20544 29087 64025 9039 24181 46967 53243 3327 45183 27453 22523 58972 45141 38144 20582 53583 57272 61006 56262 6083 17166 40288 40012 33388 12505 11444 26172 42813 51308 30317 20510 19676 33204 62613 52622 17368 35873 36528 4975 6022 20288 12896 6696 12759 13313 61789 52907 59345 34605 64432 46483 12859
26882 51150 49759 47350 63789 42892 29071 12795 48788 50231 43363 674 56694 25356 39205 11225 19363 21418 60538 34181 57427 43913 64601 17959 16964 25819 11776 19084 48251 39816 45303 50639 45148 55027 41103 64838 10259 43695 65222 30072 39831 20440 1600 22862 11779 61031 16630 48624 14706 20218 58181 58978 36584 23378 64209 24261 40762 8573 3348 9550 26729 44203 2032 26463 25507 13861 1113 57998 10935 27617 10828 27381 46410 50229 59119 28504 46184 21739 29152 31994 47463 62613 27128
51328 38574 58314 59146 6957 23604 16500 37674 51832 39680 38820 1339 3247 6373 58957 21519 9723 45669 56290 53398 40329 10124 65173 36990 47786 11125 40110 24589 14637 18622 31258 26032 63627 46387 49894 59094 52916 24360 33770 50801 6122 31517 17004 21495 5665 17262 14555 58026 37272 6740 31898 18608 40235 64620 39294 32168 9172 45235 18574 35187 62198 38665 39356 56982 48439 8712 24262 62238 56394 58311 31046 32141 33602 60171 33617 25337 21120 6287 28764 42305 13267 14608 44005
13132 2 18534 52083 14209 63983 5000 58090 19845 31807 19607 21418 3516 57904 49471 2904 59862 18967 48395 8188 9895 3834 23012 23302 42354 64995 42290 1576 1489 25307 30652 17086 37590 43410 24394 24065 56065 46342 54121 21561 55866 109 28497 1602 64150 14678 12539 37922 45764 58119 37010 60108 40992 57043 58499 48546 14280 18240 56752 19234 19779 22536 56489 32633 4360 5770 50536 45712 14225 10505 10600 51889 30996 56880 23478 16514 40291 34600 35870 15485 64597 50111 55678
32411 34037 31780 60959 23392 43719 26320 27636 39131 52017 17478 57328 26512 5666 33710 28892 7958 60427 4244 28950 51086 29481 29110 48565 10505 7817 65086 64375 9941 35553 35277 27617 16573 63355 30379 6568 27203 34039 43127 15269 12814 10378 62710 12093 1689 4013 28277 2019 1657 23562 48427 47381 61170 48386 63792 2366 61453 54790 3776 63477 20120 46240 9894 50248 52507 56698 32916 42966 7515 36484 6321 5282 37612 11319 12247 44548 6739 25405 17276 33276 20897 27269 2817
5987 58741 27500 3561 63528 58201 23403 57469 39257 7151 34355 55362 11643 31227 16910 21928 27801 31667 28402 39874 2213 40309 50052 37970 54324 24508 43025 43218 19946 39231 17458 25281 1162 56371 2494 61129 8889 3458 13096 36278 14220 19944 50887 9252 16140 57396 33099 25364 642 8263 56024 54220 42110 35965 26882 56236 40228 48241 47501 5876 33475 56502 59001 52213 62071 49065 15006 64434 50797 60842 36274 63659 18543 42505 53478 33173 18194 24728 17753 29467 30964 63219 50313
28552 38875 18404 17136 31352 37013 7457 11530 11007 46130 28323 51924 16051 38060 15264 24220 59654 34452 20589 42597 30046 10805 15467 8388 44820 53718 38073 57010 30862 39500 13354 56928 36671 23844 46192 27622 36183 61771 5772 24132 30048 10916 64708 57799 13415 64962 45285 25638 13568 35915 61862 39311 25662 22612 13049 22321 45691 61805 62636 24269 24235 56539 5970 51794 61167 37472 54581 37170 38824 15909 46502 9824 62067 63960 51909 22382 61691 6119 139 2649 63887 45589 29368
31297 16293 29672 13690 16335 64084 56322 51069 15263 59611 56102 17027 7035 26400 35539 23804 10777 4305 24999 11442 56906 11374 59748 19010 9204 46535 53254 51105 8325 23895 27455 40912 41644 13269 46252 12886 15613 10934 52753 47497 53402 52002 11861 44108 46528 35481 55791 35002 5436 41308 13899 46376 5617 17311 46049 45829 52115 31278 4299 18875 20489 19767 43776 51537 46914 40194 47379 17690 60564 20926 47747 19139 33714 27643 20243 1609 23621 52473 6988 51427 2806 63845 30193
61269 32167 5021 58601 42957 60150 47846 37609 26760 26512 53304 49871 22086 59026 10729 44438 20783 3789 46422 46838 64367 7219 12934 61510 57337 31580 5604 24808 15293 23567 32721 8535 26455 32665 36412 27809 255 19953 2301 31051 20919 51133 45221 39448 28684 43682 60334 41949 19696 5117 48645 22175 1852 60944 31050 47359 26468 20069 44376 9155 40958 14854 60631 51856 36023 10536 24797 44896 15420 10532 31569 23485 38971 61456 46461 20658 35570 61800 30594 33183 3299 5281 65256
10844 34732 23830 5046 3957 52875 45567 9957 9183 51387 51138 6091 6957 61333 32875 22620 57278 54700 9974 18016 11106 16453 10737 33469 23095 16713 5409 52474 11479 35057 21890 54261 48554 34817 24265 49836 16128 51197 1022 63420 49760 5177 27826 6044 27208 18851 40002 14060 61703 31480 47769 33606 22413 20892 26196 65075 16195 45372 58550 54576 41107 61593 3099 36426 56504 34245 18110 47040 59228 57936 65021 42948 18102 12915 29874 60822 50576 43501 5400 55634 26951 46528 12592
22953 58510 19046 31241 41379 44263 51107 35570 18924 27242 59433 35194 36566 59858 22968 61325 50474 11589 8538 55953 29649 5674 8397 9740 19641 24526 4003 60874 53092 2804 48414 9671 5588 56129 10415 16170 47524 52299 17375 53992 57427 61073 22158 59095 45806 55500 62953 34052 44636 40088 22929 62586 58403 585 31102 58097 1253 60662 16111 51227 9117 26797 48833 14337 23224 320 40160 61708 53462 20631 4322 35799 8353 51082 3349 26800 64153 36344 49665 244 60580 56997 14024
15823 30301 21669 50858 45926 29523 41594 41637 63790 45657 11037 13905 17378 8125 33179 46085 60760 33672 59752 16873 29076 15113 8163 19383 52254 3110 51682 28704 15890 61750 24165 37199 35477 27734 17383 19960 64459 33651 15633 42364 44045 59470 19807 596 30278 20191 4693 42493 34645 46167 21084 46499 60935 13413 64970 51373 7189 58061 7459 42384 31352 25577 34694 24896 34726 15708 50841 34240 54338 28113 41598 34006 61099 58619 6522 25564 43246 41832 58464 15283 37898 54541 24784
5723 36594 61596 40218 38751 286 63790 268 64999 58680 51474 50688 5327 51068 20576 26066 32253 9485 52667 59367 52510 14780 27307 54620 11055 8850 40516 16469 62676 60894 25975 24975 46553 55022 13160 22406 53575 50056 54078 3896 20150 21511 22726 23223 19189 4276 43934 53494 41931 32516 63454 27526 56672 26571 31178 34482 36151 4831 1758 10137 2174 46644 51763 52301 58402 24923 34329 29572 32683 10409 8991 33676 46312 60500 59437 44391 53399 38332 17467 60064 45695 39668 151
37564 18973 28472 33763 39543 10320 19798 48247 14653 56729 6897 54752 46882 63828 20438 1751 60725 28473 46316 59389 34221 19613 28911 62941 64033 10102 24577 62798 19779 19841 29131 27399 43339 4926 21031 56879 25965 11239 52751 56247 45391 6245 37363 64080 24345 46438 14122 4536 58245 31547 26958 6921 710 53626 409 46201 28212 62360 19992 2492 29725 50090 30946 39524 30013 20356 13775 37703 16773 49608 28097 44769 39525 64098 16860 55525 16676 33855 7054 10128 45801 14791 13631
50848 60922 29217 42837 8872 4495 21760 29187 6129 6115 3922 33535 37893 40434 61369 38642 36962 9513 48249 53240 24787 5452 41948 12226 62076 4987 47695 43483 11659 38172 13859 11718 9896 44565 10430 40745 7464 43125 2168 50697 797 50722 41362 59699 44523 28271 39503 64962 42617 60440 23218 39688 16963 9204 60939 65189 34413 4894 9303 28009 42807 53742 35711 29375 49947 49478 28688 15418 3555 24251 22515 23295 33004 57301 29288 32340 17771 49270 60319 22815 49361 35169 18015
