52 60821
21778 43554 2274 39545 48132 20808 24015 16464 56572 7222 21519 58618 39135 45186 43964 43570 12118 57825 4500 20875 44657 44846 7668 30403 30382 25793 8433 28708 53050 235 35644 16270 46679 3950 37561 55575 54860 47527 20325 48723 21323 220 18794 18924 46762 15120 22080 13398 56106 42282 42743 58484
422 42299 34431 2143 54888 33999 15841 27591 31726 17722 39998 26211 6957 3504 4108 38657 38152 60498 14390 6472 42222 31580 26588 1854 31707 31718 40488 42332 49836 32936 50636 12854 3639 49255 37138 10954 36356 21807 45728 21882 26915 38650 25470 4964 53755 57955 21681 2160 22310 13818 7651 36675
3568 20531 29919 33147 8728 36334 47794 54044 205 59981 53411 50830 12508 49864 38399 4423 1927 29791 57475 24627 30961 29537 47056 52637 33637 42120 45594 4503 17902 59198 48094 37738 41456 47575 41098 24909 60179 45541 2691 25366 11672 15199 39515 49355 4529 60515 2799 5572 28710 46340 39559 53960
48359 29378 55921 60434 50705 16831 9855 21536 58652 19464 29787 5577 11818 31412 24509 20668 26725 49453 13163 11721 43035 1495 21576 54357 24389 23783 56775 32436 37115 46900 12533 59119 29629 52383 8625 40796 16972 22195 18233 54455 55041 16899 49294 37693 39864 33865 5986 5888 13591 37734 51358 55634
22408 59741 49630 11754 50394 25553 39071 46685 43673 5834 16709 8232 14274 14164 3872 53577 36844 51412 48600 26711 17569 17564 55512 24482 26768 24073 39123 6843 22666 50969 24702 59540 6215 49458 11542 12703 18764 40336 47202 60161 23320 55670 55220 10648 27604 47364 27173 16454 47077 55702 40000 3585
1385 54503 45255 37587 46183 37022 24209 56419 8833 40640 56191 5923 9186 45069 7898 32513 21298 31977 52736 28258 56700 8192 53381 39258 18548 53238 8333 7269 56197 31370 37526 43974 35640 28514 4886 50362 25390 47833 10042 50229 55790 18226 46701 58409 34260 44445 3582 11402 40939 51852 55917 18845
7074 53405 261 54024 52063 19028 23225 31977 12804 32753 35057 26662 7175 59494 50552 46052 38477 3391 23348 46968 5177 14052 22786 42079 9913 39703 13563 10974 33464 3434 16271 45276 8550 27569 57831 8697 50680 13136 40195 53030 59788 22078 41126 24077 47007 40996 56978 14740 14569 12255 53601 28699
10976 19105 27876 36401 24656 22273 39243 57405 40213 39176 49618 10200 15276 49767 594 27145 18194 134 57795 29245 47096 33958 38593 14647 1067 51765 50504 53200 28726 40464 16564 18429 6757 53183 25506 1315 19075 14819 23199 24476 16978 13969 33043 31824 3922 13616 11318 9562 4639 54115 8276 12085
52786 31635 15605 11445 36539 32835 52866 40020 53145 37015 27959 57465 13557 36888 16250 12009 13389 14308 29744 38047 60459 48665 49351 34443 11939 60709 11803 53637 22537 34569 51470 48004 21131 14262 29039 9422 19413 19959 20251 44570 49479 35685 30575 41785 14107 58643 38674 48413 41722 8416 15676 40934
27217 4604 58367 8304 55022 22599 31790 43755 21729 55107 23965 8524 34502 42907 38111 18800 33868 51444 57648 38792 6825 45179 52375 40724 4610 45245 41622 2225 24859 47021 15678 56855 35064 29975 48415 43151 9251 42241 28694 35331 27447 46016 43758 5258 30692 59562 41828 53509 45039 45588 56616 33654
30712 22300 46246 5847 60793 50247 15999 21776 21014 2295 13080 11618 38893 20956 25701 0 19292 48033 36055 21244 16407 39769 14559 48687 36210 26623 31078 29168 18597 54500 29696 48034 39543 6769 11520 2937 4086 13928 2191 35772 30576 31149 45079 39428 39664 38885 10915 203 35093 7162 17108 6209
55756 2029 25127 47116 22186 59885 30737 33227 45706 7427 45390 48599 20992 26784 8360 16034 40675 23414 47648 3998 45292 9360 10577 49241 52954 1650 38593 26538 39509 12198 55292 53431 24764 54694 29551 54662 58868 20063 20734 1703 24756 45054 44446 7853 53148 44724 37736 54665 49589 43926 15847 35184
21664 1651 47175 46201 30685 34802 18331 6027 31633 54996 40966 39120 35291 10824 18138 8736 9719 29602 14983 56128 30078 4959 8755 14878 15104 14751 12058 15542 48510 34288 21342 13558 14125 466 38266 42709 47411 42028 3074 26263 16808 7469 35608 45825 41095 9238 32591 23104 26267 22149 19754 10053
45210 58612 29768 39206 13152 1150 16043 46242 20923 53255 1218 32882 49174 23446 38202 44265 17981 4966 49831 30055 41604 52884 56635 12410 51273 14942 18155 23077 51403 17141 29954 38921 24992 40116 17008 18583 34919 17275 33220 45276 49583 36360 26344 47697 26276 41759 49887 10231 53570 43773 59202 12081
1562 22760 2476 29186 35816 51087 7289 40365 42788 28179 18920 40613 15476 59677 29159 10664 34385 41476 15320 21676 34399 12312 40537 53771 31407 19858 4194 10196 42006 44621 15652 58222 35492 14603 5075 56964 2994 2507 31167 25532 31054 24614 9869 45511 32764 50025 55705 58267 33027 36005 44819 36929
18670 38069 37177 17135 37290 46160 58773 2897 3720 27901 22440 36939 50837 12317 9165 10852 54840 49320 23035 34427 40105 45240 18599 59409 9296 13614 22090 59032 5854 2514 59412 51389 48817 31112 19916 47039 43727 52074 59849 23829 33523 23832 55292 52166 37232 4576 18916 25830 52449 16237 42742 31539
51784 27096 35552 17571 26047 2632 58959 37129 35926 15629 30776 24717 42161 43029 16541 27599 27824 33798 55475 30347 35819 42473 16078 14947 46666 34113 7659 24067 31979 27010 33101 54658 48425 14404 27439 18594 36406 6051 6081 6448 50894 20966 38981 22766 33314 45411 57601 11362 2107 10732 42710 11575
6617 33102 48545 2856 22291 27782 4433 5357 44522 17919 35927 22713 6236 37216 32106 38590 11827 4627 50355 58685 46273 10874 56437 58106 53870 8099 14636 35598 56977 34077 24743 36697 748 32165 24633 21032 58545 53835 28981 51296 46767 47262 21425 3749 49923 21512 37610 40899 13293 37488 18115 17593
44903 15323 25921 51968 49767 34170 54116 18576 5876 16531 47588 7863 13571 4832 14506 43926 14270 50590 35523 53683 17155 4700 31670 37918 31423 9716 38082 56203 34058 29275 41069 33297 28463 10507 6972 4474 39096 5140 49210 3885 13636 14587 52283 11556 11872 5556 52696 2505 43854 5550 20204 28725
58656 18309 46234 28195 16993 4886 17907 41161 27101 57667 15803 24636 25018 20845 44488 31308 51566 53369 9588 40260 7364 40213 48024 24428 24788 59764 45433 32424 39797 51194 499 36721 3525 58665 49745 34716 52475 17012 5307 56891 45416 13046 42736 6385 19389 4866 36866 36380 32252 53852 55984 22441
55788 8142 3317 14717 17737 20400 4809 7261 11479 45577 17275 30149 15511 37507 29297 40814 54996 25174 34885 33426 17081 13763 9991 50040 269 36916 13020 23998 59359 46297 6191 24034 11362 20630 24293 50379 4529 4346 11261 31950 27094 44038 22805 51277 8500 52282 35007 34335 9447 6322 2829 674
37727 42090 51471 13631 54524 41521 50876 24294 13926 58475 30217 29123 38730 60806 26493 9897 47647 56420 37228 41547 2873 53142 4830 33437 44315 13553 34621 42031 57916 39519 25680 26952 25637 16675 23849 20054 54308 1737 14823 36135 27825 48038 27021 52002 44578 33550 21322 11854 8033 4585 30911 33735
2309 38009 46068 10852 36322 34899 52058 35317 31347 49231 13231 10820 34528 30526 28927 43864 34476 42660 41216 10434 12805 11925 37004 45465 58651 45200 31357 656 50666 3871 3058 39293 35452 6073 15406 3451 26825 47185 19973 5057 11720 43411 49753 23892 47279 14504 18924 19167 57343 36506 55100 19492
30242 30163 22886 14892 59920 41191 20307 17421 11280 11034 588 452 55229 17498 22437 39362 27217 58877 56957 60651 56440 35577 27049 32652 1510 18697 42065 45539 54602 57412 4598 24347 8907 31681 43638 30835 18450 17525 325 1374 39495 34520 33545 5472 22288 15693 39785 38622 6304 22898 55163 31928
2449 17009 22310 34417 6906 18013 1238 32439 18108 4440 58044 26795 36497 60089 24217 17509 54383 13764 15369 43710 5646 44117 40899 49330 36976 57922 25605 16000 60128 51262 14156 60718 47190 55661 42452 45221 47599 59014 25027 54149 31868 36426 45481 28334 18719 20353 432 50682 33973 44788 21699 51841
29367 13198 4992 28314 25931 49958 15961 48256 15339 41948 7016 10074 9082 12026 38114 1972 19256 46245 10632 50810 44133 38731 48670 56989 40409 4502 15227 53379 29742 35990 27851 39088 38892 24125 30152 12084 48518 320 46934 30063 48135 4571 54001 5825 1994 59277 53285 33987 3445 40468 30666 26400
3052 49110 3844 41913 36102 12071 24133 14927 41908 49958 26950 34064 10016 44645 25280 20498 3492 43101 12618 27369 7772 50732 16826 29583 21369 34943 36592 55793 38151 11544 6945 32587 24892 16227 46963 29459 45759 45074 25945 36658 16248 5902 52662 17869 18353 4478 31591 30190 27429 5221 44561 35674
29572 30420 23356 8227 57427 16154 39489 53844 35455 44519 43161 29233 28617 35259 56306 7270 50845 50243 59425 46188 52506 54933 10009 13538 47397 12851 52622 36424 32937 32639 3655 5180 57433 43741 50769 23781 24039 38390 32298 32926 41074 17796 14337 58999 48566 19046 26377 43803 33671 29828 32831 47930
30615 3764 30849 24443 51878 15478 31057 29595 35721 12322 16956 27092 39191 8590 41267 13928 956 24091 6694 58223 40791 28786 7668 48696 50084 19744 6971 10043 35888 58601 16646 7642 207 58363 48398 28414 42728 47254 24334 41638 49355 39836 17711 13146 48105 27847 17142 41839 3406 30001 15362 9603
10909 32743 3550 57083 52697 36769 21171 44684 2629 23065 46687 47911 35853 40534 4308 24928 10997 55408 12477 48271 52273 9764 18361 25991 55846 17201 58432 16647 19119 37961 19804 37577 11921 20709 5315 2136 40691 56874 28471 42297 25416 36976 45978 33964 38857 24995 5651 4743 38119 42463 39294 28200
9848 19137 25894 19686 54427 22204 28981 55193 43467 6022 12011 34071 30410 26394 60798 52357 22647 4943 53432 34287 15542 19866 16816 26251 30293 8247 37911 58467 47054 47388 26546 34488 27497 13181 33595 27958 23098 33180 43793 7204 50493 5802 60456 18973 27490 30343 8942 16640 57192 55271 5918 51246
55502 6670 53709 53859 821 11792 52415 58979 59196 305 27950 17569 43097 60177 56673 43097 3538 45984 20791 27185 31146 12939 25187 36420 51828 17391 48397 47513 45273 55124 14187 10700 15034 24685 14993 21073 7782 25465 60245 10005 16525 4589 28572 15991 47726 20174 30900 3494 58025 16617 59959 7858
18633 14093 32028 36795 3808 44126 54780 9559 6489 33626 8530 55131 43132 34480 3388 5019 18941 23226 10336 6227 14987 13445 28290 36619 5892 46155 60162 6104 3814 20956 3555 56217 33904 3637 33286 9538 30184 12210 43685 26943 48972 33151 6320 49871 28425 22285 13610 12858 59471 14084 40119 14466
755 28378 58146 43287 22241 52424 47921 25518 15639 12196 51282 18598 30706 49513 28738 30337 59274 41188 60390 49709 42144 48152 55122 15642 146 28092 50461 15672 3837 16633 355 54130 25045 28482 27837 44468 41799 52273 28633 25462 38479 57786 37783 31699 41520 48557 9846 57653 11769 35143 28389 12278
17025 21937 21378 32921 29012 20213 55887 40008 26517 47386 59076 11593 41516 59298 26396 32582 11349 53253 26875 34664 11479 19056 48019 43240 59106 47176 60737 523 56153 10858 16961 28483 13633 35783 19753 7169 51812 6275 32520 23283 44843 37549 8954 48680 15154 54454 60478 44410 8639 57261 56126 46487
57213 51868 22782 27757 48492 9927 59738 55463 57834 15023 30654 8831 31508 4404 16946 43206 54353 48197 21417 4006 26476 33962 31921 10892 695 47927 30044 29873 15644 25694 32005 49595 12640 38621 11401 8852 38823 43436 15247 50518 58299 46782 24832 21335 12379 57561 22912 25014 43509 60634 18430 14946
58713 34525 49417 13587 22585 43259 327 9114 17343 54367 24899 57799 50565 13108 45790 6797 29911 20544 13100 53408 15051 36876 5406 12826 28782 7565 39828 32230 40646 12396 59841 49963 25894 25866 55914 47657 31102 31136 26969 32616 34304 29291 2196 13392 46594 41462 59486 5299 57836 44900 7179 60300
281 49719 22307 4683 59086 6320 40935 48482 23643 28215 48929 28087 32751 11199 3053 60383 22662 30219 13886 59174 31840 43147 9785 29849 21992 26648 42723 54295 30688 22063 24656 44225 12099 15039 7440 54114 40934 43467 1485 11038 10685 33769 43563 52498 24332 12819 44973 59842 3143 51601 46426 28175
16244 4742 13641 40127 55476 57646 19416 34389 32037 33722 25806 3577 25056 6818 33192 51396 39995 11517 51792 2278 16505 30702 39198 13995 42879 53828 17659 51833 28623 31479 27155 48930 41792 19988 7308 24388 54290 7952 5588 5380 28239 42030 51011 27482 58986 44428 19850 51904 59308 16467 21972 25361
37764 32376 27780 17074 11575 40013 39991 34928 6920 57729 34216 23522 40912 59366 21087 20234 53858 56033 40459 7312 32431 42656 3012 45910 4603 23357 12953 46261 14801 57547 39106 43550 39279 968 12584 2977 21199 33887 23615 41471 19260 60380 7411 59762 13340 35878 42528 44571 26743 41335 55488 1981
28680 21059 25085 4307 18597 39731 41598 20620 30748 28256 32332 57222 44009 29551 28087 9467 35277 7397 45055 3575 60561 58003 29696 47551 57523 7841 60290 3837 33686 17377 29448 46364 16179 6684 30760 14121 10204 55071 12774 2680 59753 12821 4123 25378 13337 18490 56898 1715 52661 13351 56052 12311
1726 57719 3594 44207 19955 27858 37980 47149 52763 56162 16221 53358 31748 2415 30802 20767 60350 25622 50815 55927 48023 41613 53739 6745 43404 50412 25013 20924 46163 16095 5916 16605 26970 24192 4426 11540 47213 59318 18658 18780 35664 37254 50101 40446 58237 32044 46633 31133 60670 46444 22250 39489
16989 11582 23836 21390 7162 30331 43994 58034 28430 60483 21491 13724 31968 57679 14633 55895 38961 23962 54956 36451 35472 32689 2000 48226 29358 33386 33948 44562 18683 36478 18990 26304 46363 49195 52754 5020 58290 50451 42767 10069 16882 25079 9032 8538 44501 22056 27213 49550 10097 29029 43607 44411
11628 42196 29491 57612 47554 54145 9966 20317 2312 22748 46781 37302 27364 60493 43677 38626 26403 59713 20743 45639 1725 39170 33320 53769 3014 13503 25296 50498 15961 42331 2535 24239 35031 8825 39428 26068 53989 10307 32918 227 34536 58119 45750 1088 4605 28955 47355 895 1585 48031 19401 13576
19061 53209 28500 747 55208 33683 53140 52131 17346 59117 15150 41429 52880 38632 57013 53895 14487 21556 57315 16425 25775 12555 7165 18473 10664 56359 14998 43427 36678 34433 40389 25647 14431 40162 32173 43064 51451 25428 18728 593 12497 23773 5426 58899 18445 12121 36285 11897 13866 23536 16849 5417
49725 60488 6142 28398 23009 29686 55804 24112 14290 27218 51032 19056 49389 58533 53723 13427 11208 23192 21291 15255 16272 32696 19906 51742 22250 27152 38253 51748 26523 9372 30009 17683 49255 35888 47026 149 25116 27965 37474 39397 49106 17395 21033 12106 12461 26627 50721 20813 7244 29881 11462 16283
43992 27201 14558 57677 39286 14740 43509 41216 21787 35713 16235 53030 60503 58197 41027 28862 48756 37054 40799 13233 37027 33899 43294 59468 40371 52391 3224 10567 40094 19371 10298 39119 57673 8077 33019 59524 35595 59433 2985 44466 56135 23597 55841 19018 20647 10605 48682 42571 59840 36776 9941 38015
4058 25119 52585 17422 19571 20908 16079 16957 41727 57151 22873 10867 41155 59093 40648 9701 35657 34343 38433 39740 43294 19252 24097 54322 60716 47459 54033 58045 20399 27793 24393 31519 37658 26320 36284 2872 34160 25685 4837 40768 56061 33193 28025 41071 13877 7579 54932 8597 21713 6374 2449 55265
10186 12142 7468 45684 54860 18143 1117 23609 35095 16277 1401 25773 10206 54134 11687 7585 25817 791 25594 17656 29046 11772 50477 17356 17512 5461 24566 53705 53459 18446 25779 9450 1969 18698 26337 12960 19799 54401 4139 5380 2404 37305 43979 56134 52571 21426 3670 36549 55126 34126 3872 6770
26434 23860 651 55270 30144 1963 17375 30410 11947 12003 5141 1222 46674 4431 6707 13319 56890 40853 32804 1139 37729 44799 34032 34490 27100 22531 4808 37175 40764 52147 24406 18636 44616 20670 41241 36778 3327 1013 49057 18844 9871 52926 26548 55521 19630 4344 29972 43332 16340 51044 23154 41116
32846 32883 32381 56412 1362 10524 37389 25508 19489 17621 60093 54056 31635 43331 53023 11640 14869 23607 58846 30148 47299 48750 18975 28487 34993 48799 50798 43708 20528 5445 32096 7194 1637 18794 2284 44459 48624 14668 17011 60571 41609 29192 24291 29171 58414 1226 50357 38125 8249 26142 51855 9932
26656 2570 52238 8386 9253 49138 16775 53971 16410 13515 55135 40182 42335 10317 34534 16503 45304 4519 28458 39641 46238 26816 11018 35432 31402 956 24890 42779 59174 51145 6352 30361 25508 28857 50826 572 34401 24672 3748 38826 4627 53079 2532 50634 55714 21741 36755 40500 14791 46338 19163 31678
14326 59338 16484 53317 51076 26525 34669 28504 35378 18212 19419 9296 36129 40636 53305 19408 42021 40372 46492 23206 14182 51746 7793 32322 20838 45152 58956 28820 57060 40247 40489 58729 7117 52290 21970 41304 33881 18337 56210 33015 2092 7711 8256 54050 45087 22516 31044 13746 19752 24935 12993 45087
