85 1213
967 1191 1179 409 238 22 489 204 336 618 1101 208 1112 470 510 732 459 1192 294 163 844 293 501 792 116 520 901 682 856 90 418 298 17 817 1142 878 932 347 330 101 938 577 571 298 1199 1100 1047 378 1082 240 235 905 334 507 985 989 1210 954 197 480 1086 263 553 310 128 696 1191 558 685 342 1001 109 233 669 1072 657 263 542 724 876 1138 514 632 622 1004
869 421 417 49 722 687 1 640 17 682 607 857 487 26 601 375 1140 996 205 10 995 479 110 1189 261 425 500 972 1137 499 324 969 801 570 865 527 999 1125 912 391 27 1124 546 900 780 751 244 470 820 994 502 1102 5 531 754 873 909 805 509 384 745 1188 601 890 177 394 791 623 41 82 826 1068 470 735 586 369 512 200 467 436 1043 39 424 875 9
293 540 997 291 419 499 595 397 665 728 368 410 329 41 574 1071 209 1043 974 674 283 677 233 242 170 599 902 284 174 473 680 958 1067 614 607 252 94 1134 7 223 706 208 464 121 484 246 856 1165 824 1138 1212 910 699 1125 920 24 539 113 631 618 170 264 880 410 114 630 71 929 366 620 430 980 1100 1090 780 297 949 1083 1053 762 702 959 1004 471 736
85 1119 1023 447 1049 663 708 1057 981 1203 373 231 741 805 1124 729 348 536 752 838 46 11 785 622 1155 1004 182 1194 1021 142 553 742 797 924 1186 74 369 47 318 560 958 978 276 545 1159 535 178 717 33 174 1061 585 508 1064 551 640 241 646 1042 1175 444 140 565 654 1157 1150 750 723 611 898 813 1193 206 68 901 89 37 1015 245 505 510 769 919 779 651
1011 746 527 390 385 23 593 794 360 1205 515 839 677 633 70 50 373 778 146 144 431 947 339 734 788 334 1066 1048 686 75 190 266 1024 820 1179 19 963 145 680 316 295 1098 753 690 952 758 380 896 344 416 1164 849 379 952 758 289 582 178 479 437 111 287 214 843 412 989 850 240 659 575 452 490 897 1133 299 970 785 1172 110 414 1098 213 474 486 281
1015 716 567 628 643 1091 595 1116 684 1183 898 120 586 1023 15 125 926 710 320 215 518 956 355 837 1147 673 979 384 575 754 400 488 721 1089 407 1037 962 786 977 164 152 1162 1193 198 717 861 1046 132 763 161 815 438 849 909 774 268 286 721 86 668 738 394 422 1142 39 648 724 903 71 206 910 332 978 923 237 577 247 836 71 1136 1040 89 996 932 359
361 152 1145 668 1038 111 399 306 982 1109 63 232 682 840 272 163 279 387 1186 210 336 690 1135 982 903 217 314 548 793 151 528 890 501 1179 1164 999 290 1161 995 534 1133 73 224 323 252 264 864 70 875 1059 499 343 978 525 1137 316 17 430 1175 905 366 236 1105 847 139 970 348 797 326 87 487 1194 757 799 184 305 562 1174 267 912 198 1171 305 966 172
527 600 316 948 343 241 434 1074 1083 801 266 612 811 417 744 1054 328 320 563 124 881 1030 428 354 658 283 272 459 403 247 1181 481 1153 680 1115 856 218 83 0 1024 1057 55 1201 321 165 90 553 511 85 797 997 561 891 868 633 661 960 429 422 483 1185 881 865 591 834 448 456 948 279 1141 671 680 552 56 666 485 1054 963 422 756 438 333 238 1163 202
1199 735 944 171 312 505 1090 182 572 715 840 594 1001 16 165 178 71 986 969 648 605 470 740 512 13 358 615 258 423 77 136 476 1191 995 1199 18 655 994 1030 19 527 637 77 261 179 469 63 128 1082 841 982 510 79 458 1038 736 14 525 617 1007 431 200 959 433 435 1150 455 573 657 1068 250 892 893 51 973 654 625 894 106 490 733 88 36 1022 248
255 422 150 912 517 39 92 124 563 181 623 172 253 655 910 855 162 1158 336 1053 163 968 964 960 967 113 1180 969 390 353 11 414 222 853 643 392 955 1031 184 288 143 332 529 277 11 51 757 421 437 1004 1125 1129 805 1212 468 1197 120 89 1033 878 191 818 1160 416 595 653 1118 98 810 29 917 131 1183 232 15 1187 1153 772 623 718 784 1087 447 596 514
970 1037 239 744 408 538 1196 612 431 901 114 206 462 284 1019 197 2 868 533 168 552 572 151 864 971 707 482 324 484 1066 626 266 584 440 176 164 1035 829 883 123 442 286 406 958 1142 445 1168 807 810 1157 683 1075 27 715 126 947 846 258 545 205 208 686 1036 981 216 88 988 573 464 168 193 51 1021 32 1117 1135 818 802 178 145 582 70 559 461 462
168 563 701 1021 715 775 501 1131 379 238 449 511 247 173 208 950 189 1132 565 842 344 557 1097 575 1054 1102 95 366 1171 826 467 631 742 1017 93 1130 645 957 804 54 700 755 72 130 873 286 516 194 239 714 18 899 816 533 211 764 363 285 229 244 635 742 524 978 936 386 1034 381 1205 191 893 552 1052 41 1121 494 58 59 430 137 511 831 440 660 327
288 138 300 347 1153 1104 465 1157 852 151 28 171 1122 301 42 743 335 1028 320 663 1052 404 810 604 389 591 961 550 1191 452 325 799 392 662 757 289 584 911 957 1040 604 784 521 982 1158 1144 200 259 781 442 390 440 110 275 317 1133 307 163 374 552 801 802 505 600 496 501 758 1035 169 489 1141 823 115 219 209 1191 194 233 208 85 255 1171 678 1071 845
552 510 243 369 365 1126 76 492 683 564 1050 115 572 221 988 501 1059 516 1067 144 1018 679 775 929 180 779 311 622 4 1210 357 1097 151 758 601 1181 471 465 525 571 404 561 785 600 1175 303 867 1070 703 1078 264 734 585 107 587 679 939 620 325 1165 1186 1120 488 248 492 176 127 1138 239 686 455 801 1153 751 249 690 876 1179 311 874 654 70 555 823 101
942 662 85 1071 466 914 1194 595 332 471 567 785 1094 751 713 37 510 534 802 180 1047 395 491 1177 89 513 1181 990 319 233 17 1186 502 81 481 1010 1008 629 95 222 886 971 857 12 32 310 552 430 547 516 424 801 991 599 64 1148 736 631 787 849 359 376 695 300 1067 837 871 977 231 149 1008 824 745 427 856 37 46 199 606 375 611 1197 252 326 324
576 272 35 925 567 579 198 308 444 523 1026 653 277 287 1158 58 62 217 354 519 321 155 597 1092 148 461 1037 1031 1088 427 979 1193 948 836 1144 73 442 39 691 1199 675 437 813 682 301 60 374 1100 811 668 1112 888 767 665 647 891 741 895 911 631 550 7 897 720 930 1125 203 1049 477 1164 438 113 34 63 768 44 421 102 209 427 1144 307 1183 1078 374
865 887 1110 49 691 811 679 1043 206 444 891 130 824 969 222 201 1030 290 237 333 236 569 943 906 82 560 284 401 924 531 131 802 236 554 669 50 797 480 486 273 153 637 335 982 98 1123 157 734 549 396 881 438 423 1008 9 103 327 797 978 971 300 353 941 593 133 391 359 847 862 135 383 1002 996 793 520 1025 833 470 1146 684 1182 445 1043 17 768
191 1139 276 381 48 681 73 277 809 591 285 466 107 42 143 689 466 1113 389 357 522 988 406 1064 714 52 982 356 1047 44 929 551 690 617 211 209 157 1116 588 1097 819 470 681 844 512 147 1097 1080 235 561 726 1005 1100 55 539 875 461 61 908 278 893 772 932 738 440 1050 498 739 113 662 1022 48 1168 1085 767 646 34 324 1180 283 1072 998 498 1005 1003
1197 1172 469 630 353 1163 209 974 862 171 0 595 368 243 284 433 983 594 110 375 974 618 159 574 158 121 700 1034 638 30 247 1010 745 200 646 1152 1047 1201 622 117 617 611 997 330 537 584 1196 207 0 880 523 865 945 461 855 624 254 1011 1008 531 1047 842 269 1155 318 11 54 333 312 672 1156 267 352 894 1177 1092 980 256 1098 575 471 1053 333 663 888
18 877 1102 172 997 1197 1038 793 954 352 966 89 679 51 182 735 285 555 1002 248 300 67 55 1132 461 639 727 1063 5 149 855 307 982 359 291 101 906 686 554 97 220 183 166 809 407 604 212 423 670 932 84 657 944 685 502 531 937 1074 1165 634 763 767 1032 311 297 56 142 317 847 678 1141 365 267 772 1092 117 302 1029 128 792 695 624 994 331 670
889 505 311 168 1202 1122 866 498 61 569 451 625 1174 388 701 278 1004 922 572 811 123 111 420 811 1173 410 419 365 283 1118 733 200 37 1134 781 57 364 257 484 774 128 66 1081 213 363 154 832 716 250 656 405 608 100 654 105 1054 926 473 435 1014 235 699 251 233 534 805 457 185 735 218 228 794 1144 911 23 1176 428 1027 960 28 247 1005 911 903 20
898 799 900 909 119 92 172 335 606 468 898 173 780 182 298 1179 200 778 488 1210 798 229 189 420 1129 368 757 183 26 970 160 838 192 131 417 1097 138 624 594 840 582 994 834 970 490 6 180 1046 1111 498 605 391 540 597 836 794 708 754 1155 678 356 651 740 57 671 563 777 349 95 319 807 359 1189 714 1088 365 617 769 53 1080 524 501 640 430 1042
276 1149 979 443 631 771 1087 1033 4 93 1147 1142 660 967 174 653 278 36 1097 844 476 697 302 1033 1002 32 830 976 363 1176 157 358 6 1068 35 1106 841 1041 684 491 589 280 870 439 355 474 1188 1055 795 542 715 474 525 229 59 631 834 129 1122 38 1187 709 50 56 213 80 336 187 554 471 696 561 1129 419 352 163 317 98 227 1161 1128 302 58 309 922
56 644 324 104 6 208 795 517 798 741 73 293 821 350 476 1083 906 68 41 861 36 248 421 189 969 102 1190 986 1196 526 1047 242 405 410 935 164 67 668 324 506 698 972 924 671 1205 1035 661 787 111 1177 538 1050 597 403 382 484 836 201 1163 559 152 822 73 517 356 862 34 299 195 809 116 665 1089 785 923 375 358 300 893 657 927 657 587 641 547
574 746 1126 669 1196 262 590 905 78 574 981 219 741 774 992 753 800 298 678 825 161 629 251 250 188 356 839 655 283 232 1173 754 333 433 230 1100 598 731 870 346 242 282 1099 87 800 973 1019 451 207 1166 39 351 897 919 1153 566 660 832 849 307 754 1017 1134 223 1137 633 588 582 977 516 278 1031 1008 649 723 1160 993 1066 796 210 851 548 647 213 35
259 428 560 858 131 310 1083 984 548 608 725 68 621 1163 579 841 618 948 967 1121 137 780 191 967 128 210 227 845 849 914 584 1185 847 1150 651 1016 195 604 920 89 729 997 256 527 44 585 474 486 113 764 837 402 1102 1053 941 405 359 1166 1164 309 325 901 24 1007 582 834 320 437 1099 1209 574 1151 180 76 462 674 256 514 385 382 115 907 214 1082 1014
335 96 900 1000 654 1139 37 515 408 608 970 319 442 956 635 243 924 1102 231 298 953 343 752 1148 205 289 904 474 595 710 380 668 581 281 221 928 986 1014 948 171 838 398 880 399 469 725 497 1127 611 911 345 387 817 117 807 199 1130 1092 1080 312 565 467 940 368 150 392 557 804 1023 398 761 1089 488 111 73 1205 772 568 40 130 639 80 230 812 296
1173 1095 686 124 957 429 365 311 423 1170 206 891 683 1143 17 410 281 552 922 1068 1106 506 516 843 1176 732 1054 241 1116 200 1074 1077 861 1200 754 1075 555 419 950 1049 1109 995 1002 226 377 179 412 290 191 1103 218 762 544 134 826 977 228 221 863 362 899 578 1130 909 765 1033 481 608 276 893 922 268 1107 996 1096 837 829 1106 1155 347 1000 709 893 361 528
924 893 124 294 692 506 369 592 996 418 605 1144 990 646 418 849 106 735 547 1158 29 1149 283 860 529 813 853 1093 450 102 163 403 495 801 1008 801 495 1073 803 774 335 343 370 484 72 520 5 1139 945 960 76 1090 476 504 617 758 605 780 757 627 1038 185 214 480 1051 984 549 1151 1011 918 361 314 608 1031 392 282 416 326 614 712 1105 591 883 608 565
25 24 611 836 704 639 483 178 1040 602 941 623 129 414 1052 714 115 1114 548 708 748 850 685 444 803 348 381 971 1043 729 974 696 991 1178 54 1126 648 413 364 955 1188 632 979 563 113 913 2 86 779 363 790 565 51 404 509 324 866 281 876 844 620 717 186 702 763 288 299 415 379 517 610 159 534 818 224 1190 536 821 1115 503 89 809 902 803 634
536 625 162 367 91 604 433 1186 1165 794 121 950 947 667 369 187 435 780 1153 157 300 239 1166 20 662 591 763 234 143 1048 794 348 977 818 143 150 369 19 743 207 1045 659 804 777 163 879 417 297 615 173 779 857 215 504 48 143 1094 1114 737 1074 192 538 258 251 309 315 569 1028 390 697 751 852 626 655 1017 1056 1136 309 68 948 467 1192 363 1041 578
548 1111 32 886 11 804 786 249 788 915 869 1181 727 530 299 76 594 720 884 443 612 241 246 47 929 387 1190 432 1106 346 33 1027 604 849 713 1148 128 517 70 462 247 431 433 850 475 1194 103 538 24 268 673 889 21 110 1188 1171 1057 450 64 592 103 80 889 1190 299 642 1033 320 446 204 575 1085 434 286 315 535 163 233 375 502 986 284 489 166 57
978 346 39 715 807 962 120 495 894 435 129 614 1201 730 118 737 880 78 960 1152 632 241 837 813 479 752 859 498 199 657 998 794 309 969 832 186 603 916 155 169 318 469 211 29 65 24 805 947 826 1177 8 750 172 60 190 463 482 545 349 1009 1209 790 17 564 47 608 408 660 231 813 602 818 280 84 91 1020 1044 92 561 86 281 46 471 644 48
480 693 715 703 1183 560 1030 671 1076 18 796 58 791 855 583 255 1023 738 301 1067 1033 696 81 640 914 545 590 961 990 74 6 47 269 95 372 406 566 463 216 271 176 549 1030 1038 945 644 724 182 441 1169 1035 164 1018 2 270 441 1134 330 951 998 580 1122 591 1185 818 1174 629 284 629 69 993 409 325 63 136 520 215 883 910 877 583 868 330 1022 1126
372 1070 917 448 908 297 496 209 976 950 445 1016 959 1168 859 1005 1134 521 783 595 1065 560 613 996 481 1091 987 262 300 846 549 111 914 364 255 324 935 11 170 549 560 978 512 597 398 1164 491 457 1045 60 477 184 732 166 953 1070 782 1121 913 1124 849 40 641 624 564 903 739 120 135 1131 338 1200 937 1076 911 405 948 1081 960 312 45 214 193 936 8
545 201 739 497 494 647 540 365 395 318 628 1060 1045 557 783 779 1032 1118 828 662 900 751 316 382 598 527 523 371 67 1140 998 373 551 1079 270 685 325 687 1204 541 563 824 136 55 1133 326 1206 303 73 1040 72 119 153 1011 688 1086 52 78 517 927 962 537 1159 956 1154 1190 712 519 1084 735 54 1198 669 719 314 383 613 166 67 297 196 1070 706 279 1025
1178 640 660 97 1079 1009 415 75 972 297 465 827 64 1136 1206 13 480 1124 1076 59 114 263 1106 648 321 636 687 445 816 518 113 263 945 1016 513 875 626 806 945 572 464 1089 666 315 1069 1132 106 568 498 159 246 386 933 657 1073 570 1198 498 765 1000 431 236 506 661 490 1014 877 1064 862 1106 366 463 464 159 399 700 183 825 770 655 288 682 658 980 461
497 58 1064 210 103 974 1189 1042 282 980 864 1178 836 810 1146 1128 652 187 720 1181 453 69 188 825 81 283 64 508 328 85 560 739 1039 786 234 918 306 2 167 437 37 910 191 662 528 967 860 563 498 762 1165 1202 1131 135 449 1160 1197 533 1037 52 369 140 515 880 455 1109 670 91 916 464 809 748 570 1035 101 97 330 893 357 719 1086 256 1020 273 260
1045 1196 679 590 707 215 970 1134 502 949 1209 1096 960 530 712 370 774 40 1188 58 375 270 318 102 125 585 101 108 477 803 857 489 9 379 40 657 1093 785 843 164 1173 570 334 1177 775 933 299 1094 21 80 822 390 612 988 997 111 876 54 130 409 231 837 214 430 921 62 710 420 73 1100 925 978 841 796 469 1115 1044 1070 451 150 795 1081 959 54 333
794 1151 159 13 783 1107 719 296 741 824 1077 811 591 586 119 268 849 709 943 214 711 997 754 548 932 469 302 999 6 717 0 387 495 548 1085 1189 1195 1166 925 181 1045 1106 857 1170 1135 704 574 453 528 531 300 364 387 444 843 174 200 151 127 809 189 332 639 496 572 204 690 1116 551 302 673 1142 340 283 1184 1205 467 109 214 685 779 709 1086 1087 484
1135 567 261 121 1199 356 548 785 764 294 605 649 1197 596 81 1012 1124 710 821 400 163 12 761 79 1038 531 900 290 29 326 569 643 130 867 1110 537 725 419 500 574 423 23 967 850 71 435 1049 683 987 73 901 784 1160 185 546 1208 1153 105 1022 293 1007 441 907 42 483 725 265 965 1147 502 556 425 261 96 631 839 736 438 956 142 194 1050 228 366 638
541 977 158 186 414 588 378 943 333 184 385 720 328 834 0 522 339 242 1206 312 945 436 88 374 407 321 867 96 3 1183 313 751 325 1044 1043 903 596 582 664 687 959 582 235 78 112 406 464 846 609 942 871 578 536 789 731 106 1059 544 805 966 793 150 788 145 979 445 499 1178 1026 637 270 826 232 1199 1034 174 468 415 587 487 677 502 512 661 358
1040 114 30 487 89 990 1132 823 989 1081 95 1208 730 1110 454 715 1073 921 607 1068 49 386 572 187 455 198 129 28 152 1018 124 470 227 246 830 922 1013 1082 265 1045 645 675 821 111 430 493 424 484 94 1011 642 311 552 10 766 405 957 708 787 188 784 618 264 689 504 1189 661 1024 419 770 41 1139 1010 338 990 93 382 128 724 625 1035 391 848 640 314
556 566 520 1180 1204 774 1003 346 105 131 818 408 706 678 134 489 896 130 279 1007 45 575 895 1019 295 181 177 994 606 1135 577 990 325 164 114 787 706 343 948 1012 89 1006 231 646 401 686 1027 1110 126 526 352 1077 1038 503 359 358 208 899 833 264 485 477 51 698 871 980 350 380 542 1139 59 1080 666 261 153 195 1151 269 1005 149 29 244 384 353 744
156 844 458 484 298 496 1104 715 407 188 361 710 168 195 710 669 258 887 270 1139 501 326 1007 256 332 1129 610 372 1146 1133 1016 1163 1190 515 845 865 221 133 1186 664 8 50 1076 737 411 641 643 131 210 1120 597 814 152 373 130 65 98 1134 1192 1164 997 1205 216 489 143 85 850 1023 892 885 747 921 248 481 721 976 51 607 325 280 836 977 375 662 1191
245 188 123 366 263 316 33 968 469 886 1136 696 810 1189 757 601 228 722 645 940 1074 646 1025 714 889 823 447 668 207 832 412 454 390 250 474 455 398 1015 1138 645 597 18 541 11 1118 421 986 12 546 997 939 152 942 657 687 569 107 411 850 216 1104 490 1040 793 612 59 537 734 921 1149 81 258 390 805 247 726 329 508 63 900 445 419 497 778 867
586 406 1138 518 652 591 428 747 794 1119 781 1051 549 1022 510 5 1212 1078 454 599 603 772 1192 156 1197 1156 77 962 425 946 1005 747 86 1002 376 1065 1002 584 968 419 1035 550 813 176 252 1142 949 922 305 214 9 146 81 1024 847 870 134 289 300 159 230 232 22 602 126 628 1024 719 963 768 1038 578 1122 590 1091 64 914 722 1105 910 392 281 519 1174 977
941 1099 648 608 326 895 22 3 174 149 253 1093 359 207 16 528 463 342 247 471 1117 170 1025 884 1142 851 305 1071 239 936 278 1148 388 257 1101 565 763 548 617 1124 519 1170 263 249 666 938 1004 850 429 1053 116 917 158 368 1138 280 862 646 930 386 110 714 483 794 813 1002 574 263 1167 337 359 867 226 731 564 586 502 692 1150 301 55 279 713 935 260
365 1108 353 1101 451 517 433 536 1068 436 662 869 1174 828 131 1079 75 626 426 1018 1038 18 389 311 848 808 87 286 968 699 1115 1166 173 1127 347 316 1183 991 354 103 336 426 329 668 1109 354 382 1134 1061 1100 1167 552 736 374 1117 278 417 646 981 558 1207 47 333 636 932 1044 437 606 63 578 92 956 755 415 19 871 950 432 460 1035 776 855 1022 39 1057
675 286 919 698 266 1188 1168 761 622 414 860 358 628 1026 917 620 979 590 835 869 353 493 900 707 219 371 724 273 269 951 550 174 1004 502 741 742 358 734 561 788 745 1185 755 395 425 332 128 972 660 409 360 269 1074 883 1190 213 224 260 105 2 275 1153 1183 496 1174 24 937 1120 648 1095 160 717 1176 625 200 830 514 297 298 800 901 1033 1188 15 738
483 34 224 891 594 172 747 427 428 865 378 913 899 27 383 634 853 1083 267 187 456 178 579 293 995 367 1201 987 342 54 51 892 613 767 622 711 762 1129 314 504 619 82 645 600 773 588 183 425 19 34 125 949 685 913 1189 291 831 827 300 750 384 462 499 116 506 76 269 1189 931 297 946 15 190 1154 462 194 875 739 177 933 63 740 44 421 494
228 107 597 394 642 128 635 1095 411 185 194 387 514 799 273 473 1119 716 1114 829 793 1134 239 643 939 61 723 687 670 1117 1086 694 870 364 404 568 420 313 144 187 10 447 373 769 965 1104 615 388 140 519 540 797 945 1203 226 456 1002 143 840 747 651 252 707 795 879 868 212 278 1156 1080 721 117 202 823 367 218 883 1184 821 1059 701 234 895 621 929
250 626 552 597 1106 542 53 623 827 445 182 455 138 908 33 85 6 136 1196 213 686 397 848 893 1062 644 65 940 205 767 338 181 5 108 1035 1121 223 964 593 497 1079 1040 392 655 688 970 510 1195 466 845 450 538 946 75 959 148 649 208 764 330 1027 683 1186 898 146 748 924 859 411 1046 1167 839 991 1150 872 668 92 224 1149 547 1149 526 1054 936 119
1167 1088 1121 749 1110 832 621 682 725 649 323 323 101 203 602 24 795 771 1018 137 58 756 1063 425 71 619 74 942 837 314 601 927 169 646 244 131 567 812 594 722 320 15 783 1136 486 72 796 412 656 726 838 189 66 800 357 78 808 920 722 1045 1101 1058 890 1113 205 339 1117 306 51 36 972 730 560 813 1003 736 59 939 616 86 55 1198 294 1108 219
805 677 796 635 1057 356 787 1160 689 117 162 1086 839 880 361 651 491 1180 847 942 995 639 851 426 1123 1028 1057 101 654 698 1079 208 5 833 1001 845 1153 245 675 794 451 928 634 589 401 605 460 732 542 628 411 1058 951 791 502 827 919 72 937 207 310 102 244 234 553 494 216 383 663 1056 929 200 1204 679 26 1074 1035 870 76 1179 604 554 725 300 598
377 933 553 522 306 684 302 868 273 960 714 851 708 180 733 652 478 790 273 214 618 755 972 413 775 646 789 459 171 570 661 995 841 190 873 675 985 819 805 1067 162 625 5 30 34 378 529 781 251 895 532 540 629 511 539 935 582 281 239 423 490 387 536 1204 165 1102 232 36 360 889 1071 230 33 1074 875 758 1076 593 929 1140 1198 1136 930 71 1
146 814 689 318 658 1003 214 999 200 136 453 1075 990 787 972 344 1052 1053 360 890 1136 441 91 90 635 166 329 259 491 634 935 15 337 289 478 936 505 314 261 961 57 704 1082 1044 244 237 224 935 808 911 863 662 769 393 505 749 791 789 295 221 120 583 663 164 122 387 781 23 731 444 419 977 532 181 728 391 669 959 149 512 371 893 362 485 1173
632 806 628 109 426 420 622 383 1046 1135 729 1171 736 173 1128 1097 34 894 463 586 799 282 21 29 324 287 231 1168 66 268 915 130 366 929 596 133 342 1035 442 350 233 230 390 593 954 1097 778 682 1158 1192 47 1119 26 1025 1040 634 732 250 310 666 178 165 138 783 1071 1059 892 101 1121 205 862 793 742 639 486 514 397 919 731 317 387 342 762 399 1003
59 1151 516 1019 213 823 1061 586 892 26 763 965 555 1063 588 258 164 672 917 650 384 971 82 19 1 491 128 1101 455 519 757 410 835 859 511 932 1042 513 1118 1057 502 586 943 597 367 312 879 88 486 411 789 493 220 1145 787 296 671 923 1056 1087 1094 857 472 671 270 880 1078 460 490 345 766 1010 614 16 51 208 535 552 308 372 671 633 66 869 216
41 1195 1101 27 694 1018 528 815 1040 710 586 1032 451 470 1053 278 1036 1183 1068 1198 401 755 1046 747 440 406 597 1093 972 273 264 126 149 478 1010 246 275 491 1128 802 1154 759 1133 52 195 1023 678 680 781 440 186 633 380 18 802 143 532 497 321 1188 771 1161 963 484 1212 522 457 232 332 1202 666 138 528 631 494 59 455 601 352 273 1180 316 1188 919 798
403 625 486 1071 498 1035 384 133 1159 947 298 686 329 596 1105 1192 844 823 80 936 565 349 9 1057 287 515 923 773 981 492 501 404 269 199 1169 913 922 965 535 12 1046 186 983 1069 203 455 594 1163 1169 921 904 719 337 39 439 206 517 112 858 514 789 584 136 308 222 984 858 688 93 583 321 1070 171 608 437 1157 449 193 857 0 383 632 200 715 861
153 191 1050 856 865 1095 674 829 683 641 530 581 1032 543 711 715 763 86 42 1094 206 209 479 1014 194 503 1153 647 1136 689 660 512 139 179 873 405 1172 190 1060 1042 802 332 409 136 536 513 581 1009 127 27 816 260 378 1147 96 784 240 404 1061 647 506 324 646 350 430 148 661 167 147 909 761 365 1179 422 879 865 136 860 105 670 149 735 271 729 159
1001 1048 915 71 288 1062 895 231 140 178 688 387 142 60 771 670 1055 136 872 773 75 1030 387 129 76 1187 454 544 1182 1198 1152 779 434 160 370 322 1010 968 645 101 186 309 714 200 755 91 1015 1079 235 532 1020 98 2 1064 613 1188 713 791 1129 1007 177 186 412 1135 489 727 57 949 663 366 157 494 1008 418 195 689 968 604 599 1079 290 266 285 771 1068
944 335 118 744 375 225 180 1123 1111 461 881 672 962 734 878 529 1098 1182 109 1049 618 120 55 558 550 1006 26 541 1005 159 1030 491 1132 1021 1121 846 633 1110 141 988 1123 751 990 873 1070 1061 158 835 424 33 45 714 582 814 562 889 1120 1208 253 167 1183 1200 897 463 259 546 1186 267 8 337 741 118 850 252 135 205 1137 1161 106 666 843 869 672 364 168
999 1015 137 589 906 1037 196 485 715 895 745 143 719 43 353 414 632 549 651 475 792 249 133 477 711 495 454 531 688 351 187 404 228 55 1144 1129 182 1104 1083 1124 340 860 193 4 428 869 1179 196 12 695 1128 1130 1113 396 532 1116 977 108 437 1189 886 725 589 914 1048 601 774 661 601 118 437 10 1042 659 1064 85 889 243 451 197 358 869 259 917 294
479 124 426 997 987 286 842 1176 180 272 1099 951 25 678 921 1014 484 290 229 175 475 305 496 703 730 612 1094 983 450 2 743 440 812 725 972 934 67 411 21 919 641 746 776 676 857 199 329 267 1058 803 934 57 46 787 996 62 362 248 31 361 743 476 249 675 1109 153 412 377 613 96 1178 158 948 1090 49 625 231 831 849 589 733 694 520 1057 1163
693 1012 403 858 438 793 824 283 30 254 419 621 352 199 306 998 799 744 524 1023 973 157 906 210 96 817 1056 488 148 895 892 315 145 247 274 362 678 566 573 569 936 1071 779 602 990 1208 591 375 315 548 573 989 1098 239 814 325 571 553 557 111 809 1061 976 877 1123 141 445 1163 1198 1166 1180 502 566 575 1150 441 752 272 29 462 889 264 83 421 1046
7 123 330 898 357 954 305 244 1162 372 1034 659 358 1025 549 136 464 26 48 424 307 772 1079 1095 490 189 153 260 1150 973 743 922 956 1133 725 711 766 255 566 333 818 482 908 1085 1090 12 858 102 752 1065 531 1187 709 477 957 5 394 723 651 871 0 887 760 187 1054 797 464 405 703 575 674 104 1143 877 1054 1112 308 21 226 46 992 519 604 416 908
1113 1059 1183 229 658 319 259 1062 207 699 555 907 1191 301 945 771 516 362 985 1175 217 826 1193 1031 19 985 796 683 1059 723 357 856 131 351 571 1042 549 751 1179 306 528 50 187 200 701 762 1022 82 1179 1131 643 178 415 579 1124 992 112 745 921 683 32 1036 1107 1025 834 734 307 853 927 789 687 956 588 1179 828 430 335 468 1067 466 703 680 105 1064 805
148 745 489 959 166 454 795 167 372 72 198 843 646 945 1048 311 743 468 697 970 583 1031 289 29 387 797 1059 856 1115 836 328 61 702 801 901 70 1124 362 1189 62 870 401 309 196 85 594 1090 181 189 870 1000 981 675 1065 65 943 998 996 931 330 658 852 188 862 493 506 709 401 1210 477 827 277 849 726 478 1058 995 731 886 64 155 447 296 310 810
1151 165 269 70 860 794 1131 811 816 814 148 1035 1144 842 574 241 325 311 489 405 0 807 1201 839 821 286 247 338 178 704 43 455 1085 277 345 1189 201 386 284 262 331 1099 1132 966 1037 629 199 704 30 1174 165 316 653 976 134 1069 548 1086 324 1172 453 536 534 774 320 111 962 529 884 295 872 1142 972 554 768 904 777 760 153 812 860 1035 873 485 1106
31 64 654 1133 1137 912 514 225 496 1124 578 1175 959 981 388 487 372 154 761 911 215 883 8 865 842 1142 1089 131 236 241 1186 1012 365 891 305 1087 463 232 1066 560 1041 692 753 31 175 35 105 995 1050 577 309 631 522 677 715 30 1144 805 864 90 132 403 881 753 898 1055 605 1185 1184 1055 21 303 172 635 509 281 1183 357 1054 494 977 36 838 1136 359
542 172 114 181 513 1185 738 984 895 1161 325 15 518 1182 678 775 863 831 802 116 867 958 1019 159 391 9 5 544 971 439 252 107 135 1063 233 684 228 269 368 833 592 950 1166 854 909 1188 318 1153 375 950 902 15 340 308 271 383 701 1156 641 162 579 1032 748 20 484 805 696 311 853 978 857 375 259 337 475 374 134 1200 455 408 355 543 1115 599 422
1190 656 1067 1028 176 148 152 488 906 447 836 598 629 1053 615 622 337 906 923 472 866 650 1058 569 273 328 202 84 547 1185 561 520 382 736 707 796 572 790 589 564 56 768 412 1116 658 1159 1134 100 97 205 37 25 23 118 193 516 171 382 352 309 1081 165 193 186 386 123 1101 307 697 530 27 1083 199 50 549 1211 669 296 737 1196 895 1119 935 439 733
2 892 499 711 107 42 586 245 728 401 475 741 13 503 1141 751 932 169 856 1061 1104 814 877 438 179 963 1183 581 1099 1028 622 746 885 277 1022 748 806 851 353 1121 595 1069 1071 829 711 1091 1166 784 199 151 91 751 365 179 281 192 667 332 489 1028 605 757 694 234 984 1141 1188 453 1086 7 514 894 1059 620 779 117 607 536 348 1001 581 859 1035 264 491
811 129 440 1090 598 415 867 644 192 1166 410 221 421 917 1161 594 973 890 310 96 249 58 162 771 607 562 568 1016 751 545 798 289 1104 72 508 761 4 30 1212 1149 1152 439 679 572 1018 11 1104 1020 821 1043 1096 712 476 606 937 100 185 1147 493 1083 616 751 1110 907 785 357 520 728 293 293 82 162 1066 136 219 774 1027 113 816 443 29 1160 892 578 656
356 500 1136 709 797 137 32 91 514 267 12 1001 1191 738 53 1085 301 97 1004 240 534 331 1185 592 1207 423 419 207 345 631 183 633 674 1110 412 1103 868 206 1199 163 221 591 129 65 109 757 86 342 454 275 15 551 289 106 1014 911 1031 485 112 426 1074 847 889 513 578 872 320 647 1097 468 877 342 281 690 1114 342 569 546 121 672 1202 307 1204 239 1196
692 353 292 516 728 225 275 784 799 264 671 1064 1114 991 145 985 1159 661 621 102 894 1180 1176 680 596 611 92 904 217 1100 457 560 537 583 1172 64 1112 114 137 934 743 284 1122 290 137 980 766 203 9 926 474 333 192 598 1143 959 540 808 808 485 31 480 558 641 509 146 314 1105 1181 838 176 1184 236 1046 1015 664 404 768 687 911 1128 268 554 498 618
189 1152 93 614 1089 719 816 347 503 885 78 1126 460 1104 288 77 1134 388 718 1129 954 956 547 552 704 399 925 563 668 0 722 71 584 582 523 515 677 1016 756 395 1208 250 1149 309 687 754 408 236 838 1060 244 564 771 669 452 569 151 982 297 70 361 843 739 395 39 752 154 352 485 363 593 237 749 699 131 415 31 1043 957 627 525 818 659 1064 611
602 1144 974 196 1144 1103 5 1022 289 53 1171 663 187 192 217 504 192 824 1141 588 713 899 200 274 622 842 1052 220 388 837 705 410 41 168 270 606 80 733 215 1013 1164 277 700 335 812 771 413 192 1157 476 814 1174 924 478 858 330 240 864 449 285 344 151 377 1156 469 114 479 506 1163 482 939 332 106 731 224 493 188 247 731 63 324 1016 1169 909 683
723 845 766 231 378 145 1038 795 334 827 168 1097 816 480 724 550 560 74 1066 505 127 890 1047 1065 658 345 442 206 951 843 478 694 641 54 988 1139 1060 11 893 1148 542 693 568 616 754 596 145 1004 1107 778 1203 919 1114 847 234 1160 966 135 544 729 96 92 672 452 656 510 923 630 369 982 404 665 721 1121 1099 57 704 979 19 475 863 792 1118 456 1194
715 964 271 439 256 451 295 760 918 1199 330 522 1038 129 1042 205 797 676 4 1118 282 1045 794 1157 391 391 9 947 183 1067 431 1078 793 369 618 15 641 554 965 79 347 698 1054 120 1179 763 843 362 102 232 1027 554 785 1062 723 1143 844 460 496 278 51 745 1192 368 156 260 395 338 914 707 741 47 506 27 406 606 109 12 778 898 1170 965 460 703 719
646 954 529 101 197 814 656 29 1181 745 441 792 1054 1060 549 347 615 704 241 1180 13 1103 320 237 948 619 76 136 772 887 661 991 1068 177 169 917 859 650 881 935 898 628 7 1057 423 1060 603 911 395 40 719 863 582 189 365 1005 412 723 923 706 731 1181 72 1105 1195 551 1137 418 690 661 964 297 686 882 360 534 1099 596 222 312 389 624 232 527 461
1133 1107 876 759 520 396 462 192 547 528 522 1147 812 1002 768 503 361 163 795 102 322 410 1119 274 724 794 971 20 717 743 163 102 220 654 35 470 343 1039 117 694 1111 1034 527 331 487 104 323 720 854 1196 885 516 1024 752 211 183 810 209 34 207 854 782 250 1056 417 35 205 923 573 967 453 546 1108 456 7 200 274 1033 106 664 1088 744 649 923 265
170 906 1167 580 794 848 680 652 227 719 1002 1205 976 370 985 308 223 294 1031 1058 8 764 585 422 107 636 17 781 123 944 296 808 730 777 1178 978 8 380 464 1135 101 973 729 143 819 185 881 342 961 1189 567 805 578 1056 631 52 196 112 1080 255 313 173 574 554 171 700 860 22 165 386 1178 282 1163 456 102 921 387 697 406 195 1075 722 97 893 255
707 1097 659 660 91 1005 1062 268 273 314 1181 1173 395 1142 469 1121 246 230 1080 454 1113 1007 419 820 261 1097 61 959 881 366 1212 1162 1053 812 223 1062 230 668 1061 1154 138 601 389 817 985 383 813 826 623 557 26 406 964 679 557 127 1209 153 204 959 314 332 904 667 1207 1130 717 1175 86 94 511 901 557 838 531 115 1034 553 199 507 76 1135 105 1148 1098
