100 26539
9129 24190 15045 26283 3090 20519 1275 8532 5107 18126 24398 24850 1858 23139 25769 1399 24319 6527 20071 14506 23193 502 17530 17966 577 20255 18875 14530 2926 16016 1921 24974 4898 23949 10379 4446 21191 21014 8528 12050 4024 12955 5779 24898 11820 12862 17914 12777 4686 10467 2256 14438 6441 2804 25893 21267 22513 9372 115 4516 11808 10629 2624 4464 25452 15255 11731 3184 22854 15289 20344 14289 17196 19855 12158 9338 689 2948 14206 11445 7114 1038 1440 13519 19267 18087 21117 3672 19096 24865 9535 2318 10794 1329 9038 12862 4863 25150 18143 20869
11106 17505 22683 7810 7516 15449 2675 9094 25407 8256 16932 5868 18719 8143 18255 9213 3220 22424 6303 7084 24363 24205 3429 14295 26363 24297 6180 1881 7505 23205 20035 1414 6198 17532 19939 23305 18040 414 17770 10557 26072 5353 26274 23706 13601 8683 22637 719 4088 7629 17656 5040 1957 7238 24463 10203 19881 8159 25673 3422 15955 11142 16747 24196 10959 3599 2103 8467 10331 14592 24582 24010 22769 22868 12600 18781 21782 10275 888 21175 26060 682 23623 22859 11740 8103 12358 6677 10393 3077 16823 23320 13628 3600 25080 3918 10888 5701 10735 18244
2786 23869 4305 23168 17453 14501 8862 4403 26412 591 24819 6865 25676 22914 24733 17689 25891 16628 7555 13716 2482 6696 11710 14324 4955 15805 23525 1749 14433 5332 11533 1389 5427 16546 15101 11004 8607 9395 25387 25947 20861 17986 17289 26345 2889 3531 19029 17126 10444 8974 26211 25124 12140 17492 18294 18470 6403 10622 24631 9071 4128 15359 5892 26135 5152 18983 5518 6366 5465 10538 14827 20487 2325 24699 9849 12127 20225 4521 8515 25427 22314 9493 6496 25909 17425 3232 18541 1220 6498 6979 24154 14642 3616 4435 2808 8960 1032 2509 7945 182
15002 21665 21891 19581 18174 3533 10174 5667 7359 2037 7002 2793 21748 18388 25788 11209 15288 11790 16686 7717 1593 19841 26208 17200 7062 3265 17437 26515 23722 8375 24986 14711 351 4877 20525 1402 1636 25622 8864 13662 14148 5791 6827 7596 23119 7371 2562 25619 23642 26029 17553 21893 19922 4640 18159 610 4147 22332 23319 21927 9578 12306 16808 23446 15834 15812 14562 23294 5081 331 4582 4222 134 18907 20985 21527 2986 2401 7242 5970 2740 13357 16752 10498 9263 10700 11751 4283 24253 19420 8589 1719 5780 11368 26315 15995 22604 6986 9497 21828
7824 488 12287 16116 3355 173 5482 4431 23723 244 7171 1561 25888 2912 11353 15400 15404 962 17428 10778 20944 21223 26370 20259 2785 23314 15250 5473 21356 20849 23071 22102 21103 17226 16340 540 22236 10826 4826 8084 13721 2650 24379 16423 3006 7571 11282 14432 16561 9525 6958 4184 2460 949 25291 7411 16968 6179 6201 25980 23432 4496 22694 10491 6712 12888 13230 18626 4235 8398 10945 23992 10807 6013 25351 18067 22889 10116 25763 21969 9368 7929 6395 25263 20047 19023 8389 24368 4204 15891 23853 24615 17128 20287 24318 19998 13236 13205 19988 17653
8685 7362 1897 634 25662 18997 14007 4151 5125 4857 19862 25103 5007 25973 8415 12565 13848 5344 26385 19584 14122 25982 550 12801 1783 5370 25150 1141 13216 10877 4893 13348 350 15783 4635 6576 17942 9053 479 12145 21908 3480 7112 11403 102 14258 7635 13512 24271 15563 13010 22303 3448 19585 24397 26015 22027 6673 26122 8117 24589 18351 11057 4166 2579 10559 20013 23357 4379 6767 669 19273 4255 26498 12915 6664 15002 6311 22237 22270 23195 19602 10128 1912 6761 15211 8424 16021 12655 16960 9028 4316 5563 16411 4814 4120 23405 12638 6755 5631
18715 12094 23330 23253 4885 5435 15991 5529 9061 11535 2044 25833 13863 24585 18386 14393 7546 2633 21168 25874 15126 3322 18031 22101 20836 21592 24314 2243 17939 25043 22141 12808 5146 17537 15949 8806 19770 13803 6173 164 18037 7634 24188 6310 22818 8611 2259 23009 7409 3171 1179 25742 5049 26356 20075 10970 6115 19197 4446 11003 19496 12575 21687 8476 19727 10803 3344 20791 5791 9852 4262 14588 1665 9388 1605 25177 11665 24715 21668 20463 13040 12912 1430 15805 24286 2816 24651 23928 21384 6223 1075 1796 23739 23732 14618 9681 6900 21905 2329 9322
10914 26121 21878 6010 1394 8086 14474 9025 1731 12843 26454 14176 26486 19154 20619 23351 10765 2836 20439 7100 7601 23376 20001 10201 19691 18217 10821 25111 20380 15514 15808 17269 11833 22666 21685 22931 22008 25994 23902 16811 16696 9169 19900 5854 10363 12751 4895 11313 18025 17388 18279 15346 10193 22991 5886 22398 11197 436 8291 17929 21586 26197 19198 4300 7596 9172 8334 7582 7974 18070 5744 17370 13017 9879 11051 5453 26389 176 5249 20637 5577 19828 11769 10499 7972 23728 11920 23677 16524 7779 11566 10341 6829 4919 21390 7764 4470 169 21814 5388
18294 19361 26199 21720 18037 14052 16957 688 25867 18443 14810 20306 13696 13256 1455 20854 23629 5639 13987 5173 24222 5199 13516 2066 1723 15274 19065 11854 21670 24617 26066 8494 14933 4480 13243 23700 6049 14182 18817 7162 12422 23055 3958 8223 20942 3203 18873 25826 8609 18012 7956 25946 1337 17223 1500 150 18196 4920 20332 6987 26083 23852 19343 8237 26051 25896 19291 18071 2118 14118 11633 16161 5994 8783 12689 14752 22666 10722 17194 2060 5049 20476 16243 19228 20812 19885 228 9193 23629 2720 8988 17615 6001 2544 15312 19216 2662 25551 15196 4987
9906 5871 6591 2429 22255 24620 19429 23618 15801 7857 4804 5400 3888 8959 19468 17328 9399 3557 21006 21784 3322 12148 23887 9555 4800 19141 2127 21418 14798 7620 2554 11942 12185 15651 6860 8146 12874 7450 17002 3095 20232 20166 10217 23510 3942 6389 11897 3433 21394 14752 5857 4730 6419 24632 7855 3916 15481 13407 21395 17539 25077 24103 15323 24450 22804 20111 4294 10490 10496 5655 13444 25382 8582 9877 25293 8255 8942 7376 22569 24637 1418 24154 4115 24399 7158 12826 4729 3554 18183 25854 13164 9640 13943 21337 14530 21799 585 1035 35 12567
26149 11013 10611 14438 13862 4757 15437 12346 2751 14014 23813 26426 1307 25012 15891 23544 4976 13011 17243 1259 11043 5516 8398 19592 13654 11356 7595 20771 11740 8476 5169 6712 10898 14242 3523 725 19539 20844 25140 19484 5161 10295 12273 3625 11580 22138 16931 12505 11725 11770 14464 25950 25984 8606 20623 9422 5859 4031 267 3712 15823 22466 7734 23301 25082 17423 19648 5115 25725 7868 12386 6382 21928 11491 8941 13479 11842 17427 53 4605 3324 5886 3767 17477 15035 3966 13322 14657 19295 12471 24625 20396 19058 170 9838 24338 7542 13726 23478 11527
14056 11111 9684 23240 19919 7091 4762 22033 2854 18873 8245 12748 6358 13732 5107 25557 6968 25904 3674 9396 23516 23723 13309 10613 12265 559 24132 23561 23818 24265 2887 4917 11053 4774 12519 11236 13887 3605 6447 17452 18054 25053 3350 12697 20522 21596 9418 21030 12533 20850 14797 15729 669 25229 24116 23751 22293 3167 9956 6032 4015 14104 26274 16249 8786 20620 8903 24458 15121 6980 10008 2628 11868 22707 25066 24689 12804 19756 17029 24990 17423 22292 8324 6267 20994 15188 4875 13534 18470 21970 25933 821 7057 20006 25495 17711 21166 8677 15906 11581
20468 19088 24411 8940 16070 17430 7330 21118 19159 3958 1068 910 13266 2168 3206 20446 13158 24328 1492 10712 15749 18694 20909 7501 20971 113 24370 20789 15635 9007 18777 7851 19401 23170 19929 95 10456 13546 2186 14127 11862 10346 10853 1077 15248 3703 22287 3110 19859 15903 24626 21516 7657 18789 4152 17815 21903 24340 5553 22955 26003 21019 21418 9189 9430 10838 19503 13657 22339 10229 2134 15664 12433 25442 16584 23257 6715 25982 10251 18822 23430 19575 23074 12513 25716 26298 3504 16521 8034 22618 16336 810 5378 2622 8181 21052 13640 1465 13207 5276
7657 16806 24616 23355 10418 22120 1167 2894 23598 11085 23052 4970 26090 17605 9273 14905 18440 24348 10115 9612 6906 23992 5301 25668 8383 1274 10352 5735 8898 20319 5975 16222 10695 15916 13 15421 12893 21960 11402 22492 23646 1550 19337 2468 3668 9327 47 20175 17674 10665 4880 25129 20535 23921 17163 5586 5089 15797 17081 25662 10708 23344 6604 22518 16973 19426 4590 8625 4634 10407 9072 24938 6712 21871 285 749 17738 3302 14633 11381 25464 7987 15788 1096 104 19701 14891 20769 4927 16860 17352 14220 8150 17277 15648 1877 5218 3975 400 6185
10660 15645 361 25026 13196 24497 9177 10038 615 7768 3418 6759 4339 4028 25465 17931 20549 19609 3109 9307 11779 8740 9755 693 20580 14574 17377 19278 6451 18180 5590 8572 21659 3022 14929 11605 6127 14707 24709 12426 3767 4795 22964 19160 14062 21552 25671 12376 5972 25517 1462 19803 13726 22904 12434 26442 10930 22594 1744 15194 22466 11859 25250 5424 19692 2768 22907 7561 17214 10166 24015 10556 18347 3983 9824 26346 17343 21639 7920 11958 15423 5197 10850 9027 18148 23582 957 26121 4224 2499 8554 22411 3147 19599 21603 10439 23066 22480 23881 13377
15470 8027 23808 18867 19202 4356 16681 21569 874 20173 11425 17799 5353 4698 15736 23664 11723 10488 11888 12958 6987 8170 11137 2679 15134 13257 22717 15236 24701 591 6535 24749 20370 22796 15137 14458 7960 17034 2479 21817 9071 20772 2273 5578 3384 7502 12449 4097 2045 4838 17332 1351 26177 17518 22410 2571 128 10581 1542 5483 4858 22038 14952 18173 4855 15761 21750 3316 2057 10024 21809 11829 13701 10567 10174 23382 20858 19844 16766 21293 1004 12958 13103 12703 24144 10528 1933 18229 9186 8463 1965 20417 15561 1500 25109 418 13924 19991 166 21380
8761 6173 6463 10758 12838 21436 22673 16479 7786 6113 17332 22649 1257 17391 7177 11573 10425 14045 6803 4672 14093 21756 19593 12145 11381 11059 1541 5159 18217 410 19467 21841 13728 25708 11844 25838 20654 21944 4105 5578 25695 24334 17233 9368 8034 15746 6600 26247 2426 22290 21712 25372 11237 3033 19553 5131 25078 11254 12397 19984 8730 12605 5717 1232 7099 12980 8730 19263 6533 9656 4011 11214 8706 6624 20118 13193 10053 25338 12146 9350 25595 14410 7757 7480 8588 18865 4368 9560 15733 236 9369 13125 23095 6483 11474 22157 8919 18466 8926 13374
22095 5686 10061 4486 10362 5516 22402 21512 21297 128 11179 7163 9923 15524 15709 14612 5119 13027 1484 9920 11475 20459 21164 1987 2563 26193 227 6924 251 21480 4780 13331 3902 25665 18480 25866 7223 16671 10610 4498 13149 25101 6803 759 19260 8166 9247 13778 20554 4745 578 3458 8777 482 14747 2231 3250 25250 23001 24280 2885 19315 10420 25096 5569 5558 20216 26280 19396 1247 26053 12819 25954 12847 13602 25557 20569 3728 8803 18242 18461 16779 6002 12978 13778 8177 12518 5654 4196 9215 3852 19962 13705 12585 24230 7374 1653 19071 269 4378
13842 11246 3459 24538 3515 5555 714 7199 10184 13126 4059 15458 22843 25304 26099 2362 14334 19492 16680 2101 897 17635 12609 21751 6146 1462 6480 8816 18591 15178 2955 18576 4727 25539 11448 20639 5015 15428 19677 21309 23975 21446 4191 21498 3882 14597 12450 19078 21084 6 20261 25539 9578 19116 13024 1069 9064 23192 12774 6779 16875 7395 14908 21829 428 15624 15976 6231 21286 23282 13887 2763 16487 10133 8981 12950 16362 6807 13009 13444 13465 14272 18787 10686 19224 11220 14726 11700 5186 17355 15790 12005 21942 22958 10452 18372 136 25011 23487 8652
25371 15162 634 19970 23209 12444 23425 17096 5235 24517 8599 22661 10480 10991 18948 17287 24221 2193 4765 6972 16422 1633 9866 2767 5941 15411 11141 2327 7352 23172 1787 15718 16820 6409 708 6304 25926 6794 2337 5872 16870 728 16062 11260 4358 14078 1624 4943 7060 25120 21737 19945 9731 25388 16508 13978 11638 5634 5341 16283 4412 18723 11624 21158 21149 5653 2624 337 11957 3325 7812 20323 5357 13897 25330 1127 20080 23251 8521 13767 1385 6459 11894 3856 24059 25305 1622 16790 5185 5768 19239 18714 16104 16529 21012 25497 11800 14785 11391 1387
13638 12543 21868 25384 766 9092 8438 13888 7109 6129 1829 20501 7988 12647 21296 13581 3873 1160 25421 9586 25225 5857 14258 21735 3066 9924 232 260 23275 23442 18084 22977 20528 25341 119 11460 10699 20541 11519 23602 25356 7203 3476 3899 18440 16982 4175 4887 25665 22006 26198 10220 2350 2956 26401 5868 1233 13257 23506 20351 9582 18688 1465 11530 21762 11880 18139 25554 10144 18839 17177 8078 15329 13451 14411 1774 19253 20986 5048 11124 2298 1882 4714 12213 17661 24669 6150 661 6283 5642 2212 3285 26082 25160 23993 14001 25153 7464 21697 10318
20346 26181 23793 13127 21101 16570 15124 15822 18885 3447 1586 309 2380 4752 23763 3772 20148 16115 10413 24552 25477 8785 8584 9319 26189 14135 9295 3138 19881 20996 3309 17490 11291 1570 9542 5208 5568 5064 6995 14635 8386 25202 1850 16376 25782 14018 3853 8593 16453 25846 14123 20284 3285 7513 14675 19672 12529 19437 20427 4420 15521 5728 20689 8309 24935 6054 5349 3291 7028 5453 13585 8351 10603 26054 3856 5587 19284 19233 7603 1575 5109 1202 1797 14666 12271 23793 24810 24111 21719 11953 22674 24604 20642 8337 19749 12033 17468 16600 22945 10579
15706 11678 9391 11656 7349 17156 24703 19003 12321 25498 14275 11266 9507 9232 17666 14288 26222 10103 13580 9029 17998 14520 22380 23241 67 6010 17624 22827 12556 25845 23425 13430 10603 25736 6386 21113 55 16528 16239 12134 12928 26425 2002 2580 21602 24380 11689 9030 25448 15732 20574 12492 25674 9377 9570 661 12636 1872 1898 6315 18875 25547 14047 14160 15071 17700 7659 1100 15889 9790 11228 18817 14882 1770 8430 6319 20679 11202 148 8569 11786 20115 17417 3249 11376 10939 23098 17891 8726 24939 14756 23156 25790 15373 26035 16712 20940 17620 23809 15844
17580 3867 22968 24066 24661 10391 2577 12977 18816 7470 20407 14241 1460 12018 19298 6255 14860 3990 13246 5385 25383 20848 26329 9734 24258 3714 2873 16120 17448 9868 17209 14131 21988 20040 12460 15218 15738 20555 18148 14786 11113 7167 16535 7380 18177 17394 26133 20546 5764 24355 5803 4825 4434 16598 16421 25121 10471 236 19603 3783 9867 14320 18966 18703 9371 5527 22456 8379 25253 13849 17861 4857 25565 6878 23303 4048 21108 21455 5052 5019 13778 12702 15796 20975 7169 4343 23914 12408 11280 19267 14968 396 24137 2643 21826 5125 1073 21935 3277 10926
4784 11395 238 5166 11920 2968 2891 6257 5811 704 19051 11848 22798 2070 24022 16533 11747 10217 25519 5534 6517 23116 7076 3050 22142 2606 15847 14643 10130 14286 6807 12 11335 7902 2124 3647 21851 20984 19106 10249 20228 20245 8696 22752 22608 6533 17431 23695 7480 21221 1966 1854 3058 23435 13446 18177 21099 11942 17765 14084 21135 16407 14722 16529 21593 26077 11984 6439 12278 11184 1277 8446 3468 7415 1732 17003 24310 5967 378 1157 17928 16154 1957 6609 8450 5104 21435 489 23849 22658 8077 24928 12856 6595 3363 20175 15062 7456 14618 10537
19604 12037 22833 22844 13356 26387 3445 22346 19078 23890 22517 12679 16154 12613 16367 1415 3762 24253 11223 8679 17464 21321 9778 23941 24611 21569 13553 7272 4371 703 5369 9424 21121 25411 7907 1303 2186 8806 4775 6430 23064 20846 11453 18270 15285 21597 21511 22722 13378 1092 9713 3594 2260 19027 6688 4864 2233 18218 17489 722 17338 5370 24192 8838 9024 19910 9724 24621 10362 7541 9977 923 15656 24739 13697 731 21340 6370 14400 23670 3248 12235 20828 22327 19023 18102 3260 23760 19026 16843 24251 21432 10446 8601 8403 9069 13747 9741 15221 24238
17109 11455 5958 393 23523 6934 23323 15684 24551 19281 3052 10683 8520 10945 5441 821 9782 18333 184 5444 6682 2213 15635 9837 21866 10804 813 14655 3497 7652 24315 19866 8755 25203 13821 24293 543 252 24846 7404 18521 4797 19657 10788 2530 5448 25170 12895 5692 22017 3914 19586 2460 16234 9052 26010 23343 21293 14551 2188 25441 23976 13684 4524 4873 1844 22763 23889 11031 2282 12650 12848 5342 17201 23049 20556 16888 13923 6763 23001 1921 13300 12811 10686 3404 17128 4892 16155 319 23654 12288 19917 22302 5022 9238 7278 4604 12297 10995 2640
21340 7921 21193 869 15227 14387 2825 26383 8424 23432 21361 15465 9448 21637 20259 25920 1932 13258 4532 11323 15106 14368 5173 6909 20165 26303 6436 9242 16443 11215 10257 22694 7501 2883 1100 3849 14105 13413 5654 4189 26310 4935 12336 19121 23804 3266 7669 14320 941 7602 25742 11576 20422 14097 19748 19315 23649 10447 25777 3112 13429 21575 26466 445 11237 12391 9844 429 23031 8350 19680 19234 16 9398 3003 17415 2311 18271 6316 9941 24929 22597 16491 4622 22717 22552 10735 22811 8602 21095 7697 15876 20156 2178 13389 12257 22982 310 23849 20341
7956 12148 4849 20012 15679 4861 14535 3210 16809 10064 11152 21216 1301 4977 10326 13935 6234 24531 25598 18094 11974 585 3473 3248 19057 4735 16747 3977 5107 8943 6613 8810 15935 16691 3697 18938 9256 21978 23966 8224 2097 303 10889 22846 440 13095 3518 18830 13653 19108 5638 35 5093 8782 18412 23765 10748 9188 11807 12256 10751 13619 4973 10381 17530 1602 20345 428 17705 23817 1511 20608 3226 7374 19989 13930 22872 7374 14038 13583 7626 12747 1668 2212 11512 8368 25374 17691 10883 22353 3133 2891 1132 9964 22512 26431 13768 6988 4555 14836
21397 17595 23434 2990 15249 13039 3691 16741 24810 4136 16484 21128 15184 3698 11241 17652 13116 11695 18979 19778 24819 840 16703 21280 4920 5201 24157 7370 15656 16444 17032 12097 11304 23646 15067 733 23194 5906 18728 3192 14846 6152 4721 371 11670 18642 12766 18134 12713 8119 23344 26417 9417 22445 4012 19892 23573 10407 17559 22387 3348 25550 13967 19989 6146 20756 6150 2027 25525 20530 1583 9200 13511 22048 9792 818 18679 21565 6783 15834 14678 3060 16726 17262 20911 21287 8117 7731 19211 23078 15676 312 18845 21594 14336 25042 5250 25879 1653 7135
9251 10964 9973 12437 24178 26393 19792 25265 14918 12748 13894 16362 4145 17002 21344 10867 19960 7234 3199 22847 19823 15474 19131 22173 20918 5751 7549 22641 25001 7391 6684 7684 17031 15526 14306 18696 17605 21849 9236 24824 18001 6088 802 21524 13636 6211 4322 9258 23969 21794 3520 15506 1441 8158 25926 14481 12082 8653 20791 10605 25921 8684 13552 15090 15265 18407 7923 23245 14058 12407 15084 3695 6671 10239 7196 7669 19231 4662 22301 14354 19869 15617 18976 21016 23945 436 10063 25030 3133 25106 1750 10743 24512 12851 2174 15489 14268 2012 11720 14573
23982 1851 26011 22425 9665 22511 9611 8987 2281 9909 8043 17804 671 25749 24801 2642 16076 3200 22093 8014 1456 25018 13208 78 10732 7225 20113 2146 14893 5727 13711 7999 24351 8413 11031 6684 22984 17565 17370 7896 25854 530 3429 16236 5260 11346 1491 17044 17255 6954 13201 4169 14218 4306 16046 2624 14334 8484 12860 4175 22059 19951 7313 2659 22383 6662 10099 22942 7252 18097 4780 14876 17159 9339 23859 15865 8312 3686 7121 15336 8744 7882 8231 12530 22563 24608 22720 23591 11938 13658 3299 17815 21923 1752 2272 10150 13267 539 23571 5921
9778 52 8453 19804 722 18415 23191 19060 11476 12694 25999 24122 23423 3042 10555 21987 20991 3134 14796 14840 25273 10106 25646 1049 2135 5755 11144 7920 17824 24179 2266 8750 17235 14051 24412 25096 17304 23776 3021 21233 26326 10287 2584 18218 5612 24576 20644 22372 15916 3490 20208 11855 918 24817 10956 8837 3434 13909 25124 9467 17584 8452 1460 23050 16509 22357 15764 5715 26429 19333 24096 16783 15833 180 18436 16414 118 19261 1908 20013 13560 21420 19984 7593 15226 14994 11346 19321 5972 12156 16021 8437 23749 5571 20146 24067 9591 18213 19485 3273
4137 24080 13440 13682 16975 23622 3223 11046 16429 5690 20920 10416 12283 8620 4567 24558 1062 9860 24067 1432 12153 25796 10319 9824 21338 13480 23614 22274 235 5407 18594 19733 17182 4695 12363 14558 847 7592 22436 25268 22958 12866 23905 13032 6000 24015 8355 23975 2077 22309 5555 16792 23189 21046 23882 22275 16695 17053 16137 4095 21496 1568 11869 9160 16406 26208 344 15634 23304 9746 3441 9969 12691 26098 11775 17204 19865 5614 19741 10982 19066 19751 14450 1734 8431 15327 24348 15763 13200 16521 3345 14169 7776 12009 10242 17779 25732 25318 15309 15180
20036 3765 5879 11229 4779 4925 25316 1514 17684 13257 26355 22828 22122 25837 1565 3039 1304 4875 19899 15236 22618 9314 13235 669 11168 23529 23082 867 23573 4334 6533 7219 25329 3398 3595 672 10835 19301 25199 18025 2575 24468 177 4604 6477 19286 2612 7609 17030 8977 13312 11878 5033 21369 13483 19840 17813 14322 19355 4109 23822 17652 13742 1549 8671 794 13316 25748 9231 22770 23768 25882 25434 17925 15409 8516 6017 7859 1086 24401 4153 11346 15924 570 11076 19358 24343 3945 12831 13576 7357 26412 23246 3919 10461 14280 25667 5991 20294 23097
11371 21178 10373 19626 19152 23628 15303 15983 1352 18367 19627 2997 2882 20999 6279 351 12474 25603 17221 17855 14895 25778 18725 12606 7270 5765 12523 14055 13572 12809 11969 16822 26271 25424 15155 6626 6047 14540 9545 12336 17400 13522 22644 26316 10121 16251 13465 6251 60 7694 971 16979 3140 23664 9261 3008 22891 5797 8191 26435 24845 1835 13865 10712 2276 22048 916 2805 8130 20622 5322 8373 22385 25540 17194 9580 859 18476 25914 2024 20204 20414 11514 25859 2432 2305 15625 12672 12403 10903 15016 10180 20534 7078 156 22910 21239 10943 20137 9065
9987 14395 19116 14923 16822 11071 17191 22992 8333 25176 5818 22345 16118 17009 23957 8568 9728 18363 12608 20181 700 24894 13089 11518 5692 3422 25455 9489 25358 20136 4822 22485 1076 8262 11461 10415 16167 11190 11793 23907 1464 23600 23871 1178 2773 21739 17867 14122 306 4407 25030 21679 25252 14525 21169 22963 9693 25016 6834 23284 9671 13535 18808 4713 17928 3802 2454 24198 24927 15125 8679 21766 12201 16551 13126 17807 23313 739 14078 21945 16857 11495 25139 15266 16466 12525 8519 6858 1259 25975 7013 20905 18386 17507 14455 11816 6465 21178 26028 21978
18603 21931 12751 23028 18825 5147 7886 11415 17595 9425 22008 1728 26017 15721 12003 16251 18569 11878 21430 3212 24566 14696 14871 3718 6203 9726 19153 13275 18221 15596 1456 10293 24093 1181 6403 18903 19523 24693 16127 6138 9113 3732 12645 4072 13985 3062 7160 16934 19291 14091 9685 2577 3415 3622 10652 25947 26363 15139 20018 3527 4245 21631 4568 7434 483 23972 23968 19288 26055 3896 23086 10087 329 5522 228 5303 5848 26271 4018 16504 20224 15545 6068 12092 23898 16377 18772 21730 10735 21762 97 20255 2660 8146 26294 4880 25603 8512 8601 15576
23376 5069 10189 21896 24360 14762 4119 10707 12208 17610 25052 2259 6693 12161 14784 5015 11028 23509 21194 23221 23133 2704 6924 8861 1681 10528 12913 20740 26274 546 13024 23399 22290 10714 26314 17753 1918 18213 14075 14178 12691 18032 20844 14290 12363 11439 19202 13389 6037 24145 7014 14067 7638 15627 16669 4687 4589 5974 10855 19769 8689 2007 11263 24109 26360 23865 22010 3896 1452 23034 1999 15432 13890 5785 14480 964 6352 3378 19391 16299 4948 24370 20550 12952 3093 9569 14512 25450 7204 23129 21588 25731 2882 289 2596 9974 5585 15041 25140 20705
482 10888 26012 1794 4993 11249 8207 5958 5968 19351 10052 22674 25130 4935 19067 3971 20461 16596 1032 18233 13367 24494 24210 20362 4712 1945 15523 162 10524 23563 3148 24748 23863 12199 945 2829 9162 25123 10975 1396 5845 9802 22644 8604 16184 13925 17754 21405 5861 17237 26089 23491 13444 19935 21600 3917 2933 14316 14941 9273 14962 14341 9049 21664 5947 19712 6025 25419 20543 16089 9592 370 10252 23812 24105 4693 9756 4307 1341 16965 23032 7340 21702 20323 5191 24330 18756 17817 18399 22145 24377 4266 24921 11495 22763 13433 17021 18580 16040 8347
18139 4957 19921 26288 18908 13443 20109 7504 23070 17577 14875 1890 15002 21030 559 16587 3368 16789 14126 4891 3644 4039 9357 24377 6265 18590 6328 2875 9374 5718 20704 16394 16296 8736 15150 1235 23356 689 21536 17757 24123 9481 23359 4679 5452 16173 6742 455 244 5638 15670 3958 9914 7658 8723 20828 16915 23380 17870 22066 8977 1769 3934 10775 3600 466 17768 2487 9561 13242 15450 18798 7544 1056 22617 10994 5185 18217 22951 5580 8833 8388 3623 24134 1093 4712 14855 13286 20221 5745 24326 24531 3969 21083 12366 204 8156 17566 20288 15218
13923 4615 12539 21857 21765 4894 6668 8042 10134 17983 10390 12289 21599 2839 17936 1190 25965 4362 13356 18613 19660 16206 8607 3633 23081 16916 8182 14412 21609 6129 23990 19824 12838 8357 11376 13733 3314 4864 6901 781 25583 24424 10710 6037 25978 24542 7476 26154 4863 7034 9929 4528 20107 4626 22124 8104 3746 17960 22223 12507 20530 10488 19421 10914 16569 18023 21214 18149 16726 11857 18623 4387 1443 15004 16608 25573 10180 14884 12304 12522 24232 2090 9327 23801 18530 20461 25172 22968 11897 17899 15371 13774 19451 23186 3015 14635 24345 15355 24426 3704
16369 9366 14345 19548 4761 24978 24763 1832 26071 826 4173 6716 10187 16361 12539 10423 2871 25842 2061 1858 24243 22450 13297 26167 4526 3080 18650 9355 15161 7181 17397 5661 22883 9226 5086 26031 20476 6564 7196 23266 14889 12900 22944 4295 22494 23390 9899 13405 21329 14607 21713 4194 24426 9117 21314 13570 11354 360 4115 14885 14110 11713 16885 3754 19619 2303 4900 480 14654 15825 10371 14812 19629 7642 12493 481 3552 22303 18025 4564 11423 1433 913 8485 750 17877 23953 6171 12216 16210 280 12306 4356 3679 5001 24753 9121 5309 14408 7799
248 5716 5894 6637 16059 17591 20873 4455 11915 18352 24687 13182 25073 16647 13215 13591 16460 22624 19111 20468 22109 5908 3971 18833 18220 4034 15621 10909 12972 17818 7045 6472 18173 1986 7899 4698 19279 3616 15020 1733 1649 15283 20846 3116 11151 15841 25845 2375 7251 14148 15726 14654 8999 13499 7673 17694 15450 5823 18849 2464 9462 26217 2649 644 16124 22287 15145 23539 11815 24228 15261 4119 3170 12538 22284 7600 16216 19270 2942 24837 15343 827 16040 22068 16377 18361 7776 26473 20660 18334 23176 9648 2079 11519 24038 19332 6983 9196 16511 16958
3935 15223 19113 24624 14885 6350 24775 15473 412 20414 15443 11315 6442 19979 6431 16519 22876 24237 16917 20360 144 8616 8891 23330 19408 19587 16555 22616 25785 12483 9324 14540 2311 12294 9148 11106 21292 3258 12605 19223 16415 15414 377 11988 17431 6832 7589 26187 20167 19483 7116 25864 15119 18517 6165 6795 26351 21151 26509 13336 8686 22961 1500 15975 17526 15277 2961 6370 16895 15000 5157 26470 10426 10686 12094 7170 17739 6634 23384 11406 17769 21067 3545 258 3218 25404 18505 9706 21339 4730 16022 2177 7593 4088 11885 16071 25466 10530 23911 22035
22113 9579 17276 20144 21266 25535 26120 9655 16381 14370 12778 21027 18012 14228 2512 13617 4543 24338 25302 3557 17382 14402 9952 13216 5925 24510 6317 4426 18607 17491 13530 24657 14313 20738 23156 18035 20015 25857 24156 24408 23508 1725 10215 12056 940 11499 22789 17765 19042 9946 10914 10701 22041 2987 19893 1998 19257 11195 5267 20740 4716 4316 17517 11444 5134 17899 20179 6142 23457 23274 19524 17199 14429 25533 4198 14935 7432 10269 9021 6310 9978 11396 7480 1997 5700 13764 22127 12187 2576 17958 7922 18589 20293 22335 25753 23138 1208 3028 16966 14966
10642 6532 6931 8872 13231 334 9246 2716 23503 15840 17608 14374 581 15108 19518 22976 16667 12527 17001 3076 17683 21567 12330 5251 4583 825 18483 13010 14894 3824 23281 5355 1854 25723 20479 1698 13500 12213 25393 8379 25894 6723 108 4931 12096 4334 1888 9534 4523 14579 6972 24525 4094 12025 3910 18705 22317 3388 22475 19406 2081 6554 3252 7253 26306 7270 13381 11181 13841 5852 20675 6514 20441 10131 14931 23734 19856 16728 23991 1161 23962 24804 20580 9186 25915 1535 5489 12615 15883 6369 24908 16718 3478 20695 2090 16543 20046 12054 4716 5775
15367 15426 13094 14023 3346 17510 7730 26228 21625 13915 1794 11167 8452 6090 12172 26116 9785 13976 25843 6476 24006 21101 19133 8245 1038 258 2347 3644 24541 4565 23162 1241 17329 13618 11161 4492 1730 25051 23384 8860 17997 26413 12762 3824 2544 13774 6527 24686 25640 11295 7301 22351 1523 19400 11993 7791 3887 24707 20931 6731 4437 4142 8954 22693 12897 6706 23497 24947 9374 11432 12564 9020 12178 1087 3470 15433 2026 21014 5886 7006 1751 8430 10110 3833 17856 10463 25461 10139 5942 6748 23783 25442 11041 18292 14569 10464 4549 14230 13763 4856
24019 4735 15361 161 9965 2425 7051 17571 13572 11362 5149 12130 12346 21769 23424 11103 13937 13129 3438 11775 21414 25688 24508 20203 23416 14273 566 25587 16121 3994 11227 11268 10278 8863 25433 17379 16232 9067 9062 2533 24142 900 8456 17787 26409 15345 2829 5210 6783 16282 16382 21373 5365 20168 2676 16817 11127 6196 32 11366 7808 10918 11386 19127 22299 7961 4913 21238 12000 5131 18678 20944 16136 24908 9712 1627 6736 22604 23537 8322 22105 13480 12314 12589 19441 11179 26504 12294 9595 2255 21574 19846 874 10439 3640 24952 15106 22136 24808 17955
14114 7078 6120 1506 3881 18649 8073 14539 19515 8322 2174 22269 1768 19384 207 22049 24666 10451 15027 17025 11259 4664 17290 12387 24407 3002 48 7604 18087 25053 25808 23858 1969 13472 26079 10897 783 25101 9443 24971 4061 18709 24879 19333 23428 2091 1357 16846 13811 10492 17479 21126 23306 22669 9919 26481 1021 23603 18987 21331 21232 4848 6554 19885 4469 2419 10245 26092 4803 24639 20042 6465 2784 5375 19065 2918 6139 21988 16905 17260 12170 9170 10760 21648 11594 10543 22588 8796 12116 6492 17939 8545 7421 14787 20143 21047 13815 4793 15153 25106
7082 4857 21319 16435 2381 2725 19029 16377 19722 10770 25179 9343 26039 17127 26136 10943 1838 4375 2461 5796 4704 3224 4934 20906 5568 3458 25601 18256 5716 810 15881 2455 9340 8341 12223 26171 6131 11009 14758 25525 17627 23765 7005 10976 25266 3486 18700 8633 8825 18360 14868 10180 13495 18686 12942 10059 10251 14765 25692 25552 1144 4768 12260 13349 19123 9374 1129 4523 10732 21998 26233 13006 6170 1669 15927 25896 21789 334 761 16653 15778 7278 10234 4456 8542 22671 19573 13525 8398 11219 18684 20662 1627 6523 2764 15351 8891 21285 9715 7911
7580 5789 5990 1718 6694 1307 1611 8714 12732 20009 1590 10326 16367 23890 22486 1834 12614 4238 10480 12639 9996 19932 8324 6625 3608 17603 19707 20377 19176 14918 19026 20058 1897 17372 23376 7633 22589 20572 1779 11917 26246 5606 12186 24032 14677 25094 25305 12052 7809 18291 14269 21116 11163 22352 15978 12447 2057 11351 6444 22868 12299 21805 9582 3824 14709 10364 23500 17907 4866 14341 10722 17766 13382 20000 15983 20421 15016 24353 25581 23510 8459 5702 8012 13772 18076 22245 40 10591 15472 25161 18568 23276 13350 18317 13013 26252 13119 25425 9250 5692
18353 11095 4260 8626 13328 8356 12501 18230 20112 4942 19171 23440 11288 3939 25843 7435 15357 1042 17768 19295 6506 2475 21712 6235 14541 5586 810 10842 13219 11813 22840 9819 3197 15518 22154 26059 4439 8744 12656 18273 14102 18680 24809 15414 23411 6523 8843 8159 8688 676 21709 22288 8895 652 16727 19919 6696 6088 8103 10231 9612 14051 3335 19046 1555 25892 20826 4783 24352 5555 5594 9045 5672 6826 21564 13325 10881 1057 14983 10635 26472 19792 16714 22948 8860 8164 19282 7700 19998 18994 7232 11121 4676 20329 8237 415 19101 7664 126 14977
10272 5876 6370 21673 11842 4342 14551 9382 7667 16015 4063 5806 3498 14500 3005 25124 23762 18756 10206 5134 971 3813 23386 8454 4351 5647 514 15248 20891 1680 10014 25808 16689 26114 15997 5915 14601 367 4560 2216 5003 8862 19512 23928 15572 6840 7343 9209 10728 1384 15426 17337 13856 1422 14925 4791 21859 24730 8220 21257 9387 23011 6298 8600 4188 6742 18982 16145 454 12539 6560 26422 24885 8407 21037 14281 25485 22044 20781 19569 5240 16239 12757 5475 12109 761 1906 12712 25849 12960 7994 4566 1516 10650 24765 24369 6864 17543 7384 15666
12899 299 21169 6749 24694 5961 14386 24130 22635 20708 15881 21120 17964 6512 1974 20669 4245 8820 13095 10134 10827 8168 22345 25485 18264 7725 22399 18463 14405 24884 26271 4755 23607 17277 16919 1786 8200 8517 12601 2436 15420 19652 25733 3184 25906 377 3038 9669 11526 20208 14889 19180 11749 12660 18964 782 9085 8810 25683 9298 26416 7096 24477 249 15578 8995 15824 12441 20858 10940 19599 16362 5457 8252 1179 4034 19572 26404 9401 6065 16503 15705 19996 19733 8306 16419 1613 12808 26070 19970 7403 21122 5714 25057 7217 20319 7739 11620 11262 10615
1363 19938 20613 18381 18280 8994 11396 15661 18893 9461 7161 5941 2923 18351 3184 7989 4800 4788 23533 25450 9119 20028 24745 18897 4336 3262 20215 24591 25473 7631 23797 520 21000 3368 9189 5450 25648 6443 10901 17030 2688 3175 14766 22737 16482 24698 24734 8278 21642 22061 269 3043 9893 18686 5674 25886 20842 472 12547 11739 6485 634 13460 5775 14249 9738 23078 16783 25245 20106 15659 3960 6561 13270 9337 24711 18200 916 13858 18866 12156 5972 15439 17493 13745 4811 19035 24769 17902 12899 9861 7307 20233 20479 19856 1488 1405 11953 6222 9177
22646 1757 3777 24468 24990 2625 20998 4001 21332 935 17130 15272 22158 7733 10151 9802 15083 558 22399 20686 25628 6989 666 1343 10942 19626 14619 13840 23806 25907 19672 7852 13304 5778 8561 4005 20146 7585 20656 10624 7161 858 11070 21842 12885 1621 2907 21958 22288 24312 23912 15618 17583 13020 19857 550 18401 982 24951 15250 24501 13388 17656 8574 17067 20644 18925 26368 9968 14407 12011 20179 492 18109 24034 11723 13395 23486 18924 3336 21381 23013 6583 9452 11327 22145 16806 19430 14800 24786 1517 9845 56 4324 5421 11786 26468 16140 676 25622
19568 19218 21694 5685 4356 11212 7189 18623 3596 20059 26530 24036 20197 21012 24113 8549 15330 16414 14743 8564 4915 18886 25111 5566 6954 25190 3066 8273 6268 6600 12505 12046 3618 5645 22427 7441 17911 15799 13518 22440 8147 20326 1515 759 24739 9492 16953 13203 18757 534 21612 18901 14776 12985 23234 7533 17604 19035 18824 13689 2008 21156 7058 10139 21896 836 1404 1365 23991 20057 25766 22568 18824 25855 8655 24412 21457 9024 7736 12608 26399 7337 22930 5110 19587 16931 459 1468 13885 24602 19640 8078 13106 25282 22951 19408 13287 25552 20892 22692
23843 5281 56 14987 8429 4425 19668 3925 25782 12009 11959 15163 4735 17059 13461 21762 19250 1273 14348 10801 20844 3914 4801 12309 7364 21028 20249 5890 6247 10453 5078 1210 21881 10969 23920 8759 16171 10917 20447 24298 24327 9035 2719 25886 14162 4428 22527 88 2335 16164 402 1665 6603 4206 1846 16403 22194 4286 19029 14452 4654 12363 22810 16677 1216 13411 25411 10436 10077 25691 871 22515 1065 10881 1445 25953 4669 6111 19006 1596 18465 21212 23451 2157 18568 2494 14911 12000 10618 15815 24248 3413 1502 23976 8928 7997 24100 26511 15341 16580
12826 14326 782 807 23767 15032 106 4026 14324 466 19801 15342 22425 25713 5646 26337 13157 4267 8891 23381 25479 10414 21269 17646 23502 26354 19219 6925 2705 14721 8558 6850 9822 9210 23441 22926 21658 9734 17549 423 24000 12576 18657 5830 14301 6156 9096 14873 24127 5738 5599 10088 24447 4493 23663 1614 5926 1340 1853 23512 21337 16273 14840 2346 7773 1210 9351 23985 17290 7677 23851 16880 21540 1159 14354 6589 11312 8640 25328 199 30 11935 9393 14287 4750 11668 1887 11459 21533 4886 2731 15606 15484 11093 14337 19442 1461 3836 16026 10955
6440 13874 18920 21710 13999 21819 25326 17905 2907 16059 13421 17980 11568 17977 12948 15223 8790 6490 15223 9684 16203 4013 23777 13801 22860 3090 13819 24308 3478 10837 7161 9637 716 23241 20588 22759 23715 21737 20928 5895 7701 22050 15618 16161 23638 18632 20463 16383 13813 10222 4141 1390 1019 15640 11762 20447 49 3957 18811 9564 6878 5907 16044 9834 13996 17551 930 25525 5266 3800 21590 16446 16728 16528 553 10821 20358 18078 22032 21673 8870 21208 25845 7433 15656 272 5414 15471 14820 19402 18120 353 4654 22948 499 21689 11049 163 2775 15808
23979 6802 10266 23194 19407 484 5161 5843 2062 10650 18266 16490 20435 23894 14060 11225 8431 5315 22166 12390 8052 26486 25003 13904 23787 1752 22140 9153 6683 20133 15618 5969 19401 24280 18433 9026 2000 14110 3644 18021 8641 13084 25743 15172 3863 19947 20143 11755 18788 3954 13268 14788 11094 14712 1374 21278 18975 7134 25747 2950 18719 20335 7023 2966 17449 4147 6874 4791 21099 645 15343 1497 20168 22306 23316 22472 26461 23491 23117 15107 544 5655 4099 1984 5287 19051 486 24418 9397 5635 2255 3460 13000 14390 231 13925 6813 22631 8850 13959
3473 17269 11345 6460 17143 7584 7255 11224 13296 11625 13325 20665 4510 19520 6544 18590 15541 10057 25449 10899 2890 6210 3050 16130 9593 20804 609 9758 11079 19740 25126 4993 20294 22358 6570 9390 17952 25087 16513 8685 4631 2491 20223 15467 25840 18704 15718 2543 18555 19739 17374 16981 24741 24675 20099 23893 9631 11939 14415 11284 18460 8110 52 4681 21485 24890 14043 17650 17529 16325 5885 14563 9539 24600 19849 21780 16992 2125 21937 21853 11976 5032 8006 10817 11828 3293 20685 13690 10031 11700 13662 24442 24403 24950 58 20928 19048 21520 1380 10302
9722 7650 18442 18475 26002 13121 2888 8292 25451 22339 13222 13598 761 6268 9068 15780 13080 12830 19583 22969 7583 21984 22684 7120 18921 18300 5136 5636 442 17451 17774 22545 14853 4998 13463 17347 3397 8892 4455 19368 9870 23360 4345 5921 22183 11266 14506 1325 14416 23793 11447 5419 4982 4099 2426 16500 13820 11167 17809 8687 3947 20320 18134 4158 23303 829 16934 6206 25810 18439 1839 26303 20765 21047 13302 4339 9094 25662 11905 4543 15485 14602 19556 23484 16573 25919 6466 12911 18506 8370 171 16752 6740 16413 23324 1518 19899 5422 15778 11202
2669 9785 23025 4333 7743 3443 4933 7319 19594 22813 8702 11331 21496 23247 6833 16679 25072 5426 14168 464 6264 21522 12431 7411 18407 24823 4306 2741 8875 25038 16877 18075 5065 13488 20709 8317 23305 21426 12173 15153 25108 25913 4181 6470 2608 12300 16189 11722 22592 13814 21145 734 21788 25076 11021 20682 12693 19903 557 21211 6671 17002 12729 25873 17844 8026 20106 21631 1192 16692 7691 14416 1842 9825 1430 17131 6677 15045 9671 8228 25576 16711 13507 10914 2723 26248 603 24093 6384 10722 7125 25805 2088 22257 24911 19398 25701 6585 20224 13831
6100 21097 16735 1767 20592 22826 16868 8028 26398 8928 1577 3262 18411 24722 19765 18653 12771 3475 12846 13054 26097 1243 6763 14080 21698 11216 15776 25579 24785 14824 2704 17466 12262 10878 2847 15981 1902 22 10843 10767 20877 18925 16495 18848 3121 24237 7972 21700 5380 5699 17738 22178 6794 7587 7027 17279 8955 1494 4117 14329 4883 25914 105 24614 24582 10435 428 13437 22127 19979 4735 18172 25823 12419 20934 3056 827 8633 20426 2225 1304 16551 7710 1483 2788 12212 3599 16037 2108 7464 5802 6140 6232 1968 2194 1891 8336 13556 25388 11186
15575 21243 20041 11028 1447 24837 14097 8212 23653 18488 25975 24565 4036 21571 25488 15291 13417 574 19439 11238 22366 15372 18386 8717 13188 8591 3194 25064 2832 21409 1795 9927 9584 26267 13202 21355 25655 5532 73 13204 16118 1849 18 22887 13227 26232 5851 780 8135 1743 3031 17748 13605 4172 8506 4464 21622 16515 11650 7593 18915 25137 22930 22320 20281 7607 2882 20649 11666 4 18997 12471 6828 8342 25946 21014 247 3769 11687 7567 19737 14212 18711 23766 17827 18289 24747 12182 310 10274 2750 14169 17658 14827 13743 21469 22450 5497 25037 5838
2433 25438 20126 25624 20673 15083 6258 11760 16609 18682 12669 6549 10871 8643 22300 18294 25975 24974 10732 7178 5553 23260 20249 16441 24435 21373 11674 6975 7111 737 11650 24528 21861 15515 22615 8760 13941 5362 10138 23330 753 17550 2757 2148 11608 22044 21433 8862 23841 18370 22432 11958 25207 23426 21289 21672 19934 10574 8126 15372 24919 5276 20076 4558 11528 9234 12247 5190 19432 20077 18580 13883 5215 23907 14982 10018 1631 20817 2355 5208 7430 21291 26415 26139 21897 16037 8163 4693 21599 8210 14649 3812 7967 19420 4882 21294 14385 13142 15718 10549
26271 16697 10519 4873 5341 5122 15846 11612 23056 14744 21208 25992 11637 24590 17692 15933 5097 3602 13075 331 12577 24850 23458 15213 6912 4818 22100 7897 12544 8576 4100 16015 20537 26377 8475 24489 2410 24114 23645 18102 4705 7164 17282 11172 573 20117 2793 16771 10706 5346 8029 4432 12794 20789 23511 20225 23770 23890 23456 1437 22760 24320 25022 16915 6827 5655 9658 6184 23185 7286 13190 18761 1025 16027 17856 11071 15624 14799 6052 4241 24985 11930 21417 16680 24964 19475 3660 26144 12822 6751 3825 675 5258 21558 10775 7211 12348 14288 25648 14343
19933 25046 16816 25507 17757 3532 14370 6330 17559 25583 10788 18799 2679 5303 13650 18555 6711 26439 4689 13344 9113 12762 14754 17490 13685 15107 236 12715 23841 20687 1673 941 23381 424 16246 276 23883 23303 25248 24306 10198 17444 19621 8155 9780 14372 18850 26057 17162 2234 19598 6679 1264 20381 9972 5622 26338 18027 13254 2555 17198 4208 495 21320 23893 10909 23842 8277 17758 7780 4315 1807 21368 14424 8178 14995 20117 17078 14370 1999 19569 20999 22185 23585 2322 24512 12876 3632 4502 21860 25120 2494 23434 25341 13105 8117 3587 26435 636 14542
15710 5570 4500 14433 14525 11010 3408 20223 6039 16 10941 14483 23160 17346 6182 22025 21591 21456 1758 25861 16101 11983 14842 12100 22528 13063 14504 12501 10100 1841 16946 7651 26087 14687 12973 10474 3515 10115 3841 8749 3289 11309 788 8755 7747 23074 8665 15874 11555 9571 13508 17926 10449 18046 22929 375 605 16544 1860 1487 3877 24094 8130 6322 5436 4704 1883 24386 6351 8495 21940 4819 4696 11725 20956 8953 23945 20569 20860 21545 10398 15823 4340 11350 6105 12268 17747 7538 9663 11922 25630 11961 23610 11806 11223 371 6748 20723 10453 24754
20480 11235 17425 8688 1650 3277 11964 305 21006 2762 19055 15649 14388 21917 20207 13678 2027 2775 19831 11770 4761 2178 24330 1954 21237 15528 2803 10355 9334 21158 17301 25862 17244 24215 24255 22328 20339 15248 22649 25643 997 5011 11961 8510 4166 5675 14732 6196 935 13993 9357 19482 7796 21138 13508 20991 24322 26318 22875 9520 12750 15966 25058 15208 7916 23425 25495 4674 19915 4530 4489 20014 15407 19708 6105 1276 5732 24943 2252 3006 4144 18267 1012 11034 25178 16704 18698 17339 13097 15708 24673 25162 12144 11967 7719 22677 5704 24950 10908 1403
9925 11082 12031 2886 11528 21919 2765 19529 18611 6879 8800 9407 6196 11304 873 20303 6570 25095 7756 8333 14928 10617 17568 9395 22955 16304 24697 23465 477 6839 6353 11761 15159 15820 5323 7333 6608 12181 13276 21089 8009 24392 8695 14314 8410 9860 1029 13753 4333 23824 20016 23105 3260 282 5968 13751 21595 1919 1801 18530 14941 23167 17469 11486 22281 16752 10169 2127 19034 24587 103 16592 3571 20672 4256 3812 25568 15236 10048 18324 21462 6437 3281 5811 15915 25572 17666 10390 25381 3473 1723 3180 11964 956 16869 22258 9576 10825 11324 19556
22770 5454 9828 18146 17359 14943 23606 4812 5322 3730 5099 22920 1398 1787 16513 19083 25056 18735 17954 25502 8233 5543 15424 21271 2418 1400 24598 20638 19258 13642 14762 7797 24305 4838 8337 6097 5072 25513 11165 17739 6663 17653 16982 12255 19609 26058 20800 21152 10739 25624 4113 24082 497 648 23080 14046 15407 23167 8291 21007 3490 16561 5823 258 22715 5117 23904 9850 15881 6236 16957 4284 24689 1839 4432 16618 18420 8746 18053 2050 9989 18286 23180 10210 6488 9771 18199 3788 18150 16735 13444 7461 5415 19100 12978 8422 14794 3144 227 19749
8825 21563 15107 18590 15490 15750 19852 5118 12500 18690 24893 23578 10824 23301 23398 3914 16163 15725 18420 16051 18190 11954 14369 13311 22113 24541 20221 12252 7 11314 14236 20331 5976 6926 10468 14882 13523 26144 25266 21407 4980 8261 16536 17223 947 4622 5244 22581 26458 21240 14831 10168 1298 3567 2546 6624 23494 2899 15348 16684 9940 17661 4433 6310 23335 15564 20698 7359 501 25813 11185 3126 18754 14477 16786 22047 6764 19356 14098 1014 1325 22003 24768 5428 4841 12119 3748 19470 25196 12210 17838 20859 7374 22564 11403 21404 13398 15380 23847 22157
941 14086 1592 7404 8331 23937 23885 4332 11154 14143 19319 9538 25170 3193 13582 18524 5805 13591 3594 6482 2090 8755 4577 5417 19472 10977 2700 21578 285 8154 199 20710 17261 17299 23091 25927 7312 8350 23875 17053 11239 11031 1084 17462 25508 12118 13248 24576 7155 12615 19231 1099 7886 17101 21673 14704 23519 1037 8809 4788 20881 17280 11316 11835 11788 5031 8278 16254 14466 18909 5867 10645 21843 5733 19538 10697 18579 2821 16158 14572 10152 17678 3303 18259 15504 14483 9732 12044 14747 6753 15693 26290 14352 18481 15389 21661 20932 15307 1941 2831
24278 25221 14109 3308 10050 1896 13749 1227 1323 2628 393 18353 15576 6564 13721 6753 5714 10422 17545 18822 21129 12172 18089 7073 25790 3908 14064 780 19875 24880 489 21418 14141 4282 1006 1095 14201 24268 5733 15996 227 18517 16277 15629 14542 17383 11494 8967 19378 3598 23038 2325 23858 25150 4773 19245 8015 25766 19171 14040 8215 16987 1309 14882 15906 13433 15478 15528 10982 8559 11096 18476 10009 26111 14453 16064 4165 13754 16289 18185 8242 19384 3476 15480 13167 9567 6288 7208 15649 15162 11115 24395 22435 1053 16211 13094 9571 18022 8068 14326
13505 19014 8391 19818 23586 24336 17331 20673 25508 18855 12759 13242 4898 19980 21749 20197 8288 17174 14801 13477 25376 8242 1391 20503 2098 883 17625 13554 13672 18319 4933 22959 7194 10480 59 9264 21157 2010 22021 17408 16873 18491 3270 9579 1964 25731 21720 1747 26446 1900 9608 15874 5302 7603 24945 2605 20410 3554 12458 24564 14569 25648 17143 19016 19606 22188 23515 7927 24158 1103 1693 20363 2443 13244 4656 13686 1774 13510 24250 21685 11652 5156 9574 17477 11827 25724 22122 19097 15819 13299 14860 14905 10178 2427 1499 20358 5046 10826 23191 3710
25339 18536 12360 4916 4962 26241 5022 10663 20167 21701 20946 26268 24087 26289 22531 9722 1211 13124 2597 22088 9429 19310 17935 23234 1679 522 23015 15743 696 19350 13611 16185 19679 17928 16500 14491 13597 23994 17853 22755 1012 17149 1530 22283 12035 2703 8977 20173 14825 11779 19545 2096 4972 9878 5023 17822 23025 10535 11317 10631 5991 22804 3053 17932 15261 17440 767 11999 25186 6864 24318 14985 11228 8795 24320 1169 24011 2586 17796 4105 2936 10344 517 16364 11040 3875 4230 24143 17092 2296 20317 10467 14498 5365 6760 488 11393 25821 9009 24437
16546 15303 23590 11955 26088 4626 26059 13255 11093 6096 20690 16892 21691 5007 8738 179 7122 21692 7716 239 1931 25397 14345 13018 3010 579 18814 21902 25435 3910 5018 2152 13559 9890 5077 10287 19578 4497 20102 17408 25576 11531 21958 24685 2799 23294 16884 24764 16146 21045 10820 21685 1008 15746 20678 934 20261 23003 3423 1724 7798 15473 12911 11757 24273 12552 20720 10302 22718 15787 19789 16691 11435 3343 1513 20201 9938 23973 26382 1278 24953 8727 1712 7400 21228 18145 2887 49 22093 19697 21461 16980 10594 24085 1559 15699 6505 2106 26467 17781
20491 16536 629 20084 21669 26303 18437 2993 19926 20576 25110 7165 9668 18185 21650 974 23523 23 6461 2217 9230 16390 5452 22110 1311 25075 5980 17446 16874 2856 11978 15204 24170 5769 11914 13820 22762 2035 14908 4098 10645 2923 9481 3413 5255 10933 19361 524 17504 22394 13249 15201 1779 21998 7600 3196 15781 7520 11419 6785 5230 19684 15604 14959 10041 3647 16339 1753 9572 24420 11279 4689 21326 22513 12100 9133 24670 14574 17980 25047 220 15556 6883 19956 3907 1412 24579 7342 14434 12972 18847 12434 8674 26181 13586 24381 19361 12379 21573 13502
15939 10457 8278 1955 5613 4877 12270 3668 12240 5491 20583 6093 17169 4583 24370 152 11478 21694 1884 18185 17070 6135 12984 21030 20366 5560 5102 5705 16562 14865 7318 12262 16719 17140 8778 23508 17867 13432 14140 6947 1644 20915 9852 17707 22753 25238 23131 12163 389 6286 7337 9872 22310 12606 25688 22035 15834 25714 14145 24262 11152 17394 2146 13440 8969 14171 6994 24075 12440 12751 25850 26013 23086 13528 19591 2616 6816 14376 862 9003 757 1287 5814 17362 279 8270 18320 8981 6342 15659 5823 8383 24549 18368 23729 889 10853 2358 10113 26238
386 17789 26264 21385 20893 9462 6818 7348 12293 23704 23279 6306 24830 12897 19275 2505 6567 18157 23847 13742 18593 4582 14333 22015 12067 21230 16840 14862 5424 17222 14451 13276 7589 9162 19359 6307 4359 15508 8245 2425 24745 13363 3559 12130 13748 484 8377 7311 2310 22954 23123 24329 4523 14710 19554 19981 5329 8939 2256 26439 17763 1135 21447 14389 23138 5561 15152 21840 252 10557 22543 21622 20483 18240 3124 17469 3990 2609 11814 5945 6590 26434 22019 18248 7768 18510 12260 840 23999 13328 17378 19941 5598 9967 10557 18904 24033 7956 7996 20245
9237 7117 12018 21230 6100 117 16592 6821 4465 26123 5414 24145 21896 22366 22919 8620 4044 5207 7868 10592 11399 15415 12436 16266 1766 25769 10093 22580 15122 23375 17587 2407 9863 14906 26223 13087 5158 21424 19795 2761 16723 24383 9740 428 15704 22595 15100 22108 13311 16249 13898 5890 23633 6207 6405 17050 11966 25653 18774 8373 5287 14171 13279 1466 6186 18376 15870 20129 14783 5391 21350 22915 20768 22657 13402 8448 21675 10649 17446 13796 18954 5647 3678 22104 4611 9417 20616 10455 11174 19689 9070 10294 9375 94 3184 8472 23438 10946 5288 18526
16163 4921 21321 1390 16360 16284 20274 1255 3655 17041 13402 3189 5850 1785 12755 18510 5602 13788 6486 16434 13900 11724 9866 2620 25598 25590 14918 23672 2754 5158 17998 3914 9342 9103 11986 16661 21415 14879 23129 23397 12411 4070 8522 13743 25165 2110 3514 1384 15204 3054 22175 16311 2452 6897 20213 3152 3196 17166 11031 6205 19741 13532 19260 21120 9644 5783 12721 10604 10440 13837 19266 13379 15453 10554 5566 12493 3385 24117 6280 14532 4901 11255 1230 11542 24442 3691 25684 18701 20063 23276 9317 656 23436 4054 3862 498 22061 8150 17948 15195
17535 2241 1587 8082 2888 3149 5185 2463 26083 24603 3794 14119 11447 26141 348 6486 6726 4285 20571 20972 15401 8456 23832 13291 24643 6582 3121 6432 24709 12852 2938 10855 606 6739 17100 7621 15284 15856 21624 2319 18943 9498 23443 22633 6201 19564 3483 12250 18854 22760 14409 15047 25363 23158 16312 18314 12085 21474 16298 9637 26446 9979 15582 13984 6087 14325 4030 4451 22294 21601 10009 24104 5649 21965 23520 16047 12951 11851 6905 24899 8043 889 2236 3693 24653 20740 14562 25816 7599 17882 20774 25650 25769 1527 2155 19474 1960 13154 17456 18041
17514 2787 1699 5214 2111 1381 12981 26230 1693 21332 12089 533 9754 22296 13745 13690 6136 24541 23464 26333 3398 26129 11952 11647 5380 10427 25557 24492 4961 7134 846 15449 25887 7004 6079 20506 19221 4446 22064 11672 3198 10832 9001 17853 7474 16333 12189 5448 452 12004 23693 25538 19124 2731 14577 1359 5580 21713 7867 6887 624 14992 14761 20522 24135 11501 8016 10073 13035 22862 11034 13150 20989 5 26156 20943 21101 3935 12865 20552 5119 10868 20100 2236 16092 6777 4504 24147 2395 7059 20940 23230 10744 25730 21263 8406 12319 24895 16083 22955
13537 14456 1045 18107 23398 19502 22432 1819 18179 20170 22017 23065 753 4565 20048 1574 11714 16137 10220 24274 6724 19044 17867 4240 1621 7399 16577 3613 7122 21925 21120 10368 12908 25451 18199 1822 2683 21338 13662 17614 21102 7424 326 2204 19269 18274 25810 23754 9309 21635 21202 11193 26098 24282 22429 420 23056 10972 5088 24629 24868 8496 20521 5807 17747 5867 8808 19807 11267 19098 25855 26017 1459 14225 18375 13319 18122 5565 25043 1486 9159 6573 21431 14633 1369 16302 17437 23275 4185 10197 11021 18946 24262 25256 15655 11642 14930 13232 22336 1337
6050 3346 4473 18453 9582 24517 15378 16475 22975 14484 3371 13617 9086 19633 19588 6686 20693 6091 12072 20320 7449 17523 25255 3350 9860 24899 20397 4467 11717 5223 15676 531 19542 8008 12296 1206 22211 1397 14467 19980 5989 2007 22570 1156 25797 10180 8042 9731 23533 16808 3414 3695 16785 8240 1509 23601 7141 6897 26125 10027 17505 15419 3957 24725 23350 12611 15062 8506 16553 2927 7743 26043 9683 15085 2610 5958 9505 22296 4537 2717 22851 6054 18207 14938 23428 3452 11776 7501 12623 8658 22205 4187 22385 21869 3256 22445 20302 7868 1914 5135
19678 16718 7388 6533 7835 5302 16569 4340 10633 1657 13318 19053 16885 26424 14179 20352 11005 23816 10973 3650 3510 7979 1355 20804 23259 5302 18266 19783 3724 22732 24801 2773 3400 19781 15180 12986 15270 13067 18957 2587 14490 18947 12554 23833 4819 17482 3391 17125 18992 5018 23344 16124 20715 14780 18791 4269 15513 4348 11790 20642 22246 1188 6239 1131 23824 21008 1204 7038 15562 10272 2843 0 3704 9900 14726 17670 2538 2593 15812 6253 24344 14086 24346 2838 9729 1077 11270 3825 18800 25683 9998 4496 21118 4552 6403 3883 10088 6969 4905 17484
25925 5163 2524 8387 25414 17275 24251 6175 13599 926 2148 15708 25010 9812 22995 20326 5945 1987 13598 24567 4609 11465 9535 17897 22377 13007 10204 15076 24370 5788 17076 9997 3609 21739 24674 10706 15128 18956 20340 5413 8872 23980 20578 2003 13636 10965 21621 123 9271 19308 13965 10594 14789 8102 22501 7495 1188 5227 24409 4391 16701 3382 18778 16692 12308 15056 750 8997 14488 25314 17308 8733 15428 13364 22246 18643 23431 15077 19513 25311 10517 5986 26164 26097 15018 3161 18955 14784 12586 22938 3097 12468 2254 19695 23136 19979 17585 17671 13394 22537
1430 9418 2261 13927 8151 1422 16396 15218 18757 11345 9227 9154 20576 16254 17988 15975 10592 3769 4964 9697 9138 13786 15157 24629 18736 23869 15736 7933 24931 24096 2963 17061 21567 4759 11311 16225 13069 4257 20155 19588 10334 14766 1524 4985 3901 6681 4934 4889 23139 10474 22828 2001 22323 4388 5460 9999 9576 1883 22650 20805 8274 17340 1602 13615 11772 16392 7408 1954 21465 16013 25039 12392 10257 2533 541 13090 908 19881 9963 1399 25583 7603 14384 4692 10620 3824 20465 22252 20991 14698 1374 15817 2253 23244 3959 7487 25729 11397 18642 25831
14847 21138 1810 994 18459 25338 17482 10930 9749 13847 18888 1483 4469 24725 22508 3828 6674 15176 22689 23856 6124 15032 12972 22610 8242 14690 14054 21526 20411 3726 22630 12099 17241 6882 16627 12867 20369 25792 23683 13267 25169 16553 9537 4350 23894 22639 24987 1780 3592 14042 11185 4184 16574 17663 14136 12568 3400 16390 17752 19644 24797 16126 19317 5710 22456 8004 25569 19274 22115 2402 1849 18416 8339 1128 16820 3598 6025 1216 9232 4625 8474 10718 18224 4065 9570 25805 25813 24858 6168 22097 8833 7830 9611 26514 3726 23988 13793 11554 7262 10935
22392 22649 1696 19153 7640 10753 3049 18070 13057 23497 424 6338 4864 21128 19229 3685 22600 20364 7694 9061 8191 9180 25606 18138 1105 6687 23330 13592 25028 25126 17493 5096 20392 10918 23173 19160 23123 24229 13948 5903 26054 21390 22371 11411 9924 9370 13710 18503 24485 6489 10488 20517 24411 5541 18947 22439 412 16011 19268 8793 23302 5063 25679 12169 141 20837 21487 8964 25826 8289 24966 23700 22179 15596 4066 18861 25526 18879 5546 5523 22328 2663 2006 11207 18351 8289 7443 21155 486 4057 13344 25210 7868 11971 9923 5015 24652 1281 6235 10578
19942 4519 17849 11558 17495 3076 14999 25866 18881 24030 1086 9455 19866 571 14805 16252 20668 7026 11024 16606 15055 10083 6665 22557 7917 17296 14274 16717 12088 954 8762 20353 10612 14774 24616 17626 8370 26498 24239 10760 23165 13398 25920 19876 14531 19082 24136 4802 16369 9800 651 427 11911 3211 8657 4655 8540 22114 10139 12013 22108 21744 16224 15966 7310 25009 21074 14215 10602 277 23644 11913 2014 26530 19989 19511 8421 18248 5406 17922 18316 24299 24922 525 7883 18207 9568 25459 3284 22418 16378 11035 10829 3029 4556 7365 4523 17781 16738 7325
4472 8008 7026 765 20472 1282 22165 958 12236 16748 24758 16548 26197 21785 10919 21015 24654 1588 16767 6242 1207 6138 3496 23154 1426 4381 25833 24114 26071 7191 14449 5353 11363 12442 12622 5376 7882 25122 18137 19080 3098 17915 15769 75 9831 3837 19792 9013 5237 847 13491 20409 5135 21837 26027 3264 15719 8155 4272 11299 3462 3707 14201 19581 8783 4416 23301 12476 10035 13062 8752 20254 18080 1965 5062 24262 5108 3625 17542 12053 6413 5764 14966 1525 15461 9538 11198 26435 20434 21321 56 17634 16566 15955 525 1977 2896 17014 1524 21269
10245 15575 15483 10126 11253 10336 22864 12346 5371 4475 21432 12749 10696 10602 18409 11680 9223 19432 12006 16583 16397 22624 3392 731 10088 23490 18472 11740 8588 581 1034 17835 19793 26316 12041 4553 17770 1051 8011 7919 23426 7720 22634 11139 17528 26030 21187 13622 10697 20985 16245 16451 12808 160 14467 13247 20843 10409 16957 15411 6313 10485 2212 99 10657 25780 6762 14458 8402 8011 2652 24915 17148 26431 307 15612 10310 12003 16009 25723 13682 12555 2375 850 4953 23875 18322 8933 25161 3777 21563 12527 3483 23460 6307 15647 13889 2357 15226 2300
11916 13608 16093 4862 315 10979 13419 12142 10428 17420 7690 8360 4725 11536 22267 16575 14101 12661 246 18991 3039 18871 6716 4504 6870 3806 25913 1590 7915 25776 21606 2544 21836 6004 15879 25256 8043 22534 19493 14209 2135 10120 24415 18487 281 26219 8378 6327 24410 25842 8639 61 21564 26424 22650 16125 10635 15150 6255 7402 12683 854 23968 10865 9883 2046 12596 16207 5806 6140 5367 21475 4365 24617 9632 5301 17187 11030 2565 14952 5483 13407 17643 16213 16078 20649 21065 2975 22096 11308 17489 12508 2259 4827 16616 6461 15376 22302 22956 16370
13578 9838 3488 24397 10592 8621 1492 12642 4731 22957 14089 14280 8621 3216 11911 19058 13562 9501 11743 1571 19869 12083 8184 16211 13486 18202 14811 15667 5743 19281 3767 7131 3795 24804 8643 12966 495 18842 15176 20527 20809 19774 4308 24236 1897 10981 17425 26475 14073 21119 2070 2518 9741 8271 9361 17930 14820 12430 25847 19356 15667 22785 18574 18599 26131 11034 14401 8032 13521 21000 18277 6381 24067 1888 15809 14467 5594 25222 19126 23984 5764 17667 16507 12411 18166 2013 12381 16789 15165 20038 25507 287 1980 15490 24643 1501 16634 14957 1313 5819
23889 1643 676 25196 1441 21224 23200 8055 10388 11268 11323 15762 13690 10313 6218 10007 4487 23990 20350 25551 7562 24662 9602 223 17536 2688 3224 6223 15192 8423 20524 23003 15534 10182 47 16454 6839 8298 4989 9534 21652 10388 8017 23245 17203 2434 22096 4627 14087 2148 25566 20477 24343 1724 4711 17813 823 783 25943 16282 5315 12633 17777 10453 18945 8234 17904 18634 143 1121 16708 829 662 4335 12344 11273 10846 25348 17045 15561 12908 19 24225 11094 6187 24299 16528 24498 4636 11819 11753 25237 18785 17725 16171 6648 14003 4384 19938 8875
13343 9820 14060 11471 8517 22280 25264 8205 21817 4706 15280 2763 25788 23135 8293 26244 4257 12580 18211 5706 25013 12053 18121 20538 20461 25539 26385 3645 14229 10714 5831 3361 10334 14860 25059 18169 1559 18529 14353 4998 6684 1872 24243 13573 13478 1996 15518 19200 13432 6521 23836 5170 14555 2152 7504 12367 8310 24619 15040 11807 2711 21794 823 24650 9115 24506 483 17741 4265 22958 11205 21771 19179 13126 13148 18964 10329 25060 6344 24162 23464 22332 12073 14013 16008 3611 8723 18863 1296 5762 22196 15823 1566 23526 13844 1534 14601 19397 13986 8564
