246
46 10 7 45 12 38 26 18 34 51 49 6 31 37 3 1 15 56 19 50 8 35 20 54 43 33 42 41 21 11
247
41 0 7 25 50 48 57 1 12 28 26 21 36 32 11 55 22 23 54 33 15 17 24 40 18 56 13 38 59 51
226
12 30 14 2 5 15 3 9 50 32 7 4 43 17 59 51 58 25 41 11 52 22 13 0 8 49 26 45 23 16
245
52 0 29 6 48 9 40 33 3 44 58 27 1 22 23 32 55 8 56 47 21 45 12 11 5 41 36 50 42 2
224
55 6 10 18 53 36 1 11 30 9 16 4 15 19 29 22 3 12 28 14 13 45 27 56 26 17 58 21 23 48
247
20 52 5 46 28 12 37 18 23 25 6 19 57 32 4 55 24 21 16 10 30 39 34 2 31 9 56 29 13 38
211
14 9 26 5 12 4 22 43 0 59 18 57 36 21 10 31 2 3 1 16 33 27 30 11 13 55 54 20 34 35
247
1 16 15 14 56 43 12 54 41 38 44 18 2 48 36 30 46 57 0 39 8 35 49 10 33 26 53 4 50 19
243
59 23 55 13 27 46 34 21 39 2 31 19 6 15 32 49 53 37 36 3 30 38 50 14 5 11 41 7 1 18
247
13 41 42 9 25 22 29 6 16 4 48 3 35 44 17 32 5 11 26 27 33 50 14 18 7 47 46 45 59 53
243
21 46 0 20 55 39 1 18 36 38 15 23 44 11 34 29 28 35 52 2 43 59 47 56 17 10 3 42 25 13
246
46 35 27 50 29 56 1 41 2 52 40 21 34 42 3 10 19 30 44 14 59 8 13 37 49 4 7 18 53 36
