107 210
5 8 18
95 103 730
46 6 795
100 86 533
87 14 832
45 96 834
34 41 314
59 7 118
17 87 989
62 18 634
43 47 92
83 7 429
74 19 647
8 94 45
34 50 125
18 18 368
25 56 63
12 105 186
51 38 762
69 32 912
59 79 580
36 90 796
75 82 287
33 80 240
98 78 983
47 42 57
94 28 143
29 4 400
70 102 332
8 45 796
51 7 210
81 82 582
91 36 206
47 11 353
65 67 160
46 59 330
57 7 67
70 11 553
89 18 484
71 3 605
100 67 340
75 1 684
83 76 653
10 85 535
84 42 382
102 76 195
56 89 355
88 51 423
97 95 494
44 105 644
57 45 145
1 64 782
75 50 892
26 107 46
107 101 428
4 92 206
33 64 729
12 69 949
30 51 499
12 61 578
56 96 18
14 67 334
12 61 313
45 97 986
105 28 15
20 2 874
89 55 915
53 83 385
105 13 853
17 18 184
67 35 825
46 66 191
5 88 564
76 80 967
79 18 262
68 45 657
2 105 911
73 15 752
37 45 652
49 82 795
103 80 155
52 57 755
104 71 34
54 5 358
1 23 787
46 35 19
24 17 763
8 10 132
107 57 320
34 7 160
91 16 350
98 27 300
29 61 187
59 44 624
76 20 524
47 5 614
12 90 25
71 20 161
76 40 508
37 77 291
48 57 213
68 55 171
106 5 238
50 3 63
40 100 822
105 15 743
45 99 725
65 80 308
98 52 408
61 3 183
100 104 429
88 39 175
21 5 290
93 1 386
18 7 528
58 37 286
33 55 512
67 100 721
10 42 243
64 20 985
44 106 227
80 37 426
48 69 957
30 98 921
69 35 615
20 101 200
55 74 324
74 6 45
23 68 560
81 18 7
58 2 214
65 102 638
46 76 1
65 77 583
4 98 717
53 46 503
49 90 733
48 77 884
102 36 808
99 94 207
26 36 706
90 107 113
83 24 953
41 26 958
46 9 834
87 2 857
9 70 754
76 25 304
13 78 764
104 33 401
72 89 80
82 6 742
15 34 601
14 13 271
49 48 909
71 87 549
58 93 178
96 95 818
77 54 372
45 100 305
35 34 182
45 104 423
16 11 356
105 91 990
68 103 155
17 61 600
53 58 586
25 53 307
33 42 482
75 72 295
73 33 582
3 50 512
84 100 282
74 48 349
4 66 232
14 46 643
1 42 396
73 96 634
91 105 958
105 81 252
69 39 513
104 58 875
2 38 781
1 67 788
100 53 965
53 105 773
38 29 409
22 8 212
106 90 648
4 32 313
80 46 573
82 27 125
20 106 65
69 81 396
44 100 579
21 55 952
40 100 432
31 83 198
56 41 905
69 29 69
16 77 273
22 99 648
9 102 535
14 74 46
24 37 916
100 62 673
107 30 980
102 2 952
3 12 67
100 78 669
2161
89 57
11 31
80 99
100 16
72 41
81 46
97 20
55 2
78 21
69 49
66 39
20 92
1 30
59 19
43 3
90 49
78 28
40 7
63 94
3 97
30 37
101 27
36 94
57 19
99 96
15 78
45 12
23 104
41 87
42 57
1 68
72 105
46 87
89 107
67 57
27 107
3 27
15 98
90 2
21 89
34 79
63 46
77 20
3 77
99 96
4 20
71 66
91 60
55 107
12 100
81 107
107 11
68 82
82 9
61 101
6 35
93 87
62 60
80 40
82 89
98 18
20 98
22 93
96 70
26 52
56 84
75 80
101 99
37 40
56 84
54 4
23 69
11 12
53 19
96 43
52 44
40 81
6 92
38 63
52 18
95 20
42 3
51 42
23 71
67 46
82 52
3 90
56 9
99 77
104 10
20 5
1 45
95 19
53 4
106 46
9 52
51 1
78 87
25 43
58 35
60 79
37 34
15 58
1 16
16 45
92 57
4 72
75 49
49 55
84 98
24 89
48 73
102 7
102 3
67 103
10 75
82 94
50 51
21 107
78 103
32 59
102 92
3 10
49 90
14 2
14 104
99 23
101 35
53 101
41 83
82 100
68 11
86 35
83 26
55 96
21 91
31 4
56 39
76 95
106 23
53 18
99 32
73 31
86 104
75 3
21 6
4 2
101 61
34 9
68 89
11 10
77 68
73 9
69 67
98 1
43 7
93 91
71 92
98 17
52 84
4 27
74 8
45 23
74 22
33 14
72 78
5 7
12 104
21 80
23 95
14 82
25 61
30 70
49 27
27 47
102 79
72 84
93 24
12 88
102 15
34 56
22 32
57 6
25 88
30 61
23 84
6 83
92 103
3 92
39 33
82 96
52 49
50 76
6 41
41 63
106 51
24 28
25 59
10 85
63 13
36 91
90 76
45 67
80 82
97 17
96 89
17 54
48 30
35 3
1 98
14 16
8 93
15 71
1 38
96 39
63 51
27 58
95 54
81 19
30 33
76 97
93 8
44 19
39 74
57 39
23 14
32 6
41 9
4 33
102 75
12 5
43 68
36 55
89 34
30 21
90 86
33 85
80 37
45 8
86 51
20 68
18 48
10 22
28 54
74 4
37 100
67 83
86 83
26 57
65 73
23 39
58 100
102 67
104 88
102 46
56 41
21 7
71 37
18 103
1 98
90 88
8 88
70 78
7 83
4 25
90 77
21 39
9 21
29 103
34 26
33 25
73 106
91 10
92 39
102 60
36 72
63 48
25 12
13 60
38 102
88 1
82 60
38 57
66 61
77 89
36 12
97 26
105 34
73 62
77 95
86 18
69 63
2 21
69 54
39 33
92 98
102 72
78 11
87 38
4 93
84 12
3 70
89 52
80 71
60 10
99 37
27 18
71 88
7 92
47 74
106 77
74 60
92 49
93 61
64 55
25 56
73 70
36 70
107 70
66 51
44 70
51 3
25 85
28 42
70 10
43 40
53 53
32 5
10 15
46 52
31 25
102 75
6 52
13 86
96 31
61 83
65 24
101 1
28 8
79 27
79 38
3 50
69 95
74 79
98 49
12 52
87 3
76 77
71 79
17 70
68 53
35 37
24 64
80 76
70 38
32 102
38 107
77 106
51 10
29 22
96 94
29 4
85 99
10 84
67 79
18 59
49 31
58 102
93 25
105 51
58 58
37 31
29 75
7 85
68 14
39 80
34 10
13 63
68 75
89 69
90 26
65 68
104 23
102 41
81 102
93 91
35 7
75 90
31 3
23 4
44 15
83 40
70 21
2 107
31 4
68 30
61 38
47 65
28 33
92 14
28 28
77 90
59 73
33 10
68 96
33 55
19 88
80 67
55 61
10 61
82 56
96 67
45 48
96 61
8 67
66 35
91 92
25 66
73 13
29 93
97 68
87 41
43 53
88 63
73 50
4 94
1 62
29 55
63 8
4 50
72 5
42 103
64 9
28 95
6 101
17 85
65 86
51 68
49 26
42 19
10 95
19 10
1 64
66 93
83 65
90 65
20 43
2 61
90 58
22 32
88 82
18 37
56 15
2 39
10 67
78 53
40 83
14 11
56 7
103 36
94 10
49 90
67 3
5 98
26 91
66 105
58 39
94 56
86 66
88 47
43 37
15 72
99 17
85 80
27 64
2 42
38 4
88 3
71 4
52 89
41 26
103 106
9 97
38 5
1 7
71 62
68 19
67 37
78 106
57 51
75 82
45 79
1 45
96 62
102 1
50 8
94 80
19 25
64 82
40 68
25 5
16 30
37 36
72 28
83 22
17 107
63 92
43 44
63 28
13 20
100 36
30 17
99 5
40 105
76 38
55 50
35 66
87 44
58 68
64 105
4 34
7 4
47 55
20 9
58 47
80 18
85 95
3 47
17 68
36 83
70 7
29 90
4 1
61 80
20 14
87 50
47 20
32 34
99 2
26 14
36 13
53 2
99 68
16 35
25 101
98 43
22 105
18 49
30 60
40 9
93 79
37 38
48 3
7 52
57 9
50 89
65 82
88 75
37 19
57 54
18 13
64 91
5 20
101 7
8 74
99 107
50 45
15 85
18 18
97 34
36 72
71 66
30 64
56 41
78 14
43 66
43 65
23 22
99 29
85 17
20 68
12 15
56 50
10 89
41 18
19 14
51 35
91 38
97 95
25 8
85 46
8 88
28 99
61 101
64 94
18 45
48 35
106 53
107 12
39 52
47 93
20 59
38 60
102 102
19 85
99 90
56 35
99 97
84 29
32 25
42 40
32 35
100 85
95 2
25 41
59 54
74 103
94 45
4 35
68 91
101 43
41 66
38 7
35 83
64 67
93 71
19 5
77 51
72 69
55 81
48 49
101 15
52 60
16 66
1 29
40 99
81 105
21 56
5 51
31 13
21 93
92 85
63 80
20 77
11 24
73 73
30 29
16 17
11 35
107 104
16 26
65 69
36 41
41 75
42 40
78 18
30 67
85 19
75 28
43 91
16 100
50 93
65 57
24 1
23 64
3 25
101 26
30 78
69 4
53 90
105 20
51 82
106 21
80 26
98 35
24 52
52 6
8 53
68 58
69 1
60 61
61 2
31 57
10 57
24 98
30 34
99 53
49 12
7 92
101 92
88 65
91 44
47 101
83 47
74 10
55 25
94 11
52 29
96 76
11 18
8 20
51 46
88 98
7 39
9 103
93 52
27 2
31 51
3 12
43 71
28 80
10 26
88 12
89 102
83 93
68 92
92 54
1 81
7 50
49 88
32 46
26 36
8 98
50 71
59 4
53 21
63 104
33 60
62 12
60 59
37 98
103 5
68 21
87 69
70 107
30 101
46 50
21 46
42 26
43 12
99 31
43 79
102 20
65 24
98 61
26 19
96 72
32 105
30 81
53 80
6 67
83 63
3 38
89 98
96 85
75 65
107 25
37 60
69 75
81 33
20 74
37 80
67 35
17 24
84 80
19 51
95 78
71 36
73 93
47 67
62 85
82 12
103 53
61 26
39 80
10 63
31 101
74 8
11 47
87 48
20 96
84 91
75 49
87 18
4 50
48 80
28 89
28 42
7 105
47 2
6 88
42 19
101 56
98 29
82 3
4 28
98 12
101 50
79 98
40 16
49 25
64 96
106 92
53 72
40 23
78 76
62 63
7 30
94 81
41 95
88 28
26 105
1 57
61 50
17 34
17 85
35 53
33 12
13 39
36 73
99 58
49 1
13 18
59 89
69 5
91 107
106 88
20 67
104 77
102 102
37 30
59 65
100 74
75 107
100 97
18 81
53 73
74 23
25 73
49 34
15 52
31 103
42 25
84 58
22 28
15 44
84 107
12 17
80 74
99 101
87 9
103 20
10 20
62 15
76 35
100 71
32 15
59 99
7 94
61 7
90 57
3 66
68 5
55 76
46 37
83 56
86 17
55 99
68 97
32 89
79 35
33 60
56 32
22 56
99 43
32 94
107 36
75 40
55 104
35 29
94 17
17 22
25 85
12 48
90 38
106 93
75 76
19 47
13 65
27 69
61 26
95 23
69 13
7 10
52 91
63 22
22 3
78 1
41 16
84 28
42 65
65 27
53 2
22 29
59 39
74 65
3 40
87 96
70 57
39 33
11 69
35 57
27 55
67 96
8 61
77 40
71 58
34 47
48 14
66 46
63 31
17 35
49 58
31 101
5 10
70 4
56 64
23 70
68 2
19 84
29 36
101 31
62 107
15 90
75 3
27 43
34 65
37 98
15 32
28 16
88 83
103 81
84 12
81 21
69 86
103 1
33 95
64 1
4 47
78 86
18 7
73 73
66 87
49 44
58 44
38 21
30 1
70 18
82 27
62 104
60 73
86 69
68 98
23 101
65 2
32 73
6 102
9 74
93 29
10 22
51 41
2 37
95 106
94 19
53 104
54 88
94 95
82 45
68 15
39 81
5 26
44 90
60 28
103 7
106 82
91 86
52 57
31 80
20 84
20 104
32 1
78 14
83 85
61 50
95 17
89 78
52 53
58 102
80 53
49 7
46 4
69 68
27 62
13 53
102 71
69 2
29 24
49 76
74 91
80 91
24 47
30 52
47 39
63 67
62 83
14 56
37 89
61 83
52 25
107 89
102 69
16 11
17 81
1 48
48 72
85 83
58 89
78 103
15 2
66 98
86 71
5 32
54 78
44 84
103 12
104 107
42 85
46 88
83 75
61 11
86 44
55 46
64 90
19 28
95 93
104 49
100 50
90 13
72 83
24 28
70 64
89 36
33 72
39 4
104 96
63 65
31 40
73 46
35 65
107 14
62 85
101 85
96 89
14 36
96 52
78 9
42 24
22 29
11 45
3 74
15 36
95 23
5 97
78 50
28 37
107 27
99 54
80 30
70 63
1 81
30 36
51 65
35 27
70 71
50 85
99 87
26 85
86 38
61 21
21 34
46 9
76 99
82 37
4 42
84 85
99 41
107 106
28 36
14 107
12 29
1 90
98 26
87 73
7 76
28 92
37 28
21 26
84 40
31 101
89 54
40 80
81 67
46 5
4 72
88 41
70 32
66 58
85 48
91 78
10 45
4 107
43 64
67 33
35 16
85 34
37 95
92 32
28 92
27 96
29 49
78 75
64 38
93 86
66 23
85 2
82 21
12 94
69 33
68 72
18 12
57 68
98 25
14 24
17 45
13 14
62 101
35 33
81 37
19 55
88 90
88 11
96 4
72 34
31 100
94 61
67 84
73 42
41 51
61 28
36 105
101 36
63 81
10 68
22 49
62 38
30 81
54 24
65 96
66 51
60 53
53 68
75 89
24 24
45 35
25 64
27 27
91 47
101 71
55 68
88 88
106 40
42 101
86 9
8 5
13 6
82 13
31 107
28 50
53 51
104 100
2 33
35 42
45 2
64 104
102 13
59 96
77 107
102 95
98 34
4 72
77 91
99 19
70 74
32 26
5 39
49 13
5 61
52 17
8 68
56 31
40 33
99 90
88 42
71 70
77 24
35 53
72 103
38 57
106 82
62 78
78 33
16 74
98 76
58 9
19 2
22 70
90 89
63 1
59 73
12 56
83 82
91 29
29 41
70 107
34 25
32 64
61 20
30 76
73 73
73 93
24 50
91 3
43 51
102 59
68 54
73 79
5 60
35 40
51 39
91 44
52 75
67 48
16 57
40 17
3 22
64 65
66 56
60 60
39 66
34 43
64 7
2 4
28 103
51 58
58 97
39 41
6 107
4 90
45 98
94 62
72 79
38 85
45 85
72 45
64 37
99 42
96 98
99 41
75 98
63 43
56 8
69 36
80 34
75 19
52 47
85 5
14 90
51 9
43 103
58 26
78 75
9 12
97 94
57 57
67 17
99 39
24 46
48 68
88 50
107 87
55 18
38 70
34 92
21 29
55 96
42 8
85 103
1 22
15 54
46 33
79 65
18 53
91 26
42 5
30 21
72 105
100 47
42 75
98 7
77 9
70 64
60 28
2 40
85 71
71 28
93 70
38 36
72 99
24 80
59 34
26 40
60 62
42 97
107 75
35 29
74 49
79 16
65 75
55 25
83 9
47 15
55 33
93 6
13 105
40 91
97 107
27 15
17 71
88 46
1 97
84 95
48 21
13 45
34 26
63 12
87 96
18 42
60 20
106 107
22 3
66 94
13 10
52 96
80 54
47 107
87 8
42 56
28 3
11 45
38 9
40 71
25 34
65 48
62 18
82 15
6 80
23 23
24 34
57 6
49 54
102 62
26 97
45 89
74 104
97 98
46 45
98 103
67 52
11 14
82 93
78 75
19 32
29 46
10 50
33 85
4 67
39 69
4 12
66 13
65 100
63 67
105 55
84 55
68 98
40 51
103 84
90 88
20 48
21 46
32 16
32 85
99 65
50 72
36 54
102 9
106 28
2 17
11 61
49 44
105 25
28 40
35 60
94 63
29 48
105 105
41 16
47 25
83 13
83 84
107 9
13 83
84 64
36 85
76 80
46 46
40 72
45 104
46 65
91 96
54 57
34 47
67 60
103 25
42 63
46 25
96 27
71 40
68 88
82 27
25 62
98 34
80 49
67 33
87 4
36 85
107 42
32 9
96 103
50 94
25 2
13 100
63 17
63 8
20 45
83 5
87 50
12 33
11 81
32 104
75 28
49 21
26 83
22 92
105 68
13 80
87 65
64 84
104 90
30 4
48 15
38 73
3 35
42 106
86 91
71 85
39 28
53 76
82 25
46 51
99 82
72 15
50 24
78 61
50 42
9 44
80 92
9 30
78 27
7 65
14 63
31 3
38 4
83 89
54 101
98 93
29 42
40 86
22 76
91 24
50 46
38 22
94 74
34 79
2 90
80 81
5 41
98 91
98 43
101 56
96 96
9 103
91 21
48 64
15 82
46 92
82 1
77 3
74 53
90 1
32 64
26 24
16 33
96 24
24 42
4 95
35 91
29 45
96 33
104 27
33 23
54 94
71 76
107 36
56 26
22 19
35 67
94 90
34 30
58 88
26 32
32 52
36 7
55 8
107 31
94 28
39 77
92 19
88 8
53 90
44 85
4 21
16 22
8 53
22 93
56 106
68 64
42 81
62 96
94 97
63 102
4 100
9 69
75 62
52 60
84 75
97 54
44 44
32 84
102 100
32 63
11 54
21 50
92 81
43 3
2 77
62 15
55 6
107 48
67 41
106 60
35 25
104 68
100 45
101 82
86 71
29 7
24 56
59 95
54 37
81 97
9 31
50 39
1 91
92 9
18 94
80 107
33 47
60 27
101 67
9 16
59 54
90 4
28 22
68 51
67 53
50 94
77 50
93 37
75 52
10 80
37 2
96 47
40 101
61 101
66 25
22 18
57 76
81 12
1 5
61 26
65 78
16 101
71 10
4 87
69 2
83 74
30 75
105 63
72 39
64 48
32 34
70 91
37 7
38 90
88 44
67 85
84 64
105 87
49 14
94 9
44 11
36 56
83 48
84 23
54 67
13 75
2 74
35 44
86 22
34 56
82 78
29 24
83 67
43 70
49 69
30 51
62 91
8 78
86 10
63 44
17 42
5 70
89 59
95 14
103 93
87 56
98 96
32 105
19 98
34 25
48 99
77 11
24 46
8 65
13 43
40 24
52 7
73 77
8 17
66 75
13 42
92 41
100 75
28 35
4 65
19 93
64 85
2 102
96 105
24 66
81 92
44 52
91 87
21 84
7 64
64 1
25 12
3 2
101 57
14 53
41 100
4 88
66 87
64 39
36 51
17 98
34 78
64 82
48 85
19 90
60 37
91 66
43 92
30 18
24 44
80 27
74 96
87 91
96 5
12 41
77 93
6 1
73 103
74 21
96 94
78 36
4 90
17 56
54 25
22 50
79 48
42 85
98 39
65 27
96 74
71 68
55 34
103 7
10 61
14 46
18 39
63 20
74 70
27 35
9 62
9 106
44 40
12 3
32 77
86 88
60 93
17 96
79 82
12 26
90 74
51 57
55 66
6 44
82 56
25 10
101 40
74 107
51 47
5 26
22 100
67 50
60 105
28 85
21 106
104 99
48 9
17 69
56 85
106 57
53 72
37 103
50 3
75 32
73 93
60 106
102 3
30 1
28 16
3 81
6 30
88 18
68 48
73 103
65 87
19 42
85 2
74 94
96 15
89 62
39 43
48 53
33 49
54 71
94 75
13 67
62 94
10 97
93 105
54 28
65 42
77 21
80 25
76 52
101 83
91 29
2 107
75 11
78 74
95 68
8 60
17 43
90 43
49 20
33 19
96 72
61 9
95 75
60 22
95 31
91 42
4 3
14 10
91 101
82 104
5 59
62 102
68 57
82 47
95 63
40 104
40 15
80 19
70 38
70 80
96 31
73 103
69 56
40 39
26 26
57 54
60 1
81 87
34 52
107 44
95 66
34 105
87 76
50 57
36 35
103 25
41 93
105 77
40 2
19 75
33 67
39 80
97 86
72 41
30 57
103 55
100 4
94 103
41 2
1 53
40 60
64 18
58 23
10 75
77 82
54 66
7 14
22 20
32 72
21 61
84 13
90 11
87 35
88 33
80 95
61 59
97 25
60 43
95 30
86 38
90 83
106 38
52 8
7 101
30 33
35 15
33 82
19 59
1 73
31 38
37 25
82 45
104 85
77 103
55 60
104 22
35 44
41 19
75 79
27 1
97 38
31 50
8 34
58 55
107 5
53 100
86 46
30 20
36 47
17 65
92 37
25 9
35 88
9 61
91 18
14 26
22 1
70 15
7 98
85 61
38 77
3 94
24 20
52 85
14 92
3 18
6 3
53 66
52 35
22 60
75 68
39 92
91 99
38 36
67 25
1 107
70 28
70 75
48 52
80 34
65 16
41 43
53 31
43 15
6 94
70 7
107 3
64 40
51 65
27 66
95 36
81 28
47 31
16 103
3 13
51 5
48 38
45 22
90 29
91 17
22 53
17 38
26 95
76 52
96 80
67 75
45 46
13 88
54 19
78 72
87 66
97 52
7 9
83 98
29 44
26 17
49 90
65 64
98 49
2 88
21 94
96 89
106 105
92 16
40 59
13 101
15 64
26 6
19 55
4 89
14 14
74 22
30 82
51 47
11 71
49 29
69 55
74 73
43 33
76 80
46 21
18 10
103 75
89 55
44 106
30 91
32 20
25 90
71 16
78 12
51 62
52 28
23 94
86 4
66 18
23 99
28 27
3 34
46 65
65 35
39 100
91 94
29 86
36 47
8 65
45 22
70 91
65 37
17 45
106 54
80 74
106 70
44 62
81 77
45 53
49 107
84 96
37 11
104 6
54 7
92 98
61 14
82 5
41 10
35 83
47 62
9 18
34 62
91 6
74 76
52 62
8 56
70 85
26 69
55 65
43 4
102 4
99 32
90 99
81 52
26 31
50 8
31 90
62 82
69 63
30 61
74 38
67 32
58 9
85 94
14 57
97 10
3 90
39 48
106 60
54 28
81 30
9 4
29 62
11 13
86 69
66 72
10 40
2 59
91 34
14 12
24 98
71 26
90 48
11 4
16 40
68 22
44 62
75 7
32 69
5 44
46 82
41 97
98 55
77 89
87 57
19 19
28 41
64 87
104 90
66 27
104 64
97 77
77 64
79 81
74 21
67 31
23 83
104 9
8 34
35 32
24 63
31 63
91 93
86 34
56 72
98 99
27 53
79 18
4 107
50 35
87 30
36 62
89 102
62 24
9 65
70 8
85 60
61 10
50 27
26 22
8 68
102 43
66 7
16 92
100 64
6 41
