91 955
51 9 37
41 57 134
85 86 754
48 64 880
5 73 691
51 31 693
26 25 77
49 30 338
73 17 395
65 56 169
64 67 346
74 28 817
15 12 573
79 13 94
22 42 768
15 13 154
58 28 563
34 36 188
62 45 258
13 47 382
48 65 258
34 51 353
36 13 710
88 45 216
57 48 996
52 60 258
57 71 73
26 91 807
1 71 974
78 49 495
66 15 214
2 8 857
2 10 350
44 56 133
38 59 466
88 23 25
24 69 487
37 33 590
18 71 385
36 70 834
58 38 532
66 70 176
25 1 707
59 69 967
76 50 854
18 62 37
7 17 693
79 64 406
25 7 199
19 41 792
39 37 32
41 23 809
89 37 221
67 84 304
84 72 698
59 63 531
20 83 986
12 75 396
67 58 841
88 42 184
57 15 720
46 12 899
34 57 766
76 64 140
71 78 422
17 30 555
63 40 627
43 34 909
41 35 340
52 91 684
9 91 812
88 12 793
2 24 29
37 56 122
34 86 175
40 52 592
52 56 395
11 35 78
33 12 482
38 9 484
87 91 171
77 3 178
22 57 622
8 39 409
21 46 747
39 86 755
81 52 79
19 89 242
42 61 663
18 78 301
87 3 763
39 35 16
23 53 43
46 18 979
17 47 522
29 3 677
14 87 66
63 86 923
13 64 947
71 64 744
43 85 47
12 7 987
73 51 830
52 78 796
74 17 37
62 57 166
44 17 20
76 62 944
71 32 112
70 84 812
30 14 639
50 76 430
7 47 562
42 67 471
42 80 826
80 84 692
79 90 930
44 40 817
51 49 388
42 89 130
14 91 281
46 46 656
45 79 389
78 77 153
17 18 878
32 64 56
55 25 98
84 79 37
30 62 488
63 40 781
31 45 535
67 42 525
43 74 388
45 49 266
8 36 157
64 45 323
52 45 264
14 9 816
65 50 793
47 30 437
24 57 574
38 87 478
61 73 657
90 14 15
70 36 535
56 38 501
66 38 187
43 25 273
65 25 141
60 71 46
35 55 915
45 16 371
81 47 415
18 21 755
26 1 756
6 4 205
39 44 347
72 65 512
45 8 86
37 23 437
68 38 978
41 8 649
2 4 442
53 84 644
50 54 802
45 75 806
2 27 785
62 40 366
7 42 503
90 45 190
34 10 126
3 46 634
50 65 134
1 91 243
47 4 830
14 25 260
15 11 98
3 81 604
42 53 125
12 82 712
57 20 522
91 30 327
17 81 581
83 64 791
59 48 397
31 91 558
59 65 160
33 72 37
77 36 323
28 45 419
87 51 657
28 4 337
36 3 478
17 91 895
73 50 901
83 50 203
85 57 571
4 14 957
83 20 448
49 59 218
21 81 902
24 21 83
30 41 484
34 11 906
7 7 885
76 11 205
50 7 607
83 14 78
12 83 404
6 81 557
42 91 535
26 76 667
41 14 68
29 43 657
52 69 140
89 48 45
81 75 295
68 41 940
79 44 862
14 62 874
30 54 162
89 70 499
26 14 500
3 40 799
30 49 992
53 14 97
34 37 197
19 67 315
68 85 439
4 29 929
36 21 761
39 66 358
63 10 369
21 16 237
38 41 986
51 33 30
61 34 930
85 65 504
82 46 920
45 78 142
49 48 146
2 41 112
1 10 184
70 55 22
69 45 93
8 25 225
16 74 614
26 48 588
29 71 707
23 73 191
26 10 560
13 41 960
24 24 11
35 51 703
48 78 17
21 31 924
43 28 159
22 15 26
86 7 601
62 30 122
19 12 689
64 46 874
73 82 247
30 81 300
67 71 281
1 53 705
10 60 53
22 88 375
68 43 612
91 29 421
87 16 112
47 2 413
83 20 434
11 75 706
42 3 277
15 56 875
69 19 197
35 12 204
50 65 137
41 39 181
80 29 70
59 46 494
56 11 195
69 7 286
27 88 294
46 36 911
68 60 884
32 80 143
69 42 515
37 40 439
81 67 954
26 64 688
27 37 871
25 52 99
42 53 844
50 53 721
75 24 892
82 53 387
27 47 796
40 45 456
87 85 885
75 75 129
70 23 446
57 32 409
5 44 767
10 19 193
88 48 532
84 2 97
43 48 575
68 55 396
63 72 896
48 41 982
41 60 946
6 22 275
90 76 517
36 45 95
90 60 928
34 25 604
17 41 913
31 87 371
31 84 211
55 69 688
70 34 527
74 27 442
58 2 806
65 36 227
14 23 921
8 59 410
83 88 342
86 38 317
9 50 402
48 76 324
62 38 564
63 77 119
61 49 785
40 69 704
10 12 15
80 80 484
73 28 608
57 1 4
12 18 968
31 63 866
69 11 240
51 26 120
61 83 828
53 19 305
60 52 808
11 78 988
86 15 921
6 46 882
80 88 941
68 42 316
41 38 930
44 82 420
5 77 593
43 47 5
83 25 774
23 67 653
81 12 217
5 60 373
77 45 970
25 45 383
66 88 159
69 76 820
22 13 238
27 24 825
66 34 442
88 63 644
26 2 4
24 91 147
47 64 580
79 68 409
2 12 733
3 59 588
29 68 326
51 90 654
17 66 446
42 81 449
20 20 231
18 27 422
59 81 489
17 72 331
55 22 491
1 74 120
38 59 446
85 42 619
33 28 633
11 68 903
26 31 510
24 69 719
30 66 5
79 59 396
78 88 811
79 90 549
87 5 409
2 60 218
56 42 51
42 50 34
51 4 820
18 54 968
45 34 638
89 77 621
43 21 646
13 90 790
23 78 320
87 73 544
7 67 823
65 57 93
77 25 906
56 77 624
54 31 639
91 85 139
78 5 620
38 12 701
43 6 147
8 74 142
8 38 181
5 9 198
46 61 142
51 19 964
54 45 924
81 42 144
36 54 775
66 25 799
46 37 73
82 33 187
13 13 717
8 16 811
21 39 847
11 41 8
8 18 522
2 57 255
68 50 561
68 42 20
1 13 596
38 13 558
84 61 41
89 45 698
28 78 593
32 26 898
54 72 508
3 73 167
86 23 504
57 58 64
45 28 969
85 90 350
1 74 180
12 51 426
2 48 117
75 79 189
13 7 673
77 32 847
72 22 613
89 42 34
7 30 709
11 86 674
1 85 686
49 2 113
87 1 303
59 31 273
37 7 479
46 13 220
36 9 257
19 69 943
9 64 434
15 53 383
13 58 30
5 32 68
66 15 112
61 19 460
10 24 2
80 31 597
29 76 588
35 4 908
87 15 354
33 90 48
81 62 757
72 49 173
91 90 988
5 21 878
56 62 575
74 38 353
23 28 975
41 6 880
21 50 167
70 31 880
73 82 291
10 4 208
40 71 442
26 81 849
28 78 187
81 52 804
78 76 341
55 62 919
80 20 335
83 44 189
18 44 208
28 3 512
62 24 975
78 10 359
19 7 218
51 39 290
82 38 935
82 39 57
2 68 236
11 37 188
78 70 30
28 57 138
83 43 631
25 89 948
13 19 846
27 89 91
26 50 282
5 44 73
3 27 947
29 73 33
60 42 684
51 91 686
31 79 745
75 27 43
15 24 411
37 13 655
39 23 978
89 40 571
30 37 156
61 89 699
85 12 199
18 52 217
32 83 884
59 79 987
34 21 71
23 54 632
52 28 958
60 43 422
25 21 424
6 68 742
73 62 160
20 44 387
18 65 287
33 42 481
80 47 933
27 9 846
18 21 698
70 5 386
24 36 434
20 63 454
78 43 784
23 59 785
82 14 498
24 66 183
36 15 840
65 46 590
80 81 582
38 17 895
87 23 241
76 35 352
67 19 800
57 64 146
68 2 986
43 58 733
36 68 575
26 39 280
20 31 194
39 1 452
69 69 874
23 5 454
68 3 760
45 86 556
62 90 350
45 68 480
44 10 203
35 67 403
47 1 610
8 90 406
44 15 958
78 87 409
79 40 907
25 58 407
48 80 581
57 57 899
74 38 556
48 36 531
21 64 986
17 1 20
2 54 114
51 17 427
48 73 276
26 76 114
18 55 387
86 24 492
33 36 787
68 66 813
56 49 514
83 22 152
78 77 669
65 72 469
69 39 531
57 50 887
58 4 440
2 84 791
32 20 954
46 7 474
14 35 593
19 79 550
73 54 405
35 44 870
48 21 904
81 5 152
51 88 368
45 24 593
76 33 978
78 87 322
50 19 720
24 91 762
85 65 65
42 77 851
81 47 534
73 55 285
42 65 765
60 59 923
20 63 948
80 4 285
34 16 726
17 22 21
20 44 228
81 67 301
90 34 952
39 45 175
61 42 369
28 2 681
84 69 629
7 59 454
7 78 871
90 60 698
47 78 729
17 76 885
41 79 859
3 46 942
84 37 958
67 88 364
86 86 945
66 28 467
8 58 619
34 51 93
31 81 634
84 61 181
91 21 89
48 42 16
13 67 867
68 50 343
22 86 626
53 42 39
67 38 921
51 91 727
3 33 422
27 54 739
77 76 112
62 81 139
36 17 564
18 45 857
24 71 114
57 17 890
2 39 755
39 60 525
30 12 100
50 89 10
53 41 567
18 61 2
61 38 189
74 44 542
22 73 909
51 66 785
74 65 477
81 19 737
29 74 686
64 66 754
73 73 401
56 24 741
14 91 765
53 74 182
10 12 65
10 74 438
1 58 868
31 41 577
24 81 506
68 51 604
7 61 195
21 55 560
7 14 281
58 35 222
74 46 539
13 76 330
77 60 194
84 9 944
39 5 528
69 42 660
5 1 917
56 56 38
13 61 88
50 65 488
71 53 512
62 14 477
5 51 944
74 1 15
4 20 710
71 57 136
6 6 16
6 55 878
51 59 94
69 46 934
74 51 422
19 90 803
49 49 556
43 46 808
35 23 6
67 62 894
54 52 846
4 28 506
51 88 904
80 38 475
70 50 809
81 87 620
78 83 741
7 51 921
12 28 646
69 79 116
19 34 400
63 88 446
64 43 407
78 12 189
90 71 444
9 34 190
88 53 400
24 91 109
12 55 728
60 50 900
37 86 926
70 32 356
77 47 39
55 3 607
5 12 859
64 54 387
91 18 575
85 46 119
18 88 336
87 30 527
22 65 763
65 45 641
78 15 323
59 84 922
88 21 558
68 23 21
56 26 20
63 44 905
10 2 796
33 4 764
75 48 452
88 44 953
58 31 546
18 20 975
88 77 821
90 49 907
75 59 377
26 19 308
85 13 167
44 7 562
58 46 816
34 74 860
45 59 775
69 79 186
58 10 378
58 62 479
83 2 316
87 67 270
29 65 420
29 29 552
32 82 193
31 71 348
47 10 948
22 40 689
83 35 839
4 82 110
51 90 531
38 88 415
65 21 299
15 47 178
86 87 780
55 59 343
3 8 647
17 87 959
85 8 883
23 45 31
84 44 789
79 47 202
74 26 481
59 54 782
28 72 904
20 81 969
29 91 198
62 73 938
20 17 713
76 37 657
57 5 788
53 44 12
12 2 467
23 26 872
37 23 219
34 13 955
3 59 875
27 42 317
23 68 167
27 78 166
3 70 194
87 17 73
66 52 558
50 6 864
23 33 102
23 54 584
25 67 92
64 64 385
36 57 446
13 41 386
34 61 676
45 14 774
77 73 181
3 53 977
41 54 774
19 28 194
2 24 417
14 19 391
9 79 474
24 63 221
74 79 24
24 90 569
53 22 345
38 63 365
76 36 920
1 91 709
14 2 469
88 65 911
55 68 518
80 69 916
45 70 670
86 35 557
3 9 283
71 27 429
10 75 514
44 50 354
27 85 651
63 46 856
38 91 683
2 31 631
80 35 481
9 59 494
52 29 334
8 66 710
88 71 943
16 24 246
37 64 635
40 91 768
69 26 343
3 85 229
32 85 713
49 12 259
85 57 66
45 76 214
38 20 192
87 24 860
21 38 995
21 35 163
9 62 220
59 56 595
10 7 984
69 22 417
47 9 418
81 57 589
88 8 291
82 33 770
44 30 632
45 60 864
73 33 564
41 59 522
4 45 445
5 79 204
5 63 514
75 69 997
85 25 6
6 41 980
72 20 581
28 30 474
20 65 914
60 6 175
46 27 120
14 24 289
42 72 698
53 16 725
72 75 480
64 19 318
66 70 365
89 70 885
81 73 809
50 65 952
82 54 745
25 88 282
88 25 49
42 28 6
38 13 622
81 55 50
14 25 768
22 15 940
26 53 281
27 67 797
21 22 493
53 63 767
58 2 305
7 55 37
65 57 636
35 90 878
1 69 98
8 12 544
53 80 34
47 54 944
16 62 965
25 71 256
71 49 619
58 84 930
13 22 58
13 81 944
77 66 439
20 8 170
21 48 606
49 26 469
1 10 714
80 73 120
58 56 26
37 17 552
37 58 15
22 2 72
67 31 125
85 31 638
65 86 740
4 17 565
37 7 980
8 16 425
84 65 216
15 82 894
63 71 12
64 22 613
31 26 251
29 39 463
6 9 739
86 16 186
42 9 231
78 35 640
9 52 64
7115
79 19
74 89
64 85
42 83
40 53
24 38
5 61
22 7
57 38
61 32
75 33
49 78
81 63
57 83
58 85
30 6
21 38
73 39
78 16
17 50
43 9
42 75
52 83
70 22
79 26
13 8
91 46
31 86
9 60
12 71
26 56
86 4
3 35
37 20
91 7
62 73
28 30
54 19
8 88
71 9
42 67
70 26
18 81
3 55
32 13
18 39
64 68
20 78
70 84
34 64
44 9
18 24
31 43
23 54
53 89
53 86
28 65
62 91
16 29
85 84
51 84
65 74
77 29
76 79
1 10
46 4
59 42
78 16
42 87
83 54
73 33
45 5
50 53
66 84
25 33
90 10
41 37
2 40
51 66
42 21
65 12
61 81
79 40
59 81
15 86
39 67
62 43
24 52
70 53
73 85
52 5
2 43
1 63
22 81
8 1
20 9
71 51
67 11
7 67
47 70
12 64
82 18
9 63
69 18
58 22
88 7
53 77
4 25
52 58
60 81
54 25
67 48
1 9
9 52
15 19
17 64
38 53
67 71
75 28
14 27
30 19
73 13
91 19
82 91
18 11
60 65
57 57
61 7
61 53
78 13
12 27
74 51
36 20
67 54
31 13
29 85
78 36
47 26
90 39
4 83
40 55
65 89
86 81
82 60
57 27
20 59
87 58
63 29
40 25
66 39
19 9
80 2
2 42
26 32
23 68
86 55
89 28
21 16
71 15
2 83
67 52
70 65
45 80
74 55
9 43
83 9
45 15
72 81
73 42
3 84
65 75
59 86
20 48
48 87
42 4
70 20
75 83
51 8
89 77
50 87
45 38
4 14
57 81
88 90
16 54
26 41
87 22
82 12
78 50
18 23
70 59
78 45
76 1
89 38
64 29
11 34
21 71
48 11
16 83
85 55
91 69
18 83
71 39
23 23
13 74
11 15
70 29
29 47
54 21
27 2
58 6
47 90
48 7
44 41
37 76
88 82
86 47
42 51
65 60
5 16
63 37
24 68
91 76
60 91
90 42
28 67
67 27
10 35
44 79
2 31
4 65
18 13
15 5
52 56
49 22
30 4
10 63
26 62
84 20
14 73
59 34
74 50
86 3
79 22
50 8
79 60
16 51
30 74
28 11
34 32
63 54
43 80
90 64
48 42
44 17
47 57
33 26
65 49
2 74
11 50
17 34
73 8
74 38
38 16
46 16
33 2
75 77
48 86
55 73
89 22
47 69
19 51
49 20
49 10
17 59
73 21
11 22
76 27
73 57
31 64
7 25
33 21
20 85
31 2
81 75
71 3
73 58
76 58
69 88
35 32
49 22
74 77
27 76
49 20
62 41
37 43
10 82
29 82
29 36
23 60
13 15
34 17
48 72
63 7
1 53
83 25
50 44
86 29
49 37
59 7
12 2
81 24
34 22
26 35
61 38
74 32
18 43
37 72
49 55
52 83
72 39
4 74
54 44
47 39
47 66
55 14
81 18
90 22
90 87
5 15
56 42
9 34
36 41
81 7
41 12
6 67
56 72
15 53
39 57
61 59
56 73
34 78
18 25
4 41
61 33
10 62
7 10
16 3
7 26
28 27
8 38
11 80
57 87
25 49
84 5
49 76
19 86
71 61
11 17
28 3
28 21
32 50
8 45
15 74
35 84
57 60
53 18
81 77
78 75
14 37
49 60
44 50
26 40
69 13
21 31
34 40
34 15
59 21
64 90
62 45
3 41
16 67
38 62
22 11
24 30
81 67
41 38
47 57
30 44
88 62
10 56
89 24
38 23
25 4
30 34
22 12
55 17
27 2
35 44
86 84
91 59
89 37
52 84
80 69
82 74
28 80
17 44
43 74
65 36
87 14
61 7
55 65
37 37
12 68
33 59
14 64
47 6
44 78
50 53
71 65
49 59
66 20
16 86
91 38
64 24
45 7
73 34
52 80
7 31
55 15
61 67
90 80
25 49
41 8
67 63
51 35
44 10
2 47
17 78
50 66
45 9
21 47
82 86
29 28
78 3
36 41
60 48
54 22
26 65
84 35
10 13
45 35
16 89
28 22
65 39
73 71
67 36
85 79
46 15
34 38
24 62
36 64
85 41
28 55
9 90
42 71
5 72
32 81
80 88
15 74
90 32
90 75
62 38
29 30
87 82
67 85
24 64
8 65
58 28
33 61
50 78
78 60
64 13
20 78
85 44
62 2
5 45
12 4
33 91
68 89
6 6
2 16
11 52
83 14
54 15
78 34
61 82
24 72
47 53
61 21
36 50
52 89
29 75
28 33
35 31
56 29
72 21
31 32
61 12
33 27
6 87
83 46
34 14
28 25
73 7
15 7
14 3
41 91
71 66
60 83
29 62
71 13
66 69
36 52
49 55
67 7
16 54
5 35
38 22
67 4
36 60
10 47
63 41
57 14
87 90
61 26
56 75
69 68
26 25
15 53
89 5
90 43
54 82
74 28
77 49
74 69
70 91
71 82
55 34
23 81
27 75
9 83
79 25
82 41
32 31
26 54
1 30
54 8
17 54
29 24
48 25
59 18
58 25
17 78
12 74
69 31
64 2
42 38
45 40
12 20
48 16
20 18
9 30
33 54
67 87
39 30
28 7
59 28
57 36
26 22
69 65
21 50
53 4
88 62
72 69
81 56
1 3
33 76
54 8
40 8
71 48
21 69
45 12
20 49
10 84
40 37
40 42
82 42
45 3
33 17
69 64
52 32
82 85
74 11
7 18
2 83
86 45
7 38
32 59
23 25
63 73
44 5
65 53
27 14
47 30
76 5
82 8
52 53
7 39
4 48
28 1
72 14
10 75
31 84
37 63
71 60
30 51
79 1
86 1
85 6
31 10
22 1
61 1
41 61
26 72
80 49
59 9
18 30
15 33
52 77
73 18
69 7
68 5
59 55
23 48
22 1
45 57
30 36
82 28
49 84
76 32
18 71
35 30
30 87
12 63
47 71
83 13
89 39
37 28
56 83
37 59
8 60
87 30
56 76
89 80
76 4
58 85
58 44
11 69
81 1
37 22
48 76
1 16
79 86
55 50
78 14
83 5
19 20
70 18
4 53
8 70
20 50
69 13
89 16
54 82
27 91
6 85
54 27
60 38
38 8
25 41
1 8
81 42
41 8
11 33
88 4
17 41
51 81
56 87
58 27
23 53
70 3
86 80
42 40
70 5
8 68
1 59
80 69
60 9
91 28
15 66
60 86
3 78
62 57
30 75
8 56
75 78
30 45
56 81
68 24
15 64
5 83
1 54
19 84
73 59
18 9
75 82
40 41
14 62
13 73
27 77
41 51
66 17
54 18
43 57
2 89
14 66
13 70
7 51
30 37
4 47
83 31
1 88
53 83
77 58
52 64
56 61
48 87
27 33
61 44
33 49
36 81
64 15
15 58
61 57
7 31
58 41
62 30
52 16
87 81
55 73
22 69
72 38
81 15
53 52
41 79
16 17
37 55
29 78
21 70
29 11
13 82
86 86
17 51
65 4
46 28
60 58
23 38
76 41
86 63
10 22
29 21
65 47
25 59
32 67
2 58
21 30
67 73
58 46
63 59
27 22
42 68
38 55
61 30
20 91
54 38
76 46
77 48
42 55
40 2
45 48
15 24
69 25
47 77
15 78
3 34
69 75
7 11
80 32
8 6
43 37
25 37
74 49
9 68
64 59
61 42
25 77
54 60
1 4
13 55
55 65
18 27
3 78
85 55
15 37
5 36
64 88
69 60
42 70
10 61
32 61
31 5
29 6
37 34
12 10
90 11
90 24
48 21
70 91
65 89
7 91
60 10
46 1
55 45
73 86
37 13
84 54
84 68
5 32
2 11
81 26
57 82
76 1
68 23
32 66
42 88
61 86
47 91
49 12
66 85
83 23
78 4
12 33
61 74
67 43
2 10
6 54
70 25
83 91
53 68
76 61
69 89
62 56
38 83
75 61
52 30
32 51
91 12
7 54
43 61
9 65
35 58
43 87
66 67
61 22
81 80
13 65
30 35
76 44
83 85
27 31
85 25
79 69
46 60
89 50
91 52
4 45
21 89
58 17
16 81
60 60
13 40
21 37
48 16
42 21
88 34
35 19
52 40
48 16
69 85
55 3
69 58
45 1
90 71
89 57
36 2
27 30
79 73
31 67
60 48
85 40
31 87
68 52
73 66
38 25
45 47
9 87
9 30
8 59
35 91
68 22
57 29
27 41
16 26
13 41
25 36
45 23
90 1
49 18
38 19
10 22
51 86
39 21
41 84
53 43
18 88
74 24
86 79
46 72
24 34
80 82
14 21
84 27
59 37
43 27
40 3
32 26
81 81
46 21
13 87
78 24
14 75
85 84
9 68
13 62
64 89
50 34
2 12
83 74
22 40
40 59
31 45
49 14
8 21
16 81
51 8
64 9
3 40
83 11
47 12
36 25
8 80
82 86
38 31
79 69
52 70
36 63
6 81
21 87
24 10
55 19
35 53
80 29
76 25
17 2
22 86
31 24
62 58
51 28
79 50
38 57
11 3
23 5
88 79
41 57
43 79
72 56
33 77
57 53
37 15
34 90
20 2
15 3
75 26
64 21
5 15
82 56
69 60
72 42
1 83
72 75
87 29
24 60
56 84
35 43
25 44
45 11
86 71
82 51
42 58
16 4
18 1
32 69
19 8
76 62
32 62
11 79
45 19
60 62
20 1
73 71
3 7
5 66
28 73
67 44
5 23
75 71
65 31
84 80
1 35
33 73
50 48
27 72
77 81
3 11
83 90
44 27
15 90
27 52
38 88
27 31
87 25
46 75
50 3
16 47
67 16
80 76
21 76
76 75
22 80
57 18
45 2
40 84
27 27
82 84
50 27
29 80
44 56
79 30
88 83
9 56
27 28
12 7
65 14
36 53
27 41
76 63
86 47
19 19
76 60
1 32
38 67
85 9
84 25
53 45
80 33
50 49
64 24
34 81
9 52
66 56
27 82
66 22
75 15
44 91
58 4
4 87
26 60
65 24
19 86
59 13
21 67
8 2
76 66
87 90
77 80
33 32
33 45
81 81
52 23
60 45
47 68
58 13
28 7
68 74
29 17
33 91
35 41
16 51
90 78
72 90
25 38
83 4
32 18
77 90
18 85
82 30
73 63
24 75
37 16
82 42
60 24
27 6
9 1
79 3
18 55
77 79
4 1
16 77
30 88
11 56
63 15
43 57
74 51
81 47
86 72
48 60
16 50
69 10
56 44
22 6
62 45
7 74
51 49
14 26
82 85
9 52
57 67
15 80
49 18
71 16
52 44
48 77
89 64
26 88
11 45
80 71
25 37
36 87
81 37
18 14
1 51
4 14
74 36
84 5
72 51
14 84
67 39
69 24
33 61
7 32
81 37
18 64
11 78
16 27
20 21
38 24
82 53
54 30
23 13
11 53
55 40
27 84
40 31
24 73
77 63
91 58
87 3
28 51
19 72
64 41
62 88
89 43
24 10
14 58
80 51
7 73
3 52
19 31
10 57
85 39
5 38
56 57
30 49
72 69
8 20
50 26
86 67
32 3
10 73
70 81
46 37
42 74
5 65
74 52
7 61
36 70
22 11
51 74
57 29
58 34
37 30
56 8
25 83
19 72
72 85
64 9
14 76
73 40
81 26
47 17
89 91
61 75
34 67
20 72
7 78
24 55
27 85
33 13
14 1
70 59
11 68
8 41
75 6
38 29
91 80
70 54
39 59
85 36
33 27
77 66
87 74
42 23
58 43
78 82
3 3
63 34
51 81
1 7
4 78
45 56
36 41
69 19
37 1
44 45
79 78
39 3
38 23
66 32
24 47
4 78
82 27
89 66
44 85
30 80
58 59
27 66
85 34
17 17
41 85
80 68
19 58
63 15
17 65
83 29
65 80
32 23
44 4
2 16
46 32
14 5
17 84
48 89
65 76
40 3
88 66
75 5
13 49
70 89
87 11
26 61
75 8
14 82
88 73
49 72
42 9
64 37
90 35
67 9
35 16
32 14
48 34
9 64
80 17
13 70
85 29
57 39
28 16
25 10
6 77
56 51
37 30
52 71
42 64
72 13
71 23
73 55
19 60
47 60
90 79
38 45
91 81
11 5
70 8
47 51
6 60
17 11
18 22
56 86
52 72
38 48
61 7
82 24
36 37
58 10
1 32
78 13
22 13
39 65
15 9
39 7
74 54
51 65
11 69
37 40
68 30
91 74
84 45
90 8
28 27
22 73
27 61
26 87
21 44
64 19
55 17
28 52
79 30
24 57
84 23
59 11
41 55
76 4
90 80
34 12
44 51
77 10
79 18
76 43
76 41
68 29
14 5
74 88
32 43
82 61
69 68
69 44
22 47
12 11
72 76
55 40
11 44
50 68
30 50
22 71
2 90
62 84
4 66
42 49
51 72
26 19
11 26
87 52
84 56
2 88
37 2
50 56
36 25
13 9
70 35
33 25
20 4
53 48
75 57
56 64
8 19
12 37
88 85
62 68
19 75
37 65
36 17
50 12
25 18
90 85
85 88
44 42
14 30
51 79
32 61
6 12
48 8
42 62
38 39
4 38
8 65
3 75
67 59
43 31
13 74
33 91
21 78
82 65
5 59
70 10
6 59
41 65
66 36
28 81
39 27
52 39
26 18
50 55
2 27
27 60
59 70
47 17
4 35
56 44
49 17
76 50
74 39
84 13
53 55
42 65
73 37
80 12
50 49
44 21
65 66
10 81
8 44
37 77
78 26
7 4
72 26
28 61
9 6
58 3
20 57
60 43
66 83
36 13
33 66
12 70
83 34
46 63
20 16
72 55
75 68
4 63
31 53
90 60
11 13
31 80
60 67
13 48
74 75
1 83
68 17
6 36
62 90
19 50
22 17
69 48
74 62
76 80
2 13
51 19
84 62
44 65
90 64
45 15
60 17
39 24
75 91
33 9
20 37
69 28
63 28
87 32
75 66
83 78
72 21
49 70
16 14
37 65
4 46
9 63
45 62
5 10
58 71
16 55
65 25
6 51
16 75
65 80
36 16
58 80
50 44
89 68
4 37
25 38
42 59
9 55
91 49
72 23
87 69
59 2
55 32
67 41
75 33
33 27
44 14
81 41
18 57
59 9
40 19
76 14
29 52
60 62
55 81
57 13
45 21
64 88
36 55
16 19
23 46
91 45
48 57
21 45
31 4
82 44
15 36
4 31
22 67
81 37
8 12
12 40
56 31
9 91
32 91
23 43
36 54
72 18
7 77
47 3
19 12
22 86
82 58
24 44
83 69
12 31
72 77
6 52
55 63
91 68
66 78
30 14
63 69
91 48
25 5
72 47
61 48
19 21
72 37
20 4
25 86
8 13
38 66
80 39
35 79
23 38
79 53
12 73
66 51
16 35
28 72
14 24
89 51
84 45
31 64
8 38
47 13
41 15
82 73
91 81
45 35
71 64
44 81
1 63
16 5
57 40
59 22
40 66
76 80
58 7
47 10
62 56
15 67
67 66
13 64
19 39
25 20
30 66
59 64
89 59
79 80
90 47
1 11
60 85
63 43
76 86
48 9
62 61
62 4
37 41
32 76
88 63
75 73
32 62
74 42
21 67
68 9
7 63
63 12
90 8
70 68
1 83
43 63
64 32
1 37
52 15
6 10
16 51
39 59
8 33
3 71
69 49
91 18
27 71
75 14
13 6
50 78
60 78
38 61
84 79
17 4
66 83
17 87
33 28
59 21
65 47
41 86
31 52
13 14
72 40
79 91
89 81
52 26
78 66
20 35
5 35
38 31
39 58
13 72
23 68
80 64
19 42
87 53
5 2
91 15
24 65
22 63
49 10
1 84
63 32
27 67
56 35
79 64
49 38
39 80
78 87
26 55
48 83
57 42
86 17
82 58
66 78
73 1
9 72
76 24
85 21
63 64
13 86
27 58
61 21
53 21
91 53
31 6
80 51
35 14
28 88
22 25
31 56
89 18
42 76
36 51
38 11
71 16
68 45
39 68
84 2
4 5
3 39
15 31
39 58
37 16
46 84
38 55
5 8
70 67
69 28
79 58
46 19
28 71
4 4
81 48
78 75
46 19
59 2
66 12
35 86
59 28
58 85
62 37
7 43
38 81
86 71
8 66
35 6
6 18
28 11
40 59
75 14
61 20
36 90
37 57
18 35
63 71
7 19
22 88
10 2
89 76
83 26
60 75
6 8
19 6
14 14
4 5
57 91
74 74
24 1
86 57
59 18
39 89
43 19
77 29
11 58
51 78
4 78
34 47
56 80
49 7
7 87
16 74
53 67
21 73
50 44
27 87
14 16
15 52
56 38
7 79
44 47
39 91
86 66
24 9
55 8
26 72
82 36
73 7
78 64
53 67
30 88
77 21
71 84
17 74
85 41
48 31
3 36
64 37
80 43
70 53
80 85
80 62
89 46
10 12
71 69
3 24
47 21
75 26
13 23
47 81
45 29
21 91
5 73
74 51
78 59
29 84
38 43
27 19
20 51
77 16
75 4
73 83
44 77
21 39
1 67
55 26
33 76
33 33
65 19
20 47
70 17
53 71
1 2
48 86
39 30
73 44
48 89
85 53
73 67
14 34
41 69
61 60
52 25
85 38
78 13
23 73
30 33
49 64
14 41
32 88
22 11
84 23
32 6
65 8
85 57
23 33
17 40
53 31
71 2
49 7
16 72
51 30
66 18
12 70
57 50
30 64
26 40
64 64
5 53
11 83
43 44
30 2
77 53
59 4
18 88
47 40
75 69
13 17
50 38
10 62
7 40
34 23
47 74
66 81
90 24
61 20
30 25
50 53
58 74
59 11
49 40
83 34
38 51
3 81
74 62
70 18
33 54
84 15
66 41
70 47
39 34
48 20
69 37
78 22
16 11
13 54
85 80
49 27
69 39
56 5
76 58
91 17
20 17
49 73
75 85
6 27
78 10
64 86
76 1
69 72
87 63
6 23
76 65
76 45
12 78
4 57
32 44
55 91
22 86
11 12
54 38
25 59
67 12
4 30
78 31
52 59
1 27
1 90
48 17
6 13
70 1
83 63
84 12
3 91
42 7
19 88
35 32
5 35
33 56
26 21
87 8
43 78
61 1
8 81
25 84
80 38
7 28
89 81
79 66
46 17
82 39
81 76
33 17
13 76
35 64
86 80
44 84
43 20
90 8
68 31
60 35
38 34
77 74
23 47
68 91
55 17
59 25
18 8
1 80
2 8
3 32
20 35
11 19
4 4
1 35
75 72
53 39
11 81
43 39
57 18
28 17
39 45
42 56
46 31
90 22
51 66
75 69
11 34
70 19
40 76
51 32
73 61
29 13
90 84
66 1
19 65
14 63
58 70
72 81
75 44
52 44
22 41
79 3
2 23
40 62
2 68
19 43
33 86
41 50
64 54
21 25
73 88
43 88
31 58
88 9
68 38
9 54
86 34
40 20
71 74
75 11
58 53
86 61
49 52
24 27
19 84
48 3
39 49
48 38
18 47
9 17
55 52
1 44
26 75
21 79
31 60
57 36
55 27
48 87
24 23
87 57
10 59
81 67
90 17
60 6
67 6
8 54
32 68
55 14
21 91
83 8
78 70
72 31
5 63
5 47
31 14
58 33
8 31
85 22
19 70
73 41
86 80
26 74
85 32
63 14
52 36
46 62
69 41
14 26
56 72
55 77
3 76
88 29
9 47
71 75
18 12
63 60
86 19
50 68
72 40
52 29
26 8
60 52
7 19
1 62
6 82
66 40
62 33
72 41
73 64
48 20
42 25
43 80
81 91
47 89
71 75
63 44
47 79
24 76
86 23
63 19
81 77
79 65
54 5
64 48
36 89
41 77
3 67
67 83
80 70
14 58
39 22
49 42
25 52
41 52
35 6
1 33
56 49
53 21
53 24
31 86
91 5
23 8
73 88
62 32
90 16
21 53
46 7
24 53
13 28
89 17
81 67
75 59
90 82
56 48
10 3
7 69
10 63
82 78
61 25
24 39
21 42
15 39
29 56
82 78
26 8
74 43
83 76
18 13
34 20
85 26
37 75
5 20
86 24
44 78
28 35
15 23
63 58
33 7
26 15
7 59
50 61
91 40
24 28
87 90
14 28
23 78
75 24
78 51
62 13
27 5
91 3
20 62
58 14
67 4
85 29
31 40
33 63
10 29
82 87
22 44
31 57
63 20
14 49
37 29
75 65
54 29
87 32
1 74
56 8
87 25
90 75
73 54
43 80
39 81
84 56
22 8
55 27
88 68
14 63
49 51
65 37
56 34
56 64
84 79
39 29
17 29
5 49
82 73
85 8
55 64
35 19
34 18
34 44
67 59
65 3
23 2
70 56
50 79
75 59
47 63
23 51
25 67
24 65
63 78
17 25
43 20
74 55
86 27
19 34
34 72
73 79
77 43
76 25
51 64
58 25
41 11
34 9
21 26
85 35
64 72
74 67
78 79
17 47
40 84
33 76
52 77
55 6
25 7
24 18
77 24
26 59
22 27
60 17
82 7
77 88
20 29
32 57
54 36
25 88
49 15
24 22
32 91
4 53
33 62
82 45
38 44
25 65
27 73
87 31
61 59
53 54
5 35
58 23
14 50
24 29
42 56
27 10
82 59
28 27
44 29
31 22
46 79
3 56
64 90
75 19
59 65
25 66
72 8
82 67
90 5
50 20
7 13
32 27
33 38
5 60
71 67
85 5
58 45
49 51
23 53
82 88
51 7
24 62
43 15
78 40
58 41
40 90
25 77
25 32
67 55
19 49
19 79
16 34
62 24
81 91
85 20
75 80
42 42
90 16
7 79
13 69
75 22
65 50
61 66
12 82
86 22
38 39
22 15
18 78
9 26
38 50
63 75
44 62
31 85
10 54
52 70
8 34
87 47
64 90
63 35
46 74
11 88
29 2
87 20
41 20
17 42
59 53
72 74
21 25
36 71
19 60
21 21
14 42
33 9
31 78
11 51
41 18
56 46
74 58
10 70
55 73
88 28
49 48
31 28
72 77
22 3
3 81
80 3
77 29
11 24
11 3
81 57
87 12
34 35
30 72
11 65
44 70
12 31
29 11
64 57
83 57
52 42
86 71
25 68
64 6
21 43
16 51
48 84
14 51
26 66
90 13
55 34
76 77
43 20
56 91
69 37
11 57
52 39
55 7
14 49
9 13
3 79
16 80
31 40
76 57
77 50
35 51
87 40
91 72
47 42
34 12
39 67
11 5
75 58
6 26
25 60
33 88
40 71
74 37
39 65
39 77
3 59
55 71
73 69
20 31
2 87
49 25
51 80
70 35
49 14
11 76
57 85
1 34
33 62
31 36
36 24
57 43
27 50
21 51
25 38
53 61
57 59
13 74
66 81
78 29
60 78
2 26
18 30
27 43
32 47
25 58
30 24
23 3
22 63
39 65
7 84
91 80
12 4
26 42
32 57
11 90
87 20
2 24
25 44
77 70
6 36
32 63
60 18
38 4
41 57
90 88
13 53
2 86
42 14
32 15
40 2
64 67
40 47
24 1
51 71
5 16
83 90
90 56
80 91
20 87
24 26
24 72
86 61
57 8
85 2
73 11
60 25
54 1
43 88
70 71
44 30
25 38
88 49
77 67
72 87
84 7
58 74
30 80
49 42
66 31
11 28
20 70
9 54
81 2
72 38
64 82
82 73
85 42
25 7
49 68
59 50
40 19
21 82
82 57
87 33
2 52
24 1
86 25
83 66
51 83
33 76
75 90
91 49
61 61
52 22
41 37
60 53
81 74
50 24
19 83
68 88
71 42
30 28
26 23
72 38
47 81
23 77
77 16
51 15
39 13
24 9
30 10
60 68
54 22
54 20
76 6
28 63
48 35
73 45
16 69
5 90
27 13
24 1
8 14
19 43
86 75
39 9
39 86
1 17
54 60
24 82
44 14
18 82
49 73
9 49
18 68
42 35
90 41
45 70
21 66
40 86
64 70
17 29
72 37
89 77
54 8
18 39
30 78
78 49
66 62
16 33
21 54
79 58
5 71
5 2
57 63
21 82
43 41
89 67
78 81
30 50
11 19
2 19
9 79
76 12
46 26
35 4
28 59
29 59
49 64
10 11
22 30
79 52
23 66
44 41
89 61
41 68
38 90
26 44
91 50
10 40
10 90
57 8
4 5
21 79
87 41
9 9
27 30
90 40
27 75
83 53
42 77
25 69
69 68
50 41
65 4
23 53
30 7
70 52
82 14
26 80
48 56
9 75
39 10
15 66
89 28
76 62
82 31
42 23
47 30
2 87
39 6
33 82
14 36
87 86
58 53
58 65
49 35
2 18
88 25
91 67
30 12
49 51
4 78
17 70
46 5
51 83
28 49
5 27
86 22
36 49
87 55
44 24
66 50
70 48
88 23
7 34
89 59
24 18
10 54
41 36
52 22
54 76
60 66
84 43
49 82
44 73
33 21
23 46
71 34
12 54
46 50
79 67
52 79
90 41
74 63
67 88
79 17
34 72
23 18
44 35
72 38
78 62
1 51
55 60
54 85
71 43
10 58
59 86
12 50
23 6
37 28
29 86
12 20
9 63
1 3
42 59
62 76
60 78
47 54
79 89
47 68
78 10
76 67
41 48
38 19
52 46
61 81
69 17
22 2
26 29
65 55
13 58
51 89
87 6
72 31
67 52
69 66
69 68
72 59
58 20
63 88
66 91
49 79
4 26
61 58
33 43
59 90
12 4
40 87
12 1
17 49
6 14
54 28
71 33
12 86
74 23
44 19
49 53
8 91
49 27
78 43
90 51
79 64
41 17
56 87
42 1
25 89
25 20
87 2
15 26
61 32
49 77
23 63
39 38
38 2
30 22
45 8
55 67
21 29
58 31
31 13
23 51
60 2
44 52
22 72
82 33
58 49
60 16
87 29
25 42
7 12
78 80
82 4
69 60
34 85
46 69
85 68
48 90
16 31
53 85
73 73
54 89
77 81
69 2
20 56
44 90
63 8
38 86
35 36
51 13
3 59
26 87
29 38
21 71
3 9
73 76
3 63
57 40
87 8
27 42
39 37
21 73
55 77
85 85
32 18
67 58
86 54
18 53
61 68
77 35
75 17
68 67
72 1
67 56
18 39
35 34
40 13
77 77
28 90
43 80
41 58
88 61
59 35
62 67
18 24
13 51
88 9
49 54
38 77
60 19
55 56
52 41
41 87
3 79
23 2
52 27
24 13
89 24
85 62
49 54
13 36
90 10
10 63
13 2
36 79
45 27
40 17
46 73
54 48
2 61
72 33
43 21
77 52
9 34
34 32
20 71
63 30
37 90
11 54
32 69
45 29
32 25
8 53
5 58
54 53
61 89
38 1
70 32
57 44
32 52
15 70
86 66
16 64
24 29
53 47
27 73
84 54
91 76
18 53
45 4
85 39
83 5
12 28
30 15
12 70
79 64
28 65
49 26
84 68
85 61
80 90
9 7
18 37
45 28
46 67
38 55
12 63
84 3
78 82
50 52
69 67
76 66
87 36
67 28
46 6
64 49
22 3
2 4
22 40
2 11
20 53
56 29
18 4
41 89
28 70
68 44
88 1
3 76
78 30
69 9
40 5
3 33
42 61
42 88
12 17
35 58
61 55
29 29
17 59
3 59
10 77
90 15
25 7
31 76
89 9
48 19
68 42
66 54
46 82
28 87
62 55
12 39
23 16
30 50
47 20
58 45
13 13
34 28
27 4
51 19
86 31
1 64
60 69
1 30
36 81
9 8
84 87
18 71
40 53
37 54
74 54
82 7
22 90
67 23
39 43
16 10
47 60
73 19
1 22
69 8
32 77
86 34
31 29
60 9
17 67
14 9
67 78
48 38
36 81
68 56
64 11
77 87
27 75
48 21
2 38
1 77
9 5
19 89
38 3
31 22
4 66
47 64
11 21
52 37
6 90
72 2
2 79
74 83
57 11
8 18
18 57
82 13
74 70
30 1
48 53
30 41
83 39
48 61
78 85
52 74
73 25
43 62
71 73
46 80
2 90
13 45
46 80
3 14
62 54
48 38
73 47
44 11
91 55
23 53
47 37
66 43
26 46
55 34
66 60
18 3
37 43
66 47
29 54
59 91
47 83
82 43
58 12
91 89
11 84
8 12
87 83
33 12
73 72
36 54
43 86
91 58
3 15
39 72
53 58
27 48
27 48
4 63
73 39
74 9
11 24
60 34
21 66
12 53
73 55
21 68
63 60
73 29
84 41
48 57
82 31
79 63
26 39
91 21
43 71
48 59
82 2
71 76
30 87
76 54
89 24
9 56
54 17
66 55
31 77
79 16
26 56
50 47
90 26
75 31
59 53
2 24
16 67
30 34
23 72
71 43
17 53
31 72
3 81
73 47
58 45
2 67
44 80
14 55
50 81
37 69
89 34
24 71
14 73
34 33
25 91
88 37
71 10
70 60
61 65
23 86
12 85
61 34
44 5
76 47
43 17
7 20
29 41
38 7
73 85
58 41
19 70
52 69
77 22
20 43
48 57
60 38
70 73
82 91
79 77
32 19
75 40
66 33
89 70
49 85
5 18
2 73
74 35
45 60
74 39
33 58
28 2
38 57
73 79
67 18
78 27
71 63
5 14
38 35
70 5
76 90
11 77
26 38
86 56
69 78
11 39
18 82
40 80
40 17
58 40
43 42
70 6
91 32
20 84
79 16
70 74
71 50
8 34
51 29
12 19
6 69
17 29
51 51
3 3
52 4
15 80
67 20
16 85
80 30
57 41
35 90
3 45
10 60
88 1
80 83
28 74
86 17
58 40
28 57
48 82
28 56
45 27
86 58
34 83
17 28
74 49
64 35
40 1
68 61
10 91
85 4
17 9
72 3
84 66
10 3
23 88
4 33
55 25
59 45
32 26
66 54
41 88
67 17
57 79
5 73
82 65
14 15
64 15
35 33
78 16
38 63
84 26
42 62
21 84
86 77
49 23
43 56
33 40
37 35
21 3
47 47
44 9
53 60
25 24
79 27
88 53
86 70
11 18
8 62
53 20
26 54
29 34
26 45
76 38
42 19
41 38
33 36
73 28
28 9
32 11
30 40
42 9
26 83
50 79
24 19
84 9
84 70
88 25
37 25
15 90
5 60
32 82
65 73
75 23
81 53
5 11
36 60
50 51
14 64
49 3
63 89
50 14
5 5
25 80
10 2
38 87
55 79
41 6
85 45
65 82
19 3
57 66
77 2
89 64
62 51
59 85
84 21
1 8
61 54
13 82
34 3
87 58
5 71
76 8
58 45
25 60
58 52
76 28
27 12
7 39
12 86
8 70
80 30
86 83
24 6
48 1
60 11
34 43
82 66
22 6
74 78
79 68
29 70
36 85
63 74
16 83
31 57
57 20
89 54
59 43
89 80
69 31
25 66
50 62
35 1
60 33
22 75
44 57
69 87
64 65
49 83
9 10
17 25
47 33
9 70
78 1
26 74
72 80
6 29
42 72
11 31
60 70
47 42
3 52
89 11
39 52
5 30
77 86
60 26
32 77
73 73
67 34
82 87
35 31
70 67
39 27
17 12
36 18
85 46
40 23
5 61
24 18
39 66
84 77
19 78
69 8
90 23
32 64
47 60
82 53
68 87
40 9
90 38
2 66
44 56
15 91
34 13
90 34
86 89
35 25
69 84
72 41
23 81
12 43
62 17
85 20
3 69
40 81
35 18
61 72
82 75
63 35
29 55
18 71
44 62
42 31
32 18
43 35
39 77
10 71
24 61
80 49
72 12
72 4
12 63
52 84
75 9
81 13
26 35
41 13
84 8
51 87
4 64
40 58
46 63
49 84
65 31
38 81
22 70
32 80
70 16
80 31
20 24
1 42
1 35
25 56
59 80
77 49
90 39
58 51
50 61
63 52
28 17
85 58
48 2
49 21
72 9
34 81
18 8
3 26
78 43
84 78
45 79
41 22
43 32
23 3
42 66
26 5
85 79
12 60
79 20
37 50
86 23
65 82
57 67
24 7
3 18
43 63
69 50
47 73
67 78
25 18
34 82
10 83
18 67
38 12
79 74
51 52
33 13
57 17
63 14
73 61
49 21
60 81
68 34
34 59
85 66
62 3
32 61
77 60
24 63
3 27
13 23
90 66
36 45
72 11
63 59
78 30
46 3
76 41
5 37
10 56
64 15
23 60
4 23
21 80
36 52
29 12
60 3
78 78
83 61
78 8
24 68
6 11
37 81
67 39
35 81
38 33
82 10
26 31
80 71
26 53
9 53
12 85
51 6
36 4
45 11
41 75
16 55
52 28
84 39
86 32
59 51
12 57
54 38
73 16
24 29
72 69
27 85
13 87
2 8
16 74
73 7
35 74
83 36
78 10
81 25
63 52
88 77
77 14
33 17
12 29
75 54
26 33
75 18
77 91
83 83
90 66
68 21
29 89
8 83
46 83
5 27
44 66
30 81
77 60
57 82
59 64
22 2
24 36
24 33
4 26
85 16
43 3
23 48
64 2
28 72
18 66
41 85
21 45
26 55
15 57
29 24
12 32
89 50
19 15
56 27
32 41
50 55
48 81
72 29
88 2
84 83
45 84
37 87
32 74
11 70
87 78
69 73
49 32
60 24
62 72
80 48
46 57
60 29
89 25
28 65
6 63
10 56
42 32
65 9
34 3
85 8
78 54
64 27
82 68
37 1
85 84
51 38
67 78
84 39
74 71
50 37
58 85
45 49
91 7
61 80
17 24
3 80
76 73
24 83
46 70
53 17
51 16
66 45
86 59
83 7
40 5
3 61
60 10
76 20
69 8
52 2
60 65
70 65
89 21
77 26
38 53
85 44
56 80
57 37
3 32
15 51
14 32
56 35
20 21
22 19
11 5
7 30
11 60
32 20
26 21
8 70
56 38
4 4
48 69
88 49
24 78
30 79
40 61
4 71
71 71
66 47
58 3
66 5
16 20
21 46
11 7
54 9
73 78
74 80
88 72
75 52
63 54
15 29
20 66
61 18
61 82
32 58
22 85
33 82
90 36
1 76
37 78
44 19
66 9
24 58
6 49
79 37
41 51
86 36
74 14
82 86
29 57
51 74
54 67
61 76
80 42
1 49
56 25
80 12
12 71
82 76
36 9
59 58
3 25
82 90
4 64
9 71
10 31
74 85
10 74
29 73
71 76
62 74
75 13
45 32
14 16
26 81
48 84
68 16
51 8
72 59
2 34
57 47
39 29
60 75
41 55
35 15
18 87
90 53
41 83
49 26
81 60
91 65
38 82
69 11
17 15
63 52
22 12
8 31
47 65
75 54
38 13
62 37
35 15
66 30
25 53
56 74
58 75
67 89
70 57
66 3
60 15
16 30
82 86
40 57
37 82
5 48
31 25
77 51
30 53
36 47
72 58
52 41
10 3
55 18
4 53
49 15
33 74
82 24
65 54
81 37
68 58
16 89
51 18
64 9
15 76
40 39
71 17
27 65
18 6
61 26
38 41
40 7
73 4
7 63
24 22
55 41
11 37
17 87
43 86
6 18
59 30
35 35
45 78
67 76
58 73
38 80
54 16
77 51
90 89
6 72
11 65
82 30
75 60
33 44
57 89
12 31
49 35
70 86
86 2
2 28
46 54
9 49
10 75
54 18
24 84
75 3
87 26
51 76
75 18
81 47
10 49
40 20
43 45
57 75
56 89
82 14
71 76
8 47
88 63
27 22
76 76
34 52
28 41
22 62
70 16
74 2
36 60
75 28
53 53
30 59
23 53
5 17
17 10
51 63
35 62
89 89
13 7
20 90
50 2
33 86
43 83
41 58
76 49
31 68
54 56
45 11
44 46
75 8
20 40
69 14
25 6
48 27
62 43
43 26
74 42
38 78
7 85
87 12
69 24
87 17
89 52
37 42
59 3
73 1
42 84
70 8
33 50
63 10
48 52
1 90
10 85
7 13
61 20
7 39
63 37
67 73
69 58
34 59
65 83
34 14
15 50
22 44
10 26
78 29
83 76
21 73
34 44
16 61
78 39
37 66
54 19
45 22
15 14
51 11
87 70
46 7
8 84
28 61
27 48
40 24
64 18
71 2
35 50
64 36
24 41
64 73
4 89
85 8
67 68
30 6
33 45
18 1
44 38
43 37
38 40
55 64
80 19
8 22
61 70
31 45
39 29
23 18
47 10
2 80
58 3
44 46
14 32
59 33
15 87
72 28
18 49
17 57
78 31
46 33
28 23
46 61
87 38
23 55
43 22
80 41
40 38
16 55
72 63
58 3
17 9
30 82
17 14
12 19
88 35
89 24
65 1
60 32
88 59
52 88
2 30
49 58
38 38
34 87
79 55
35 52
78 37
76 48
19 32
49 86
19 79
76 59
31 51
70 42
78 66
24 24
79 10
69 48
70 5
76 27
57 2
16 77
74 40
50 49
33 58
8 62
46 55
50 4
62 49
73 85
44 14
34 84
91 19
46 22
4 71
20 63
32 75
21 49
53 82
31 45
44 78
83 79
57 69
32 80
21 68
42 37
11 79
57 21
48 80
73 52
37 38
2 6
10 67
65 6
25 1
12 54
43 67
60 69
21 7
79 74
66 72
81 39
75 19
58 33
44 52
8 71
9 57
46 48
56 7
64 5
52 66
87 24
40 66
80 11
20 47
26 74
11 9
13 24
5 87
40 57
55 55
81 55
50 44
79 30
38 59
11 65
85 51
81 12
67 31
19 69
21 33
21 68
72 42
66 34
75 82
44 65
38 51
35 89
62 58
17 20
55 32
43 91
68 88
23 41
75 3
55 87
64 30
61 31
90 55
25 62
22 47
46 24
52 69
24 17
16 17
37 74
25 91
25 23
35 86
1 21
51 6
61 38
21 31
43 61
26 67
30 69
79 34
63 34
33 29
48 63
49 21
13 39
83 49
24 49
79 70
68 26
29 48
80 25
72 32
2 77
8 51
69 78
23 73
84 72
14 81
31 78
6 47
57 52
39 27
60 31
88 55
8 83
43 32
62 4
90 91
4 9
41 83
75 89
51 15
66 2
17 88
34 49
22 86
71 14
61 36
11 27
73 81
14 16
42 49
70 72
90 71
48 80
87 24
54 63
84 20
82 84
74 53
47 8
17 37
46 29
51 12
68 44
88 28
67 30
67 44
50 86
17 40
53 5
68 27
35 35
25 61
37 41
71 62
10 16
65 66
33 85
18 54
74 20
13 90
15 86
28 26
15 40
65 85
19 50
64 1
43 58
56 68
70 49
47 44
30 86
57 54
67 15
59 60
18 78
80 46
8 57
20 1
49 46
74 56
89 90
20 52
20 51
78 30
57 35
63 40
62 14
4 86
37 64
20 70
42 24
62 42
69 10
49 40
42 30
16 22
44 82
1 9
56 22
38 18
46 11
55 40
64 46
75 78
8 61
7 37
3 12
85 25
2 67
6 11
8 64
29 88
33 24
85 50
86 88
86 47
35 10
88 54
30 30
38 90
42 31
67 75
49 32
65 47
3 3
20 11
52 47
41 53
73 30
19 34
49 44
65 47
46 24
40 49
88 65
76 39
46 87
26 45
21 27
51 36
32 68
47 90
61 33
90 8
17 10
34 18
73 53
65 26
9 55
35 54
33 1
59 63
27 17
80 67
14 31
39 2
56 87
55 37
44 61
4 14
80 80
66 13
28 29
25 81
64 82
55 64
66 34
25 50
62 80
8 65
69 91
55 70
40 40
5 7
71 22
18 66
4 38
39 35
1 39
21 25
5 2
14 29
2 53
24 8
90 43
32 82
42 2
4 19
11 5
28 19
69 20
33 68
90 24
42 32
62 9
17 9
43 80
4 43
23 2
76 17
58 25
90 46
12 51
11 40
85 7
61 78
62 76
7 81
12 3
73 3
20 72
37 17
75 39
71 39
87 26
30 87
44 9
44 79
26 18
6 69
49 16
77 53
59 30
9 9
54 62
7 50
48 73
56 55
20 52
7 24
20 9
8 69
4 18
48 82
90 54
64 40
84 71
87 2
46 53
31 56
90 84
57 52
64 8
26 67
51 51
47 66
7 14
67 11
55 89
71 54
57 70
23 9
14 87
57 23
90 69
24 31
57 16
27 25
25 72
11 2
81 20
89 59
44 36
69 13
37 14
84 75
84 84
31 71
35 67
2 42
89 41
12 20
64 40
20 9
46 25
45 29
73 85
80 11
82 72
84 20
3 15
15 6
17 16
29 34
46 3
19 6
15 82
55 84
56 12
56 50
44 77
16 44
12 33
75 78
45 39
8 68
84 20
72 30
3 91
65 22
56 86
15 8
34 78
68 60
3 4
71 18
77 9
88 12
72 27
78 57
76 19
77 23
1 4
55 78
84 49
52 39
38 27
24 27
64 5
21 43
60 47
6 13
51 80
16 83
80 46
32 8
4 5
18 32
6 73
72 60
27 16
45 36
9 57
86 73
6 78
91 16
79 43
89 49
43 6
82 19
21 19
58 52
58 46
43 3
25 57
2 76
45 28
28 33
15 3
31 86
65 30
80 28
36 41
23 40
27 87
5 79
45 7
23 78
52 25
25 42
23 3
11 24
87 27
55 15
21 2
13 33
4 48
62 60
40 57
50 46
81 90
59 87
32 14
36 56
12 25
53 12
70 13
60 70
32 63
74 56
81 42
66 55
20 23
52 7
24 30
38 51
68 15
51 3
23 85
29 76
21 46
12 80
63 29
78 3
62 33
59 59
7 85
74 47
52 78
6 7
21 82
31 63
32 42
2 65
68 59
72 80
22 1
21 48
46 52
34 68
61 79
76 10
28 49
48 36
39 61
84 6
20 58
79 89
56 46
47 73
30 55
3 37
86 12
5 58
53 36
68 44
1 75
70 12
76 5
43 69
44 79
35 54
3 49
12 33
36 17
90 21
76 21
81 56
80 16
25 40
35 68
56 51
44 21
74 62
14 25
75 47
1 50
49 68
51 77
76 91
11 60
88 2
78 12
17 88
11 90
83 3
33 58
91 43
11 65
19 61
59 87
30 55
42 82
52 33
91 74
65 77
76 25
28 19
1 44
4 82
24 64
22 53
31 23
34 37
13 40
56 68
80 84
1 10
69 87
90 7
73 48
3 86
25 68
24 46
16 26
11 48
24 48
88 56
56 69
36 8
59 77
16 33
72 2
35 60
23 39
14 65
24 86
20 14
52 85
89 55
86 51
5 71
89 71
87 44
25 31
58 21
21 49
29 61
63 78
40 76
20 39
70 56
38 16
12 37
31 47
33 34
8 79
78 17
66 63
74 32
91 67
69 91
17 65
29 16
13 9
5 38
20 27
34 40
87 79
56 26
42 75
68 16
84 37
15 91
7 76
91 40
49 2
57 56
3 11
14 89
65 51
26 15
56 69
19 34
20 74
42 27
3 60
77 27
87 47
31 8
24 81
20 20
75 72
33 32
45 1
53 49
78 49
24 18
10 84
58 89
78 76
81 90
36 31
57 74
57 72
44 48
59 8
49 57
12 54
63 57
28 25
79 32
80 2
82 55
90 29
84 44
58 4
30 90
72 15
78 84
91 60
69 61
61 65
15 46
24 26
11 43
5 11
50 90
56 76
75 84
91 58
81 65
80 62
76 20
70 18
19 41
18 75
85 42
91 88
70 17
21 55
25 68
28 26
23 30
83 7
33 81
59 65
77 87
12 63
39 30
27 32
84 13
27 86
10 37
90 11
87 11
18 3
33 22
27 78
63 28
23 35
32 71
50 84
37 47
84 64
58 60
68 42
48 17
77 68
28 64
68 21
77 32
68 76
25 86
31 73
32 23
18 61
86 1
84 64
13 53
40 47
54 16
10 51
7 66
23 62
69 39
11 46
8 70
32 45
2 44
7 56
51 28
49 14
2 79
68 29
60 1
78 30
91 13
9 29
7 54
38 73
88 20
32 35
45 10
26 41
7 24
17 75
41 27
39 86
21 53
18 74
14 46
76 34
4 68
73 45
12 62
56 68
23 27
21 14
9 68
4 51
79 59
5 53
23 25
45 70
70 36
59 64
54 42
82 12
26 73
22 38
45 5
55 65
5 42
90 35
36 87
21 85
81 87
48 82
86 32
75 15
40 90
84 83
5 36
78 71
32 41
70 75
23 59
86 41
84 16
32 53
17 34
54 49
52 37
47 83
29 4
48 83
86 76
48 73
8 14
72 68
88 43
70 86
20 81
82 43
8 18
60 32
17 42
37 27
59 41
54 56
88 78
11 54
72 19
20 84
7 54
25 33
41 91
86 60
57 68
4 20
66 91
83 24
85 86
42 41
54 53
81 63
3 11
5 18
10 63
26 78
82 49
89 56
18 3
80 73
10 30
85 76
23 31
8 60
69 14
7 77
40 87
47 34
44 10
35 21
59 60
56 83
28 89
90 77
87 61
25 65
76 4
77 18
86 58
83 86
3 12
80 9
7 86
74 31
28 37
4 68
23 87
7 6
28 82
6 50
39 91
5 66
66 68
13 16
52 78
44 54
19 73
3 45
86 49
18 54
28 15
62 20
63 83
36 90
71 60
30 69
58 52
17 12
5 90
69 36
54 3
11 56
65 80
15 8
65 36
74 80
83 75
86 74
3 27
13 28
90 81
18 26
81 42
74 34
32 84
3 64
14 4
54 86
86 64
23 41
23 52
11 23
48 2
11 60
77 86
78 72
32 4
59 29
32 70
3 61
78 10
70 29
21 71
76 82
29 30
8 33
74 35
37 52
90 16
90 14
28 77
54 57
71 43
90 22
55 52
15 35
47 15
47 31
39 57
57 4
69 23
25 30
85 83
87 75
5 35
16 22
82 61
42 17
52 62
60 41
40 50
2 53
30 42
4 26
58 35
47 34
36 63
43 59
56 70
76 76
81 41
81 51
51 52
55 1
73 69
47 40
64 14
38 1
75 86
43 52
59 53
14 52
3 17
61 27
75 60
15 91
54 77
30 68
36 7
65 89
66 86
12 43
9 37
15 8
90 83
14 61
4 62
1 18
40 1
11 69
27 24
19 29
80 40
65 18
74 45
41 1
60 60
28 79
37 90
35 55
84 54
3 40
38 4
16 78
57 15
3 9
28 26
85 43
72 56
39 60
9 35
22 61
9 83
31 54
74 39
48 57
50 3
9 31
37 62
52 90
54 90
2 87
84 6
45 10
61 28
2 73
25 88
5 5
62 39
43 84
15 16
70 27
18 81
31 13
60 55
31 31
36 74
49 51
71 77
14 22
84 9
69 11
19 49
58 44
28 87
91 45
38 90
39 11
69 59
17 2
8 89
30 85
54 85
70 89
16 13
79 34
75 46
5 61
1 86
3 40
67 64
1 30
9 7
79 51
13 42
76 15
53 34
65 51
71 59
21 67
16 75
3 48
91 18
48 34
74 58
80 79
55 79
50 52
51 32
45 61
53 54
25 91
28 30
25 63
59 37
6 59
42 17
54 13
43 8
39 34
4 50
47 79
71 45
37 25
69 43
26 55
27 2
64 83
42 51
87 88
9 73
57 52
88 14
47 81
54 61
89 69
46 75
28 26
74 2
39 51
60 64
16 17
39 36
67 46
72 4
53 80
45 61
37 55
54 57
28 46
88 64
70 2
50 82
43 65
81 41
79 74
6 42
64 54
83 57
88 22
25 55
10 30
32 75
42 21
52 70
34 87
5 73
84 5
50 80
27 49
55 45
73 90
71 38
81 1
40 52
89 6
62 5
31 11
5 61
37 76
87 76
57 34
32 91
84 37
90 64
63 3
74 42
34 10
84 52
15 46
23 20
6 46
59 75
85 14
10 51
51 61
84 69
91 43
5 87
6 35
52 26
75 84
62 9
4 63
51 21
6 15
76 45
25 53
76 34
8 7
82 12
36 58
56 18
26 28
69 74
90 61
49 22
17 30
41 17
68 72
85 26
27 86
21 17
29 50
91 82
61 54
35 62
11 39
2 9
63 73
67 44
82 24
46 10
43 28
87 81
18 74
49 44
42 26
29 64
21 42
2 46
89 36
83 12
13 24
27 83
63 9
18 10
83 66
65 62
9 36
37 26
45 15
10 18
72 19
10 58
55 38
4 85
18 1
49 31
36 23
29 90
58 11
31 45
63 6
48 11
70 13
19 14
8 59
78 29
30 5
27 23
51 4
5 24
74 82
91 22
18 17
40 39
59 34
74 68
35 32
66 80
16 33
30 5
77 80
8 36
65 20
60 7
50 71
44 5
32 65
91 75
85 62
80 81
48 78
69 84
89 43
41 12
10 63
35 69
48 53
3 48
2 78
81 75
2 25
82 53
71 22
4 66
85 89
40 78
86 2
36 84
59 36
81 54
81 79
55 27
62 20
35 16
61 54
84 72
84 30
83 13
25 83
75 32
9 71
51 31
91 89
57 78
32 39
9 62
79 46
33 54
75 23
66 45
56 57
68 63
38 33
79 80
5 90
29 85
89 42
83 57
79 61
41 26
12 87
57 43
66 38
90 3
65 75
37 85
22 73
56 71
21 50
61 1
55 87
37 33
27 42
9 3
44 2
63 52
89 28
88 85
3 3
62 7
3 70
55 41
56 50
2 31
89 28
13 70
14 51
81 8
46 79
4 47
17 85
26 32
16 21
87 58
32 18
46 32
69 32
28 4
11 88
1 60
51 16
48 24
4 51
84 18
78 62
90 23
16 82
50 36
77 11
22 2
51 16
22 66
14 3
39 81
30 44
82 69
84 35
4 67
79 25
14 82
31 51
22 55
51 70
13 47
68 91
27 67
84 89
36 55
81 67
57 1
32 3
17 13
63 35
49 39
62 87
78 81
10 29
62 11
2 69
75 36
83 73
58 84
75 13
68 84
67 4
75 33
32 71
55 90
49 64
90 6
52 20
43 6
91 91
23 33
17 47
52 87
43 7
4 11
34 34
62 63
35 36
72 40
9 87
47 39
24 13
34 83
11 45
41 41
42 68
76 70
11 26
58 40
37 39
84 47
22 17
28 14
88 23
12 4
27 43
89 69
34 81
17 86
80 37
85 67
53 53
5 69
48 19
25 53
64 8
77 21
82 63
54 27
52 82
74 81
88 63
40 32
52 21
39 14
73 16
45 63
29 7
2 59
51 19
29 62
78 45
30 57
11 33
22 68
87 30
11 18
43 82
35 39
49 69
59 39
48 14
14 16
11 27
67 65
35 73
45 91
77 50
9 45
29 13
36 84
19 90
4 28
62 78
80 20
11 76
53 5
21 64
9 79
61 32
85 78
9 48
84 60
27 71
55 17
30 57
76 20
32 49
10 59
10 13
22 14
33 1
26 59
72 39
79 89
27 7
7 61
91 10
2 73
44 86
14 60
10 69
42 76
45 58
5 76
18 51
23 28
17 45
75 76
78 61
29 65
90 35
23 14
49 84
54 5
85 85
53 54
51 73
83 33
53 34
32 2
6 26
64 15
72 69
61 64
27 21
29 49
90 89
51 16
69 65
84 46
86 34
77 12
37 85
11 1
66 48
64 47
80 77
41 84
42 90
66 72
49 85
12 81
70 29
14 38
65 85
25 65
7 51
7 34
20 13
1 49
45 17
9 32
40 28
29 90
88 45
59 81
18 87
75 60
26 12
88 63
54 82
88 38
38 21
15 22
36 33
38 85
85 8
89 54
86 34
7 46
90 56
19 26
24 47
27 49
2 61
37 48
86 50
11 47
25 37
88 32
38 89
23 74
5 52
27 58
63 57
76 26
30 65
7 12
81 62
40 89
8 39
90 8
71 19
51 61
19 19
37 84
25 70
62 77
87 30
84 73
67 28
22 64
61 39
42 86
70 59
14 23
5 73
35 12
23 88
65 89
12 27
13 39
10 45
82 65
87 75
12 32
65 67
66 47
47 83
11 63
63 85
28 58
39 78
77 54
5 51
75 56
45 44
26 80
47 84
68 42
82 9
74 23
34 72
28 37
60 5
11 79
42 51
71 62
70 36
26 80
49 60
56 84
25 34
8 6
61 65
51 37
82 29
55 36
7 9
40 12
49 4
25 11
88 52
68 91
81 25
34 5
81 53
3 61
77 32
52 31
46 43
17 54
32 1
12 86
36 32
10 89
1 5
69 12
49 59
55 49
49 52
63 49
84 5
83 66
35 14
3 30
24 43
87 75
91 79
2 4
47 18
11 80
9 40
44 9
49 84
45 9
87 24
49 21
91 7
73 21
41 12
26 72
9 12
71 47
65 71
32 1
59 15
18 20
80 34
13 48
58 11
24 16
6 42
19 84
59 17
42 81
11 15
68 91
2 15
77 66
46 85
47 10
20 87
2 12
82 9
3 45
23 52
43 55
6 86
32 4
66 50
11 2
76 20
60 72
82 65
36 69
24 9
58 21
62 72
88 66
37 7
53 60
6 22
37 84
45 21
89 26
14 60
26 61
19 55
58 75
6 26
35 84
24 80
2 49
88 39
7 90
47 9
80 71
59 35
74 61
74 22
11 79
39 47
80 27
1 61
40 68
1 57
75 45
38 89
78 55
82 85
12 77
25 64
20 59
49 65
2 8
71 48
24 10
55 83
77 26
27 62
79 63
15 52
10 49
24 37
56 15
71 78
73 20
76 26
85 67
72 52
27 2
27 87
23 75
33 58
33 21
37 41
50 65
76 2
78 11
20 90
55 74
10 5
73 24
48 74
44 63
83 18
78 15
36 2
48 59
68 69
23 79
15 41
55 37
17 22
88 20
80 53
80 18
1 38
20 8
88 64
21 86
22 90
84 72
19 67
49 52
4 29
57 77
65 32
20 51
32 46
91 70
53 91
32 2
50 87
30 56
35 25
22 80
50 28
46 52
60 33
4 44
81 87
89 51
45 10
22 33
84 73
89 81
76 22
57 20
47 85
33 86
67 64
23 43
21 54
7 69
28 2
88 1
87 44
45 51
83 30
53 24
58 4
78 73
43 63
39 52
36 74
43 14
2 56
68 63
44 39
90 60
37 76
17 82
30 59
3 75
13 26
45 17
49 79
68 3
5 64
67 42
42 13
75 3
78 91
26 63
9 30
37 44
79 18
28 30
34 90
22 78
7 28
69 37
52 8
70 89
47 74
4 84
45 26
38 14
32 79
41 65
37 73
41 66
2 78
44 87
50 70
35 36
9 33
18 17
42 35
86 56
71 52
3 91
80 58
44 45
34 67
63 68
56 59
37 85
71 19
36 52
29 51
82 51
58 9
91 13
37 6
35 7
2 74
22 41
16 9
66 73
11 64
88 13
10 56
43 39
4 11
34 7
5 90
75 79
34 37
69 81
78 12
37 70
54 90
45 82
84 90
48 35
59 34
75 79
36 48
28 77
75 29
74 19
65 76
79 16
23 59
5 11
59 7
78 62
62 58
22 52
41 67
83 31
60 30
32 91
52 73
11 40
4 25
87 17
65 64
29 19
21 62
34 12
11 37
74 25
79 60
88 90
49 16
7 73
77 19
64 8
46 10
50 8
5 37
83 44
38 79
13 65
32 49
69 15
73 6
75 84
24 44
21 63
58 69
64 60
64 24
85 73
62 29
27 4
20 33
42 26
15 75
12 3
80 42
84 32
7 67
28 69
71 91
42 88
45 48
47 35
13 82
61 39
35 24
66 66
91 80
90 46
82 84
2 29
39 14
46 15
35 54
9 84
61 71
25 58
38 65
57 45
4 90
57 60
63 29
48 38
65 72
90 25
32 85
82 57
68 86
10 6
44 12
90 71
83 12
79 19
18 2
25 45
36 19
13 23
27 77
10 62
53 80
32 20
28 5
66 40
33 36
80 40
15 45
14 25
49 19
43 65
61 80
31 45
28 88
12 13
34 77
22 19
44 48
70 36
91 53
21 23
39 1
44 65
5 68
8 36
39 9
58 32
41 73
78 5
52 8
82 74
14 64
10 79
13 48
9 24
44 10
55 66
39 79
38 58
59 3
14 40
33 36
65 61
69 13
67 60
81 6
57 11
34 30
2 51
25 43
69 32
18 73
86 1
56 88
2 54
13 79
49 43
51 82
4 43
24 88
12 90
4 81
27 11
53 51
84 86
55 80
17 74
65 46
8 24
33 17
39 66
71 70
59 85
40 18
5 76
79 8
76 44
55 66
31 69
10 10
34 11
90 47
14 6
9 48
10 12
49 23
2 45
37 37
83 21
40 35
82 18
69 38
37 18
30 36
60 89
13 68
20 51
26 83
17 26
54 26
13 76
76 42
48 53
78 88
14 18
6 46
13 59
83 34
26 88
26 52
36 4
16 23
8 6
84 17
9 69
75 27
48 49
36 53
57 54
18 37
69 79
55 15
79 33
76 4
10 91
6 48
72 20
27 81
61 44
77 30
55 40
27 49
87 38
3 12
79 25
27 3
48 76
15 38
35 10
12 41
48 72
79 52
76 49
7 7
77 1
39 80
82 62
87 65
11 36
15 65
35 2
83 14
34 48
33 83
71 12
54 62
37 44
54 14
64 71
26 80
42 37
50 24
78 65
76 64
10 24
79 7
5 21
55 72
59 88
63 14
5 81
45 43
67 2
18 76
29 48
69 73
74 77
17 58
52 87
70 2
71 59
36 84
72 18
29 55
67 65
9 72
45 82
48 19
34 11
5 80
5 3
16 83
41 82
66 71
17 75
38 17
47 4
14 82
66 46
56 43
80 46
73 19
75 55
4 74
18 52
3 52
33 15
85 23
35 5
18 58
5 8
1 28
30 60
67 3
80 69
9 9
61 74
39 38
52 86
15 44
79 53
54 85
89 2
69 34
47 42
28 55
2 6
71 66
40 15
37 89
42 31
60 5
23 6
14 36
14 53
84 35
39 59
10 10
48 70
11 29
74 20
7 62
43 52
87 74
8 85
38 59
36 48
77 35
44 61
63 32
29 71
14 87
86 76
70 80
5 61
76 35
70 78
5 69
21 49
78 35
44 36
49 18
39 68
55 27
69 5
16 85
71 27
68 89
22 25
50 20
64 32
44 91
89 16
39 2
6 50
81 41
87 59
21 41
77 74
29 40
67 84
40 71
13 88
88 19
85 53
6 21
74 7
62 24
57 61
32 35
44 41
41 39
40 15
37 53
78 10
60 65
60 13
26 21
4 90
62 83
9 45
85 51
57 77
37 26
9 50
65 9
46 25
87 3
54 50
40 72
69 55
78 61
52 31
54 59
83 86
56 42
91 80
45 68
18 52
17 36
39 91
61 64
41 46
69 2
85 56
59 55
42 19
61 75
87 37
71 56
2 39
50 56
16 20
55 23
77 81
75 47
53 3
80 63
2 86
46 37
91 53
89 56
59 34
27 51
44 71
62 81
85 54
82 64
31 78
44 58
63 42
15 62
32 42
3 85
19 90
18 35
67 63
9 51
76 22
51 71
74 80
78 51
89 86
73 53
56 30
90 59
16 8
4 15
73 86
7 46
21 91
50 86
20 32
61 48
59 48
74 72
3 29
4 37
26 57
19 18
44 15
56 61
2 80
6 28
63 78
5 16
31 43
58 36
39 27
6 18
55 45
20 53
34 6
62 78
73 10
82 55
66 71
4 22
73 15
35 16
33 88
74 11
27 3
11 59
3 87
75 39
73 26
29 32
73 57
55 40
16 61
70 88
25 73
58 24
52 19
82 31
46 54
90 79
10 31
30 54
61 17
80 73
38 48
28 55
51 7
83 90
83 8
39 51
81 33
13 73
88 36
36 76
81 12
28 47
57 75
8 46
23 74
88 63
87 6
60 51
84 56
88 80
58 51
31 56
75 42
76 29
31 22
10 86
13 16
49 48
90 38
62 89
27 37
27 38
57 83
45 15
42 74
79 78
37 30
45 8
28 91
13 29
35 36
38 51
17 27
63 14
67 20
2 57
6 81
57 72
11 5
71 60
14 10
46 33
81 59
56 88
32 75
60 30
54 37
70 74
81 14
84 87
14 20
14 31
38 69
90 69
18 60
36 62
62 16
12 39
16 86
46 63
82 80
69 64
52 17
29 44
42 75
3 20
58 83
8 84
46 6
39 40
30 87
2 30
50 16
12 1
12 34
5 33
3 57
19 71
85 39
52 4
62 79
65 62
58 58
64 86
9 17
19 23
69 56
66 14
28 17
2 53
74 7
17 48
66 1
50 47
62 43
5 22
65 71
14 44
77 80
4 21
9 18
20 15
78 53
65 27
33 85
88 61
34 91
11 78
32 35
42 81
47 90
68 37
65 7
17 74
21 8
3 50
67 69
36 28
78 24
70 74
43 46
56 72
60 31
42 85
48 41
1 65
1 70
23 71
59 37
57 56
71 17
65 56
64 34
44 71
71 77
11 17
73 50
40 20
39 31
52 40
59 22
46 11
1 79
44 58
20 38
44 79
16 75
32 27
83 78
3 69
26 55
33 16
38 78
23 43
26 23
28 51
45 88
49 61
88 24
19 76
55 79
48 77
52 61
1 57
6 50
72 62
11 1
71 48
64 61
40 91
36 83
61 57
73 29
29 12
52 86
69 52
10 11
5 87
48 34
10 80
84 43
55 72
58 11
34 29
40 57
18 53
16 21
20 20
16 37
68 91
51 75
86 47
88 69
7 44
17 67
33 78
48 35
79 78
67 63
54 35
78 57
86 88
21 31
44 86
61 10
37 75
32 91
81 39
31 25
1 36
81 65
84 28
50 89
6 9
9 68
90 29
16 51
26 52
87 12
61 50
3 23
85 59
83 34
27 66
71 42
12 37
64 2
47 4
79 59
56 59
67 10
56 25
6 1
79 87
65 79
54 4
54 10
34 91
8 21
33 65
33 44
23 75
80 34
6 4
12 23
51 73
67 64
40 89
75 48
38 87
31 3
74 91
18 19
41 7
22 79
13 89
29 31
16 41
90 75
39 88
58 35
33 81
61 66
66 62
22 51
27 81
66 45
34 16
10 68
60 6
84 47
75 44
6 36
9 46
41 5
80 61
4 16
41 8
39 12
10 56
64 50
4 55
18 42
21 46
31 43
22 53
66 19
52 43
77 30
11 76
6 62
65 25
53 42
5 85
29 65
30 28
39 77
59 7
74 58
18 38
84 80
54 48
80 88
15 31
72 85
68 59
48 29
82 49
3 60
77 5
44 14
78 17
14 89
22 21
6 2
33 25
39 27
20 22
35 2
44 29
90 80
45 35
12 51
22 71
10 35
48 27
15 37
54 19
90 78
79 11
85 46
50 72
22 75
8 13
51 75
15 74
41 88
73 5
43 40
82 53
71 36
47 52
65 68
54 49
73 64
66 1
27 55
64 75
2 57
17 9
75 49
82 46
29 61
54 60
45 37
35 46
76 43
39 85
66 24
57 25
14 30
20 39
4 51
64 36
62 68
43 21
15 68
25 29
41 83
19 42
51 70
82 25
80 55
67 59
85 60
25 67
60 14
42 86
41 69
30 48
70 69
64 23
84 80
68 80
59 22
35 64
43 67
87 15
35 60
62 39
9 80
77 85
21 53
20 46
91 50
64 17
28 61
10 58
89 60
69 61
74 10
18 22
29 76
48 20
49 56
41 81
8 34
83 18
7 11
88 14
54 34
85 46
31 48
72 16
79 72
11 66
65 33
71 49
80 20
47 29
73 22
71 12
39 10
11 44
56 27
12 30
11 91
33 10
17 68
52 53
89 13
9 64
9 21
2 55
87 62
9 63
47 5
65 62
86 72
76 89
72 57
22 6
59 47
15 33
48 40
81 90
6 21
85 76
49 70
24 38
74 10
8 36
22 56
46 25
72 1
32 39
73 38
55 46
32 15
21 31
38 3
7 23
87 1
88 14
59 55
36 64
37 77
49 38
46 75
51 48
67 27
51 23
63 84
17 32
49 8
62 50
59 52
46 63
70 83
49 41
86 9
80 3
78 5
58 21
24 28
76 22
73 79
54 81
23 16
20 77
13 13
36 65
4 70
45 62
29 21
14 46
1 91
36 59
3 22
43 31
81 12
60 73
52 55
16 14
34 21
64 83
67 25
36 19
34 30
77 17
4 68
2 17
52 23
31 37
25 28
73 48
71 2
50 6
26 75
67 88
68 7
51 10
61 77
36 25
72 62
4 32
60 58
42 79
