68 237
24 19 191
55 27 729
13 36 218
35 21 814
15 21 166
12 61 198
53 3 413
4 16 807
63 25 517
45 50 320
3 13 251
42 49 566
29 64 949
60 14 230
31 46 124
31 50 125
56 56 522
55 9 950
68 24 423
7 27 815
22 34 415
59 35 307
63 20 25
57 59 959
59 7 398
49 32 562
13 5 622
48 32 725
45 63 972
18 15 831
63 6 870
24 20 107
62 56 553
6 26 650
64 37 768
5 29 702
52 44 574
58 44 688
67 68 382
58 43 569
56 24 250
23 59 176
20 60 249
48 26 664
31 54 402
28 19 508
47 10 34
54 64 171
43 63 728
61 42 593
27 68 539
68 30 13
24 21 729
1 58 334
57 62 721
29 48 706
58 32 431
44 53 735
56 46 225
31 33 81
29 1 206
45 66 226
1 54 117
13 55 900
44 62 662
67 10 573
35 54 709
61 21 969
26 24 952
23 20 505
66 38 248
60 36 58
8 45 90
2 30 686
60 26 330
3 14 441
41 14 96
62 9 353
38 2 183
62 2 530
19 37 213
55 39 822
14 35 802
23 10 981
34 11 748
1 63 600
53 27 272
37 7 31
56 17 311
33 33 925
45 17 251
58 22 990
27 6 135
63 68 52
29 29 679
6 19 90
19 4 807
51 4 236
59 5 596
46 30 741
50 32 924
65 30 866
6 53 572
26 18 286
22 39 57
61 8 569
20 2 276
60 3 278
3 57 8
16 48 735
9 15 369
1 4 45
15 57 981
3 17 99
21 41 13
40 35 302
34 49 749
8 18 149
21 47 44
27 6 135
29 48 860
66 37 601
12 32 422
39 65 686
10 66 733
45 39 392
61 14 887
51 52 766
9 13 34
7 25 377
49 52 998
52 29 536
32 47 438
54 36 280
23 68 304
33 24 331
60 53 190
60 58 261
57 68 481
44 53 638
63 27 783
59 4 466
2 35 992
33 18 921
7 34 56
18 33 622
17 58 596
52 22 500
4 46 864
59 39 517
65 13 789
20 20 443
29 37 387
52 42 810
39 53 61
38 57 417
22 25 460
12 43 671
44 66 312
68 21 540
5 50 998
50 11 797
4 11 911
67 51 216
42 40 925
37 12 601
48 60 250
6 21 81
51 29 727
12 42 519
49 36 989
4 25 87
2 40 299
42 13 268
18 8 550
7 43 118
36 34 873
68 42 81
15 57 98
51 51 83
15 49 562
66 39 505
36 13 659
3 3 854
44 36 16
35 24 306
56 31 209
59 32 554
28 25 701
13 19 494
4 28 681
15 14 10
4 30 315
11 66 231
51 34 221
8 47 137
60 44 396
28 4 876
35 21 590
34 2 956
34 41 921
53 13 470
68 21 905
1 51 146
16 42 337
61 10 849
48 26 570
46 17 173
61 51 568
16 16 734
49 34 352
11 26 675
58 59 823
7 48 783
62 35 569
58 6 215
11 10 840
22 62 101
28 59 81
13 59 166
57 46 538
40 32 517
52 44 523
36 20 788
40 6 157
62 43 457
3 39 244
25 63 104
50 33 541
24 24 147
56 44 529
63 12 85
5 63 700
12 62 209
39 42 369
53 37 791
31 38 249
2447
42 5
3 41
51 9
4 36
36 36
49 64
61 37
17 23
53 4
59 57
62 62
18 18
52 39
17 12
56 26
13 13
53 29
53 8
56 43
44 14
24 1
25 13
41 10
3 2
38 55
56 62
24 19
54 11
26 39
38 66
16 8
48 6
25 34
17 29
5 30
10 48
29 45
14 62
60 26
54 30
8 43
42 41
14 21
24 10
67 47
50 22
13 53
47 5
10 29
20 12
28 4
65 60
47 58
42 7
37 16
64 32
2 48
2 5
58 5
67 67
50 13
66 51
59 65
61 29
56 39
50 49
16 47
48 44
23 37
38 59
25 68
15 56
55 52
6 35
4 56
56 49
33 22
4 21
32 13
18 32
12 22
17 37
45 61
37 44
1 8
27 10
60 10
67 17
68 58
46 30
44 62
52 16
57 55
10 45
32 17
64 7
54 33
29 27
7 8
26 23
52 66
53 62
39 31
46 14
8 31
63 28
20 54
27 59
11 50
53 52
39 30
36 63
17 62
16 2
52 6
31 8
32 28
29 9
33 39
52 22
4 30
3 47
30 46
10 24
10 38
67 38
48 26
2 41
56 30
60 7
51 12
2 68
26 40
25 25
6 39
56 20
6 63
1 50
52 15
23 39
59 47
68 53
60 34
3 44
47 35
66 14
41 31
10 5
29 12
24 37
13 32
41 58
27 32
62 40
65 6
37 66
30 18
58 52
44 59
46 29
17 17
55 28
64 4
35 28
56 63
58 68
60 52
6 57
53 61
22 33
6 22
2 67
56 38
56 57
68 46
53 56
5 61
64 27
61 13
24 15
30 67
39 59
10 50
51 54
33 22
19 44
47 5
31 12
20 17
43 14
50 62
3 53
12 66
15 54
55 23
24 29
4 61
43 51
45 23
43 3
11 62
17 6
26 40
47 25
46 39
3 48
65 1
15 49
8 61
32 40
23 49
10 6
65 52
19 40
10 2
50 30
38 34
44 13
46 59
18 46
17 33
23 15
50 5
67 62
44 37
59 13
67 27
63 14
11 48
13 26
27 45
65 10
49 51
51 50
20 45
51 31
11 51
16 63
51 34
36 36
22 44
55 18
55 34
65 21
67 26
64 38
25 27
24 44
33 42
66 25
12 54
11 6
9 29
48 25
22 34
60 39
14 3
15 1
32 45
62 19
3 12
24 38
21 68
38 11
28 51
18 13
15 35
18 10
11 9
6 55
66 26
47 5
65 42
61 41
5 39
9 47
20 14
42 54
61 66
4 11
58 49
50 40
11 57
21 43
19 36
35 20
36 7
12 1
45 50
10 24
7 7
43 21
34 34
23 63
19 1
32 67
38 26
66 4
52 9
55 55
45 60
60 54
61 62
2 54
41 61
45 6
24 30
45 4
48 3
19 57
68 28
20 13
6 58
27 60
55 35
54 4
53 30
8 33
3 40
14 39
25 38
10 27
45 24
39 25
7 9
26 42
48 13
30 13
68 39
6 53
49 38
52 10
63 42
18 36
28 38
22 3
58 1
55 41
44 18
67 47
40 17
31 52
2 35
54 36
54 68
50 47
55 28
55 59
53 61
23 53
22 45
42 7
32 32
23 48
27 55
56 65
38 48
17 2
38 48
64 18
36 21
36 64
16 4
23 46
39 56
3 54
28 66
25 27
8 20
22 45
22 4
44 28
2 32
49 34
12 26
12 2
3 3
28 23
27 67
23 7
16 37
46 65
7 10
48 2
58 36
24 60
12 66
32 22
34 46
7 8
60 37
66 68
65 1
23 41
41 24
9 30
30 63
40 49
26 5
57 54
13 33
30 27
22 3
47 6
42 59
29 30
53 9
22 39
3 43
21 31
43 63
6 52
52 60
36 60
22 34
62 48
61 51
60 27
62 67
26 32
47 47
20 39
35 46
29 35
42 67
55 38
30 65
53 38
64 53
26 34
16 63
50 48
36 52
37 46
35 50
28 32
7 15
68 64
47 35
19 60
30 34
49 53
52 30
48 5
60 8
58 21
59 55
28 48
41 35
30 10
46 27
18 68
21 59
23 15
18 24
32 7
14 62
60 47
1 29
36 19
19 56
12 63
5 64
7 18
51 61
34 8
22 68
31 60
32 10
1 38
61 13
45 51
37 33
33 64
29 67
46 27
13 61
3 19
7 42
39 49
29 56
62 30
61 67
23 43
9 49
23 30
21 33
53 5
51 27
21 41
48 58
53 36
59 35
8 57
49 63
49 60
31 32
7 3
6 5
28 42
6 63
56 11
46 28
42 43
58 16
51 32
32 29
6 55
19 17
56 64
31 62
40 22
29 14
8 18
52 19
34 59
21 47
36 28
23 38
1 9
7 30
62 12
42 31
37 36
42 21
9 63
40 47
58 13
18 5
27 41
27 66
30 22
55 35
23 6
2 66
31 63
48 50
53 10
26 47
29 36
46 26
39 49
19 28
5 1
7 23
48 56
51 57
42 31
22 10
11 39
60 10
2 1
43 8
44 40
49 52
56 45
49 59
53 29
31 66
15 4
12 10
57 40
23 31
25 33
2 10
1 48
21 4
51 60
18 44
21 22
10 23
8 52
32 3
9 54
8 2
45 26
6 55
10 43
7 38
13 39
8 62
9 62
57 32
11 28
10 6
64 30
67 38
7 47
64 23
24 6
36 9
3 2
53 34
62 44
65 57
61 29
1 58
23 20
41 68
52 6
68 7
37 56
41 68
14 27
35 7
52 28
30 65
67 13
40 17
63 14
13 10
64 50
40 18
65 1
5 31
4 21
23 61
25 47
23 31
50 10
36 55
53 42
30 65
7 13
28 17
48 17
56 11
29 5
64 7
58 59
60 4
51 36
2 58
50 1
47 45
60 11
58 6
34 12
55 39
32 47
31 21
39 5
63 40
27 33
37 24
26 31
35 19
19 59
57 44
50 47
41 26
7 32
13 65
1 13
11 63
24 64
38 41
49 28
60 45
24 14
51 30
12 19
34 51
24 27
12 31
38 59
20 27
9 56
9 41
63 24
54 25
4 44
52 40
63 5
28 51
2 12
59 54
64 34
35 14
49 30
19 66
56 14
24 59
60 12
8 47
2 19
52 36
31 27
52 6
33 17
67 53
23 46
21 3
40 56
42 9
59 8
56 30
18 30
29 68
30 27
58 13
13 6
24 47
5 15
44 67
28 5
34 55
11 44
15 54
19 7
64 6
6 24
23 61
25 25
41 35
15 1
50 32
65 60
27 44
25 14
21 31
65 40
1 24
46 13
41 35
9 5
13 56
50 31
29 2
43 4
10 23
54 24
66 37
7 16
64 15
51 38
40 34
63 2
51 15
54 13
29 7
62 28
9 52
21 51
9 67
62 53
41 60
27 25
9 4
64 5
68 57
31 53
62 31
38 3
22 24
61 39
29 42
49 11
27 13
26 65
14 40
18 30
17 27
50 20
59 30
20 56
45 61
58 53
19 11
34 7
26 21
35 47
7 16
54 8
23 22
7 19
42 68
63 28
15 17
37 22
34 53
68 58
12 13
52 1
6 67
16 51
62 46
47 41
28 56
2 63
5 58
28 18
60 34
3 17
65 53
5 27
20 57
51 28
14 28
10 60
54 2
7 23
14 30
58 30
7 61
4 12
54 53
62 17
49 30
55 32
10 22
46 11
59 67
7 16
57 4
18 30
19 68
56 10
22 67
60 45
3 45
58 15
39 13
26 12
14 7
32 39
17 33
63 19
9 16
9 7
52 59
33 65
62 21
3 58
28 35
32 12
28 51
54 24
8 35
33 12
15 45
19 57
56 64
1 8
31 61
7 8
47 14
54 17
47 7
14 15
38 16
3 15
66 26
66 27
50 3
47 26
55 39
53 35
12 31
40 44
52 19
37 4
38 29
3 21
19 12
27 61
15 68
17 18
51 10
37 40
36 41
47 62
50 55
39 31
58 25
25 66
18 68
65 41
20 21
64 24
42 46
60 12
43 33
35 51
38 43
57 10
17 16
46 1
33 5
11 10
62 24
25 31
21 17
64 50
37 65
66 8
44 60
59 66
19 29
42 4
66 25
21 5
25 61
6 31
3 25
22 21
26 68
61 55
11 7
29 46
67 7
62 35
64 38
60 40
6 15
62 17
53 1
25 28
52 27
41 2
57 6
66 42
9 38
22 21
52 28
67 58
23 6
28 31
13 39
6 65
59 12
36 67
30 68
16 28
48 39
24 37
44 17
6 14
52 12
61 63
3 43
44 6
49 49
55 63
3 19
5 39
37 35
15 45
43 30
53 21
33 58
24 37
17 23
55 34
8 48
20 32
18 8
4 51
41 63
58 26
40 25
9 41
62 32
44 26
10 48
17 58
65 23
40 26
42 36
48 6
37 59
56 52
37 36
53 45
52 52
24 16
8 68
15 43
13 4
10 2
46 13
35 63
47 29
38 29
34 24
40 3
58 9
29 38
55 8
40 48
16 52
40 18
51 15
15 33
8 2
21 14
17 43
61 43
59 55
59 12
41 66
48 30
68 11
28 9
5 39
58 30
3 31
56 52
65 53
23 12
47 12
6 46
40 24
28 62
55 42
18 16
67 64
36 44
59 7
55 47
39 24
30 2
6 14
2 63
2 9
9 16
42 20
12 3
48 8
37 11
26 27
1 10
31 33
51 27
10 42
19 55
50 35
36 19
66 39
4 67
46 17
55 64
3 32
48 60
40 50
49 51
35 28
43 3
21 60
67 68
21 37
44 57
47 37
28 66
18 11
13 1
35 22
50 21
53 33
61 4
64 61
30 22
31 49
67 46
45 44
40 65
34 63
60 62
5 31
30 42
51 55
40 41
29 50
68 65
29 58
62 4
17 46
36 42
20 18
37 46
67 61
48 43
56 67
44 37
49 31
53 45
29 50
29 55
16 15
61 11
55 35
15 24
15 23
58 26
40 8
57 37
14 2
58 23
7 22
53 10
54 4
41 62
28 68
12 14
15 1
57 36
46 11
9 23
10 12
10 64
20 6
61 55
5 3
1 51
56 34
5 19
56 15
15 56
25 26
22 50
1 64
30 64
9 52
41 36
67 57
66 57
7 19
28 64
53 59
35 67
14 8
52 49
57 64
60 5
21 47
2 38
1 39
14 37
38 20
37 49
3 57
18 2
61 39
11 20
36 2
2 56
52 43
44 40
58 59
41 34
34 46
67 6
65 3
45 37
54 21
48 35
25 43
56 44
26 43
29 39
46 19
46 8
25 48
16 41
18 19
58 55
62 13
62 34
44 67
54 23
38 44
10 28
25 18
31 39
68 51
29 57
7 48
25 16
12 1
61 43
25 54
56 17
1 50
43 43
13 43
42 40
1 35
27 27
6 61
23 65
37 23
28 11
41 45
22 2
53 56
1 44
28 40
39 49
21 40
49 52
62 67
36 37
38 28
24 65
35 8
42 32
64 41
63 38
16 1
21 45
28 42
60 13
20 4
1 13
63 25
52 8
1 9
34 30
7 66
14 15
47 3
21 33
3 64
41 44
51 23
3 42
31 50
54 60
48 30
49 49
56 50
48 68
24 44
68 11
27 12
43 37
44 46
38 34
43 18
58 42
38 10
45 30
6 45
63 6
37 53
17 24
63 4
65 51
41 11
1 54
4 51
62 7
19 41
52 46
6 55
3 43
6 4
38 28
1 67
34 7
14 28
37 20
58 67
20 67
25 51
15 39
43 13
20 48
33 49
61 59
63 8
24 61
5 38
5 50
18 33
34 66
13 55
49 46
23 7
34 56
68 41
54 59
60 45
48 58
36 19
33 11
60 23
4 1
1 48
57 17
65 24
58 60
66 30
14 5
48 64
37 44
66 16
46 29
16 36
7 45
47 22
24 28
60 57
12 7
8 39
56 64
35 9
37 10
67 8
37 65
44 3
8 22
3 25
22 31
6 35
16 42
45 56
29 10
67 58
57 17
3 31
20 9
41 23
54 6
47 20
35 11
35 48
41 58
47 7
65 20
29 44
45 7
6 44
32 54
63 25
3 57
20 33
30 60
42 22
57 61
20 67
57 48
25 21
67 50
54 19
31 43
27 68
34 4
57 12
3 47
1 59
9 50
30 30
15 25
29 23
8 12
33 12
3 23
40 31
44 52
58 8
43 30
6 58
9 58
50 42
7 39
64 48
21 33
62 39
10 64
35 55
59 35
62 55
23 49
57 48
25 36
20 64
18 14
39 56
54 24
22 34
54 40
50 12
24 9
53 67
14 33
29 24
24 15
41 18
49 10
48 1
41 62
2 34
38 22
28 11
7 3
17 54
16 42
36 26
39 25
56 12
63 49
6 17
61 32
10 31
9 22
15 9
11 19
46 11
42 58
14 64
49 29
65 22
56 19
18 46
2 6
40 42
14 65
61 57
26 56
63 10
29 20
35 11
5 21
62 5
27 44
1 56
21 58
31 30
65 22
39 57
22 1
51 19
24 66
18 29
22 67
28 29
40 25
16 30
50 60
41 51
36 42
4 28
7 37
47 63
10 68
54 65
66 34
41 65
14 64
16 59
47 7
38 68
9 47
67 11
52 46
16 3
32 48
49 26
64 25
27 29
14 37
31 14
39 26
29 14
56 26
23 61
13 50
67 33
37 43
55 20
68 39
17 45
26 51
39 51
27 31
68 4
17 35
10 66
50 45
36 22
4 31
20 7
52 63
36 6
40 45
36 32
49 42
56 4
56 39
3 23
58 52
42 11
31 29
48 3
20 11
68 29
1 10
68 30
57 33
52 42
39 28
24 48
54 5
34 35
10 37
62 24
64 6
51 19
44 49
21 41
58 47
53 9
7 24
13 59
40 48
15 29
15 22
56 45
2 46
37 34
8 6
13 62
33 37
51 32
45 63
22 56
52 36
21 25
45 50
12 13
7 4
54 30
22 24
36 43
49 24
67 22
43 5
8 52
63 35
66 42
53 22
14 57
12 1
49 15
57 26
49 6
11 22
62 19
52 40
8 56
56 48
21 13
6 45
40 43
5 64
9 2
12 59
51 30
17 19
51 36
14 15
25 48
61 13
12 56
6 18
23 30
4 21
27 52
64 18
29 57
31 65
1 60
15 32
58 15
43 51
53 6
32 61
68 5
57 3
42 19
68 34
32 3
43 44
17 35
19 51
35 17
38 21
67 67
50 51
64 3
17 23
45 29
47 63
58 40
65 28
63 16
11 58
51 53
15 42
60 30
39 43
41 49
11 61
60 56
34 34
61 21
35 32
64 25
67 8
41 39
61 11
31 5
9 27
21 64
45 62
58 49
34 28
64 10
38 23
35 47
55 62
12 51
47 34
12 41
40 1
10 31
41 6
59 12
29 27
36 29
15 22
41 11
50 62
7 44
53 30
68 18
42 22
2 52
56 60
34 6
21 68
21 18
44 51
39 3
27 18
26 35
43 50
66 7
45 16
16 63
28 16
19 28
21 42
21 48
46 35
23 20
49 4
49 38
20 48
29 68
7 16
36 63
66 46
34 6
55 3
58 40
60 50
10 25
25 26
44 55
11 55
44 45
30 35
62 39
25 13
4 13
47 63
47 1
51 54
25 11
26 35
14 11
57 5
4 36
42 5
25 55
42 3
19 7
23 18
21 11
20 14
61 30
24 21
27 31
44 58
30 48
39 42
58 43
66 11
25 59
29 30
4 24
45 20
59 44
42 52
23 67
60 67
18 60
60 67
57 54
44 49
68 5
13 60
34 1
32 12
67 54
19 34
41 9
19 54
44 57
50 20
16 35
48 1
41 1
22 30
18 42
66 19
2 64
46 55
3 28
27 10
9 34
22 54
64 27
3 47
2 19
27 7
66 49
63 9
66 42
39 29
67 63
10 64
63 33
61 47
8 51
48 35
62 35
12 23
62 20
22 20
47 66
18 7
62 65
48 13
63 53
44 26
64 29
32 39
62 50
65 28
43 67
17 1
54 14
35 3
26 22
25 39
39 44
44 16
66 3
55 11
29 7
29 1
68 60
6 61
60 49
33 24
44 47
59 67
44 59
43 22
51 58
18 56
21 63
13 60
59 22
5 63
47 56
56 5
12 50
60 22
26 45
65 66
32 19
10 40
39 39
15 17
36 38
32 14
5 24
67 34
6 23
66 59
31 4
28 29
18 60
35 24
39 57
20 39
39 48
50 37
50 23
34 8
1 43
61 4
68 44
32 65
7 51
5 45
40 61
34 36
23 63
64 19
46 61
4 44
37 21
34 22
52 2
37 23
64 37
31 51
57 47
59 30
52 1
30 56
61 46
35 37
23 10
61 40
48 37
25 37
19 44
8 2
64 22
31 22
6 53
2 67
26 66
24 1
60 18
6 2
32 25
30 60
52 57
10 8
51 8
31 8
31 5
44 46
65 13
9 62
25 19
49 50
26 7
16 55
18 14
9 5
14 55
35 65
37 68
43 42
40 4
66 2
14 12
39 60
65 35
61 59
40 53
20 9
37 54
47 18
33 6
59 41
32 26
59 34
41 25
23 39
59 6
28 63
51 14
45 59
52 32
14 26
26 50
31 28
56 50
65 58
32 26
46 43
20 18
29 59
26 47
54 68
26 2
41 43
53 68
51 15
27 52
43 12
2 8
55 14
25 3
16 22
28 41
61 63
62 59
4 52
59 45
33 11
36 66
46 26
4 48
15 52
1 16
17 27
48 55
20 25
67 30
13 42
24 25
33 15
18 52
25 50
61 39
11 47
56 13
52 50
19 62
26 55
61 29
62 61
21 16
35 43
54 15
60 5
68 57
56 17
10 38
56 30
54 62
51 9
20 22
58 59
14 11
49 38
22 59
28 25
51 1
56 55
20 49
19 22
17 33
66 59
27 27
41 31
60 21
38 61
1 53
48 11
26 49
5 68
19 15
36 5
22 15
17 31
7 19
34 57
46 56
27 56
34 53
58 41
3 4
55 60
16 5
21 53
11 57
16 13
27 57
57 60
50 40
40 67
65 38
10 44
37 63
8 17
42 35
67 27
53 66
17 30
15 4
45 58
33 64
47 61
5 56
29 42
60 28
66 62
29 42
60 42
11 23
62 54
22 65
62 31
53 12
42 18
13 8
40 24
62 47
42 5
35 17
29 30
41 12
16 59
37 11
28 63
30 19
32 42
27 53
61 11
34 68
40 16
58 21
5 23
35 61
16 5
17 2
34 13
3 4
3 56
65 42
32 29
38 16
7 26
51 13
8 56
7 10
64 12
37 13
35 55
25 26
36 15
56 32
36 45
14 1
34 58
5 38
46 35
35 33
17 65
47 47
50 21
32 39
30 58
38 11
28 50
59 34
58 13
17 50
59 16
13 33
38 36
38 60
60 16
55 2
8 60
58 6
44 15
58 45
42 53
8 25
44 16
53 36
44 63
19 30
20 16
67 38
42 43
48 45
53 34
6 65
27 21
22 44
29 50
66 9
21 58
13 64
9 31
46 26
62 42
35 45
63 7
42 65
33 34
48 55
10 37
2 64
11 28
18 11
16 49
46 62
6 35
63 11
61 58
57 17
57 30
60 21
3 26
55 46
12 24
26 31
13 36
39 60
9 67
49 20
44 46
45 6
37 57
26 4
48 11
24 40
39 12
44 12
55 48
3 10
64 56
14 29
45 59
61 51
1 27
53 67
17 54
18 8
22 33
40 5
48 34
56 23
2 14
13 1
51 23
44 17
33 21
16 66
64 28
49 46
43 25
21 1
24 43
61 5
47 57
31 8
64 48
43 50
56 47
55 14
67 38
54 58
47 40
67 30
65 31
32 64
36 35
50 30
23 11
57 67
48 30
8 61
18 33
5 6
39 4
57 4
6 52
22 14
32 66
58 57
68 30
49 50
18 15
6 57
54 58
57 68
8 64
37 41
12 2
8 7
38 46
35 11
54 59
11 9
36 30
18 62
21 16
57 57
25 14
3 61
44 51
4 63
35 31
22 38
39 64
30 41
12 35
48 31
38 9
14 40
52 13
33 34
43 2
49 27
13 56
4 13
59 62
9 27
57 39
6 1
59 10
19 14
19 9
65 66
39 27
48 5
30 48
58 37
38 33
55 6
38 68
5 44
48 59
36 31
46 52
27 12
12 48
37 46
65 3
67 7
41 3
52 40
47 1
35 22
33 18
68 46
51 8
37 59
28 57
40 20
27 42
19 32
18 67
60 64
51 8
40 28
6 44
45 54
25 57
54 5
40 11
33 51
66 16
41 63
31 21
44 16
10 17
58 12
17 60
36 16
44 4
34 52
28 67
53 53
49 36
11 61
65 60
46 43
60 49
25 53
1 41
60 56
43 44
35 59
59 46
65 36
6 8
30 56
45 22
46 28
23 46
15 10
68 14
42 28
13 66
23 60
34 33
23 32
56 53
24 50
36 11
54 56
32 60
7 31
27 41
57 68
56 48
10 10
46 25
51 54
53 20
20 47
25 7
13 67
37 41
33 1
58 41
25 18
47 15
22 3
53 66
20 58
64 54
21 4
53 52
13 15
19 16
53 54
57 25
7 68
11 24
35 44
40 62
46 22
38 48
22 61
36 36
18 6
5 6
68 29
18 45
1 5
37 12
15 38
44 26
47 40
2 51
1 62
31 26
65 7
28 40
54 45
23 6
15 62
60 16
56 64
28 10
2 16
24 38
28 59
46 24
40 65
4 44
13 39
65 19
2 14
16 46
20 41
8 3
22 60
66 48
62 44
1 52
13 33
8 34
49 5
14 33
39 13
37 41
8 18
36 5
45 55
56 30
36 41
24 30
39 50
11 8
67 55
7 35
20 65
34 47
64 9
54 9
18 30
48 44
23 41
39 62
15 1
63 51
61 35
62 8
51 62
59 10
57 53
64 67
33 53
9 40
29 33
18 40
31 62
57 28
12 67
56 37
66 68
63 22
50 35
48 31
65 32
60 51
56 2
18 18
46 30
17 66
33 48
68 27
31 15
16 17
28 14
45 4
7 23
23 15
43 37
47 38
26 26
20 39
2 68
62 59
68 55
2 25
25 40
30 37
33 56
