23 309
3 5 894
15 21 635
16 7 934
7 15 313
19 16 98
14 18 298
1 5 4
4 1 275
3 17 976
16 12 500
6 1 231
1 10 154
5 12 884
17 21 483
17 18 261
2 2 64
5 11 888
23 12 34
3 18 222
16 21 65
9 7 439
1 2 902
7 6 387
5 20 501
20 12 136
23 16 646
18 4 217
12 19 46
15 18 638
3 12 568
19 8 435
1 1 733
19 19 134
18 4 456
4 12 90
3 1 128
4 17 685
5 11 574
17 7 336
15 17 295
7 20 628
11 23 237
19 6 206
18 5 112
15 17 964
19 11 342
3 22 609
6 4 259
10 23 541
23 20 721
21 8 744
22 3 916
10 21 588
10 15 781
23 9 798
18 9 173
8 21 788
16 9 792
14 1 278
3 13 964
1 13 305
15 20 434
11 1 931
14 4 189
4 16 384
15 6 9
10 7 125
12 4 423
6 15 562
8 20 919
8 1 53
20 23 299
8 21 692
22 11 812
14 18 43
11 22 768
21 12 864
17 2 973
7 13 341
18 23 271
13 10 842
1 19 914
1 2 278
13 15 359
13 7 182
3 20 253
3 20 702
3 4 987
16 23 182
13 23 232
1 16 900
10 22 600
18 22 657
15 12 873
5 3 188
5 9 451
7 12 458
10 5 969
19 20 343
15 9 331
4 7 621
21 4 821
22 19 954
20 10 180
20 23 466
9 5 429
10 22 77
9 3 956
1 18 266
13 10 531
18 8 949
15 13 875
14 21 442
2 21 616
1 8 48
18 17 14
6 5 585
21 11 744
20 5 679
16 15 758
6 6 428
23 1 160
3 13 760
12 9 53
5 22 535
3 15 567
15 17 831
14 4 150
21 20 265
18 21 304
21 1 945
20 18 129
14 16 850
10 15 121
11 10 537
19 10 523
14 19 964
13 17 529
21 14 479
11 15 50
19 9 151
3 23 127
20 19 565
19 18 924
9 4 641
18 4 995
5 1 401
12 12 552
1 1 457
15 9 623
11 1 27
14 8 614
16 23 856
22 16 594
5 17 889
8 1 818
20 16 424
14 8 338
10 1 827
10 11 540
6 11 339
6 7 295
22 20 373
15 13 114
13 19 38
16 1 115
20 6 925
16 17 15
23 13 262
20 15 191
21 20 802
17 8 520
23 2 188
4 7 198
21 23 648
5 15 284
9 14 356
16 6 839
13 18 670
7 6 62
2 3 794
18 19 490
18 17 850
10 20 390
20 2 452
2 12 277
5 20 764
12 10 959
3 9 55
13 13 746
19 14 674
15 16 415
3 21 202
11 18 526
7 18 674
1 10 198
19 23 523
2 11 91
14 1 199
17 6 726
22 10 604
14 15 410
15 15 451
2 12 468
11 15 684
3 10 83
14 14 393
12 3 794
13 12 961
9 9 692
6 10 880
6 17 210
12 19 929
12 4 475
3 19 19
22 17 797
18 5 849
17 1 662
9 20 874
12 23 427
4 6 394
5 23 274
5 9 173
22 14 836
14 22 300
18 17 989
1 4 544
13 20 965
18 15 410
13 6 548
16 22 427
16 17 347
21 17 596
7 6 667
10 22 973
6 2 311
19 5 168
17 12 617
18 3 58
15 4 633
22 5 269
7 5 743
23 16 670
7 10 330
16 6 741
21 15 641
4 7 167
15 17 796
20 11 432
9 16 561
1 22 547
5 10 560
8 18 739
10 22 829
18 14 651
17 8 141
19 6 476
19 8 222
5 5 904
14 19 346
16 14 264
10 3 8
18 7 319
21 23 647
16 2 444
11 20 97
15 15 504
4 3 136
14 19 259
6 6 293
9 7 496
3 5 708
13 6 610
3 11 480
13 13 341
6 23 502
3 17 491
9 1 118
20 17 125
21 18 139
18 4 970
3 9 335
14 16 851
2 15 702
16 11 844
16 6 878
20 12 857
5 9 549
22 21 589
15 13 337
20 23 778
18 18 527
2 9 228
19 2 82
6 3 241
17 5 401
1 14 587
20 13 463
13 1 632
19 6 641
16 11 453
23 11 990
6 1 762
17 13 750
15 16 50
1 10 463
9 21 308
17 23 110
8 7 400
156
18 14
11 23
18 14
10 9
11 17
4 7
6 4
1 14
17 9
8 9
5 15
17 22
9 23
19 3
23 13
18 15
18 19
9 20
13 9
6 4
2 15
17 18
9 16
11 2
10 21
23 20
7 13
10 3
3 4
9 7
17 23
3 18
23 2
6 8
9 11
22 18
20 15
19 12
21 15
5 14
9 18
8 19
8 11
4 6
15 18
22 12
10 21
22 15
14 8
13 22
13 18
23 11
17 20
13 2
17 19
23 13
20 15
16 5
13 11
1 1
14 7
7 10
16 19
2 2
8 20
3 20
7 14
14 5
17 18
21 7
17 9
19 6
3 17
20 7
7 9
2 15
18 14
7 10
15 18
23 17
14 10
13 17
1 22
3 17
7 20
4 16
12 13
4 16
7 18
1 3
14 16
7 1
12 15
11 12
21 23
13 13
4 12
17 5
5 23
8 22
19 6
17 20
16 9
21 12
9 5
7 17
1 5
21 15
16 14
17 22
23 7
10 19
11 4
10 8
2 9
2 13
1 22
18 21
9 20
11 22
14 12
21 13
11 16
9 1
22 18
6 8
13 16
3 11
9 3
8 12
7 23
20 14
6 7
11 11
2 13
14 16
19 19
6 4
12 17
7 23
11 2
14 21
14 20
6 11
17 13
17 12
4 9
5 20
14 6
12 2
16 2
21 4
10 15
8 4
12 15
16 1
