42 893
29 17 275
20 31 509
38 8 55
24 31 454
37 12 613
31 28 119
21 24 860
8 8 898
35 34 953
26 33 448
6 3 143
11 7 935
22 12 257
7 39 131
9 37 57
27 27 359
2 29 822
36 39 857
25 4 961
23 26 377
37 31 79
1 31 118
35 20 504
39 17 830
5 34 950
10 25 578
5 18 734
42 2 73
7 10 992
25 34 519
2 41 567
13 36 797
3 15 599
37 32 67
28 37 95
36 12 909
4 34 427
20 15 186
7 15 319
5 41 392
7 23 871
20 12 626
26 37 4
18 3 419
9 30 808
15 22 901
37 36 382
10 7 431
15 4 125
17 19 231
22 10 32
34 39 357
22 42 184
23 24 866
41 27 779
18 42 963
35 38 243
41 16 345
20 23 422
2 19 976
14 14 281
18 21 866
24 34 737
23 42 49
34 19 480
13 24 265
6 40 79
13 10 514
10 12 786
27 31 185
39 21 610
41 4 812
4 40 442
14 38 960
7 38 247
7 11 171
39 19 718
35 16 309
17 12 854
19 22 304
26 34 37
32 18 995
19 6 761
1 16 396
35 39 831
2 28 320
25 15 912
4 34 121
14 42 216
4 4 47
27 36 902
12 5 162
2 13 883
16 14 684
7 25 752
1 14 167
21 31 244
17 20 966
31 39 703
36 15 222
5 18 398
20 8 433
7 24 91
29 4 661
18 3 887
17 38 925
27 30 187
7 11 877
8 12 711
33 25 270
24 25 112
17 23 387
14 42 910
10 28 567
25 19 8
28 8 842
12 26 650
5 20 101
22 10 182
34 30 40
31 34 328
41 26 290
9 8 147
36 34 123
40 34 114
30 29 939
42 10 448
1 8 686
17 23 720
34 23 672
22 12 347
18 42 659
6 10 264
37 36 988
6 13 153
30 4 499
23 10 207
21 35 445
29 3 644
2 8 825
9 5 975
41 41 842
5 25 258
21 12 669
41 3 662
20 3 851
8 14 201
21 10 834
18 19 696
9 10 236
6 2 711
40 2 716
18 10 196
7 22 689
7 42 363
3 32 91
32 20 502
32 34 262
28 28 456
39 2 287
30 7 700
20 5 527
39 37 869
13 34 828
27 30 112
1 36 568
41 40 158
42 42 626
26 26 308
8 1 582
41 41 623
25 34 111
20 13 241
24 25 67
39 39 395
37 6 589
13 24 904
36 5 857
34 13 355
1 16 288
7 37 104
26 1 511
40 39 287
39 42 538
42 13 555
29 14 555
31 15 64
18 25 294
3 40 611
39 17 387
19 16 827
2 16 266
20 1 77
1 7 995
38 16 603
37 5 471
34 4 936
33 30 399
22 5 785
15 38 788
31 31 462
10 2 751
20 38 471
25 20 628
42 11 5
42 5 264
1 41 157
33 13 859
12 12 211
12 39 511
39 2 497
24 1 631
38 27 831
39 32 973
40 13 132
26 17 792
20 7 950
37 5 708
28 41 256
16 23 566
36 3 330
19 6 439
15 15 307
21 17 28
32 5 285
29 18 143
10 22 84
19 4 642
42 24 533
36 12 288
4 35 219
14 41 798
20 37 766
33 11 770
26 31 767
19 17 127
14 41 631
15 20 68
27 5 309
23 13 131
25 22 688
11 20 777
28 6 407
39 15 506
13 8 784
10 7 387
6 42 238
29 41 578
24 42 12
13 4 106
20 19 303
25 37 945
24 13 826
21 16 730
31 35 970
23 22 444
6 26 424
20 24 533
29 7 930
3 38 182
30 21 918
5 32 732
23 41 540
26 38 401
17 21 698
6 34 537
5 2 832
7 23 546
30 17 15
35 6 618
16 33 296
18 5 698
32 25 837
40 40 208
18 26 51
15 30 267
6 6 557
19 37 648
24 39 693
13 31 412
25 22 303
33 14 821
16 13 229
7 34 980
17 6 448
19 41 113
13 28 606
14 34 331
28 37 850
12 6 339
19 25 512
30 16 535
31 28 38
31 35 357
10 4 958
3 12 103
10 36 231
13 35 684
39 32 338
36 4 153
40 27 475
17 29 953
21 41 63
1 38 474
20 10 840
8 8 615
8 9 860
40 20 436
13 2 504
8 8 659
10 11 216
20 4 288
12 20 334
40 1 923
7 20 300
26 17 282
32 24 86
27 40 63
16 28 7
32 42 573
31 28 217
4 35 961
12 33 813
26 30 60
37 23 254
25 18 168
4 9 345
25 26 995
31 9 768
15 17 732
4 33 24
37 21 333
2 14 859
29 10 285
39 41 526
9 3 461
4 33 28
17 16 34
19 27 747
17 33 833
8 30 94
1 35 970
26 31 959
14 13 814
42 4 379
6 3 103
14 21 456
23 15 748
10 13 970
7 1 624
41 30 49
3 13 952
13 38 955
23 11 340
17 29 923
42 10 14
32 36 421
20 35 968
42 19 53
26 17 700
15 24 300
22 38 537
33 2 304
20 2 547
3 9 989
26 6 532
35 36 696
8 6 479
17 42 140
39 29 494
37 7 677
24 36 796
14 29 407
40 39 416
3 10 17
15 20 419
24 36 978
41 16 137
39 1 38
31 11 750
25 16 980
7 26 751
22 42 432
23 29 535
1 17 801
39 36 785
8 5 83
5 31 808
37 11 560
19 42 82
12 16 871
8 3 605
24 7 326
26 32 610
28 40 771
36 26 460
35 18 328
14 21 645
26 25 931
9 19 968
24 31 999
28 9 352
23 5 0
11 36 185
29 41 566
7 15 540
35 6 538
33 18 668
9 7 226
25 4 802
30 35 432
7 36 127
40 11 200
5 36 94
23 27 668
33 11 202
7 2 219
3 10 346
21 3 264
18 2 532
8 36 680
3 16 79
5 29 768
26 9 758
9 11 291
3 22 204
38 3 221
10 33 974
33 13 402
8 11 320
3 5 113
13 31 413
42 27 657
42 24 779
19 19 530
2 31 622
40 36 638
35 22 480
18 8 134
37 30 704
17 21 981
14 23 822
35 38 208
8 6 941
38 39 661
39 5 148
42 36 210
33 3 919
10 14 672
6 20 740
29 23 882
15 41 166
25 28 614
11 27 622
5 25 315
29 4 200
3 41 66
23 42 977
4 15 302
23 27 506
18 14 625
13 33 504
13 28 867
15 12 549
32 13 116
33 24 799
42 37 635
1 2 598
28 20 880
13 3 618
1 33 670
3 22 404
12 25 720
8 15 365
21 17 59
25 1 738
6 37 884
7 2 730
35 8 223
5 16 90
16 15 512
18 8 289
42 26 10
1 13 251
41 40 952
3 21 699
4 32 500
20 25 228
16 42 735
35 29 951
6 39 405
16 7 748
16 6 457
37 13 210
18 5 437
5 11 359
36 20 967
40 18 43
1 37 961
1 35 361
33 2 981
4 4 36
21 14 125
33 3 944
19 32 402
22 21 337
3 26 665
4 11 954
10 33 994
37 34 38
1 40 178
24 22 591
17 26 23
22 33 94
42 3 855
13 28 600
5 37 66
34 38 21
34 41 497
15 5 69
9 19 430
4 34 734
19 38 198
3 37 837
16 9 754
10 42 977
1 40 22
24 7 463
41 41 47
10 1 182
38 17 436
3 10 822
40 7 277
35 12 978
13 31 413
35 23 832
5 1 361
35 17 434
42 41 578
14 10 724
41 39 822
41 37 746
21 29 64
42 29 437
1 37 355
6 29 418
3 23 359
29 34 127
13 25 755
38 27 579
29 9 228
2 19 295
19 7 469
22 8 744
39 27 30
35 19 359
8 12 147
40 23 768
38 33 596
36 15 478
8 39 462
7 35 720
13 39 50
14 41 559
17 41 369
37 14 166
38 6 77
10 29 416
4 6 317
17 27 311
29 11 29
7 18 367
33 1 246
30 9 485
14 16 297
16 30 984
39 30 854
3 29 287
14 33 861
5 9 967
3 22 780
41 40 385
20 6 488
3 40 847
29 20 295
17 32 784
2 30 858
14 35 246
23 24 464
6 25 560
1 32 150
33 35 697
33 36 160
40 10 780
5 6 597
27 18 923
24 22 300
32 41 854
4 35 531
30 40 106
41 26 359
25 32 206
24 10 137
30 42 396
34 9 847
14 34 984
18 21 518
10 18 862
42 38 570
3 4 767
30 26 851
41 7 248
32 28 523
28 1 688
26 29 282
17 23 440
2 37 309
42 16 464
39 41 442
2 30 969
28 37 327
17 35 34
1 21 147
7 41 55
17 24 94
33 18 530
41 1 866
15 15 698
36 42 471
19 40 95
11 1 951
32 36 126
21 39 757
25 3 11
5 6 516
35 36 279
2 3 927
16 26 589
42 35 49
16 26 225
2 40 431
4 22 278
20 2 90
11 13 587
27 38 141
30 23 350
6 15 638
2 35 979
1 29 42
41 18 827
29 39 179
14 20 818
14 33 531
31 16 460
15 11 344
31 38 669
33 11 145
1 40 747
16 34 785
31 38 25
29 20 541
39 37 285
2 13 269
38 5 678
16 39 520
32 27 789
9 34 587
20 5 984
24 17 235
6 39 424
25 6 709
17 6 956
19 12 710
33 33 515
16 6 669
36 41 538
13 26 90
10 5 479
28 1 174
16 7 559
7 38 551
19 12 630
39 36 209
8 36 775
42 10 631
42 26 633
20 3 324
4 25 15
22 2 8
38 38 768
7 2 197
29 23 218
36 11 353
40 17 165
15 41 335
37 36 582
9 5 81
6 14 412
4 18 370
36 16 654
39 24 805
38 7 927
11 6 933
3 30 707
42 5 825
13 34 448
28 36 703
14 24 931
27 1 621
27 11 664
22 27 909
30 26 572
6 13 841
13 4 839
35 39 566
1 24 12
30 31 336
30 37 159
9 18 522
16 21 791
18 5 98
22 21 378
42 1 374
32 14 684
11 34 40
31 10 604
17 20 599
18 35 154
33 9 574
2 15 664
28 28 422
32 19 949
17 5 797
30 21 66
20 15 769
20 23 304
35 18 529
39 15 981
38 12 949
34 25 516
13 16 659
13 34 537
6 12 56
33 33 159
37 42 362
38 32 681
27 26 366
26 26 643
30 14 63
11 3 64
9 28 531
4 25 407
1 31 264
1 4 54
33 14 526
1 34 247
32 1 473
35 21 116
37 15 610
21 2 236
33 18 820
2 2 687
9 11 143
34 41 411
26 41 669
20 19 635
4 4 213
8 42 884
30 34 455
1 16 643
9 13 164
26 18 528
6 27 69
32 5 236
36 12 714
4 35 882
41 1 292
36 20 999
41 27 598
30 18 912
8 18 523
38 20 455
17 9 702
24 42 566
22 20 233
23 36 70
17 15 15
20 13 741
32 11 947
37 39 105
6 39 556
1 38 876
7 11 975
30 31 745
30 31 573
15 7 440
1 29 372
24 2 456
29 29 840
1 30 510
2 32 669
29 24 151
20 20 568
41 31 994
12 32 247
42 27 208
11 10 968
13 33 745
16 8 138
36 4 785
31 33 464
16 9 189
33 32 358
34 42 822
33 34 677
14 42 271
29 20 303
35 36 480
8 32 847
21 30 570
31 26 776
7 16 415
12 2 435
29 28 544
21 32 724
10 10 538
1 36 333
20 26 398
27 21 971
16 33 466
30 15 123
14 32 957
35 9 222
1 25 191
27 33 127
4 15 174
30 9 515
23 23 848
15 35 309
39 15 451
2 31 685
2 14 588
28 41 681
25 24 113
32 2 409
42 25 897
40 19 888
24 28 234
41 22 145
22 11 386
32 8 506
5 21 688
6 35 302
10 20 831
12 11 390
42 34 759
25 36 495
20 21 376
9 36 979
6 33 557
3 28 198
4 2 85
17 12 240
26 28 176
31 29 310
14 3 83
7 9 737
1 18 435
2 15 292
2 17 825
14 8 778
17 29 123
5 31 904
2 21 589
23 14 546
35 36 900
12 7 883
31 12 285
7 42 443
30 3 757
24 20 554
12 5 502
39 22 442
32 35 519
12 11 473
33 8 478
35 40 361
5 13 660
36 15 752
3 37 19
26 27 184
15 23 891
37 14 583
828
36 23
30 42
41 33
3 39
2 28
18 39
28 20
17 3
1 6
32 8
9 19
7 25
5 23
20 41
38 10
25 16
36 21
3 16
36 17
3 28
18 7
34 32
26 8
22 21
11 39
23 12
2 37
9 2
33 25
12 41
23 27
41 5
20 13
30 21
36 8
25 30
25 37
20 26
21 10
26 41
10 22
5 10
5 10
42 18
23 3
17 35
3 42
10 27
2 34
13 30
8 31
26 38
23 30
2 22
23 4
8 6
2 33
6 31
25 21
41 42
42 19
31 16
36 31
26 38
1 41
22 10
17 26
37 16
23 2
28 2
11 40
5 26
27 20
19 15
17 5
42 38
20 22
13 21
24 3
4 33
31 42
40 35
29 20
35 40
23 3
15 32
38 3
25 36
28 25
1 11
7 32
40 23
11 30
5 32
17 27
39 31
28 26
35 32
42 15
30 22
16 7
9 26
20 26
28 5
3 8
36 17
20 23
16 17
30 37
37 29
6 32
30 30
38 41
36 16
39 30
23 31
36 4
8 4
19 38
37 5
36 15
16 17
14 30
27 10
2 42
6 6
9 18
39 21
18 19
30 11
22 9
3 25
41 31
20 3
8 37
24 26
25 37
19 10
2 20
9 13
11 40
38 13
21 17
13 11
5 27
20 6
4 23
22 33
12 31
39 5
11 28
18 14
40 42
20 21
37 37
35 34
31 30
12 21
15 28
2 7
35 15
3 16
6 39
18 13
19 29
19 29
35 14
33 22
2 35
40 24
23 41
14 11
37 31
2 6
36 15
20 17
1 36
2 15
14 36
9 16
7 22
19 28
14 24
4 33
42 19
2 18
19 33
4 40
8 30
31 33
9 7
33 38
10 22
23 7
23 4
41 41
31 41
17 3
33 30
19 22
8 11
40 33
12 27
42 2
5 31
13 9
39 19
15 38
30 28
28 11
15 8
35 32
13 1
4 37
6 23
23 28
40 7
2 38
7 2
22 1
25 10
22 26
13 26
40 41
34 5
9 8
14 8
25 37
27 13
29 11
19 9
40 7
41 7
38 2
34 20
39 40
37 39
25 5
3 7
30 11
41 12
39 9
10 21
22 25
20 42
36 33
28 8
16 31
39 41
40 37
33 24
29 25
28 33
26 18
33 8
7 10
10 6
18 23
13 12
12 12
29 32
20 23
36 25
6 14
38 40
9 14
22 14
38 24
29 6
28 9
25 6
30 29
28 26
14 15
6 40
39 1
23 25
15 26
10 25
6 28
34 33
21 37
26 39
29 40
22 38
32 41
30 8
28 12
4 33
10 2
35 20
28 6
22 3
1 22
33 35
42 39
37 26
10 35
29 7
40 38
20 38
12 35
16 3
23 3
38 41
22 20
2 5
19 2
24 21
29 35
29 28
41 34
1 11
12 25
24 19
1 31
16 37
29 34
23 34
37 28
5 40
24 7
14 3
4 10
7 15
37 41
11 21
20 2
41 10
29 37
26 36
42 35
18 23
34 4
1 20
10 5
37 35
34 35
7 30
38 2
30 42
16 35
32 40
42 36
12 22
5 27
38 1
38 7
9 37
4 1
11 33
6 1
40 6
16 24
31 36
26 15
15 17
28 17
34 2
2 16
39 13
5 17
32 11
36 8
23 10
4 17
28 2
37 25
12 10
4 5
10 9
35 4
23 24
38 27
37 24
1 4
5 17
3 8
19 8
7 11
38 19
27 7
6 33
35 11
2 23
17 30
18 9
35 34
15 29
28 41
6 6
21 25
9 37
21 18
4 22
9 42
12 20
17 15
34 22
7 41
32 2
24 39
24 21
6 5
22 6
9 25
4 5
11 14
19 37
32 12
37 14
25 13
28 28
2 18
10 13
38 5
40 18
1 19
8 2
12 20
39 20
25 15
18 36
22 32
3 31
9 17
38 4
14 8
35 1
4 23
39 11
21 9
7 3
29 5
29 40
42 19
14 30
16 4
27 1
22 5
30 17
6 1
28 22
35 26
19 27
2 40
3 6
3 12
36 31
38 21
23 3
29 21
36 35
11 36
27 40
7 40
29 20
37 22
15 23
36 32
39 29
32 38
15 29
22 12
39 42
25 10
15 37
37 29
21 31
27 24
2 4
25 2
15 31
17 24
40 18
14 10
38 17
35 8
7 5
32 33
32 40
9 18
42 33
25 36
39 15
33 12
24 26
40 20
18 8
36 41
5 29
22 34
35 18
23 4
12 15
40 36
20 39
28 23
26 20
37 32
16 5
24 5
35 22
10 34
25 17
27 34
14 15
15 3
16 40
35 6
29 8
33 3
18 23
37 40
16 13
1 41
20 14
4 35
40 8
18 38
35 26
3 9
14 22
28 39
12 28
30 31
40 2
23 39
25 8
8 12
2 7
25 42
32 19
9 13
17 26
3 5
25 10
8 1
27 32
19 7
39 14
19 27
12 30
13 41
3 6
32 5
36 38
3 6
34 18
42 24
42 15
37 9
7 30
42 18
36 9
36 18
34 37
9 32
23 25
24 28
6 5
5 25
28 27
27 15
6 12
17 9
31 23
42 13
20 1
42 13
24 37
1 36
25 28
11 31
33 7
21 27
6 17
40 3
34 11
42 36
18 32
6 35
14 15
29 24
30 35
12 35
27 8
42 20
42 11
37 27
30 20
6 21
19 13
6 17
1 23
1 34
7 16
32 26
10 9
23 21
11 11
9 40
26 33
41 5
8 20
18 35
28 5
26 6
15 40
42 41
7 14
30 13
26 23
36 38
17 36
16 34
37 16
41 8
25 40
38 3
7 15
23 10
13 11
9 41
27 19
1 27
2 4
15 6
35 24
29 20
26 11
6 28
33 6
27 39
39 40
41 21
24 40
23 14
29 6
33 22
22 15
42 30
30 11
42 34
28 22
31 23
14 4
27 36
27 15
34 19
27 6
25 3
41 22
5 5
27 39
1 31
30 16
14 6
40 2
42 24
13 7
19 37
22 26
8 19
3 22
42 32
21 29
21 39
32 30
15 21
4 8
1 3
20 30
27 17
11 4
19 11
41 2
41 9
23 18
7 23
32 38
34 14
24 36
12 35
38 27
15 10
19 42
16 41
22 37
35 34
28 27
35 2
39 35
15 14
39 35
30 6
14 35
28 20
12 15
8 29
19 36
42 22
11 9
38 26
10 34
21 26
8 36
26 10
36 32
10 19
17 35
21 34
11 18
4 36
27 5
41 35
3 31
6 16
10 39
36 21
2 29
31 20
11 19
31 10
13 6
28 30
20 29
41 16
18 2
35 29
12 30
1 32
19 1
23 13
17 30
13 17
11 13
27 6
10 23
30 13
32 17
10 40
40 9
20 40
37 37
4 14
11 18
33 9
21 40
36 24
40 16
20 5
33 39
18 10
12 17
30 29
8 11
4 28
28 21
41 6
37 1
31 9
16 15
31 18
41 9
19 26
1 9
1 29
3 11
22 25
33 30
10 12
16 35
5 25
13 10
42 29
1 2
30 14
25 16
19 13
9 3
12 32
1 15
37 36
26 29
21 34
40 37
25 24
3 31
37 12
39 16
33 15
5 23
16 9
16 13
1 10
14 42
41 7
25 22
21 19
29 39
41 30
34 16
30 8
20 27
19 18
25 29
37 5
12 13
37 35
22 21
4 32
14 30
41 38
24 33
6 3
1 32
33 13
6 42
21 38
20 29
2 40
37 21
38 30
25 36
28 26
38 4
17 14
