80 339
48 65 99
71 44 215
9 75 857
13 24 618
31 8 217
26 27 731
67 22 867
44 68 984
20 74 347
49 64 144
35 14 313
6 48 77
24 23 43
6 43 172
59 68 430
77 14 163
2 41 2
32 78 897
72 34 764
46 74 730
55 50 243
52 59 462
62 31 571
56 28 968
27 22 714
13 35 686
52 9 193
41 67 522
36 45 688
16 6 635
66 7 326
79 19 233
22 62 373
43 80 856
66 32 698
35 68 145
33 75 311
27 66 746
72 39 759
47 65 722
75 22 436
20 14 859
26 7 554
4 9 983
78 5 680
44 80 762
29 68 261
49 51 180
67 41 82
21 43 25
51 73 893
31 13 15
7 58 436
60 64 100
27 29 126
18 42 96
55 41 796
46 74 257
34 24 604
39 20 612
47 49 320
53 66 707
62 49 41
46 8 199
20 19 693
43 32 402
56 4 27
10 25 66
64 31 181
57 57 229
18 26 234
76 55 447
23 53 170
19 62 532
58 11 678
19 78 832
16 25 10
25 12 586
59 73 532
5 19 89
28 13 755
56 17 244
24 45 583
27 41 724
5 7 338
63 15 597
47 66 777
71 2 910
25 28 88
55 13 797
50 9 167
35 39 11
31 6 963
2 25 36
32 50 585
36 30 223
22 80 966
67 25 865
70 80 817
55 78 297
54 51 533
1 29 272
6 5 458
30 30 989
21 75 564
63 10 19
41 79 593
50 69 694
77 16 804
47 34 822
41 7 276
36 58 6
21 44 372
62 15 400
79 29 574
21 12 374
73 51 450
9 18 15
68 67 199
34 1 345
46 26 431
1 17 754
34 41 320
21 8 469
44 49 513
75 44 19
18 8 0
56 49 75
69 25 157
6 13 571
29 50 325
45 49 779
53 70 764
50 71 354
7 20 88
56 17 38
43 61 517
44 77 500
79 61 549
26 9 153
28 28 851
8 79 89
15 73 379
48 34 89
60 57 656
57 59 84
5 67 441
76 65 353
32 73 775
23 47 946
16 37 25
78 21 35
2 63 19
3 27 722
60 29 681
24 66 534
46 25 455
20 20 93
43 40 522
26 38 681
65 55 434
64 55 457
74 75 803
12 11 897
25 5 513
60 12 324
45 19 701
53 13 702
47 66 173
8 51 876
41 38 60
42 65 527
49 64 182
63 72 439
32 72 670
75 32 171
71 52 416
23 71 366
23 56 347
11 27 253
29 68 215
79 23 583
68 14 440
28 6 545
45 30 499
19 46 923
78 11 50
26 67 872
17 5 343
56 53 992
35 68 98
25 43 295
11 40 59
61 36 369
37 53 278
63 4 297
25 33 699
63 57 452
5 62 303
63 26 527
34 9 410
20 53 960
40 31 680
26 52 551
51 48 753
7 63 67
49 11 349
47 70 25
50 51 303
56 16 300
59 69 697
52 43 965
54 17 542
8 62 472
18 27 735
14 55 882
60 40 842
49 74 621
16 14 744
55 29 187
48 23 387
71 64 467
11 39 873
28 53 208
9 16 104
28 29 515
73 22 211
32 37 756
24 64 298
35 23 739
25 34 514
60 60 460
12 12 432
37 6 601
31 39 119
70 36 325
56 34 489
20 48 816
47 80 287
64 64 223
24 26 278
13 73 459
37 35 814
37 28 311
31 19 79
79 3 55
64 56 479
1 56 66
79 32 184
64 3 245
66 7 867
30 30 129
73 26 745
34 64 474
78 73 320
67 63 811
69 44 291
14 24 48
3 75 99
15 64 66
68 10 727
48 14 11
4 71 526
1 48 822
50 47 457
64 60 199
64 69 214
29 57 657
14 54 792
20 8 979
61 23 43
42 22 687
30 21 153
71 57 519
68 79 512
21 49 605
76 41 252
76 28 759
9 40 160
72 43 938
13 30 954
29 52 955
24 39 23
62 53 721
12 80 825
52 76 289
23 40 657
36 8 795
48 3 322
42 55 514
41 61 394
73 49 622
67 58 186
71 61 311
70 42 63
48 9 792
70 6 504
22 9 760
56 64 904
47 1 86
42 41 613
27 20 474
49 63 671
5 48 982
46 24 136
2 51 552
60 11 874
65 35 110
7 20 822
38 69 621
44 31 765
61 80 208
26 20 96
6 69 126
48 46 900
21 44 125
72 74 508
48 53 841
1 23 553
9 16 587
5 35 283
69 55 460
28 5 322
15 32 861
63 25 886
64 22 473
20 28 592
7 65 333
55 49 78
22 28 514
29 8 185
3 67 494
73 10 717
10 34 807
4 6 592
37 49 590
65 60 286
20 44 147
2 16 653
2956
55 42
67 17
45 76
8 16
37 47
7 79
3 36
23 1
33 79
9 24
12 26
68 23
13 12
78 71
6 74
76 16
75 1
71 64
27 67
2 40
60 56
78 45
8 4
12 8
38 35
25 61
45 24
27 44
78 66
56 22
72 57
29 33
9 31
80 56
65 21
69 69
61 24
69 3
44 35
38 33
73 78
42 77
16 71
21 31
39 60
18 54
66 46
12 12
21 24
21 18
19 29
25 79
56 58
33 54
15 16
41 24
23 22
35 46
44 77
72 9
28 59
76 39
77 4
70 24
48 53
4 38
21 37
72 17
23 23
14 7
3 29
38 47
59 72
72 54
7 20
39 8
56 38
75 40
64 9
37 10
34 48
71 17
13 35
33 37
70 31
69 43
27 69
26 16
62 34
35 22
17 78
28 45
60 43
25 71
23 71
35 70
13 80
14 44
62 19
41 22
41 11
62 6
18 41
17 5
60 75
56 49
6 52
35 76
74 41
68 1
26 41
79 51
69 18
66 11
5 56
67 56
27 20
35 7
53 13
77 22
53 79
2 55
71 70
66 5
33 45
21 17
11 73
77 8
26 42
44 25
10 50
42 20
21 74
6 70
73 22
2 75
59 12
61 64
62 44
78 7
14 23
31 41
77 60
20 23
59 40
2 7
80 72
43 37
11 7
40 23
65 41
3 4
46 28
30 2
21 52
41 19
8 23
50 75
51 9
57 32
8 34
55 4
44 31
31 57
13 71
37 4
35 3
45 25
24 74
25 16
43 29
18 8
1 44
26 50
11 47
24 59
56 20
11 47
25 44
69 22
65 39
69 23
35 62
67 79
46 8
48 40
14 24
27 59
1 47
6 67
41 46
14 13
9 62
45 55
7 68
20 11
75 72
19 19
75 75
57 31
40 14
8 46
63 40
7 73
12 12
22 77
44 16
21 7
45 72
67 4
10 66
34 13
78 48
77 13
7 76
35 3
14 70
70 14
65 15
20 7
17 21
23 58
34 36
28 13
53 31
44 41
22 71
58 28
39 62
74 59
10 3
25 3
72 76
27 73
61 37
56 60
52 34
71 53
22 80
32 46
43 49
34 34
27 14
1 11
16 44
38 71
31 10
72 77
31 6
65 71
17 47
31 46
71 33
64 53
35 14
34 34
78 18
61 26
60 5
67 43
20 14
9 44
27 4
53 68
48 15
64 35
56 60
68 55
48 51
25 22
73 48
47 8
18 48
1 64
23 64
23 58
28 7
44 36
71 22
21 30
19 48
28 78
1 5
61 17
26 60
79 66
1 27
10 44
12 41
74 38
2 12
60 68
8 76
50 44
36 6
48 18
78 76
9 19
14 40
45 12
76 73
23 50
15 37
65 7
23 71
49 50
2 35
68 17
14 32
63 2
67 33
7 12
24 51
28 4
70 57
52 69
17 27
39 3
6 9
57 19
49 17
43 64
8 13
2 58
1 79
60 62
60 14
19 7
12 30
21 73
59 52
22 24
33 43
36 13
56 67
7 45
17 54
17 56
26 69
51 1
15 24
49 54
75 36
26 5
75 43
76 56
63 44
67 21
65 68
20 24
59 50
31 15
34 29
30 15
7 61
68 24
59 17
1 50
46 25
2 56
32 53
8 43
24 29
39 73
55 4
29 7
35 49
18 66
9 52
18 45
2 55
16 26
10 3
75 11
1 30
31 54
71 32
35 63
73 21
31 38
23 77
38 3
25 39
16 62
19 79
8 71
57 8
78 76
40 45
38 69
75 49
9 59
48 15
74 72
53 17
55 80
9 62
56 69
12 39
61 65
45 79
51 6
25 43
2 34
68 32
56 53
37 68
47 56
78 18
4 30
24 9
24 7
11 4
13 17
3 77
66 4
10 48
44 62
41 29
32 29
79 50
52 21
73 27
45 60
54 66
21 11
69 46
79 9
51 5
65 39
68 71
4 33
74 80
41 8
67 79
69 33
54 52
80 65
62 53
57 3
67 47
9 32
55 10
36 51
56 33
32 65
57 25
69 47
44 60
52 61
53 3
62 5
59 19
37 63
75 53
65 68
14 5
11 26
53 51
16 43
39 52
5 51
22 53
31 33
73 18
78 68
27 80
19 25
78 59
27 53
65 56
39 64
35 76
79 39
22 69
13 28
6 34
19 56
4 52
69 20
72 65
41 53
16 48
74 57
61 24
52 16
21 5
35 3
24 23
22 66
20 4
77 77
22 55
70 78
63 19
64 43
19 73
61 77
38 63
56 66
35 44
9 2
53 46
15 16
38 12
21 72
49 64
21 49
37 57
47 13
7 37
22 36
70 15
7 6
23 7
78 74
42 36
3 78
75 4
45 76
54 66
62 7
71 46
46 38
14 68
80 47
3 53
23 59
34 58
71 58
43 58
75 21
39 24
21 44
1 60
69 6
72 14
35 3
15 68
58 63
42 9
57 62
24 32
55 66
18 14
53 69
75 47
30 30
54 72
9 72
57 72
68 29
77 23
26 24
11 30
75 5
49 38
4 77
64 53
64 21
23 58
14 11
52 57
5 76
26 49
26 70
31 78
37 59
30 42
54 65
9 2
28 29
59 17
26 23
33 67
44 35
3 1
16 66
63 16
42 31
8 72
59 49
73 63
36 13
39 53
26 3
31 54
49 17
11 52
26 47
20 41
28 62
19 34
52 40
16 55
51 44
80 33
13 35
41 17
68 54
76 14
23 26
20 80
77 24
78 42
48 69
77 39
17 30
19 2
53 73
47 25
36 31
5 47
47 72
69 77
5 1
80 74
30 35
52 31
7 55
50 31
24 42
7 17
14 62
48 79
39 24
40 62
11 9
1 39
19 5
8 48
54 46
40 63
51 40
59 27
58 26
59 1
18 39
68 80
76 35
27 69
27 31
23 68
20 63
33 17
33 43
40 33
32 2
70 3
48 80
23 67
10 33
39 55
37 5
72 30
68 34
22 38
7 35
21 28
4 19
79 67
79 79
16 51
19 24
66 58
5 79
3 67
65 44
32 41
72 60
51 6
79 72
27 31
41 20
26 34
8 5
20 52
74 71
8 56
51 48
33 76
55 46
38 23
13 31
34 54
34 41
28 42
57 1
30 5
47 54
63 53
43 65
73 57
48 67
55 75
27 36
14 24
76 21
13 51
40 27
46 6
15 14
6 11
75 1
60 2
75 54
20 1
54 3
5 15
21 21
38 79
49 55
49 20
26 23
54 23
41 63
65 14
78 23
27 45
45 12
13 71
77 12
14 13
75 5
62 28
76 66
42 20
4 44
60 31
58 78
49 55
59 76
3 54
67 12
12 78
48 75
5 6
48 37
80 5
59 4
70 9
53 59
28 39
42 30
69 64
78 67
15 80
71 29
22 55
59 68
47 37
24 48
18 19
7 17
61 42
65 76
25 25
59 79
63 41
65 38
23 57
15 25
7 50
54 61
24 15
56 64
80 23
76 67
78 28
63 73
9 4
65 79
28 67
56 36
4 58
24 7
64 71
8 73
2 12
48 80
42 79
59 12
28 8
52 10
18 21
36 56
11 23
18 3
11 28
25 19
43 33
68 75
28 33
65 39
60 26
55 54
33 47
60 53
74 55
29 52
10 59
73 38
44 27
13 38
63 5
65 14
44 28
43 35
46 76
77 48
29 19
7 33
43 51
72 55
69 18
26 43
6 3
60 27
2 7
21 22
38 69
78 71
72 64
12 17
1 33
59 38
30 20
52 21
28 71
75 34
11 7
64 32
69 57
76 16
52 80
72 57
7 16
10 1
53 72
74 2
35 68
56 33
65 32
27 59
11 59
50 37
59 30
22 55
36 20
15 1
76 39
70 19
31 43
30 77
42 25
6 27
39 49
28 26
1 5
64 79
80 65
80 68
53 47
18 1
32 79
59 63
71 22
6 79
80 33
17 7
75 19
13 72
64 64
61 79
19 48
34 45
68 63
49 78
18 47
43 27
69 2
25 12
21 42
59 33
48 18
25 7
54 9
42 61
76 19
71 27
54 63
39 56
36 42
56 47
41 76
74 12
18 6
71 47
72 37
32 17
56 8
52 78
57 35
73 67
73 16
62 22
25 42
23 5
50 6
11 58
16 18
17 46
40 11
64 80
4 26
57 65
34 69
19 14
64 2
41 43
7 4
52 50
52 58
46 42
28 1
27 52
26 42
47 71
49 68
76 54
4 12
39 62
35 60
49 19
4 12
46 67
69 10
51 41
24 65
10 21
2 10
24 53
50 4
66 23
10 54
80 29
32 80
68 69
4 68
55 21
42 62
36 5
2 54
36 12
13 7
38 18
28 22
71 8
72 39
77 13
60 72
52 59
50 27
61 53
21 72
10 68
38 17
12 4
41 15
19 31
77 38
49 41
73 37
61 69
32 30
40 10
51 70
76 6
27 75
39 68
19 58
45 27
20 40
14 20
9 6
36 13
57 44
52 68
47 29
54 11
69 70
57 45
55 4
56 35
18 49
26 11
21 54
46 47
6 32
80 14
23 38
2 50
26 61
54 41
4 67
71 20
27 31
43 53
79 21
65 68
49 67
19 48
58 28
67 37
26 67
80 65
53 61
69 25
58 21
79 23
36 17
10 47
37 56
2 31
53 4
42 61
5 74
6 58
51 15
43 42
35 58
38 61
56 57
8 67
24 77
51 25
75 60
12 23
60 23
16 61
13 19
61 31
75 47
36 67
6 5
54 74
61 60
9 9
48 3
34 49
55 51
21 11
8 48
37 46
66 39
62 67
34 15
71 55
61 52
59 71
75 3
67 26
62 30
27 35
77 62
55 55
71 11
39 75
62 37
20 46
4 39
26 23
73 11
59 29
36 44
63 66
16 70
23 55
66 73
64 30
54 34
67 56
51 51
56 74
75 62
56 1
69 35
23 53
64 43
47 36
20 57
49 24
57 21
24 51
46 54
1 74
68 23
9 59
44 56
69 58
52 47
60 19
73 24
59 30
36 28
50 68
12 28
50 15
46 76
75 16
14 76
2 45
72 14
70 61
32 21
11 48
51 22
62 6
33 80
51 46
53 61
46 57
63 52
28 28
67 69
68 49
18 58
77 42
67 6
4 50
26 4
50 28
58 47
74 13
80 9
51 6
43 59
37 18
21 21
60 8
38 51
7 80
47 6
35 80
67 49
45 62
16 35
54 48
48 10
18 65
16 64
52 12
5 7
53 68
24 46
75 33
32 27
6 62
9 11
3 18
78 37
20 59
70 24
7 19
42 64
37 79
60 35
47 47
37 60
70 24
77 12
52 29
11 54
19 2
35 38
28 70
39 51
4 41
57 40
10 40
79 72
42 27
41 52
63 31
76 59
51 77
23 49
40 72
68 24
69 12
52 74
73 2
8 2
79 21
7 16
55 76
73 30
31 63
60 25
60 78
66 74
63 44
46 6
42 1
64 56
72 24
36 74
42 5
33 43
47 41
19 50
32 48
66 24
74 24
33 70
55 75
50 53
31 64
12 65
60 41
57 16
59 29
59 43
75 29
11 55
2 24
72 51
3 67
56 32
72 46
7 9
57 3
49 50
24 35
44 27
5 36
55 62
48 1
73 65
29 17
38 38
18 38
21 36
79 14
9 48
6 72
4 54
5 10
19 19
9 45
13 9
7 18
43 24
52 9
16 70
20 79
49 75
68 52
17 2
1 27
28 50
31 36
10 18
12 51
56 63
6 33
24 44
31 44
44 67
37 65
14 25
17 17
41 55
28 5
25 3
76 29
14 23
72 45
18 12
47 6
64 69
16 79
24 41
47 78
69 80
11 79
35 11
38 46
4 27
57 23
48 14
33 48
42 69
60 56
46 55
71 51
10 56
24 44
51 13
28 3
52 63
10 46
56 64
18 74
48 20
27 18
28 25
30 12
61 49
50 52
22 62
33 23
8 39
1 11
13 30
68 22
72 65
47 32
63 5
32 79
51 28
45 6
71 29
5 1
46 12
5 29
21 71
60 8
6 9
38 5
55 15
68 46
69 70
74 18
15 68
36 50
6 14
72 56
20 65
18 16
72 17
42 29
3 15
56 17
16 10
16 38
22 28
27 25
64 79
80 57
24 54
51 38
12 27
56 79
33 44
40 63
66 68
73 44
73 54
39 22
11 18
77 52
80 48
5 21
62 59
37 33
48 23
35 67
24 22
20 2
23 75
19 24
63 3
21 64
49 25
64 67
73 11
76 26
46 1
79 67
49 11
77 5
40 39
77 32
35 68
72 70
79 75
78 70
56 56
2 31
57 67
56 6
64 28
15 40
35 69
79 52
38 54
68 56
15 35
67 44
50 43
55 79
57 56
1 52
62 70
44 65
1 13
18 67
74 45
65 75
71 65
47 79
62 13
21 40
5 39
62 38
20 8
18 37
69 30
22 6
43 27
36 54
27 52
32 11
44 14
17 1
36 5
39 67
3 80
69 1
80 47
79 42
70 69
67 28
3 18
8 33
72 51
54 77
4 20
3 77
38 65
30 40
58 14
36 51
31 30
58 75
32 27
46 62
15 44
37 26
28 14
8 35
4 50
30 41
31 20
67 53
31 80
25 19
80 42
58 33
11 12
66 28
19 27
44 54
22 67
50 52
39 71
28 4
79 5
15 35
63 39
22 36
74 72
70 70
58 47
44 19
58 24
58 8
48 20
30 71
46 8
41 6
20 13
71 59
8 7
25 37
3 14
26 6
52 15
23 41
41 49
35 28
77 75
59 69
43 71
30 9
64 8
24 30
59 58
16 15
18 16
80 76
40 11
54 36
27 31
2 39
43 14
60 80
22 1
49 17
45 60
75 19
24 32
67 49
21 23
35 42
37 20
30 13
5 44
56 71
55 47
45 32
5 63
42 59
10 36
40 60
34 67
70 73
47 71
30 7
14 49
38 39
19 47
24 57
35 66
23 12
67 25
6 77
17 31
60 70
74 21
64 57
64 42
15 9
72 68
57 54
9 59
27 8
76 30
52 53
35 80
43 38
42 40
32 21
13 30
54 5
14 48
70 1
6 70
13 10
20 33
62 27
71 18
70 67
5 13
63 60
59 5
59 68
14 79
67 15
50 49
39 40
68 51
73 80
62 66
6 72
7 49
61 49
19 23
40 77
26 12
69 40
36 56
52 67
13 77
17 39
47 46
50 51
53 49
73 65
44 69
71 74
56 78
4 41
10 57
35 66
3 2
8 26
66 72
26 53
69 38
35 26
7 62
64 11
35 40
30 43
50 44
20 54
48 74
52 39
76 78
2 23
34 71
5 22
17 74
58 31
64 48
12 46
59 41
27 25
29 65
47 14
66 24
24 79
64 73
2 70
71 44
62 45
4 54
44 65
18 42
10 37
28 3
26 24
4 17
19 63
21 53
80 30
2 55
14 57
71 1
71 42
21 57
80 78
71 68
56 1
75 2
56 42
14 49
61 7
33 20
56 22
36 54
70 50
76 17
76 57
18 3
12 51
19 1
80 80
12 64
35 35
44 73
25 36
5 74
74 29
11 25
62 70
70 46
64 55
21 40
22 68
61 58
40 62
3 21
32 57
80 6
55 36
23 17
78 10
65 36
49 58
58 67
79 37
8 36
11 34
5 46
74 3
74 13
4 2
2 29
23 34
62 67
42 6
31 10
19 18
45 42
68 23
2 78
65 18
46 25
74 53
79 73
19 74
55 28
10 47
40 14
13 24
69 54
47 17
18 21
68 25
6 76
37 77
75 77
9 64
55 50
80 25
29 67
44 7
2 35
17 48
64 19
13 3
16 79
39 65
15 51
21 28
79 5
12 20
20 7
30 31
20 61
49 76
18 31
78 51
58 57
18 33
56 39
17 31
80 31
54 70
64 25
51 52
55 5
56 71
6 76
42 16
27 46
73 28
77 47
19 6
18 37
70 46
71 28
28 68
78 2
18 47
73 13
60 26
59 8
36 54
74 55
43 14
44 78
6 9
12 65
23 73
48 74
25 76
3 37
63 12
35 18
5 5
50 8
2 74
78 71
56 62
14 6
76 57
35 53
79 78
59 36
41 53
6 6
40 2
41 37
77 46
46 20
23 60
33 3
39 26
79 24
11 11
43 28
11 42
25 55
54 10
29 62
42 67
54 55
56 47
54 52
64 30
64 18
76 64
54 32
71 25
44 30
48 23
37 52
21 40
38 28
57 76
63 10
48 75
1 61
80 18
5 56
7 74
50 33
34 77
28 43
11 52
48 35
66 72
71 48
2 78
17 26
14 13
4 25
1 79
79 59
53 12
24 21
80 69
34 15
31 69
39 8
12 42
39 25
76 79
47 67
15 60
1 49
73 5
76 78
62 3
60 7
76 7
4 14
50 54
71 3
30 20
33 25
44 29
69 45
79 76
39 54
56 44
39 80
61 1
12 33
35 77
44 76
13 4
47 58
12 28
43 5
55 3
78 11
31 42
42 18
69 63
40 73
27 46
66 18
35 16
66 40
67 53
66 53
38 31
22 66
11 62
26 8
25 1
33 10
60 41
55 4
48 9
62 49
65 30
40 77
59 62
32 31
72 30
22 5
21 35
8 20
2 35
24 44
66 53
11 39
6 19
76 33
42 28
30 36
46 44
42 79
73 56
51 26
52 7
30 8
54 43
52 39
55 44
43 13
9 41
64 22
47 66
40 67
75 59
80 65
17 9
22 60
25 77
9 4
20 43
2 74
58 61
42 2
15 10
10 6
46 8
71 22
39 55
73 11
33 30
66 20
54 48
29 31
15 55
16 5
29 27
39 67
49 27
35 7
14 72
76 29
9 59
8 56
27 70
24 72
29 17
40 16
73 49
38 77
24 56
37 48
6 7
39 67
15 36
4 76
24 13
15 31
13 75
55 3
64 24
78 69
55 29
39 2
32 29
49 49
6 25
3 29
7 76
29 24
64 30
44 80
22 5
56 32
53 21
12 62
39 48
55 13
54 8
5 42
80 42
19 43
39 64
20 27
21 57
48 15
30 29
43 46
21 59
80 8
78 30
27 8
65 74
69 11
11 14
66 23
11 68
59 43
66 2
64 16
7 56
57 52
30 25
73 33
77 24
10 26
67 32
69 6
22 45
56 20
62 77
69 32
31 73
18 53
24 52
42 80
26 47
11 15
20 45
64 69
68 62
76 77
58 60
14 43
70 36
77 73
19 9
42 22
42 45
53 21
73 23
65 12
48 71
68 39
17 27
75 26
2 7
28 9
63 50
43 77
2 39
13 55
45 25
46 3
75 39
29 45
64 49
29 29
55 2
52 50
77 35
27 11
16 15
15 18
1 78
49 24
57 9
16 37
19 21
63 60
57 8
40 62
23 51
58 10
54 5
2 10
23 72
63 26
37 69
50 45
70 65
62 18
69 41
24 26
70 4
56 72
30 3
56 1
21 72
9 52
33 50
64 25
12 64
47 54
72 2
32 26
64 31
22 6
49 58
77 28
16 5
30 61
49 1
43 28
48 44
65 1
55 63
30 48
78 75
32 8
61 37
68 43
29 33
64 26
24 73
62 31
31 30
11 27
36 76
36 15
2 4
33 3
5 78
52 40
41 68
77 5
12 27
67 18
3 10
50 51
31 5
21 49
69 42
66 67
50 21
36 64
32 39
18 62
50 19
70 17
54 65
53 73
49 34
6 70
23 31
34 20
21 38
17 57
64 58
65 52
65 65
69 49
62 72
77 78
72 5
74 26
59 74
12 7
57 18
80 14
14 2
60 18
21 45
40 42
17 39
20 6
31 33
67 19
7 3
67 28
59 43
72 69
32 47
74 44
77 25
56 37
26 35
11 77
33 8
75 45
46 68
15 36
78 62
48 36
57 54
4 43
61 58
60 38
24 2
43 41
67 42
41 44
70 21
80 55
30 25
42 38
1 35
69 31
48 16
53 40
35 14
28 10
56 51
7 50
71 48
28 63
74 43
64 59
36 55
6 23
13 25
36 19
68 32
37 79
11 51
5 39
27 60
67 70
69 74
35 57
25 58
64 80
11 19
28 65
43 73
25 61
25 2
47 26
5 37
38 10
22 21
42 24
14 14
17 17
20 31
22 57
53 29
65 52
75 18
6 71
13 1
9 25
48 70
74 80
5 4
46 30
38 52
75 16
28 46
73 53
72 46
61 16
2 37
48 27
30 57
24 51
79 5
60 48
75 16
4 7
40 79
56 71
61 63
31 19
33 54
66 17
40 63
13 51
32 3
46 44
20 69
2 48
9 69
69 22
48 78
25 8
22 8
17 64
69 10
29 71
79 31
33 79
2 46
8 31
63 13
71 52
56 57
31 30
42 73
7 22
58 35
39 65
58 47
38 76
76 63
33 73
25 75
80 45
49 23
26 51
79 56
59 28
47 5
6 13
51 61
66 79
74 61
7 4
20 53
47 4
18 20
40 42
66 36
52 50
44 66
42 80
10 9
30 72
29 55
36 31
79 10
61 43
34 39
79 1
56 41
67 37
78 58
59 16
11 41
66 21
3 21
57 54
34 1
49 45
43 66
68 78
49 79
26 65
4 14
49 18
34 43
53 32
66 19
69 14
30 16
2 62
54 43
57 69
36 17
56 52
76 78
43 19
8 15
52 78
7 2
18 67
41 27
42 17
62 11
24 48
21 17
56 37
2 40
80 50
79 63
50 68
17 64
29 73
79 59
14 48
50 66
68 72
64 9
1 50
7 10
42 45
36 38
32 77
50 79
10 66
49 70
25 13
60 19
46 39
34 62
77 5
61 18
72 1
74 9
33 4
21 28
32 78
2 19
34 53
24 5
3 73
8 71
58 36
40 78
48 17
29 24
59 16
47 37
31 2
35 31
46 53
33 61
11 43
78 57
76 68
6 21
47 51
15 7
76 53
19 71
8 41
68 4
70 2
41 48
10 76
39 16
76 80
18 62
66 18
41 67
50 79
21 10
56 25
77 67
77 27
33 6
56 38
32 44
13 66
24 44
66 28
7 66
38 54
41 75
20 46
54 46
27 28
40 69
5 43
37 44
61 22
61 51
38 46
18 72
62 55
47 9
66 72
16 27
43 38
6 5
60 23
46 15
74 60
36 66
39 5
55 65
14 44
1 51
14 30
52 20
68 53
15 46
13 7
76 41
64 37
26 7
54 41
33 47
43 66
29 33
64 21
26 70
15 74
47 17
73 6
76 72
65 24
50 26
48 52
15 79
15 78
10 70
47 23
74 25
62 13
23 42
42 32
50 49
35 2
53 72
77 18
61 65
70 3
55 18
42 47
68 6
68 51
45 50
47 74
8 6
9 5
71 77
14 65
41 55
55 34
58 51
3 2
43 58
24 25
10 39
12 68
72 62
70 57
2 78
59 59
26 14
9 61
8 25
30 2
31 53
77 52
75 33
54 56
39 80
6 2
26 46
68 65
1 60
77 37
68 63
16 69
5 30
6 12
22 56
27 33
36 66
55 52
31 2
66 10
57 40
79 74
27 18
38 31
7 63
38 77
22 33
16 70
20 48
36 2
52 11
23 45
4 23
59 24
15 50
79 58
20 25
77 42
21 37
29 63
71 70
22 15
43 76
16 37
29 30
33 61
21 10
30 42
51 67
64 26
47 21
13 67
20 37
18 30
45 69
74 65
60 6
6 37
64 62
76 80
20 29
50 43
11 61
12 35
25 5
52 70
24 63
67 3
54 46
54 46
5 45
39 50
5 12
49 53
28 40
5 51
59 54
56 78
48 53
72 64
49 47
76 2
11 28
73 19
79 18
51 40
31 28
36 58
6 66
11 10
22 78
74 74
43 68
2 69
52 25
77 22
22 19
78 63
22 5
1 80
15 27
6 75
15 52
77 68
58 36
6 27
25 79
42 36
63 21
20 60
8 11
18 15
36 55
43 63
28 14
12 29
20 17
11 28
11 23
80 76
19 67
27 21
74 10
13 3
44 54
12 56
42 23
55 27
31 8
80 57
11 48
38 49
27 18
69 13
60 42
37 28
39 44
27 21
28 68
47 63
69 33
12 66
7 57
11 17
41 15
22 47
6 29
3 57
16 71
50 27
48 72
34 55
3 65
38 65
21 42
25 69
1 6
13 4
52 11
47 19
10 72
29 54
43 63
67 17
35 63
16 45
23 37
26 80
8 24
74 26
58 42
38 45
40 15
52 31
14 69
14 20
19 71
37 56
61 32
32 33
65 1
52 48
51 39
6 63
79 1
67 47
41 72
43 54
19 28
77 30
37 74
18 15
4 55
41 62
67 30
58 42
13 30
24 5
45 10
53 40
34 59
16 11
43 32
27 3
30 76
26 57
6 28
24 39
38 49
51 48
75 80
68 11
59 17
30 12
67 51
22 23
64 18
80 67
42 12
77 63
4 47
32 23
1 5
48 20
59 15
4 31
55 63
2 15
46 58
75 35
18 12
14 4
12 63
53 41
47 29
14 32
51 53
23 9
7 17
27 78
60 44
72 53
59 25
34 33
38 50
78 48
64 72
49 80
9 6
67 66
19 49
22 37
32 28
32 63
72 34
77 4
33 46
53 40
6 52
16 27
70 25
36 29
27 53
19 60
48 38
8 23
9 8
18 16
58 75
32 39
58 32
64 31
67 41
35 76
72 42
11 31
20 46
74 17
60 39
15 40
79 45
75 6
28 25
26 75
59 2
36 38
21 1
80 25
4 80
24 78
2 15
27 57
29 72
37 71
24 24
80 55
9 34
38 54
62 40
25 69
79 7
60 77
38 75
46 35
61 53
17 15
19 75
15 66
72 44
2 3
70 80
69 4
47 60
18 35
55 38
16 48
7 2
43 71
46 79
19 57
45 52
52 6
13 52
59 64
59 32
5 21
6 48
43 50
4 55
64 60
70 40
31 46
1 65
41 71
74 40
8 32
39 64
39 72
75 57
15 56
27 28
50 38
10 71
64 11
71 41
26 26
64 31
25 44
20 63
62 42
53 6
76 72
75 6
9 67
33 35
24 27
33 53
54 78
46 54
26 13
23 28
13 50
12 54
14 5
55 35
2 4
15 6
78 24
21 7
19 54
8 32
22 3
45 43
69 30
67 69
7 72
51 72
11 51
65 58
50 6
77 8
56 23
32 70
40 17
74 15
32 57
4 41
77 31
9 74
9 32
7 70
27 18
64 61
45 25
20 53
78 68
16 36
7 80
51 37
3 25
13 36
63 7
5 40
80 65
27 78
22 40
1 54
7 77
10 48
35 12
43 59
53 62
25 60
36 13
61 1
14 36
67 3
53 19
25 25
34 55
36 2
60 2
62 26
42 14
52 51
72 35
51 41
78 1
58 22
12 24
21 13
56 76
21 55
76 77
43 53
