45 33
40 13 708
43 6 928
42 33 612
34 6 656
41 23 308
39 8 527
23 18 334
35 9 269
21 41 541
28 4 674
2 2 170
44 45 985
27 26 738
40 20 254
44 30 191
4 7 753
32 41 562
24 11 287
34 16 711
25 23 748
2 12 179
38 29 490
27 15 596
22 14 772
29 35 897
21 1 762
40 11 581
2 31 955
36 39 284
40 33 312
28 36 375
6 42 206
27 11 991
1642
14 33
22 45
5 18
40 34
40 30
5 1
21 17
38 17
31 41
17 5
27 2
11 5
5 12
3 32
13 34
16 14
9 39
45 8
6 18
28 38
44 7
24 32
32 6
8 29
21 22
26 24
32 33
23 38
42 4
25 39
8 35
18 39
7 24
8 34
19 15
2 36
38 41
23 21
10 22
6 6
8 20
2 27
12 4
28 1
5 13
11 42
27 27
18 39
19 21
8 25
38 38
18 38
14 19
13 2
17 35
27 26
23 25
18 43
20 24
11 28
27 11
45 2
7 32
18 6
25 9
42 37
15 31
36 1
27 29
28 13
12 24
26 32
42 26
33 10
14 1
18 7
45 10
8 5
26 19
24 26
32 35
12 41
36 5
17 9
33 19
42 28
6 14
39 39
38 17
33 4
37 5
41 7
29 18
36 9
17 34
6 36
20 8
18 22
8 40
14 1
10 24
5 7
23 2
37 45
7 28
28 28
35 25
35 20
34 32
39 8
43 35
10 8
5 37
26 43
18 5
25 38
26 36
39 36
6 28
35 9
28 39
39 6
21 11
28 9
35 37
18 40
44 11
29 42
19 35
6 11
44 12
21 18
10 44
30 11
40 10
38 20
28 43
43 16
43 33
42 14
31 42
32 37
28 16
19 18
21 30
45 37
30 38
41 6
12 27
43 37
2 33
26 40
21 20
34 11
42 24
9 2
6 45
20 15
6 21
10 36
44 36
42 33
2 27
11 16
7 14
5 37
28 28
36 10
43 27
33 6
3 35
9 34
30 20
4 31
4 35
44 26
31 43
27 44
40 32
22 10
19 25
34 10
17 4
36 14
33 17
43 16
32 33
27 17
18 10
5 44
33 18
10 19
30 12
35 26
27 31
27 16
24 38
8 13
45 5
1 3
41 21
28 14
36 35
11 31
16 42
18 40
36 35
38 18
42 43
37 31
2 33
20 38
6 41
13 21
16 17
3 32
7 26
40 32
34 20
40 41
18 24
13 36
23 9
7 42
14 12
38 11
33 3
25 12
15 43
16 35
19 28
30 34
1 18
26 28
45 19
8 27
18 2
37 38
26 2
40 34
3 45
31 8
5 20
3 45
27 41
36 11
10 17
11 20
25 27
26 26
14 7
27 1
3 20
30 25
15 32
29 34
23 12
28 29
28 9
26 32
18 36
18 8
37 43
10 3
38 36
26 16
16 28
26 24
8 20
14 26
44 27
44 27
7 30
17 6
6 2
2 44
40 5
23 29
1 7
38 37
10 44
39 20
10 45
23 24
32 40
7 15
32 15
2 1
41 37
26 4
8 22
38 3
44 19
3 23
40 26
31 12
18 6
11 2
28 35
2 34
33 19
11 41
16 36
43 8
24 20
23 27
27 26
11 14
36 17
25 10
9 19
30 2
33 21
9 43
10 24
32 14
43 1
40 11
12 45
8 1
35 33
43 43
12 11
24 29
28 24
38 40
25 2
10 6
28 30
39 14
32 21
11 45
17 28
29 45
39 33
42 21
38 10
13 43
15 42
18 44
35 23
36 31
12 6
37 23
13 19
40 4
40 36
27 34
23 28
19 17
12 26
43 33
24 14
32 7
1 42
18 1
20 5
37 8
27 16
14 15
35 8
7 10
27 14
22 28
39 38
31 40
18 33
10 38
15 17
38 27
17 6
8 38
1 38
4 41
36 12
13 35
26 40
14 3
17 27
5 24
4 33
6 17
4 25
26 27
30 1
28 29
19 37
12 14
40 31
29 16
11 26
2 14
14 44
13 27
26 20
18 37
35 45
26 45
26 44
23 37
12 33
40 18
18 36
32 7
27 33
43 29
25 2
20 27
16 4
27 21
22 33
34 5
35 28
24 21
25 15
19 39
42 13
7 8
5 27
17 41
34 14
44 20
20 27
34 2
11 45
30 36
15 45
11 28
9 42
40 28
34 45
33 9
31 43
1 41
9 4
23 35
16 20
17 15
31 21
34 16
15 8
9 16
9 39
30 12
19 6
19 19
8 14
38 12
34 19
2 4
37 1
10 32
39 6
6 35
6 29
22 34
45 31
1 20
6 20
14 11
18 42
7 1
28 8
25 4
4 2
18 41
3 10
40 5
15 12
31 15
15 1
17 45
39 39
20 23
32 35
19 7
27 21
35 2
28 6
32 11
15 7
13 36
27 14
11 40
17 3
5 39
7 39
43 26
10 40
7 38
32 18
27 44
1 21
2 21
23 42
8 31
9 9
18 32
16 29
30 41
4 40
44 20
45 8
9 24
15 19
8 32
8 27
16 1
8 21
8 16
34 7
10 41
21 42
28 31
40 28
42 45
21 8
19 24
13 30
2 26
39 16
44 39
3 35
8 16
43 8
15 43
4 4
35 16
23 17
37 6
28 30
37 21
37 6
35 14
32 25
14 9
8 36
37 16
31 12
18 2
24 41
16 21
39 11
30 16
36 19
35 26
24 31
16 16
7 18
20 12
9 16
40 21
30 25
36 10
6 5
45 35
12 12
34 26
45 10
30 23
40 25
38 15
20 20
35 3
2 19
40 16
26 3
8 16
4 5
27 28
28 33
33 13
40 22
39 38
9 7
22 8
17 23
2 30
16 8
21 5
17 26
18 9
14 27
30 36
1 26
5 3
42 24
30 2
20 8
45 41
31 10
28 7
10 20
25 8
33 5
43 27
26 8
33 21
44 16
23 45
45 40
17 4
41 14
34 3
13 3
10 40
43 26
29 6
40 2
42 45
43 12
5 13
22 6
30 24
43 28
34 11
22 18
22 20
17 40
13 18
40 4
14 16
32 4
45 4
35 5
34 42
19 40
13 42
16 45
6 23
13 37
37 2
32 12
40 35
42 18
32 43
34 4
34 27
10 11
2 45
45 36
40 29
28 10
25 33
17 32
26 26
36 32
35 12
1 7
12 37
7 6
43 45
14 31
41 38
23 34
9 40
28 26
41 12
39 23
45 19
19 22
35 21
7 27
44 19
3 19
12 24
40 26
41 30
9 25
19 1
8 31
28 28
42 22
31 3
26 19
4 30
43 32
2 30
29 12
9 42
44 14
18 32
24 25
3 34
6 4
5 23
13 13
7 36
8 34
40 2
9 25
18 38
36 5
34 6
34 16
35 35
37 3
7 26
26 7
4 30
19 33
22 3
25 9
39 24
32 18
31 20
35 17
5 20
36 4
40 35
30 11
21 12
29 18
10 6
23 28
11 41
31 14
23 5
7 20
45 25
45 29
34 32
29 40
38 35
38 15
19 33
12 45
3 30
14 13
5 32
3 18
3 32
35 33
6 29
4 2
39 32
20 7
38 2
30 1
10 2
6 9
45 16
25 25
34 17
13 44
39 21
22 16
36 37
19 27
39 11
28 25
4 11
15 16
28 36
16 17
35 5
9 13
34 26
15 3
6 33
38 12
1 29
16 41
35 3
15 29
44 8
24 7
13 23
12 15
4 5
27 1
33 34
38 29
6 32
39 18
33 1
28 22
43 21
26 44
4 38
19 19
37 1
2 16
24 40
4 8
14 41
16 8
15 11
9 2
4 41
21 26
43 17
27 27
32 42
34 21
38 16
6 29
38 39
8 21
17 43
11 36
31 6
10 10
32 5
35 33
27 14
26 6
21 33
41 17
5 10
9 32
9 14
20 21
34 1
41 43
21 23
32 11
2 27
38 7
28 36
19 37
7 7
14 13
44 19
17 42
6 45
8 9
38 12
42 14
23 34
29 9
11 23
1 13
13 19
40 21
41 43
34 4
17 14
9 42
33 30
29 21
39 2
26 44
16 2
37 36
31 7
14 20
34 15
21 39
16 28
3 10
1 43
38 40
23 32
38 34
45 45
28 31
36 19
14 36
32 42
18 32
1 16
14 12
40 12
30 39
27 33
13 34
15 42
7 20
18 12
36 6
9 20
1 40
7 27
40 18
4 34
4 6
28 32
14 42
31 28
9 31
4 9
20 4
15 26
19 6
4 17
21 6
30 20
3 9
6 17
28 30
10 36
41 33
36 24
9 40
33 13
2 11
19 18
14 19
21 13
30 11
35 14
34 30
13 16
28 16
33 17
41 43
37 9
29 23
16 30
29 26
13 34
22 28
39 10
9 37
19 22
10 11
11 39
19 1
36 14
43 20
26 11
4 36
8 10
40 35
22 4
37 36
30 10
38 32
2 4
43 33
12 33
13 20
6 38
30 12
42 21
5 45
33 9
11 39
29 14
35 7
43 10
31 32
20 13
33 38
35 11
2 10
42 39
38 24
28 42
17 20
30 33
4 41
22 30
1 39
25 44
18 12
32 13
22 19
21 17
19 42
8 14
21 8
5 8
25 26
32 22
21 1
43 45
38 10
37 4
12 13
43 26
45 19
15 45
11 31
27 24
1 18
21 31
5 28
43 9
31 10
11 44
36 4
26 45
28 33
3 23
43 13
4 12
33 24
13 45
10 32
5 22
34 19
9 4
32 10
19 2
26 28
21 22
27 20
32 24
42 31
42 10
8 31
14 21
12 23
45 23
8 27
1 2
20 15
15 43
2 44
28 28
14 24
28 22
40 18
27 24
18 29
19 20
9 39
10 43
17 44
43 26
7 8
29 10
2 39
11 39
27 21
17 14
40 22
32 35
8 27
42 18
25 12
41 34
10 45
2 29
8 8
21 5
12 20
38 44
32 30
39 15
38 8
10 3
27 6
13 34
1 38
33 3
37 35
5 22
26 43
14 4
30 16
31 19
25 31
7 44
1 17
26 36
4 20
5 5
25 26
35 4
30 8
9 15
13 30
43 4
30 1
9 30
7 1
42 22
38 7
7 1
44 41
40 7
45 16
8 40
19 17
19 36
42 37
10 25
23 35
36 27
35 17
30 30
29 3
32 16
45 29
40 16
1 15
14 45
31 16
6 21
29 39
31 15
5 12
20 24
15 45
23 32
14 27
9 12
14 11
26 45
44 26
21 8
45 9
34 21
4 39
21 11
21 13
45 35
6 43
15 10
14 41
17 8
20 37
27 42
18 34
18 27
32 28
8 42
40 32
14 10
15 37
25 44
2 38
18 37
16 12
42 8
44 35
26 5
25 16
4 34
17 40
6 23
33 30
27 15
10 3
6 32
1 35
19 12
22 25
43 27
42 33
28 2
22 12
34 25
28 35
6 41
34 26
23 38
14 15
8 17
7 6
45 34
15 10
21 28
28 12
12 26
17 16
34 16
40 7
16 43
40 38
24 34
5 39
18 16
34 37
23 28
22 19
38 23
33 36
14 2
34 21
37 43
36 41
19 4
9 6
13 6
32 45
28 24
29 23
11 29
3 14
2 9
22 21
26 43
18 33
19 42
6 6
36 43
23 27
6 1
5 31
40 39
29 36
35 26
41 25
20 15
30 6
45 13
39 22
25 41
35 11
4 35
16 22
12 27
41 20
30 29
14 12
18 44
26 8
3 43
40 8
12 20
34 39
37 33
7 40
1 19
38 12
35 10
37 26
28 12
23 26
18 5
12 27
20 9
13 28
1 29
15 31
7 29
45 21
30 38
17 2
43 5
37 34
31 6
7 32
25 34
24 18
10 44
7 36
25 43
40 3
1 28
40 43
19 15
11 15
21 21
25 20
22 32
15 36
22 10
22 18
1 27
19 11
18 33
32 3
2 45
32 44
17 21
9 2
29 40
21 24
8 10
20 12
45 45
41 18
21 7
2 43
31 10
2 20
23 37
26 3
15 37
22 45
45 16
28 15
29 25
21 18
4 9
35 26
18 12
21 34
15 3
39 5
33 26
7 42
37 9
32 11
45 15
45 30
2 27
29 39
41 38
43 17
43 32
26 2
6 6
37 31
22 7
21 15
44 16
3 19
6 25
22 33
3 16
6 39
36 3
11 3
21 12
29 2
44 9
6 35
42 33
21 2
26 29
16 29
38 18
30 26
3 27
31 23
2 16
19 22
32 22
10 4
43 32
36 10
3 38
29 11
11 43
41 33
14 24
35 39
36 7
26 34
4 38
5 8
27 15
33 21
25 2
43 20
6 7
39 6
30 38
11 20
14 1
20 7
6 10
31 12
41 40
22 13
29 9
37 40
36 2
34 41
29 14
18 28
28 13
12 35
19 20
41 34
6 4
36 41
11 24
39 33
3 17
39 34
3 34
25 2
40 19
37 43
19 3
44 22
2 23
9 39
37 9
4 29
30 24
32 28
40 13
15 3
37 17
12 10
26 41
42 21
40 4
27 24
25 22
4 10
13 16
8 31
9 35
10 15
34 28
45 27
43 42
6 5
11 32
19 28
33 10
21 30
36 28
31 1
36 14
45 28
42 38
21 37
17 40
2 43
23 35
29 21
23 4
21 12
39 20
32 21
17 39
15 2
27 24
1 45
24 30
4 28
26 10
6 27
42 2
24 28
3 32
24 23
27 18
28 20
1 19
1 19
38 44
14 33
11 16
13 25
39 16
43 9
18 16
28 37
28 23
37 32
35 28
26 35
14 7
29 8
28 30
27 10
4 1
1 40
5 39
14 19
23 2
20 35
22 13
25 2
19 13
21 24
2 39
44 32
18 34
8 25
3 12
36 26
19 39
18 40
33 25
18 23
9 36
13 43
15 22
19 37
3 7
3 12
18 42
14 42
4 23
8 29
39 37
41 2
21 8
34 23
10 43
30 27
34 35
14 20
22 6
45 35
2 40
3 32
35 22
30 38
13 16
23 5
42 35
7 13
25 23
31 19
19 39
16 45
41 26
33 18
4 37
24 9
9 26
44 15
42 9
44 6
31 44
28 45
16 19
37 44
39 16
5 41
42 23
43 10
42 30
26 5
22 35
7 42
37 22
39 37
18 6
12 8
38 14
17 10
9 14
14 38
9 6
21 6
15 17
21 11
42 34
21 3
30 11
38 32
3 39
40 40
18 6
10 26
28 36
41 34
29 28
27 26
11 1
14 16
41 10
28 37
19 20
2 2
14 6
29 28
44 9
44 28
31 12
25 34
23 41
37 30
5 8
30 23
35 36
37 18
3 30
9 5
8 24
32 10
13 1
19 42
27 36
30 20
30 7
30 36
16 25
37 9
14 37
27 21
20 5
16 26
43 32
32 15
21 7
31 15
3 11
30 40
2 18
33 15
25 13
9 13
13 1
9 38
21 11
15 5
23 27
28 5
38 43
11 42
6 44
18 32
28 33
17 37
15 37
7 39
12 7
33 7
17 9
1 1
42 19
35 7
32 25
35 35
7 35
44 34
14 41
44 10
8 33
5 42
12 22
27 15
41 29
45 1
10 37
33 41
31 43
43 45
30 23
39 16
16 31
23 31
26 36
26 5
7 40
45 43
43 11
26 30
1 33
39 11
7 30
21 2
42 5
2 25
1 4
2 26
2 36
