67 492
57 19 662
41 8 977
30 18 714
52 46 582
45 5 582
63 61 931
51 5 614
58 32 596
3 22 695
51 60 37
51 60 576
31 51 737
62 3 182
12 51 260
31 32 157
7 57 123
12 21 457
49 37 206
31 6 262
1 56 457
30 27 69
16 25 664
21 55 288
6 55 937
1 53 154
37 66 413
29 45 859
1 16 573
37 35 248
53 24 575
21 60 239
52 22 516
36 16 562
37 57 653
61 62 362
40 11 945
36 3 311
54 67 784
60 64 306
3 61 203
29 29 677
36 62 781
19 2 380
12 66 374
52 53 924
41 65 375
37 60 902
47 13 675
4 41 685
13 1 744
39 65 201
15 62 948
26 24 373
35 8 802
6 49 47
30 45 863
24 2 673
30 65 825
26 2 209
44 43 76
16 52 791
63 47 817
51 45 683
11 18 166
5 61 201
31 41 139
29 64 876
67 17 759
27 47 394
6 61 626
45 3 437
44 35 284
13 65 486
65 37 550
9 45 815
20 26 759
14 33 917
43 29 745
43 1 111
17 59 835
67 25 242
54 55 395
36 40 736
11 57 91
46 63 835
38 15 932
51 57 9
45 32 987
37 66 591
54 48 884
21 7 677
31 42 641
6 33 341
43 25 831
30 16 116
26 21 527
36 31 206
51 62 528
43 55 32
34 61 365
53 65 660
46 21 577
34 44 768
14 15 536
30 15 952
28 50 875
66 63 893
28 7 481
27 41 901
53 64 26
13 8 987
32 53 139
28 34 531
33 52 140
58 53 130
15 20 18
56 27 659
33 57 935
24 29 422
20 53 38
23 47 146
53 47 16
41 41 744
65 50 349
14 47 106
64 36 122
12 65 790
45 28 259
53 9 799
1 12 29
9 34 857
35 2 75
12 42 632
53 33 321
16 50 708
25 57 307
34 47 526
12 8 901
11 31 64
7 35 437
35 42 752
42 33 506
6 21 761
16 16 59
63 50 741
11 46 372
36 37 842
44 46 311
44 31 68
55 60 500
43 59 146
63 13 825
58 45 877
33 66 422
8 40 730
32 51 993
48 24 828
52 3 876
5 46 38
27 22 373
11 52 219
66 29 409
3 50 322
15 62 765
57 17 362
10 55 411
44 37 352
58 54 648
9 32 66
22 23 815
9 5 582
4 4 102
50 63 282
65 22 378
65 60 168
1 11 838
46 66 118
59 2 941
61 41 144
20 15 369
2 40 839
22 58 846
47 36 432
52 33 617
9 30 703
29 66 685
60 16 616
13 47 101
56 28 286
48 65 351
46 29 483
49 9 829
17 58 113
8 47 491
65 44 316
26 16 383
41 11 212
48 48 337
25 41 35
12 44 331
43 58 463
20 4 606
67 27 966
36 54 496
55 17 388
55 67 653
46 40 817
62 21 969
20 57 230
35 46 808
11 30 17
19 7 804
54 11 964
19 37 331
14 17 786
23 5 908
57 31 543
53 13 775
43 39 913
16 18 580
51 21 496
66 5 2
21 34 785
45 8 800
31 20 154
59 14 968
63 53 283
17 33 768
48 12 880
59 62 945
12 47 45
47 62 131
64 29 198
16 46 126
57 13 306
9 64 425
22 24 68
21 64 757
65 45 755
60 31 829
20 36 99
66 55 186
1 45 997
38 46 208
55 31 745
2 8 226
57 67 793
10 20 647
31 29 141
48 4 346
53 43 157
44 1 992
56 28 964
17 33 703
8 27 455
13 36 836
20 54 988
10 20 404
34 31 149
19 24 286
10 53 853
50 36 85
41 48 983
15 65 912
14 32 991
65 49 971
54 53 353
59 50 2
15 2 896
56 65 878
67 18 963
58 25 258
9 6 550
37 40 157
18 53 53
34 42 803
12 12 968
31 58 435
52 25 185
8 55 112
15 15 494
64 5 541
4 18 751
4 62 798
63 35 717
50 53 905
22 59 668
31 32 200
1 25 448
30 34 56
53 40 945
43 26 265
51 33 116
52 30 604
3 52 972
37 62 721
53 32 755
9 63 936
60 62 207
35 27 356
25 55 525
59 43 67
24 26 748
31 1 373
33 10 573
46 3 226
48 3 506
15 37 724
3 59 684
17 39 89
25 49 639
53 52 442
46 57 679
16 30 187
16 19 3
62 66 852
37 62 130
29 58 659
34 48 522
33 48 266
20 38 621
27 15 742
43 30 76
31 41 796
37 37 106
58 49 785
48 6 112
30 32 755
63 67 539
4 26 352
5 52 924
8 61 18
54 33 706
12 46 94
41 59 416
6 38 724
20 12 25
6 33 571
47 24 924
10 50 515
59 16 734
67 51 404
28 3 324
48 34 542
36 46 812
53 51 116
64 48 170
21 58 449
32 50 217
59 62 802
35 24 567
18 33 397
30 42 244
49 38 572
65 8 828
43 11 849
45 14 976
23 25 477
65 48 852
35 65 513
63 12 297
13 25 375
63 11 203
31 20 222
5 49 934
25 51 558
48 49 208
10 37 252
47 30 106
38 6 675
35 15 596
34 53 779
35 53 905
23 47 568
47 39 835
60 50 70
35 46 324
52 59 850
21 33 477
24 42 159
43 64 913
45 4 220
22 67 61
20 50 432
31 64 811
41 49 182
47 27 445
20 51 138
15 65 999
31 58 58
22 26 417
56 48 821
40 43 432
40 37 727
46 44 594
50 57 680
4 57 396
35 4 970
52 9 973
34 58 428
5 10 646
57 44 557
31 3 277
54 29 250
1 49 734
29 32 218
57 33 474
57 61 95
34 28 7
44 20 529
43 56 896
22 4 649
57 22 684
62 5 283
17 64 881
3 50 654
41 21 851
12 27 311
26 43 868
61 17 784
66 61 929
62 41 787
15 39 856
27 20 900
28 17 647
58 11 461
44 18 357
33 33 757
47 62 573
15 37 524
40 4 466
3 6 208
22 7 874
59 7 198
56 22 301
43 52 1000
14 27 781
30 36 165
38 32 774
12 7 533
21 35 921
2 12 302
57 9 826
39 45 800
46 23 267
2 15 654
64 4 572
10 31 326
15 66 404
54 26 318
41 28 868
60 50 333
66 32 725
6 64 407
19 30 62
50 61 484
38 12 660
13 4 47
16 10 276
47 42 267
39 15 135
38 24 495
55 39 604
10 18 695
57 24 867
65 30 753
22 48 935
58 21 292
44 61 612
13 17 202
5 24 646
35 57 631
8 53 569
45 13 199
47 48 59
51 4 426
57 16 971
66 40 799
47 23 908
18 46 558
64 58 237
53 15 693
52 17 561
62 30 731
24 11 567
65 1 335
66 36 699
53 40 328
41 28 424
31 20 231
11 48 576
55 31 737
691
50 43
34 14
24 37
53 43
62 14
63 49
10 14
56 39
63 43
64 17
13 12
8 42
6 11
26 5
53 31
36 42
48 3
57 20
9 44
59 57
28 44
60 3
32 47
55 6
58 61
10 27
64 49
9 11
46 24
31 35
14 1
45 4
62 67
43 16
41 4
17 42
35 57
8 10
2 5
57 20
34 15
45 54
22 4
51 20
25 51
55 1
44 62
20 38
38 23
5 25
63 24
63 10
17 18
53 5
23 11
19 17
49 64
31 65
30 34
27 45
55 36
37 62
14 43
44 26
42 8
53 35
36 10
37 2
8 20
29 48
29 41
52 52
4 13
36 13
26 66
61 16
48 38
30 38
4 58
1 18
22 26
61 40
61 40
17 31
31 5
7 38
8 29
45 52
33 53
6 67
47 36
60 6
9 12
60 65
50 14
8 64
55 11
40 16
5 42
7 46
56 53
54 3
4 44
62 48
5 21
54 3
8 20
52 56
1 38
50 45
44 16
53 32
48 29
34 1
36 34
34 57
49 27
61 29
36 26
22 55
29 44
15 32
46 14
55 21
13 60
26 11
42 49
54 25
27 36
34 56
48 44
48 42
5 3
39 18
6 7
65 3
48 59
34 66
7 64
8 43
36 59
4 32
27 41
16 42
24 66
3 29
61 41
53 49
61 38
29 43
9 64
67 7
67 42
36 3
14 37
26 41
9 35
44 66
47 19
41 22
41 55
47 59
41 48
7 22
24 63
15 38
35 51
38 35
40 47
47 15
47 45
47 48
14 7
22 8
38 46
22 21
24 50
17 53
25 63
61 51
1 52
18 59
33 21
50 27
10 2
66 34
10 2
25 4
41 17
42 52
14 19
11 38
12 20
20 25
63 44
17 34
48 41
67 39
8 51
34 33
11 7
38 25
44 39
32 23
11 58
41 64
15 4
15 1
44 52
20 7
46 15
53 63
22 17
23 52
58 30
47 55
10 56
40 26
19 53
3 26
33 56
31 58
1 45
46 23
14 50
13 62
61 60
56 37
47 1
40 61
48 65
32 25
17 61
36 10
27 29
48 38
2 65
22 5
56 14
13 9
41 34
60 3
36 20
29 41
42 50
13 66
35 54
56 15
58 11
35 16
7 62
19 34
17 20
17 39
4 67
14 13
23 53
25 65
12 31
16 3
65 45
31 40
7 53
30 46
36 53
23 55
32 60
33 54
67 59
56 12
33 55
22 6
22 67
13 60
21 29
55 36
6 46
49 39
37 20
41 57
42 41
23 44
31 38
42 64
25 56
12 54
6 17
32 8
60 18
8 10
48 52
2 42
10 40
23 2
33 40
25 45
15 38
30 53
9 2
8 42
6 4
12 45
4 35
55 67
19 30
54 37
14 53
60 45
53 28
20 60
4 3
41 61
27 33
10 29
47 35
7 60
34 63
52 8
25 4
61 65
27 67
59 32
44 52
17 32
21 24
48 30
14 43
38 44
26 7
56 14
45 6
3 29
28 54
61 25
28 66
25 43
57 62
27 2
66 46
63 37
18 26
58 58
8 20
44 33
65 42
45 44
55 66
29 17
17 64
26 47
11 34
64 44
27 18
10 25
58 36
63 26
52 36
37 18
23 26
61 46
37 27
55 53
3 56
36 35
37 1
28 19
58 34
60 31
60 11
4 39
65 53
7 56
65 21
23 46
3 36
29 59
3 53
28 11
53 48
2 58
37 47
30 31
45 4
43 47
16 8
9 15
13 26
48 67
8 38
38 50
42 37
25 39
49 67
20 19
28 51
67 28
56 23
5 55
32 28
58 48
40 31
55 39
46 15
19 6
11 41
52 34
57 27
2 9
24 57
65 61
19 40
9 46
13 18
13 18
35 62
58 57
18 24
23 7
7 26
23 9
9 17
34 62
56 32
56 55
38 7
22 42
21 5
50 27
53 47
45 13
66 35
37 2
44 46
39 60
47 27
28 39
34 41
9 36
61 63
18 38
23 10
15 39
3 12
47 5
65 35
31 6
60 65
30 44
21 40
19 21
34 32
65 16
48 33
6 12
35 15
62 35
52 38
52 67
56 40
67 62
2 21
20 14
17 2
44 18
52 60
64 47
50 44
8 10
42 41
55 36
23 48
50 15
56 52
57 54
61 27
4 44
58 8
8 29
52 44
2 45
20 12
1 43
30 23
20 26
38 11
5 21
5 40
61 4
37 54
67 45
17 53
43 42
4 23
28 25
31 64
1 25
17 25
16 46
13 54
20 63
32 34
45 55
1 28
25 31
65 41
7 9
48 17
13 2
39 54
44 48
2 41
45 3
22 56
41 39
4 29
55 4
43 43
66 15
1 50
51 39
26 1
14 61
47 50
2 23
45 26
5 45
39 61
15 43
20 15
58 6
49 64
61 6
22 53
65 2
52 33
15 47
18 35
16 19
29 51
65 56
11 30
55 21
27 25
14 3
52 27
22 58
62 44
63 66
16 4
42 60
5 49
65 11
14 46
25 63
13 64
13 3
47 26
13 64
24 25
4 25
67 64
62 16
16 61
57 46
30 57
27 56
41 44
38 51
15 59
13 66
18 13
18 43
49 45
15 10
63 51
35 27
33 38
3 63
14 49
56 18
33 28
37 34
3 14
23 18
54 16
25 9
26 58
43 56
21 56
62 39
53 43
33 51
49 26
9 38
25 19
46 40
8 59
51 27
26 37
20 59
49 64
20 22
46 59
46 67
45 42
44 27
4 16
65 1
1 48
3 59
23 8
18 27
45 56
64 45
18 53
28 52
18 63
63 46
21 31
51 25
16 34
37 10
64 21
33 2
36 25
63 37
54 17
2 13
28 44
54 18
64 40
67 14
30 21
20 2
34 40
33 52
42 21
58 57
7 34
16 22
27 50
37 49
24 48
23 44
39 61
51 65
30 36
25 18
37 24
62 29
39 56
23 33
55 66
56 8
27 30
8 14
23 20
7 22
60 36
53 24
19 42
60 26
43 13
6 22
55 24
60 37
40 30
28 49
17 31
38 4
29 20
32 25
62 66
22 61
66 58
6 13
55 34
17 35
38 18
50 22
40 33
61 43
56 57
20 26
26 11
15 17
36 28
5 16
8 42
17 57
52 59
