540 213
118
391
303
85
10
441
143
339
252
104
164
412
488
18
399
130
143
465
67
76
79
312
409
511
477
427
311
40
95
231
453
376
251
468
74
5
201
248
400
8
200
242
262
186
420
374
225
162
70
16
212
197
172
229
85
89
357
412
184
289
243
204
506
79
3
382
538
110
50
418
156
424
440
20
149
112
216
49
395
108
86
187
64
146
383
376
286
151
515
250
243
136
253
33
415
181
283
157
172
449
73
507
307
313
247
75
350
362
176
192
534
245
233
165
180
158
63
226
221
337
182
471
226
437
180
510
36
207
410
112
480
409
396
483
414
192
269
335
237
444
6
28
249
378
138
260
372
80
424
33
184
390
145
230
224
216
356
119
235
474
487
144
169
511
123
385
286
172
178
40
227
54
217
427
278
31
363
118
531
68
207
240
42
504
315
100
4
371
57
28
121
238
213
6
517
186
276
172
96
378
9
89
435
342
342
408
223
426
517
448
63
213
530
