601 479
577
31
527
248
416
449
421
195
532
75
312
414
290
510
474
56
50
274
400
97
438
48
430
352
296
15
358
388
159
316
549
232
115
417
393
429
256
271
525
185
429
247
383
70
528
491
386
528
505
353
17
221
37
454
345
493
480
30
190
22
189
55
472
426
274
395
546
292
581
10
492
446
181
122
160
336
416
511
558
325
539
118
37
556
311
556
468
544
489
197
117
548
458
517
495
411
337
241
415
501
120
195
241
183
559
374
198
458
276
81
366
587
188
268
127
299
160
412
254
225
375
47
56
195
131
492
34
423
384
391
301
34
500
345
67
217
321
536
330
269
112
430
151
294
450
157
161
392
287
120
437
43
404
356
177
237
282
358
329
250
501
432
258
436
94
329
342
424
210
259
235
388
418
400
557
158
49
272
109
10
231
225
499
240
22
575
453
145
244
500
480
479
501
194
309
599
214
368
505
307
66
99
57
50
501
262
382
571
498
34
71
148
574
332
190
528
422
102
155
159
269
185
595
330
243
443
131
359
183
383
508
42
207
571
27
189
203
227
191
210
474
491
509
578
230
65
390
84
72
483
53
360
336
436
132
383
533
284
561
301
504
592
541
223
460
374
101
565
528
51
455
165
266
68
455
68
40
218
73
312
186
464
542
572
403
405
209
290
149
438
581
564
262
584
23
441
295
180
162
595
188
470
471
124
356
158
38
343
499
396
188
500
195
214
98
594
548
148
343
591
70
415
527
439
526
171
125
493
382
482
125
597
275
122
558
161
98
545
531
22
41
151
338
371
424
582
328
60
347
51
34
308
139
109
294
444
394
561
461
479
411
434
240
415
432
13
9
361
127
262
537
61
530
329
177
57
468
254
556
560
187
165
41
138
373
23
117
70
50
529
78
324
302
334
142
226
134
332
550
539
322
558
17
355
52
294
537
160
269
314
172
152
323
422
344
57
319
257
80
198
238
156
540
216
406
235
456
81
93
542
438
373
426
137
130
556
432
470
124
371
217
55
34
568
500
275
360
291
595
487
101
502
515
369
490
405
320
512
570
141
389
287
155
332
18
353
334
532
199
89
495
437
234
314
326
540
282
284
239
