525 479
427
85
95
370
381
291
441
253
155
45
170
491
325
494
476
484
195
451
271
438
321
174
130
164
301
392
486
316
452
199
411
517
8
434
373
478
438
372
252
352
372
201
31
427
163
153
284
201
290
312
34
144
471
8
169
430
294
64
359
98
357
446
32
487
213
227
246
34
300
337
389
415
264
121
452
190
135
409
457
19
166
69
353
511
225
252
136
317
43
121
518
2
486
374
265
96
498
332
20
374
431
262
206
411
89
309
305
211
421
507
456
50
440
187
443
317
200
115
477
150
328
89
313
148
204
186
458
312
231
29
146
517
269
87
308
504
115
395
45
471
59
78
346
501
469
400
301
97
382
241
207
334
126
359
458
389
480
276
521
223
381
242
396
236
158
97
166
417
471
260
12
30
299
128
357
414
222
237
473
410
347
13
111
385
336
509
81
265
430
211
223
278
391
474
437
31
101
450
25
358
50
44
182
190
212
236
21
194
454
267
31
209
487
320
475
148
309
208
164
223
55
295
47
458
458
298
236
163
292
311
362
467
205
327
264
199
340
16
514
113
468
433
215
409
318
186
80
150
300
425
347
325
181
278
60
43
63
299
456
391
432
194
165
32
44
338
95
437
16
17
376
205
113
206
294
38
154
381
143
312
34
157
202
485
338
76
53
352
212
117
364
269
87
359
285
218
458
15
297
165
221
293
49
318
75
518
2
417
387
334
294
338
388
125
429
64
199
269
278
494
312
67
224
256
519
431
515
414
515
304
273
402
473
204
56
280
85
212
423
416
5
38
326
17
315
405
488
85
215
438
26
301
296
273
151
356
158
329
126
33
194
291
101
480
65
486
186
33
405
235
514
436
312
113
276
139
59
484
98
189
136
344
136
125
267
206
203
65
398
205
494
55
18
222
168
134
274
502
311
436
361
203
190
71
470
384
3
157
272
267
495
91
96
329
452
278
192
171
289
23
181
490
221
499
183
115
67
468
108
417
345
456
321
506
466
419
158
5
407
38
215
291
43
437
369
211
434
377
457
27
108
267
191
150
234
300
450
138
523
213
220
126
50
143
134
76
398
463
101
327
80
513
482
35
161
482
77
319
458
