847 770
402
702
580
803
109
30
444
414
564
663
192
318
451
384
53
505
485
822
191
493
764
560
665
745
65
635
115
226
452
486
820
383
434
28
714
213
3
147
158
802
489
228
539
243
305
169
251
743
722
160
705
32
760
386
20
807
788
387
799
796
710
319
122
115
737
392
316
347
385
584
771
775
647
746
373
763
212
734
522
342
405
825
202
226
293
157
674
98
84
335
594
105
147
170
761
118
542
429
29
803
704
409
455
284
62
580
21
560
219
503
299
685
317
150
500
360
339
805
44
265
519
171
329
630
19
93
411
380
531
384
65
628
637
227
588
9
84
421
350
324
417
523
400
304
133
282
788
830
389
354
722
288
34
151
104
516
67
116
196
556
395
359
478
362
265
153
114
642
301
717
660
101
516
223
161
540
123
293
510
181
699
350
488
484
799
382
178
386
602
9
737
74
326
36
730
529
395
669
146
104
716
616
838
178
681
658
560
448
29
393
558
688
282
169
216
706
340
29
818
292
767
224
499
703
822
332
70
136
153
704
586
781
45
553
344
605
209
470
440
505
238
307
496
182
73
75
20
640
663
266
666
119
547
114
846
653
188
764
484
515
622
476
763
802
570
258
611
213
292
325
576
104
324
207
36
290
342
553
806
221
255
450
267
164
300
466
818
132
455
441
823
86
283
338
63
109
116
151
416
116
605
743
364
416
408
400
779
424
84
128
111
615
687
182
749
774
465
347
257
107
35
716
353
557
300
188
111
839
335
622
279
840
705
42
576
328
694
240
468
798
721
181
144
65
511
715
603
210
428
246
474
491
232
788
137
522
831
35
661
761
46
712
357
803
451
191
428
417
804
381
193
482
591
191
484
659
803
499
109
339
412
201
270
507
614
391
324
19
402
583
656
633
309
334
375
754
113
1
721
387
34
380
734
495
679
116
310
494
400
754
163
829
371
3
119
513
747
831
552
476
449
628
431
660
216
552
43
736
537
97
399
558
292
490
657
723
316
683
725
287
13
529
604
734
639
150
56
86
615
250
70
579
504
826
813
105
533
497
745
518
292
759
260
198
524
580
453
606
805
479
711
459
806
758
213
147
291
98
448
607
500
529
452
183
720
703
198
59
637
791
114
34
533
223
531
36
418
328
576
459
28
140
533
103
275
678
99
121
413
780
752
557
535
795
12
61
12
670
129
407
699
621
36
152
752
397
729
75
620
675
217
409
382
548
511
751
32
73
542
623
782
435
168
701
509
260
368
551
757
792
346
322
117
364
649
75
25
76
763
791
816
442
185
31
488
791
738
663
559
779
551
662
104
500
196
91
693
846
659
646
830
133
228
524
801
560
352
454
486
443
388
459
523
663
267
49
195
121
723
453
817
217
846
152
374
784
466
767
681
521
667
662
695
245
237
118
817
303
258
58
553
538
517
588
189
9
328
796
801
393
281
133
239
12
712
389
284
573
669
267
218
601
768
118
678
712
680
404
353
28
733
12
673
179
817
697
276
282
486
506
407
438
605
640
48
193
16
123
178
53
538
245
330
280
533
357
337
148
431
508
518
794
42
36
402
229
312
609
810
815
811
192
367
258
292
30
53
825
545
846
642
580
147
47
288
327
298
205
659
259
326
313
1
590
471
418
816
100
350
668
763
702
525
348
47
150
218
408
371
498
686
640
502
79
84
369
352
388
573
328
191
339
538
427
6
46
95
791
744
153
386
719
618
493
532
247
91
49
542
55
424
349
405
217
369
60
247
71
422
845
