990663 2281
433098
438025
523782
707088
871337
425686
96386
841783
249458
344412
345770
948645
701036
390983
280794
369308
988691
715599
737963
911259
567923
836970
972577
755391
546132
671051
8903
32089
213941
812357
980776
433170
680440
780847
412096
953249
755671
589022
42905
533771
824632
339564
768187
588803
729047
276076
493527
159363
838892
870599
647067
55878
733773
132570
986203
759362
250241
595662
99137
82514
222554
577000
865520
634371
155674
669620
408144
102834
889785
307886
974445
591267
905187
549251
269460
624837
618131
30200
418597
737885
598705
697891
526718
406443
904194
3123
757899
452474
35734
826812
882892
318170
77356
211608
919301
311195
362947
753962
36555
524091
368015
103678
303085
136975
956481
757055
85564
952462
921589
532867
504944
738549
902737
713089
705048
202635
726677
961017
498298
510635
354200
898393
841126
88028
401350
32618
15837
913030
624837
581388
29196
628586
959077
689350
24194
906799
878421
817059
742656
776004
261915
75664
266239
646912
970676
102744
350581
67767
340961
518937
289262
596504
101114
74470
849225
232125
111241
536435
894552
591466
835132
150659
466725
75061
784458
868011
955408
910762
879540
256188
725028
961335
988824
892094
782630
516199
68046
571095
76738
328450
563942
432462
342750
126355
325671
641836
756884
600130
659610
849000
223403
760354
882859
819751
4801
842511
68636
84376
557026
425119
749469
294093
230805
844023
894984
978233
108400
17319
168814
458979
987785
103798
977495
335622
198276
684681
971276
353665
165858
136649
528498
321397
360368
867504
688397
160958
526848
548339
572990
431806
725225
577443
131251
602373
259681
286705
961659
890498
942439
918757
563976
359971
436585
942019
390868
44803
160407
883060
320087
23376
389875
479370
856203
849835
727668
830024
596232
589731
492734
302823
727825
564000
617605
816128
574119
575234
39732
111361
410663
163250
122005
91746
193824
441395
270892
278076
47472
516702
24982
758972
672729
311960
35541
631139
769688
323810
646138
460867
411919
240043
257893
107232
251175
519812
976934
854784
866653
607402
789777
404426
438612
722240
398523
801252
55805
246328
957526
492974
883566
185226
158085
925084
711437
229088
215041
523503
632633
187884
312043
777490
304968
747141
618284
442307
555406
619599
415642
346463
778803
741067
985752
358603
224474
391858
942100
650241
372097
21930
86279
463873
799600
988348
369353
370168
254766
520360
844848
736220
296125
137960
244066
939205
962015
600653
886252
924802
358491
349897
687306
734260
505677
43897
700772
831189
802093
125855
354487
189987
394982
825939
831463
544931
622079
861786
186753
179055
633438
851118
359893
414744
294892
862266
862992
715810
355216
670313
464249
120131
321503
2017
209742
755492
614632
868510
806511
508130
857145
916669
171923
919017
987927
62117
32622
699463
822038
933926
791747
707987
888046
474543
512573
501905
675684
590762
87543
758834
592426
958270
877354
325631
943388
488087
886186
661864
735572
824924
547265
348890
69045
48695
41238
673252
353880
126571
964130
751130
535296
10410
15147
882836
292740
942882
531289
938953
227336
403203
283214
121694
937644
192985
557122
486677
620769
330902
382687
617665
867188
40394
760709
270654
307548
214562
772290
38257
85505
162501
127332
602872
857441
802802
245576
411177
162534
664913
606528
620094
821750
778754
378311
259761
508320
928774
726616
637452
150319
454962
924530
602786
56759
21613
221596
226405
340174
521681
624121
381958
624647
451513
134283
918663
70746
643481
751845
383820
577624
863620
912380
560023
512699
895875
190888
315480
206710
859327
517678
882601
694772
330130
188109
733340
757082
6102
806683
516268
302819
64271
399444
588162
867379
233536
728840
513637
149650
499446
890928
380126
61471
72390
478841
345393
208796
407155
360463
842754
694869
607207
123237
841832
915678
844572
51873
70571
960162
6897
567690
146947
835207
278039
644660
282614
934828
66384
422562
242064
961775
86821
652872
734986
246632
942583
569182
529357
247107
912342
301208
713083
319016
436161
806819
920444
512636
537099
464239
671842
424476
290882
479945
409874
204156
246367
631240
877342
581500
118417
210134
504447
534074
195234
854350
701254
863983
726333
198039
208818
405250
31838
272651
426553
701061
630516
766778
769001
321146
50007
101043
89832
85211
364239
257029
369213
96472
742204
821356
729691
302437
789712
773363
436126
205453
534703
334874
948734
45615
170287
393994
297355
153799
21022
134827
435595
95871
472473
220564
501067
166646
935391
647161
536337
421532
235340
534579
439481
668872
639742
41361
250567
587148
167032
430677
839783
439118
817128
960850
874146
1698
520717
48862
301881
653056
464049
719468
447015
422201
786528
762709
435257
717335
374296
370226
492368
261641
290463
563150
569641
309621
858474
953123
547005
219525
558339
8515
411121
841876
519744
102381
169518
70720
392314
59199
557951
801401
628521
259188
367448
656344
629118
324436
359361
710321
547966
182822
834247
544851
248678
590212
706444
903176
466729
143950
725426
268763
553843
310106
398359
43289
174729
697019
407504
728333
553262
295553
664466
720642
532163
575052
784670
790242
904449
687618
365934
499063
748024
790759
868620
714070
752130
896240
963916
647723
355918
190863
382833
153202
499551
835801
583965
13023
268870
922470
825805
181663
589170
671680
421697
288933
297210
88922
9921
583389
23419
798825
718004
697063
479547
779137
818116
436350
546934
275378
254113
118191
929129
746070
880445
974788
471108
484446
613317
167341
37549
288727
645429
406922
572442
48594
231311
972030
698297
478923
72563
186880
238789
642734
344894
834300
541148
859630
970120
576588
617786
800728
619929
307837
428874
103434
192040
588957
159426
533042
282567
268755
4849
967302
203682
676037
355275
512538
106194
559564
768833
592516
26528
788865
262554
215491
885956
476405
622825
417470
816648
474088
438375
474602
763396
58730
178538
260815
581560
550992
179692
85923
472642
660360
911717
868546
124677
766856
505136
420452
374854
260737
931978
243266
674591
194648
68958
667477
95163
955149
644808
329900
637319
656841
169258
929784
953282
94060
439380
80842
102986
277569
39627
875242
891317
452714
239873
380893
802100
679902
689270
893038
282390
278801
362516
249332
559814
593281
391066
980464
262157
670025
399046
86825
75745
359454
70796
303004
528006
855564
898879
100547
303379
604260
191478
809456
912489
625894
819980
119088
434912
216495
647258
453085
78955
20891
309212
142144
795628
609823
107830
776829
145175
237799
510861
829288
170781
650074
278158
392095
599549
64281
948997
899542
234366
890338
722262
228887
371090
289260
466134
163515
223578
696548
777116
382623
404327
76740
982847
729890
347098
616729
463370
850042
752142
373421
333637
984095
172582
697887
157960
301146
544486
563289
541307
920110
904644
185236
694714
427342
781587
204032
119338
620275
557950
260251
499120
881672
838151
298454
158125
177286
121964
523773
699348
592307
331426
615013
720048
241194
243517
717372
885533
781282
972604
943043
484532
606279
697760
780676
838718
403979
73594
180748
607681
702218
437298
378741
652167
767958
350667
431155
849608
677738
609636
565079
837276
880220
587442
377991
643298
601122
618504
479355
775518
205320
46716
260928
80909
644951
664001
635732
687490
84885
94131
940877
859528
427989
398742
348751
221941
721184
319825
779307
704767
816503
451387
473778
464929
936476
452989
481014
246725
552176
944654
4831
125979
478629
888637
485287
839636
71910
264921
613902
844330
148565
121081
614121
409404
139517
353852
968675
477506
885584
395294
68967
593255
673739
188900
251879
716992
766484
794890
617294
679941
903855
553496
283504
887349
883449
6707
757437
61530
811607
791130
639319
807530
135868
576940
786759
827148
519274
170849
435955
190983
965560
16582
354519
920835
660440
721950
915236
928583
635085
76729
291817
459624
47627
891711
172820
678200
392893
23868
870171
401609
568832
499502
534305
852362
267181
193989
191045
502146
163875
754452
474365
154379
541089
59368
361043
202183
875545
340967
667082
382557
169903
968211
56623
228683
150121
506212
799337
535790
180198
634243
598337
618251
688070
50977
575087
656699
395485
816723
668283
32450
481203
930924
76573
986614
627233
90597
646199
620648
306020
678639
128557
754502
97070
193028
360124
647700
139649
494685
79067
961559
872999
436010
156033
44766
237694
591755
523994
820746
337952
381603
30600
544098
840841
23396
776241
53664
400766
424249
160780
737066
625775
160469
80250
111712
753998
440825
342777
958708
130683
784818
674628
838468
339176
569252
80980
642604
371911
591480
820738
400205
377318
369970
426923
634700
48779
220446
892099
93116
859518
419393
496091
882131
831274
348781
923165
157724
965004
197774
345917
288877
4758
906131
68943
362396
872233
853913
81456
985298
333541
27499
462499
899666
380040
628782
636987
334486
103507
922559
739897
85386
761740
497383
619987
450686
789918
583723
12440
736613
211031
653541
515295
577341
675592
266831
15751
69682
155030
235909
466257
784651
298955
357655
362605
560876
977875
114063
331914
272103
391086
76082
553217
949202
408618
549208
817421
763161
583872
873313
32398
272186
733265
269914
945124
216987
695460
243991
100591
126283
714190
99770
810490
151970
486425
160952
613181
412161
477295
358223
959381
775468
599408
433351
557968
313368
419774
139650
524367
438193
469627
508965
85797
417277
819255
490154
373754
575860
316120
753338
774955
182376
178236
533337
789602
901312
489608
866363
583292
682096
928665
323726
524475
647341
346232
870720
299075
954931
953359
209398
744294
587474
435944
986539
911003
799812
470491
222158
506412
814778
227026
359904
267603
431286
13731
413439
974525
460055
255416
324331
793867
151996
698369
684369
464219
973207
406952
20771
118774
857350
757137
432159
985779
900875
698
25299
468215
215219
172124
374946
100051
687421
177124
241404
96271
750699
89131
844898
422799
229518
668936
285470
478293
73778
615265
861020
714400
575383
942303
921240
693653
32060
25423
435617
414857
443630
774004
572700
129649
900703
289306
588719
410344
273451
683678
573425
715218
572610
696536
456991
177793
829207
203727
967603
76557
405127
643131
642990
980151
325165
579430
549341
541226
836354
373871
382142
667833
909418
968224
598544
296161
468185
20136
156180
464848
706325
778634
448409
79117
575766
847853
165166
457561
389432
713012
656079
466526
909334
449821
599095
295627
885866
613779
402249
324571
76314
176540
706824
115601
366836
440769
118590
539336
460621
761045
343369
483902
226364
495579
805368
480193
154311
158347
817198
518074
102364
173396
684688
227066
692087
80647
945544
352628
418490
350198
833520
502266
798168
846865
100722
879199
262793
694522
815452
642243
141361
963518
748272
800265
75046
194625
809447
782613
221261
557907
194553
955083
971698
851816
371870
870055
747867
470844
916827
60996
750825
747706
539458
918696
369736
561675
333269
322979
510174
676510
920892
558103
377687
315098
286082
843131
553488
672727
85421
773405
171539
1042
487097
79054
656986
850614
758916
50477
843928
379902
270281
873723
422584
498661
13877
546605
978639
460085
277938
25578
510384
990631
152880
372126
865398
496816
758424
489741
374510
209632
2848
750010
304393
934829
101123
313712
364347
356883
106056
616934
693840
926145
271128
630582
923212
471263
173201
189645
440991
748834
896654
982814
161192
283725
353166
556052
26791
406216
268644
510722
422256
570267
914130
343265
368855
376995
497768
150668
28732
928946
385412
606864
461798
334723
233520
926087
716810
115068
656730
895920
979412
52871
110000
692259
833899
648741
364592
263469
206195
376110
498447
404543
282483
935572
500113
322614
711182
412188
166390
438631
343910
947455
334930
296099
39782
960602
17828
278339
670313
963973
980909
154806
812841
899986
697828
456968
522762
98193
158975
260525
765978
673701
983032
65292
489170
176770
736538
937372
570627
311763
492616
390800
591132
719188
972215
126828
635343
67462
536424
92610
907103
846375
268398
187819
140240
908315
27736
804097
740042
27687
402811
655283
801952
539008
379517
203051
459992
145833
987132
692909
797055
429928
96574
18717
664619
406001
93266
408630
534097
25306
218922
872751
599909
714703
67571
535962
183343
476262
278495
512970
650053
743069
918887
41852
104962
866904
596410
464973
314275
522828
323430
230965
144689
144578
19265
900487
952008
895000
122126
792680
517199
702563
107149
766727
92245
600231
349735
350388
963603
702963
923353
781335
928941
853453
450618
830379
496984
955349
602793
957206
125469
357525
383097
269095
673001
812792
765677
806457
745708
189461
622337
40889
101672
105265
805638
273945
844671
718335
828251
46750
306298
286206
636441
864930
714022
183926
871892
86530
862858
310084
262613
729144
382937
926677
921165
943465
16823
112614
809129
231229
744219
490994
754629
821267
911018
294738
349142
540150
157795
343147
124308
693023
495899
836445
370288
322072
306670
266554
975551
206221
295237
832906
214232
313132
221974
918893
569020
140808
46528
362702
446870
327664
664890
116349
556306
840245
2567
497832
904237
401500
875272
754743
251515
249857
204591
359123
6826
85056
811578
836887
266886
778987
609758
451041
393413
534854
380173
483701
679873
719660
162937
776122
596511
210583
774817
778763
447523
302118
116483
591613
909223
557238
913914
538674
808681
522195
441940
950055
618165
92515
108114
716313
217286
55514
481670
158704
130991
392687
970256
931429
630912
447495
593107
59240
805833
677421
745176
629494
176556
54309
98227
704820
265367
226480
393001
852444
143351
955123
63930
757212
398759
91297
556676
194479
582317
464952
727419
41686
772367
502876
930979
966452
988671
759358
123378
31949
724418
14647
934502
639016
627587
471099
299738
347826
849003
799196
878866
911546
827695
792904
300818
732540
627400
252109
147738
834966
363329
285784
586957
967653
516893
158107
983343
912314
379000
747565
687781
746670
582456
967528
64592
726091
713865
90785
631283
587424
747863
211807
977305
399833
735033
770302
71779
640113
417312
411407
79768
885277
349402
386725
244044
460158
79355
367352
188807
501166
177233
916605
544988
601704
242798
161752
216628
552849
184344
91234
107045
707724
444766
376211
648525
598518
181220
631335
358167
931391
667622
588421
564530
519254
247523
256476
734274
224768
220
319194
916982
798889
777573
342431
266561
854972
892629
479028
674672
387048
735315
758064
371902
141604
802101
617269
25360
445190
233898
302664
420133
439845
887454
58754
687476
521719
429424
706904
848770
15596
450254
679048
353334
476433
475146
227615
260461
923748
529699
857774
551187
682639
883345
241438
917011
47544
747458
80335
629074
730469
127337
822675
426433
99407
650982
362279
15271
714853
274444
898788
192415
812812
526576
785489
505798
744212
861534
569069
846570
135077
665020
757738
809852
677290
390629
241466
555407
468850
873643
773121
482417
863006
804834
896528
340822
354290
39239
297919
679249
163096
803401
508241
572982
461274
414372
299057
314340
397186
211023
315202
457068
716894
43246
217694
305389
221713
541740
685332
819166
778634
622582
618222
865811
44313
337118
890115
610498
772152
649590
596221
872705
569452
823466
809414
526520
769291
396530
547598
5947
72834
294024
112773
926026
565634
316758
168647
433780
444342
301664
497832
107177
179060
843833
808561
114606
573900
770580
762693
128606
817855
583060
460790
841984
225525
582777
818771
767951
788185
714295
914503
479709
399176
387289
293189
465320
925722
525029
733310
476592
245308
377727
255180
893921
381079
274885
726354
869849
616728
501103
136907
564175
366241
117893
228210
380797
24714
475020
583366
44294
556426
666467
130437
61520
650899
585254
902057
604748
605130
821795
445022
87233
583867
746510
730395
869813
730247
443831
71781
365886
92045
566502
987248
160217
580025
540449
774813
804897
576684
532022
153547
790056
928223
604247
233792
843715
918961
778978
215017
