6625777 425
2005809
4330521
663737
991968
1564207
5915855
3078503
6418402
900149
4266111
3380365
3515719
4603489
1655057
911866
3944697
2949536
1776860
5024128
744319
4219042
384252
2609612
5969667
5066359
5517583
1358725
5004912
3033510
5522539
1238937
6017817
1116282
755859
1274882
6535679
4530548
2121440
5200992
2117877
2547012
4269111
721636
4100166
21940
761756
2895600
3010166
3076003
4330272
1264981
4131248
5534725
1792057
5509600
5322970
5962051
3698463
6353199
5931758
3159912
4612339
3694217
4073858
115748
6602709
5169037
6094094
4330305
1419290
2315388
1223966
6361813
1213263
5549593
2689424
6217652
4332711
6314562
5674998
4779453
2551011
5086865
6309196
5955448
4864383
5070441
552947
3671414
4005161
6513823
2583869
2498960
752484
354821
3523810
2848940
3101237
3785993
2379357
3075485
3149709
2407408
1224650
5513906
756964
5189773
5532011
3195337
1145032
3849610
5283341
4850015
6567642
4613427
4752109
4067324
195801
19856
2510008
1772694
2071354
5385395
5145523
5388922
5640189
4143408
4875398
4310613
4316817
3772000
3612960
3967757
5059462
3361073
6135842
5407910
6185856
904443
1378000
2924018
3420126
3155677
787314
4865796
4472402
1500295
3481101
3746429
3009055
2767738
806204
2628099
4018745
2357573
3931652
4767647
578223
602928
6312723
4547590
3891018
3784323
4006136
3215954
3195764
1454646
3152151
3445735
4200654
1651314
316119
3873885
6070343
5223011
2450962
6014521
5562094
5282424
6502061
2754778
3850829
318001
1321546
4351121
846670
4305125
3555110
5014457
332248
4926788
2848529
5495746
2987736
5814507
3144296
5936995
5257334
2196253
5408089
5805273
2710276
739492
6193344
6316656
5506514
3147425
3805410
1546371
3277022
3324818
6264506
2916388
3414032
6214557
6536403
3736152
1429758
1451006
2836327
1924301
1844521
638507
5370110
1658989
4407646
2336599
4956825
3039916
2821237
3952186
207418
2405373
5099353
4103918
1519393
4004152
3564365
4005560
541097
3038495
870606
1959550
1185806
3713343
2239599
214324
1915298
5820273
3061049
3424374
4489954
4773077
5389268
2085102
2592969
5582410
5577540
4924046
1314547
3469972
1314315
4888893
3729008
818657
908093
1177153
3129991
702430
3039170
1143917
6363519
1296691
631199
1163973
2370507
3696929
3680512
3496846
3753958
6060048
1940357
5175454
3970227
2897626
1793632
3823524
4564261
2929116
5583304
4439272
2265900
3620542
6482888
2731713
5328491
4111287
1646266
3711175
5116572
4012624
896353
1909734
874032
141119
6340786
5329387
2297206
3147245
906605
527330
2612543
4300379
4035794
3757429
1034870
4431062
1255169
3312698
808907
2211582
292127
5881902
743733
1047210
3767797
717363
377192
470591
5461137
5159551
4923426
503258
3314067
5311425
3819942
1445896
6451689
1025761
5222511
3283090
6284020
707677
2569213
3027229
2360883
550046
2204197
5376427
6382865
2880686
4288296
3478251
36318
4140596
5328230
4123865
5693174
4407936
4776670
1961444
15700
5112952
6218552
5296939
1062252
4069450
1807303
4184632
6466814
4015550
5434217
3378233
1039246
2415008
6152812
6474581
733829
4097460
5215208
625006
5713288
5958247
3782648
3478587
3778815
896211
3614332
3375538
530971
2593268
6512070
4707268
5191859
4565805
409098
2771598
2582092
6076342
1332708
5895586
2234272
2206968
3564604
4888096
3431795
2835127
755315
3084153
3195443
2626164
974279
5206565
5691127
4701824
1475765
6614504
4866026
3547463
4750699
5885469
5573491
6121807
5022960
770728
