14 877 46131 1000 998244353
147 161 168 175 248 376 591 637 644 651 683 877 965 986
666 136 136
922 40 40
936 525 525
677 473 473
582 395 395
491 114 114
67 101 101
13 851 851
127 312 312
837 9 9
711 932 932
802 965 965
486 122 122
758 668 668
913 611 611
748 848 848
340 746 746
691 694 694
267 107 107
522 374 374
678 930 930
99 494 494
577 249 249
587 26 26
447 218 218
503 38 38
568 687 687
829 198 198
125 963 963
645 328 328
973 542 542
411 704 704
603 743 743
72 465 465
142 873 873
571 961 961
128 899 899
812 384 384
172 967 967
227 395 395
484 782 782
21 10 10
87 966 966
717 179 179
726 970 970
232 219 219
838 83 83
490 297 297
366 372 372
894 577 577
190 933 933
275 756 756
48 38 38
987 515 515
501 729 729
849 604 604
414 168 168
16 760 760
537 727 727
294 788 788
543 227 227
54 889 889
664 371 371
173 8 8
293 652 652
599 1 1
96 913 913
312 744 744
487 751 751
652 863 863
163 388 388
737 211 211
238 826 826
448 271 271
384 588 588
228 555 555
239 598 598
937 266 266
673 214 214
756 597 597
31 610 610
731 105 105
102 30 30
407 777 777
249 86 86
338 66 66
266 722 722
242 597 597
858 579 579
964 719 719
75 535 535
90 66 66
807 457 457
670 363 363
881 667 667
337 918 918
960 793 793
965 272 272
610 530 530
483 448 448
436 355 355
418 469 469
890 864 864
197 205 205
476 15 15
899 892 892
968 203 203
772 614 614
541 717 717
113 175 175
248 479 479
218 490 490
803 627 627
6 172 172
362 122 122
14 818 818
828 535 535
177 57 57
946 69 69
567 611 611
727 453 453
364 860 860
389 632 632
380 194 194
42 34 34
45 982 982
303 118 118
648 970 970
40 846 846
808 829 829
703 51 51
301 672 672
706 582 582
907 652 652
404 819 819
441 146 146
156 689 689
752 649 649
804 953 953
28 355 355
716 481 481
868 196 196
292 532 532
749 638 638
693 2 2
974 409 409
124 181 181
685 502 502
997 842 842
385 44 44
679 292 292
342 231 231
122 752 752
925 526 526
144 986 986
246 473 473
740 463 463
349 310 310
656 427 427
774 837 837
30 986 986
53 856 856
168 61 61
770 977 977
855 787 787
581 413 413
360 256 256
781 27 27
883 472 472
423 467 467
165 791 791
856 917 917
208 388 388
517 118 118
203 564 564
502 405 405
857 209 209
853 221 221
851 231 231
217 215 215
103 491 491
459 825 825
635 237 237
943 532 532
401 790 790
129 641 641
344 404 404
765 695 695
247 26 26
33 355 355
363 972 972
811 522 522
84 834 834
640 741 741
269 796 796
953 338 338
526 816 816
902 346 346
194 88 88
924 343 343
698 84 84
438 447 447
873 35 35
169 686 686
134 903 903
178 467 467
497 306 306
791 711 711
718 264 264
298 683 683
88 74 74
335 186 186
865 410 410
961 745 745
863 391 391
933 3 3
276 657 657
633 536 536
302 154 154
443 987 987
947 42 42
175 388 388
882 721 721
608 523 523
512 462 462
972 706 706
462 794 794
782 580 580
64 13 13
826 634 634
613 844 844
331 256 256
89 256 256
480 336 336
41 714 714
734 441 441
493 912 912
792 994 994
198 123 123
942 671 671
11 472 472
560 674 674
921 760 760
245 155 155
253 130 130
439 108 108
310 911 911
565 92 92
887 889 889
356 34 34
598 476 476
115 891 891
71 190 190
954 325 325
832 221 221
542 725 725
880 986 986
979 861 861
976 9 9
884 262 262
161 71 71
402 475 475
910 514 514
795 913 913
297 910 910
848 130 130
905 770 770
86 971 971
682 275 275
381 882 882
80 825 825
523 703 703
653 78 78
506 545 545
813 960 960
452 343 343
707 965 965
659 100 100
990 638 638
212 471 471
966 217 217
601 781 781
56 651 651
112 887 887
912 591 591
92 843 843
15 332 332
985 258 258
290 675 675
51 866 866
229 729 729
785 699 699
993 466 466
831 256 256
696 917 917
562 311 311
288 947 947
573 822 822
725 79 79
431 12 12
789 385 385
329 904 904
875 652 652
47 74 74
637 274 274
472 607 607
150 569 569
923 423 423
193 683 683
183 720 720
135 203 203
214 358 358
440 916 916
468 568 568
347 771 771
285 756 756
891 880 880
12 555 555
850 477 477
963 144 144
157 731 731
244 693 693
309 28 28
675 176 176
824 360 360
392 203 203
714 48 48
932 683 683
606 42 42
196 632 632
108 107 107
195 877 877
699 794 794
467 597 597
116 757 757
626 763 763
24 529 529
10 913 913
286 736 736
243 592 592
417 920 920
634 525 525
528 4 4
236 324 324
282 954 954
558 828 828
628 887 887
19 545 545
461 55 55
809 913 913
466 435 435
148 713 713
257 191 191
719 614 614
420 596 596
296 829 829
794 59 59
166 687 687
695 256 256
825 917 917
304 507 507
721 372 372
627 485 485
896 151 151
967 798 798
642 645 645
708 171 171
871 27 27
46 865 865
281 830 830
604 371 371
511 556 556
77 545 545
158 827 827
425 992 992
911 623 623
904 205 205
464 146 146
482 395 395
390 60 60
395 444 444
119 212 212
189 869 869
630 668 668
213 718 718
433 458 458
498 620 620
757 810 810
529 785 785
85 459 459
258 650 650
350 845 845
306 337 337
870 550 550
260 748 748
686 319 319
688 30 30
147 127 127
516 231 231
261 614 614
187 402 402
136 762 762
291 66 66
254 465 465
454 175 175
570 67 67
409 492 492
176 756 756
916 797 797
474 725 725
713 835 835
410 798 798
305 701 701
259 73 73
174 624 624
684 117 117
539 793 793
531 959 959
761 19 19
76 33 33
722 837 837
422 742 742
513 740 740
931 42 42
920 704 704
844 879 879
647 719 719
250 670 670
915 804 804
419 684 684
442 626 626
457 120 120
273 904 904
929 520 520
403 291 291
692 681 681
171 484 484
733 855 855
588 570 570
650 122 122
771 318 318
430 531 531
622 588 588
326 995 995
351 752 752
0 105 105
760 505 505
220 598 598
137 978 978
68 389 389
226 691 691
996 785 785
956 467 467
210 749 749
750 166 166
643 148 148
636 365 365
767 447 447
995 612 612
207 790 790
930 329 329
117 865 865
662 906 906
669 236 236
179 266 266
521 203 203
504 295 295
38 421 421
396 120 120
644 276 276
348 852 852
372 615 615
307 85 85
211 197 197
998 788 788
790 320 320
549 351 351
278 878 878
730 970 970
95 244 244
928 580 580
365 51 51
97 110 110
377 821 821
655 671 671
939 374 374
160 881 881
104 792 792
926 128 128
888 38 38
283 858 858
783 553 553
602 652 652
465 812 812
941 909 909
614 181 181
332 641 641
665 18 18
984 534 534
17 252 252
658 769 769
779 387 387
78 559 559
83 865 865
977 93 93
982 611 611
862 776 776
893 330 330
450 881 881
709 955 955
594 396 396
754 775 775
205 922 922
845 202 202
311 133 133
313 373 373
138 757 757
600 241 241
898 217 217
22 130 130
234 907 907
822 989 989
361 41 41
955 976 976
584 709 709
552 917 917
747 938 938
146 977 977
428 429 429
199 802 802
416 311 311
327 842 842
980 207 207
671 847 847
324 810 810
180 64 64
554 685 685
325 23 23
839 224 224
806 43 43
334 969 969
821 482 482
225 149 149
330 688 688
378 9 9
778 284 284
715 524 524
814 293 293
877 843 843
206 632 632
279 46 46
233 90 90
82 720 720
32 771 771
453 941 941
843 851 851
437 91 91
319 937 937
889 936 936
823 540 540
578 667 667
44 257 257
934 515 515
145 660 660
58 508 508
787 359 359
353 612 612
65 303 303
74 581 581
264 846 846
618 44 44
149 110 110
854 332 332
906 425 425
654 147 147
451 151 151
463 720 720
533 734 734
219 586 586
745 470 470
375 241 241
991 397 397
569 506 506
874 615 615
555 742 742
456 854 854
869 803 803
741 952 952
188 185 185
580 908 908
949 947 947
488 701 701
700 470 470
768 551 551
209 844 844
317 792 792
847 998 998
988 560 560
432 30 30
130 540 540
424 717 717
786 938 938
793 806 806
553 497 497
60 848 848
224 388 388
999 52 52
394 128 128
256 24 24
566 41 41
525 728 728
151 987 987
816 723 723
153 629 629
509 330 330
796 731 731
612 100 100
743 790 790
373 420 420
159 149 149
950 258 258
235 907 907
663 493 493
333 856 856
495 532 532
299 913 913
477 760 760
729 852 852
315 616 616
897 890 890
458 826 826
27 824 824
805 948 948
133 642 642
992 158 158
316 278 278
1 336 336
111 832 832
473 696 696
140 915 915
359 640 640
830 385 385
126 545 545
621 619 619
536 467 467
320 252 252
412 986 986
2 440 440
445 159 159
651 577 577
346 467 467
948 515 515
901 138 138
819 615 615
572 447 447
547 661 661
736 295 295
938 736 736
308 155 155
500 436 436
723 330 330
751 862 862
668 488 488
43 714 714
354 133 133
446 948 948
885 674 674
744 320 320
609 78 78
970 708 708
369 440 440
216 461 461
859 10 10
295 170 170
107 450 450
37 598 598
223 23 23
5 117 117
983 456 456
508 493 493
69 202 202
632 365 365
540 652 652
797 398 398
314 973 973
914 281 281
605 413 413
867 30 30
917 148 148
593 652 652
817 945 945
864 707 707
951 738 738
300 487 487
29 408 408
109 845 845
192 507 507
697 410 410
690 211 211
680 183 183
237 413 413
376 612 612
289 461 461
515 899 899
413 714 714
524 971 971
815 65 65
379 57 57
971 628 628
852 657 657
62 80 80
93 968 968
202 574 574
534 899 899
252 234 234
836 360 360
687 252 252
661 129 129
343 680 680
455 941 941
944 665 665
945 339 339
895 966 966
141 51 51
241 629 629
704 307 307
274 482 482
908 46 46
170 343 343
271 561 561
106 161 161
766 910 910
892 466 466
788 978 978
777 610 610
470 853 853
518 403 403
221 676 676
530 413 413
489 352 352
994 791 791
535 130 130
660 543 543
507 304 304
683 954 954
616 877 877
834 348 348
981 579 579
861 774 774
705 62 62
494 584 584
471 167 167
105 271 271
631 195 195
191 592 592
595 741 741
759 619 619
36 360 360
184 619 619
118 126 126
400 561 561
91 375 375
576 752 752
280 842 842
667 870 870
26 500 500
268 687 687
866 493 493
287 573 573
900 148 148
799 162 162
39 415 415
762 73 73
8 71 71
393 501 501
444 311 311
556 475 475
551 748 748
152 39 39
975 170 170
167 224 224
318 240 240
989 441 441
724 813 813
215 118 118
371 310 310
780 935 935
962 683 683
909 706 706
70 191 191
358 187 187
592 698 698
732 807 807
519 395 395
583 315 315
579 215 215
20 819 819
25 188 188
639 590 590
617 58 58
406 615 615
557 684 684
586 868 868
143 392 392
339 280 280
368 328 328
638 674 674
918 682 682
322 30 30
200 617 617
121 452 452
397 588 588
545 654 654
959 807 807
52 429 429
323 32 32
35 133 133
357 157 157
222 549 549
755 374 374
162 526 526
689 195 195
499 972 972
391 317 317
321 945 945
860 178 178
98 46 46
798 765 765
370 247 247
514 383 383
251 868 868
496 969 969
738 354 354
927 179 179
460 53 53
596 311 311
776 668 668
876 885 885
769 498 498
952 209 209
479 289 289
387 437 437
763 13 13
94 582 582
434 988 988
114 742 742
833 336 336
739 743 743
328 4 4
204 599 599
155 737 737
986 688 688
735 674 674
590 665 665
728 759 759
429 92 92
548 626 626
23 986 986
415 826 826
270 261 261
564 183 183
527 27 27
405 396 396
139 176 176
978 450 450
775 298 298
231 765 765
800 310 310
478 235 235
835 352 352
382 837 837
746 105 105
585 594 594
345 990 990
255 638 638
674 194 194
958 313 313
