98 79 86 100 998244353
55 60 68 63 38 39 82 46 11 14 97 98 23 22 6 23 21 21 33 66 68 26 92 42 71 64 14 25 95 66 15 60 84 53 24 19 33 29 52 81 80 91 56 69 0 98 55 91 22 92 7 71 95 77 96 48 34 95 60 60 0 86 33 83 48 31 24 4 9 28 53 70 17 43 9 78 12 95 71 64 93 22 87 34 9 34 27 44 12 79 0 54 22 53 48 49 64 83
51 66 100
50 11 83
47 65 84
21 73 92
25 58 87
93 16 96
31 77 87
74 27 27
83 28 56
95 30 45
19 41 98
15 14 92
73 11 72
78 64 80
86 38 72
57 11 54
87 28 80
85 21 91
61 48 70
80 48 94
7 43 66
14 11 18
5 55 97
35 8 60
42 19 59
36 20 57
0 65 79
41 88 100
30 70 100
96 1 75
20 57 81
18 20 68
67 64 96
94 38 62
4 29 75
28 21 36
12 8 58
88 32 36
16 32 41
62 1 3
92 73 88
48 51 70
71 27 44
81 54 65
89 29 99
72 25 51
64 40 68
66 4 90
84 55 78
32 10 52
75 84 100
39 27 61
29 0 4
76 36 85
13 6 67
34 29 57
11 22 47
58 0 7
70 60 70
91 51 63
23 45 91
82 69 74
69 7 61
26 16 32
24 50 60
53 50 57
55 11 50
77 12 46
46 26 82
6 13 78
99 4 34
98 17 75
38 34 99
10 35 83
90 68 85
8 39 73
1 10 26
17 22 83
60 40 55
