431 10 2148 94152 17
70391 24759 88960 10019 821 71372 75995 8457 21409 63444 89974 49511 23966 75470 35830 67626 76536 29247 21665 60585 62107 29866 66360 71742 95060 18939 98854 57319 51315 24327 8787 62098 27875 30070 97132 22869 68080 16795 68238 71910 71511 65645 74385 47429 51374 47861 8211 82194 37614 39802 57641 14084 77923 77020 11421 98700 85846 90759 45559 78948 75168 46269 50242 94348 38912 18869 10315 20339 54192 88063 43444 93563 88487 17929 16171 75559 88743 89281 78730 6345 43034 9164 6693 49388 45018 58262 47560 73208 28782 98981 15066 13527 56308 27032 59336 81630 38200 96459 5979 12493 72115 25997 79466 8302 28733 9292 46215 30220 62437 42947 43962 71121 82095 85577 63423 76900 43130 24839 44679 83057 60928 6106 61476 33767 24161 4755 41103 80428 45430 17938 45613 71696 64544 66035 84931 11594 58252 65675 49432 880 78621 4600 25041 35866 84792 66754 28826 60359 98182 86334 4332 89431 3230 36936 98505 75911 78246 32315 66141 11931 79067 967 28180 11321 42275 10750 40115 20722 34933 5597 1944 93149 71218 13263 85151 53827 5202 92497 61344 60911 92337 44582 44238 77909 63311 94368 76704 36057 30325 65575 31987 22528 717 47159 84002 92579 63640 9999 23329 22026 39070 75493 4710 54078 97582 18219 31685 22895 20558 53882 9105 41616 60638 30 40144 10225 96705 97178 47052 27948 20019 39250 47548 94130 91072 91966 24276 16205 48901 78873 449 67731 36950 41827 63815 92338 60233 20339 35078 99399 83583 18316 70969 14079 59533 23795 93391 3225 5652 75040 33932 40457 33104 43147 68728 46246 31133 5733 65907 36137 54408 6642 21022 38376 25498 47452 91347 55334 64412 52779 45957 88126 38761 66062 43472 96729 3438 80269 22879 67449 37198 34086 69456 92131 94288 77115 82656 80423 32557 42425 92063 42397 32234 89482 81041 33441 4948 76042 87057 87860 6077 98686 92042 4361 23677 21663 13650 49933 81279 90597 98252 71046 93850 80344 58691 99106 80053 85536 57422 31115 95718 12330 90696 36640 48025 24571 79414 68065 32679 12933 46238 34228 10758 18447 39949 43340 63273 95335 56348 31837 18573 23516 87741 32971 40700 52226 33432 68954 63254 35779 24377 46784 1981 30811 34861 81957 28685 401 38366 91097 25699 19845 45878 50789 68016 19209 68737 81750 69072 94226 34108 77548 85207 32375 41144 43341 36979 28311 81346 52329 48475 80153 6757 42117 65669 84122 67774 96112 27411 22198 5944 52594 3942 8948 3681 56833 96280 44767 90300 81720 35481 51571 43817 58821 33061 33447 98077 1308 58762 96539 47956 1826 90430 22144 78496 5871 48220 30741 21889 61070 22722 72614 51602 57970 80034 74200 68211 38983 38810 48558 75159
34158 52330 80756
33700 14506 85668
77150 38989 68328
48599 554 44369
16750 58338 83862
80926 20636 74846
37433 2447 52712
93484 39263 71894
46282 44057 64040
28422 55773 89971
