330 2008 118710 999766478 65537
530955452 200549568 668567827 192722133 507706394 756532719 998415012 237879346 144510870 862959902 735845522 198949680 832917289 52044705 731996451 256570723 896703228 981357151 583776802 754329763 737585565 62068197 754108708 897556633 31642353 925045938 709278172 685145328 169006198 175805709 357289358 364547254 217144017 244475078 650733871 602427709 317084929 300871535 197095052 44376908 59679385 660737376 625715902 892199927 496061751 907735766 272840476 798654292 881314729 517583228 706626136 14824159 150334431 547394269 87534283 500135321 324587701 412487512 398908636 56872618 24088360 194185143 947708815 424685368 98505105 18443164 565411528 305864560 791468241 920550629 391100826 654629348 782624335 134463606 197983621 353274115 127899314 917254409 154903090 505273900 773428367 119472617 550592310 204083735 754894112 43236835 608480989 596104338 361480180 161787690 832261866 437737657 33613782 835425613 916044024 477019657 327786505 985462397 853804118 771566854 519209181 916895947 345170839 77612466 306690826 289022588 59978460 955702133 626641186 392324303 937042917 174913670 314206173 152081697 821903654 738432398 869844641 204024555 507566515 273401550 673825823 835835542 335314154 748292522 65984587 139043816 552181876 455892540 729401040 121947710 621442829 355884151 10099695 847835093 283957139 552927359 405174804 279807497 426418660 294921112 712975923 304609527 235709934 386848142 794396144 721240408 2411712 347148823 85032047 259719363 486340713 600884231 701569029 139360621 116922031 541628019 794211440 264838946 249366861 902852827 731735119 980612462 615384335 378050305 318076322 796147930 454155138 198981945 594790613 798825994 238089282 154877376 643089166 424615662 336668553 217869045 135688829 246141866 258577471 999578364 232415736 769081223 744167361 882414232 817181367 160610430 941115813 510995943 874013037 341537630 768326371 670277066 386777462 537349347 700445771 783578115 493852795 172968551 548053972 827974246 578760241 631360449 757213001 701999032 395884990 49552648 227806182 876265447 708870830 443467261 970358596 7229273 73227299 593869989 455525269 550945419 479775947 27077735 717467116 597322222 225596279 644132865 156647778 146141086 141942520 51588123 478963400 958568807 994808601 497412722 380244819 388848505 620085547 74125619 432838589 123829007 537220702 200064621 553113400 994229548 363295994 369879560 937785918 96967792 176534406 97896435 177606174 223236386 709311873 606612492 262114445 949258182 311233848 992352534 764135100 162411576 854729059 732802154 430839302 438618054 516243219 976640106 507129671 534409755 58311814 723239907 168819836 846936802 28551367 790543959 976951002 334578291 41476760 643806777 949806861 249965537 562996208 109889581 295390285 341952604 879640851 492726686 484536280 919343210 374267265 426518271 615510360 736068931 187608593 280926539 681532286 23113923 432161556 348380668 75928173 317555699 1397505 645629959 146788286 603819645 72444367 666957907 775980489 422078170 942620480 620190887 234736584 822555616 706593797 615517983 177302905 61098370 714139811 736939006 269745920 582665598 725659536 805878205 384402138 271452179 190678648 24002608 452650647 223033857 36795885 148503177 776483127 199372631 664209383 589007349
231955710 247267517 504623489
721773835 133315589 377310311
16946487 594286379 816568519
727162100 963217566 965094195
794641519 118368225 321997861
405579776 830557023 898130718
135116042 232457111 442826108
218873497 150900740 245531916
518375272 742094201 894337924
552481604 408881429 673977364
139638342 93371674 102172801
158940392 142812737 675536227
432808708 515371226 641283396
271618361 149747429 504605577
363954595 485952216 646215898
455355798 249404019 493211355
168873940 18541370 20553333
150836106 446175883 905700537
801236422 223939046 364880649
497328395 34768672 933941352
922190181 525552693 818673166
625743187 443896346 863022559
325653314 245509146 791183901
110923723 752644811 758412442
869072896 739019 62921457
192384160 369536279 633962171
625877365 38910433 257514371
903799649 242504638 438003752
641441724 12778853 18709845
498576611 322587816 607531954
983890335 957292008 984034313
600258696 203121351 879824438
456252791 6627956 26904562
70119514 501753873 536787861
370747350 407381142 594034233
266844347 644459659 842975353
958295211 916621024 967758278
672641907 24657093 896900916
238655061 296616698 758429662
788139743 183007300 941928256
230554580 92367030 979821669
466599619 234288079 273942947
376269837 25914325 58882780
675284999 433083324 912107107
94963593 617695938 838186860
534800420 206996034 873704902
344713905 713580126 729813642
804321904 290192365 746335738
939780606 30606128 676089568
263274141 731396811 985715181
296984254 7715320 892955608
860232341 255425629 869130150
146260242 19045221 26465580
659623261 385974393 668447575
463092387 346115624 654808551
527872577 176186724 731547608
533916874 107033043 660675727
926769345 40726510 589717923
358458062 136280843 163829052
105570318 793249053 964274822
235962173 323042952 635841077
568713386 320128447 612552610
238149592 181657742 746854648
863336323 197714548 307306199
231262270 717557382 945824098
537145264 408966204 936288660
224166737 145704612 490158997
334942547 856513937 864749048
798146217 335287904 515416410
221070972 937401428 958969663
642516140 642974642 690739017
827050550 202980028 981579943
949209721 354855703 693922112
279744829 585163473 843219590
510737984 68484322 155106083
974599969 123369941 641891752
499223343 100497728 426340503
339241034 322667324 527730338
960688402 12845108 79674697
214493849 748746221 995563473
276309234 629391445 905630966
516262897 213120841 504167998
978757764 830461714 939942166
439572097 121434355 697692628
753328942 63966910 315602212
723645664 659654740 905361320
313841459 7428277 931188176
238962590 64580409 527620941
591432800 181240541 427940330
466691879 112432504 116005333
353949121 1656886 200605701
117880129 123564551 793673635
803610028 29023956 610394403
780903006 2205071 254321650
116306435 230776403 817524239
596792678 55997052 88265841
734515724 177801124 303473100
271964772 377918757 954525763
694510257 169454512 446689598
65373483 238729247 249839715
120164269 112925364 312175151
657224156 123028008 510524811
260534599 160805237 449067532
106436265 134165920 223543477
777033532 451511850 894258686
799464136 80098981 667795562
508415491 6142380 649372554
214530866 251062022 584900011
302352347 491019907 566634586
690880275 363995412 790776631
251849174 245538266 807570391
627251771 823103129 879365076
346144243 147821849 412532972
916671234 28370849 333583406
264056177 470185065 746928477
772904393 9822716 897977655
129433280 302090600 732700059
692375447 295301173 583341593
35915972 376244415 915914867
222740920 443580999 647090197
81923348 233342454 325505971
109872390 363756829 768822632
78066813 362966603 659201822
52765060 219538148 458288342
10757467 190125381 355727033
116341406 884821957 940524669
832000898 659858116 769812965
342737327 138680801 722409614
921919388 216853352 364225784
654682118 723709094 994136757
144320191 330424862 606503848
700402044 210123596 473736434
307377098 312365495 856629075
981487667 613788461 795307499
67325799 162495605 991952934
675359841 25635463 806894043
767272789 766583736 855990498
263044022 466328590 958827237
623180528 419833934 953841013
987129917 266905419 331029769
761348005 709435028 763858593
894021672 226812373 433905942
24862574 285711295 782319835
731215642 73908637 446779294
250542166 275387178 565819217
781423361 449997445 994916601
555368655 140440016 208270414
809283312 574045688 872894504
556559704 107361122 778819455
660726243 606115189 956549582
391069853 145588569 909564700
981574568 897820091 922032207
41584833 66245465 698108639
778245894 549315609 746395210
225035055 164117656 860343687
614828107 386844458 548296671
233625788 517003968 554571860
75333260 47260424 919573541
642603195 272456001 853500484
282475603 8226527 457067893
745314324 222476876 227443005
593754283 186352561 688777067
439479647 454727085 722851534
599665544 640857424 983270414
169220443 42722784 761806048
208009664 54665692 215678540
849947661 380555597 694265151
712086215 252361077 429146838
915951898 341553760 843462532
609895507 374454027 798684762
630836864 389523498 908319168
729693833 22708547 430458106
921813084 317183980 843139556
933592513 598462747 975391531
984810476 521350807 958155674
482549810 443083721 493037994
688738042 315071207 463560658
681568829 246372439 672965444
208380840 116852889 291084117
478295022 786104259 980213970
950281390 591355724 714585849
352211 32782027 486144883
643720184 533170516 673049376
441733904 128787804 257644667
893871838 242351819 784276585
304294228 525321289 999048003
136050522 625121561 748063568
209303166 66285185 203487005
76073744 79768351 843945799
5733907 313007299 882128807
813886930 569356275 613050024
629415299 310406603 859325657
418144050 144761815 537493135
913287633 553115556 734073153
135735943 848058967 856180460
646195292 26204063 100320116
962776698 538510873 546993984
690941514 340147544 553638459
439251278 232891262 875043617
28511793 111274256 734631251
217685225 248507233 370786914
327897060 22059996 512560375
621208252 359874566 669756667
398721916 32879046 142507623
66646840 13524135 667681310
103307453 243859321 978261355
164279724 73671364 651809936
265237565 664109961 985370675
790708470 498047032 704087837
190343104 281119642 728888265
881786599 128679227 408906251
931038940 219790905 892123401
323930236 415901192 765845212
717154649 583030046 922381066
180030073 780921387 990570313
780007367 716025331 951964931
69705535 16240450 340082711
945112573 44425873 609998637
946873785 799313153 806134900
50456496 403700743 843588574
825079941 108942044 789643450
564562952 232189808 452547291
284677796 215571287 844776860
145096745 240547372 312090979
273393746 517930467 754270169
504403980 132595289 236357077
920308355 437162901 982295193
203154740 512848320 950393842
265915034 42819390 664260008
188856344 102688212 591366544
776992303 12734128 383738536
948237628 140513803 628056505
782213605 602756198 707109032
744597518 24370047 879085812
668614259 166386736 765953694
491846789 210503439 726590555
409604247 23925133 738804957
104444961 93177222 662209424
973196947 387755708 575856625
640378679 63141300 398935531
903094307 601004084 946863776
785963598 138347685 184480515
912338243 392022688 465544708
964815599 840257288 977872473
164036994 93074924 728234311
349891718 923702553 997370830
712644706 139379811 468727992
446871058 298554787 521820174
792111278 570196317 978893477
706431832 519137927 760750798
621696145 655961019 739575207
72017308 52227895 254561052
401764163 60791440 423619464
572030370 744216877 895245738
913855548 286125168 514241789
891224496 176604302 773641361
316889648 646730010 722675202
696448536 237067065 942286831
219421697 491414477 890587816
225854492 396053259 967079242
697149133 698057893 945629642
539901926 600569561 643683329
124046719 125916770 398014618
119724433 651756381 954670449
772443777 392707967 394122039
259982116 308737904 787811215
186049552 788538 524495969
133119637 780662363 859448199
526345964 93080182 771321790
879564319 429506626 690225426
615517962 356508716 423907013
799759851 187534063 975513054
371454263 781786909 919615671
404263600 481485693 638294821
157343949 530690856 551372071
637990598 370294343 403640222
223619851 120239181 286075185
82197522 52262266 292941145
183228338 98117490 161671275
195468709 498072360 899798661
424884225 184027110 529999644
406197446 20195557 996866650
581324576 51877783 582850556
552706845 358486883 474299746
328204041 597218078 925397424
56590298 339243980 921788168
686375079 250159632 722978777
483740241 35437443 464421804
672558839 136324787 621087592
902299496 696216516 957418279
732326484 419503555 933777084
443301494 438543794 559232387
278039041 58033157 949416489
491243066 574754362 620679136
35453010 20968353 33657215
808718487 145090026 297070338
670910027 171823419 792914954
478376240 720095347 975981037
496193252 515802044 679286685
516670934 15960370 682160461
323047803 124043958 648928475
886220720 463269672 686785645
277271670 102594259 163322653
817259013 882434776 955720222
515127988 16292586 32713241
949086948 44552884 289746547
303459572 206028216 838277960
198175394 505984280 544093476
882217305 221192777 800279365
204472033 375665121 668915322
400528462 306196506 926987611
796250320 42205741 566058891
560391206 279520723 373450050
218875435 231839418 932125324
243573133 773643820 966402740
767954613 554439042 711132526
548040230 155830675 302093856
580291566 59591229 697394073
596786471 219374594 449296049
246614145 139980726 560108759
493799515 294700436 922078962
904260301 347968749 384356087
44790393 342772666 761338805
772536657 409875189 531955985
948806238 145932062 668452183
139640228 400423098 437523455
925513107 190143702 311594227
97613951 59129456 563300020
986754702 21616251 792538069
360350906 248749094 731133089
116409592 103654911 973860720
736183154 281104397 764457844
80925287 300845522 835325964
552561296 611487071 624390798
773479963 333349809 981023893
240949352 142964425 587513187
921938003 29222296 157159902
462496824 145075366 977111801
113077397 33448347 70456773
723597065 524142874 989428434
666381374 302650590 879476429
141530102 573389499 670128470
46180687 210407783 831565085
48660877 363962710 670212416
378975795 72873627 220714987
436752944 146589099 868866454
375211218 87179976 892796643
315058456 216802600 477521785
32528068 590849599 917659438
423429261 330011271 628884192
138043045 321663061 578050955
932219359 385668801 567527838
321013643 206508299 618622018
143148699 785007043 857806256
926574449 611424634 840888690
356442078 473362345 527167853
34278474 563496205 989504850
254627819 42514668 881471127
346272472 501289153 990456943
167946719 543447864 660258324
990095423 31543245 99410923
284844969 74888203 281669154
177612273 375864867 947940918
627768893 34905380 867588683
192130803 901511508 972091048
419624352 711872619 909735563
778038163 913567092 943186884
245013506 249028440 473975919
228141050 626392640 707152582
846432713 363592997 901686166
641787897 96272032 919323672
18396686 509882395 790728578
331726860 102749545 224586999
356215686 217590790 589128712
142614748 679168014 728715646
296640363 128639229 900664386
797834987 404358928 654220627
125478383 370426267 964341786
155210126 95011968 685271773
926693630 905249257 948591533
289569037 335410908 487420175
18500180 492666492 847276769
635618282 18493789 777626471
722845390 3621497 255920021
176055372 520110593 585158340
193341138 407075235 985604902
97446012 458799654 985436973
446151936 250126753 889119595
924479418 219179044 762297224
267822560 329913876 569546622
850043760 302290531 645825079
665982766 397480815 658755711
770173487 72881698 943873093
919457532 109735479 929687460
89296215 149242040 692803789
143026091 196259627 479478498
874076631 133665861 342975045
997178424 38254623 123900921
78877499 936156323 938516731
142141472 258561839 833226375
400677546 402422809 934870351
976222782 485497435 812988529
362136835 127108792 498693642
459053334 221225352 596218962
768574731 530058330 566195074
41486776 501750817 783232971
941085733 638793374 762128562
302871296 657774323 789982357
670082729 680496487 828962611
451091700 14437445 682520709
860805698 178332750 826153201
710437321 465512165 818035694
421481523 138328307 151338357
206972669 93126510 362269452
178932693 361625829 885397272
396486693 392994141 563884009
780766989 9625752 751326586
45414761 113771145 348274730
424971129 219634582 365348207
819557646 236902277 791781419
174592532 121576406 671356837
172787509 678192180 979097058
906989997 618665779 998270424
781931643 544056951 783676079
890226529 106270636 814555263
101791763 487147307 510292187
27628379 78787531 254779269
21254047 981019524 997722079
174300706 631663471 990346951
557245354 599265249 865456177
996098987 526563566 952258643
73285684 182097484 409808227
855182107 248172704 336919168
83697408 301243550 602418867
348996043 44462326 910169786
580540935 97824636 951079683
561114384 310202331 760956556
532419869 52177841 217295775
672902407 10939465 92467093
687069426 552761109 878004349
199293429 127577722 952593037
159758084 201123940 681452799
571848092 55000362 385813530
506617990 341953252 711560678
966126621 337784188 493821134
877409025 254537725 937433107
530693675 230549413 390092090
589918897 206212058 738864920
763520434 64436443 950262592
411015641 94507837 237694088
753175401 137900864 528259292
299008883 174903905 591871513
827178158 421844150 485430232
564929737 38736279 342858399
831941349 469207728 477399883
456085670 729247643 781534899
320996770 3470793 562300767
924564937 113370652 518765149
820327439 470751368 780186562
35414337 509015139 560967501
712218515 547370522 922665578
751938498 87453249 126990036
427025757 112515865 316984749
577880177 586927966 629394482
971779511 105686949 818233136
275654459 658991514 910529007
267848565 112781124 303575512
464478314 444972406 830290130
288293897 708191801 884028180
971782689 93374637 990979050
468455638 263449039 324912836
86721456 23085342 744442654
471880547 145876667 852403179
472461261 618356054 624171854
890970790 395259778 825170303
950466438 45615632 101672530
801193752 496637406 886707426
513622607 36296759 471318119
342329051 334520935 989980120
332309641 333048324 905114623
314494399 337538481 512406336
581390220 59778185 421373820
343674201 313732641 901558220
529495116 76220309 678800729
580884998 161713030 643399950
127517621 111726927 838361291
137525031 312990294 983582596
48413059 418484065 784093510
758241955 102569483 127676184
149426107 371480874 601942715
147053241 204877885 822196211
807904574 524346659 700711901
254538122 359645981 912240337
7344609 518053998 970580680
764050394 529194760 557687197
100095223 546726515 945147678
129769992 123312740 610003052
140827198 645791074 879038185
10645351 257104330 436138301
398384558 551115464 602123207
996507294 728000416 941523213
918420347 177245715 306557429
703964933 963117561 998025441
949533076 681220920 851869786
50028462 165768385 321285462
776136664 110947543 150902368
296652370 12236839 332141919
411327579 54627836 934798111
121254728 34152763 113771134
703932767 254658248 696670302
74230407 436162097 504597283
509889330 133054537 385261260
436351228 582648357 585572447
141246654 680557268 931166394
951427063 135484284 379836533
161685254 271519338 491787861
608620850 99621220 398997845
278934783 180588167 494670422
934461115 251757350 653792145
521599233 81930369 272059628
682211544 260063285 913610814
144058981 199645312 927003697
132472220 531462557 677681907
661635801 103846248 500162482
355777509 573319320 687497325
420962928 7895482 590178564
470992548 138293738 532123582
436307105 164420177 886402055
361136795 477023153 561107494
785232207 29808090 797145658
542579734 300577012 449235806
471811262 207664364 993650149
304934646 407249283 731473959
799729704 200888185 282814393
853364114 17506493 99159002
138919065 451085566 735744695
738615391 286253542 800126759
37206433 344273309 630619028
274902944 385316939 507132203
599807369 211631050 995704757
113862872 423832109 747855053
969957235 442346744 549244726
771716153 120773037 547557014
939572907 292309774 933792519
246390728 545172763 978006557
899979109 592655767 964218932
729852571 39960317 963760901
860650436 385343094 998566170
758359697 76264419 442213171
82747730 144523956 775060870
57227203 85668157 939071580
546708641 70087370 126710338
220576827 344287543 632826455
79757854 519153792 850540543
137799760 38473012 136795099
505265098 29477494 170152451
688120772 32249589 803616674
414337419 31515689 959156390
357211157 72089448 303204518
96263891 240282373 915560810
162729382 347331242 477897307
234371273 427354626 954047339
925363236 58797392 580603285
71751267 15881744 425005398
971521276 273230282 583954716
489262594 532568104 794138164
173026779 326722573 385226790
169458460 326375181 779577031
505555466 224779838 634655755
327140465 420571677 695538665
41362799 715421925 968299248
817105010 622917878 779466349
5717076 397660382 950720299
312066473 210046326 516022619
499817873 62515515 213411176
71777432 736686890 825716094
126391082 127781423 996380663
784488240 192747088 482028424
874489361 100068988 440862013
951766533 30832752 686159829
952289311 73823677 913632456
740518917 481074815 767759869
131701288 24717419 510923728
110643088 214279591 411228526
89026138 109351441 712977864
498844379 586875710 720410499
338463653 151905834 288165247
375667961 321796178 778783828
350059819 391034312 475810092
175684109 635109325 699381590
227020191 255728116 495866465
931420265 464234233 836215975
231644050 270990396 468503012
123116146 506982490 820843753
254446578 101652424 767810446
861160692 687543107 947769829
949602153 164134317 499902168
228500603 248523080 432456824
338388309 43036125 491017053
731071112 144958839 563389057
789206288 10832050 374555210
332665159 31275771 357039895
717408379 27198051 213881620
918527919 300663903 305215685
814085280 131200112 264709384
875602269 554230507 857425558
690814638 233850911 974085334
967040258 103509259 270559928
40613098 41036386 142505697
662680707 919672322 978819513
892381419 317324499 832694397
782031963 695503203 711860371
207373563 328453232 649455176
646414529 394748588 815903021
553065070 149111509 456880477
644782130 93623733 216670414
512412235 860124143 875037341
53673464 107178520 178196606
749353610 188197480 704167361
77688886 21885593 691018950
430481006 441165488 878088608
977300073 371963085 575584102
448354450 589627580 654043551
649002263 129710108 490984718
186279988 321008474 999426824
352036504 693245639 834050664
863545221 385092767 702559503
523829823 10341430 283136833
162923342 720104619 764050881
242540950 221079164 697205360
192144210 965323064 987135108
812930884 593527691 719797961
955720843 407260077 941624690
962696720 21273257 86151379
145774598 235829661 978206119
347148881 448073465 957769136
71297413 297663518 857919972
486934626 510575905 626632213
158553999 458765162 743595778
35969249 859882084 890613181
74012896 367731710 703659400
636768686 307084054 729204645
250487559 696822216 965597478
850367504 448983485 663248328
146413017 373745048 893841609
690269514 126348807 334146276
516281454 799044507 942422900
842567865 48284944 421325961
808986233 2779405 850406818
408830267 162835507 321723991
297392058 639514969 787566118
642510016 29304499 702034774
727057670 274484647 528361745
154509438 681068489 965538589
819374389 541219278 823457320
849672782 47852567 529879401
577982967 279105948 873880528
973265333 446091113 823251852
522215760 57287420 256639835
681890047 130309162 438032762
935770144 31432894 283432108
39227098 243672905 853677319
835748545 85793111 542920516
599479701 71845397 669972877
263444688 188040719 808986869
419865170 20991323 407922307
858620046 75648943 402997158
305531151 60755075 696362869
228150619 596264460 598462092
308200964 438064396 559761745
966443793 288357128 454133117
44721545 274426966 475003775
77848787 574781134 832166351
864909549 138814341 731027504
391246174 711829073 823180556
830144098 3367033 480077607
693474128 38888216 141661477
63905109 293673055 545348025
726200194 402578054 859217227
767851153 67227136 337752328
34559721 942278798 977064468
978252769 444149029 637595084
434163413 268749393 495224141
263132485 44218539 921994216
494463521 254832365 360488457
198692205 7988359 612592068
627270318 86002166 957888969
907101699 109434952 556302872
461177283 490720557 862904145
72390964 444960227 520068672
103331889 898537424 900526456
15040286 338880821 531754719
14373177 365469564 722738654
49335478 768830451 827478561
931337393 825958180 847932636
430106306 177037269 960484062
841600131 56964302 684234963
24476705 131817629 599687551
576294835 529803718 534108258
295616328 161416215 592406857
356910995 256032338 371899701
312168023 76251872 238338365
88547817 155251099 728209761
562986310 250322219 954022719
842333138 427826501 440902950
820345341 230147505 354408087
670438237 253492689 905581399
972663077 112042235 459006396
860442283 50689344 403209358
174021780 416446637 824400471
343596420 27105044 946425704
975709799 28802953 162602508
770991618 11324639 25534011
646668264 770739708 983262449
881447835 534690135 625500655
338104414 108268159 276969397
574847276 606128178 664232489
640921771 3530106 648115976
265485381 461856007 597520253
945311655 94486643 809889213
281473991 786086544 855027173
183871266 27335316 601367654
910131008 333074352 750189286
306980122 729833226 921588178
577242582 287931 695377703
222175507 7561660 932134932
799718008 229752770 568451970
964871183 43854209 430346034
370138443 450994057 848137133
279108245 192986428 557150804
625295583 51824313 170472710
301230999 761188084 798336643
40995820 363427298 544714687
919597049 444803068 451291173
263209355 312198017 517169104
594491134 425692494 569702129
532386410 212911701 529255749
778876565 119167722 271345316
644361673 564595799 778202173
526277468 678027914 896263355
883822577 178245440 199982173
869756616 169720007 350838804
934867764 191581575 700374681
270849010 343547672 568951793
38813213 47603422 95966491
166164077 354575141 650848779
633415279 45356260 433557574
392009669 3568641 475473958
832004287 688659268 898913372
929858638 273973153 983923581
702657896 211312512 229912059
120489405 689824426 965657277
840001520 646665594 966666285
943786670 107512226 692157822
827336423 673733871 794276671
410389383 430162204 500908752
429803679 104613821 573123168
788579382 13872499 374128761
303055189 302937116 354054580
371843331 256095661 740416712
405530597 415808864 918590181
493547545 193133797 504489165
440245100 792537487 875239069
973110630 266742514 334415037
625819580 222613799 892066802
665253540 340710840 421856664
62580911 53490131 83836430
248503269 426168487 863658115
476046662 22551801 718246254
616659122 724054963 915729695
748300604 159622928 454813043
254520372 114546878 727086139
22552710 331732522 507871419
420857787 421147387 717621341
564245893 113632148 299952471
803562752 158402608 507983702
68044821 864103585 875623988
701269531 313112597 344342259
612954831 127704381 289500885
999655855 73816283 442693108
561014168 472902025 681632349
816741265 585815164 791449917
462804538 854575232 986952375
758784988 308553717 881924379
144600448 646102370 766278752
720102802 126181438 899292924
289943839 71162015 207718749
372339484 305030650 461731619
307241997 256299900 363679818
130183046 432481168 843651987
283187963 426666455 961835337
843166310 34698071 952642255
547739911 343109682 884430146
418816052 204453898 543687169
776742054 321919412 816971412
788811570 672511928 690746418
648464664 293471426 399058057
87185623 246594399 654913251
222663910 397444978 434086670
8003301 621531043 805025609
555210831 177575477 687048986
449668082 39224945 390005534
557034996 522445669 984903698
758789215 249945052 702828097
810966766 214807878 260728450
217743847 79717196 878465928
630139725 378063268 597114052
159192928 730330 288506828
103895321 245613045 428582561
248038044 259398781 515225368
834771657 61698357 391273070
755312976 54923921 187516091
999600016 880420911 880788034
890188126 336669173 551787149
345347474 684773045 701842444
215897402 261012672 777888258
812982088 618671707 898672451
36505199 207544051 255019566
620109989 279228029 898624768
676942408 260036490 554317653
771649314 101031763 254411718
301737988 94632494 221698759
951792591 14126032 376754266
565560381 97531111 120527509
363572339 710903768 726755122
612496192 50986042 602393186
893891226 787225779 923490899
353583275 277221871 950804951
60563079 461791193 569941494
239478812 49096697 260867508
866761656 157276176 253325026
268701510 399200991 803369247
819635128 43026683 750128923
807958411 218120024 714952682
735504229 909127956 963586572
76480630 388678330 726837215
357034098 506458561 913805173
794183612 494834934 746578280
500864947 402905018 849438637
916170290 350772120 654936494
489010041 617025609 756683290
976742367 524972113 850306138
780331393 304269999 415608907
470540032 157586048 665498450
360561016 94757458 879752079
300216969 671064671 738369144
537710207 289407153 528066155
402262717 108857821 931601475
946288539 388874779 736145583
77448308 333275635 695764582
453356695 120467165 975780487
3938493 518930545 775901918
55167655 413208482 543430942
865105761 29492355 85543471
872983224 419567449 894501887
389249848 253894777 303561512
637046412 170750555 939013040
814317587 332661692 761014582
481619725 76153053 737118004
982883856 306598704 517727653
488278016 986983241 994539995
676919807 616200871 673258468
28106133 38437837 504662807
808309143 838254146 994497952
899808460 752004026 791436894
457183465 70356745 368026951
897390979 120029747 592876519
539457947 393411289 997159752
99651136 147230680 534743672
433865021 550480092 679724885
666436999 30612104 328691531
358924287 361123213 818738547
978388581 817746426 964524721
918480666 540503757 566462806
871714572 322624472 679838419
722076984 496744787 941528443
532797568 139816168 877082148
9906876 223091823 415621730
367876617 381963044 924200860
994798687 297197094 801879693
155902470 191758378 847099034
491587180 781289151 856742875
255715962 489940737 737661453
148530419 275733436 778547607
334985140 443334510 847203798
171759323 23943663 764204853
315428596 524490917 823183919
518372781 320140719 510495956
921283172 371865924 651498335
4408249 478647446 912674913
871426343 639797165 934647434
336507756 38594963 569122962
954368392 123662877 500861381
551492631 397987060 923560181
493109868 78230893 392565439
150301337 557076190 678361779
14062136 88958757 704500989
397761461 506719853 695153625
363443677 295923152 457579308
82716869 261715566 683274300
429736314 543067866 564814192
762757715 288484981 870659668
295394961 48900131 77051401
947276503 292789372 742154092
509971504 344726553 882636647
942598655 145835093 804352298
373285544 329738583 664152373
132330836 609682424 745683131
360204278 146188396 783854441
250334350 403477903 513479804
721094656 447132157 577914674
546007140 731850276 750743298
729333674 648105240 993180918
951917578 363055600 951430619
735051847 298017086 955171545
485955396 201595654 458513682
779124533 318938796 364232743
495391808 115986103 674523017
854291037 651167270 817323507
389563462 399757717 420459585
641099772 317508323 489750068
284424440 73170981 100856204
846992128 417580559 962598729
834030834 38259313 945104228
544664427 194477569 392323352
756533682 59041475 820509680
438820696 63446131 767369878
601239093 566201489 580660885
955212140 312422348 660203148
304511964 214248793 869670647
373096939 150755985 712785405
378754990 234350732 993536174
878465684 599024288 954379387
672488766 94422367 438097821
825145008 51040807 873337608
380992155 209370944 717909152
372963408 77901490 525854682
94157517 285401916 570880093
306435132 41897218 714635822
483190631 579025874 823251031
759041360 310495458 582217010
681364658 19585900 561805238
704194602 187565606 461083977
213712427 441409972 841272680
744711679 514509195 984145639
515451241 258223807 286001482
413658998 172288989 766440397
874794975 186664196 896269776
902837456 443590800 901429294
155889448 210795670 349346270
649429441 165254736 484887016
3394380 173981292 605197903
439199898 443625221 865375213
124645710 310283484 474399124
248658029 835615040 964222269
103055093 268459884 601932145
174698427 60247260 337640992
616223542 61737048 979673736
719862370 27363880 926365798
421521035 583869066 749510835
90776212 383657148 591405131
910302880 405839886 551806626
586369295 186270519 304451454
81246241 750053136 814160124
670774122 578791308 647124602
83291655 315135403 515622636
898249793 271867356 834093205
884694994 149630803 937134017
374561857 176335509 861427978
443951011 122143543 393040183
629325074 572663955 609662502
521326926 699513933 873368704
554418872 160037272 777518527
359358746 55325665 500427029
770729463 208737383 363241118
928814290 475956906 792646217
388255475 531418331 629927459
186287880 572526545 791346912
556767679 360040274 883026030
921479945 102535574 727126758
831341648 307714693 905371698
139031075 89351468 401807241
622179354 100908021 335169411
562823460 482302089 568818965
447218004 406647649 867446876
432219965 660398352 986042988
168928168 365751435 908573609
5940850 508309966 606854461
424294474 164476012 393233996
561057021 825134150 852870053
787432194 442720413 641295854
388558200 442995953 449560102
278094604 486240874 953966613
108076503 157134794 251506012
941652154 39858803 404695817
611810558 640240576 694543660
255069757 67181385 138183116
7622905 196769344 354312758
722464734 242871293 912603411
565045650 30451401 797528802
55428648 447650782 492506852
987055730 358079355 696188596
352649793 169810177 789091291
883126721 259980884 863901379
222758749 244630832 763601369
221371776 62185050 455353578
121164440 115271500 126183105
231927869 178595222 294990671
932163423 381479756 419315188
214361928 403113849 629834888
170770141 94112257 306991716
779306095 289790298 650060402
633768216 397836971 971491383
783917272 155705731 997211427
211352889 22157351 611476706
835372749 912136800 913697738
748082725 73101609 866787140
850388141 320720160 682444372
492355630 769545193 890295805
894540204 404034120 988405431
368465951 127448570 306264409
447260293 864318603 915760684
100428320 305964243 535550953
487259013 24180652 837602491
313032071 156457164 430432478
400638471 672225054 985167270
39283891 175453728 964114074
80634737 63729477 958651450
866166665 250979621 409664672
52388456 204614634 519839243
797567536 269786575 362780557
876510803 34605575 523661505
831233081 197200770 551788793
292813879 30623480 649868622
197309594 408613346 848282442
202429852 741797851 883375043
717687236 278814493 730888118
348771424 339039995 968780433
270261189 582178381 629778298
741950139 425313344 453255075
554423822 120682166 717222048
623991979 489075138 811334747
985538876 292019210 486001191
841828216 185984192 965831309
647116088 558962409 766341536
562145141 175758249 236543085
432350849 227183666 667316519
540510249 363289293 639525552
483179596 87449296 181853383
787196816 14501671 825366228
452803684 753160589 753184202
570030043 595630667 840961423
545904154 10006012 694083965
119107634 457292753 976846245
233222122 229412394 961584396
889194165 214541454 306372286
485445537 192168397 271411091
806264563 456265467 784775135
918517945 446549441 825634698
856587661 465969911 996466173
447409193 236744438 989945141
198821505 150049565 595585627
272743039 595161168 690787690
215061335 714842321 856687592
994002180 268811857 566785234
363136623 15221317 820834068
294652997 174041095 242771089
971797571 192282480 367603906
876347379 556543572 747400162
199540606 55879891 561412174
768992021 5488648 485025911
896871505 817239974 913123493
973880783 116974806 780065499
888657914 375628812 675512981
250856592 295206506 453749359
695471284 3841310 335795986
50137441 421459113 786107458
602015053 623595222 910016222
599503111 273186959 458492747
336588046 93684402 585458672
786579059 397569138 667763532
771490559 65084659 90396868
205093063 547082102 557657831
110471613 474274262 810193350
963103574 118644550 950870917
149612272 113946214 799465430
716582692 146238051 407527298
613887642 696398789 785818563
119362731 659452441 810674427
841969847 657172757 998083942
64369662 692051004 697746881
963434875 642159136 891914424
92891408 139896414 985394962
524527106 482198599 798831107
65859231 269274549 572836295
664539304 745456316 951364190
416048937 507242161 980754092
77106566 564688772 852667876
712411751 143932985 811608619
710175165 5446331 531285402
702788449 142373641 289879416
527290945 727720672 762080382
600525211 479457490 782963643
649511423 843234992 977891979
642739020 415818415 849250702
292918101 325640701 628107167
154379523 240862468 583512305
996466589 207059914 707018799
267996018 306772590 816517664
575005479 185004346 973224526
126416240 56725704 724190433
744181755 111389740 600501336
821509589 38010115 958683433
440843083 219414233 563311985
740446010 126091702 660247322
134912945 563520732 888681151
323273447 793068294 828059062
843893550 243588520 550403342
298156497 144985967 889591335
287024702 319695005 861044268
59071208 45892582 72860167
426485310 497233651 968036683
959168978 186203523 285635192
718842088 39043412 816808479
52997220 357739469 693552328
729857828 781669809 984532612
835628431 74444399 823169599
562432252 191904020 799281536
636932392 544722736 789410026
73390130 463649564 920189681
9816596 96412390 293445626
58296487 483414989 889633541
787711948 480162253 585430157
940357922 42151019 967885259
976748796 293943039 954207600
68191136 191593823 500041725
725145103 525383662 902869056
207331923 39570186 783877281
791372022 516672527 667638373
215306611 290733891 422287577
17266281 237402210 999650191
757775767 14716195 933341256
326706321 733375615 894929686
171216594 52982580 829105631
606908789 340695516 755835494
997745689 144146877 849198778
36360406 98861192 703222174
391997165 771612034 849406376
26822484 556327908 689469984
713828711 480609534 896400356
478935146 266829482 643087905
420294657 434511422 951145746
752475476 386784556 667274361
624138712 199122250 965689313
164287172 51533961 990371307
580835164 144863917 493315884
521226688 158565883 668473462
785052615 467034919 830636793
689420670 158632824 826813045
158660190 129925273 941616066
329352577 211078231 336442477
97891787 319620216 933954813
50438713 144165486 195893661
290976461 846731690 934358798
441404850 720925583 891361673
30126360 107449754 986102420
632926340 547141626 739262903
520085266 656700664 776337238
256495755 255389298 699948827
145353897 443075708 619801041
22344164 951978000 975400980
330376951 820897017 847011172
835940225 17134692 140004538
176563704 167027930 359206102
507662506 680373295 951153230
445601262 80838336 711188124
97748285 129361059 729726488
548346509 327484757 569397498
878418413 349399960 377263087
331735124 566716629 860912521
971605395 92350350 419427710
346857730 375756274 616836617
49300966 153279351 873809008
59639779 321073051 570172123
987278560 201379192 251254344
186340657 471669687 949325741
44014827 535918961 759058262
402663903 395503912 795549996
605748915 16437122 685540885
517165651 255647558 881376513
112303745 432643944 590647792
730174694 299609854 688869122
531064222 446480250 721527712
665987065 293689017 434229753
62004820 18709307 979439678
463902841 208112568 447500749
652725973 673517251 829201807
314696826 617996006 713335336
771530911 43061030 894043978
381059684 60367541 447304900
197385722 806598239 998184493
378502438 386737119 458484996
206748906 110412781 645313827
753309901 213239145 884258232
780863664 626443581 941228433
529194198 372015196 577323384
717580431 440534011 699008853
532055697 15368536 551192214
88804273 313031154 747518939
270321090 93816012 678166281
233087923 672207445 897989251
365679415 233665650 269745496
681264172 405705165 748163393
984663943 84278266 166724505
538050069 697490507 944647304
281792243 34235215 752752791
110009488 59605143 221637552
444163275 51243304 477407459
547663648 272270825 863249571
770344237 480117429 498395482
83222371 100836811 889285455
644639997 161703811 839280355
303927473 59817549 790419455
353349726 16433387 834696287
151240962 333933124 670180083
449571381 835173573 914220644
329044538 682893095 715062311
203971795 20552986 344042896
527647612 95954338 415646950
791237181 3864757 836189918
874023207 229781628 660369550
774190334 426338291 887612909
577986947 739334433 971076941
888494736 87898712 723850795
820915521 244862985 845209816
716205266 29217720 559201064
923173463 703936390 819174312
10102493 226321788 453175638
455915512 239288816 968759048
622638999 278128892 347733439
874526666 320885475 811399654
500867505 405644105 635983995
532642704 91288439 103073657
929442430 316193424 755355721
818159225 277561211 817147413
47023481 99139963 543084860
915937934 72005961 850330459
810215599 430987924 986446101
428506665 44521796 992001646
43335263 273062752 719083867
291364424 549806913 579912046
924422444 32622292 724361797
371629381 350183820 563032786
946863663 1919654 42018441
661419176 561178341 760694191
774967302 114006479 993741986
428413711 188554526 357568718
431585109 211225775 300030742
158402829 55671589 97151782
703846335 144371171 377841500
67910185 314613666 869948935
970450175 176239129 401717014
701218442 745969844 905057194
480582188 247756153 327960641
445520371 158614748 586767030
285288712 242688920 303702480
470805955 676113098 852786626
331348829 504301332 845588344
108050255 23856220 593473343
609617543 295705918 552387749
975594848 120398318 312840001
339447667 471533810 661909875
746830294 824856445 978604380
77792298 330744491 819980713
897243983 202304181 825417963
245013374 501816971 538622690
98508834 346925043 590060522
808938738 136950457 368856268
903099254 38949241 914881324
995715290 421444335 804176021
116047101 679904655 835064251
34392162 195403587 604516345
432742911 783893516 788552103
503841501 337713687 724278438
992311704 373366889 833969981
909450160 90311421 792801870
569636278 17971687 303989513
597710068 303093906 604718054
503292320 934164330 987236301
722388303 173007145 495999066
495383755 495245008 967617309
927948173 8883493 834856203
721255658 12067529 852090577
759001631 282230463 655107246
664261256 6447612 842100543
660250637 562260945 755643462
937126538 383364433 588945060
586134563 53529129 159451086
399454947 336802538 554762097
466769683 859317091 887287276
543395630 546675095 796893775
462070984 670870273 706487884
544828483 202454094 629264018
363711811 285254835 521757242
918561014 269752823 307829459
605798488 101492249 569117136
145283616 862291203 869877306
18323656 244043267 253765649
743288791 901702879 942862457
954941318 497386893 634975296
68972235 14332417 865807455
916191349 88410744 436932476
462212477 5156580 616277341
842860225 125424860 880089833
176573218 38764398 549606100
807605976 115705509 379212427
566867333 96797110 255364575
520600547 207174529 738412595
923264197 626192925 652091452
410176206 144522317 936898599
291454800 351874659 529982405
934274438 147890351 967755080
866319297 163173788 286399756
851440147 77602117 288328645
779007387 393930859 523030811
495059113 362085652 846874639
505271239 43214806 110313551
781294765 645500115 804827565
277453549 729829279 966032836
692383381 469431428 497573354
548011258 142369428 702742598
384006284 392719563 575542118
899653812 857380315 980040568
497435588 622849655 688046570
962122191 295645427 351177208
460679379 603975624 723394337
409038361 262637092 533518876
779063639 392180294 644948767
377688610 851572409 978163276
36581934 122145813 353131618
807108420 251551897 950414848
699786913 244228667 415336104
594290644 520790918 710632680
670703418 455938644 774113995
81326222 149620137 596299291
156086714 641666780 997508784
302963810 138513247 494502260
146140412 263565168 745428155
514136914 159843813 664920541
661149470 774914313 850528009
494857290 487635644 999321612
324115218 135907160 792598490
781711463 282470886 541826376
723735439 550892622 752715616
677042853 813704648 828093390
969971602 852491860 986867489
250336160 840295867 915112951
979328188 533313835 590928041
17662567 716529570 848811304
538917290 103300501 323824122
249251666 173662143 748014257
569600068 145017459 506193958
581646765 576505971 975579668
178115661 444939231 516343048
569435464 20313524 61755367
798162003 434809474 739061888
508007949 15554869 143176166
575902826 33949157 100647651
508699676 171889484 601090282
400509569 362804360 579184774
780007461 267294474 475788351
687109970 286702856 828833444
279162005 376622981 878936804
104842279 302914223 697154511
386861048 598415624 639724268
28807408 267364017 849181194
146750048 32627336 138660426
416385031 487895547 573358110
118293189 844113626 858873404
75935123 633269886 820946928
473060494 500136282 834794072
155685637 253277025 830208898
148448036 251054384 747693093
793398286 610376737 757444147
400999215 252973184 919204371
901096812 153114220 556577773
742771947 447150669 967444944
341040654 419951370 942309243
979504958 526924106 681099150
31853875 372772831 418658749
723289163 332641510 731894908
741898007 296135094 634178316
93816965 113546881 993479612
314391767 374038588 912350760
775350056 144452414 690012681
356932482 530205210 687959240
883553200 450615841 718487897
788135757 26319307 169477534
169323340 140894234 359086864
792028516 334623246 674261006
449311803 661636458 955163888
565079687 297507695 743350730
300033962 289801107 851868313
690204388 416848967 837767315
687115579 374779866 855045342
235005176 240244460 372945020
342756716 586074109 819621368
737278137 27625510 605619888
35424093 153541311 845090392
382287744 786294717 802472940
89522880 377223213 514000972
513304283 59394767 875955667
507206684 125469042 607796910
367722632 239241466 526642627
802693163 100686664 634690218
751102912 94760037 755700495
645432730 293360819 361704779
506157853 38382885 405308770
884200113 175027569 915692658
248360490 755955349 815037497
294829827 875946350 910351326
126779047 139411619 711160148
756250939 437086662 466319023
381336363 856900640 939220896
75423919 336321058 708823489
76762085 476823336 495504439
917403591 104569010 559870729
636085905 369821681 822998397
17847243 539403875 595345779
464392801 88394894 983218533
912045023 690000882 991551430
788751271 389814136 641743100
580795005 438076334 768582322
462921109 48930280 970397103
437319346 136898680 777548068
403002101 1397957 966744856
898768752 19314943 721672321
605333945 825710790 950008327
397090559 435988150 626242923
455519239 556712266 752048247
5409470 44468559 770748000
903436520 166547395 299669112
599010258 781370183 862772546
873411306 544882968 940638877
749418382 97192084 915501895
375935882 105988094 781235864
314415897 33043093 540845009
677577221 239554857 979422042
552498549 94832202 616588727
875660592 279578810 584464756
938674668 29523930 240818954
570744516 97062053 955769894
208253160 957829033 979602386
302091186 715070476 776864953
61032004 352251111 392621138
208654091 410908962 824555818
552949610 41266982 369218804
484006999 788675579 847105165
608807597 82943166 480257055
720301219 323773590 851326796
22659653 222446774 568542487
520630070 73757950 818255678
541678267 86783983 221164652
45908134 106259035 335928825
175388631 75952704 858395825
661699970 469881740 768776349
443505608 489861072 844965624
10314070 7941451 538870430
2547810 23063773 285645225
894750744 308938104 830262716
36607864 53294591 589823020
725281767 169269105 318715834
907374 398802080 932485648
945408435 382003586 880283583
130946964 361153635 571393946
834335553 165135036 647421742
319879381 187517234 792764411
554088359 606348101 830057688
129975225 66614435 552043738
840051284 426652804 580450477
86322697 132678704 795998726
350775395 321543178 852469000
180913032 80181796 424532501
469880794 396169365 703586677
301628813 430208906 998245695
605887594 421218015 956267820
264584151 425515835 938231148
384560167 189778141 829196344
876064510 340500904 760144418
593767223 153646038 287819249
121377178 415884955 483189383
509137112 857649298 939181509
993245431 206679926 334879207
775453519 136624486 564523386
982686025 186557205 749063449
535145562 453207221 493608105
179174237 317092713 901322272
696853871 311402885 914146232
562829030 19195141 617368999
480925070 640732733 694602735
751408442 54601684 261505871
953498937 292086502 663704618
514493245 414892335 893065426
565877237 398787318 798618698
243482303 223511714 712566191
10570839 347358701 443777186
885589841 663766747 664337569
923719742 45701913 450753970
784432503 396124821 609071607
563951482 238185822 688091720
352826057 655375204 812145555
341082734 239902181 954045584
137878071 53311719 222749043
603022104 593099547 790421306
189410348 86387295 499175897
534582908 293866258 796435889
809025632 778501055 856252115
357363742 254499751 363932518
355907790 376830931 673112111
292039844 508164651 711839371
338997366 246145414 543632934
518230548 84786218 504389644
994743297 80221494 987283197
458429698 493446689 811312204
845575122 174628190 429653275
607006463 496382027 942958584
567563252 157152924 459877755
41077307 73994711 720670721
846624085 366236942 544292902
728598149 293430644 322039065
263858264 817540610 947413572
989014311 32961893 472702661
32469150 636188935 836698049
764529572 183649745 512056748
675229234 79799649 924727715
818608960 457442738 785827714
23455112 560050600 926362571
568220786 847396055 970325059
491169015 314881419 497549404
791573197 473339817 975070085
369043054 300927826 304844867
862200663 225004302 644576267
598321712 115743162 654363933
948157781 590874047 647860246
265842964 744638537 880772928
49805702 441442443 876905322
821913299 133034749 231177424
73840638 12142070 498821092
270671452 411035638 800658805
173943358 754061811 782529023
107940868 57885050 763957724
381803705 50920373 656599339
405342907 63565555 532246802
945729863 85540668 899501202
199420117 496947959 925246882
967660921 193578228 402677342
225169625 556993964 902033372
480402568 215136618 925751588
878939678 438194387 564524224
653516598 269804373 938217724
154630855 768901826 770106524
816248838 67420507 127351174
236035834 20368893 532303432
460309219 455722558 552304949
705713566 261831102 472020911
765047252 515886388 724816617
774308400 248708635 744193287
495135513 211219991 521119657
810048590 727475252 870606963
315318025 690579121 753258517
322499938 160741484 364806722
222599474 424236242 575635323
147883842 729606653 956943331
98874501 864107720 992473932
568982393 753304316 827988859
957212639 919611888 975452607
382383037 253783792 759951081
798971637 75844440 840932396
868571120 364033176 407338004
694611774 308007679 641210382
844648624 252593448 452801380
148371058 596013238 651298687
402284664 672189645 861624224
538847639 148756022 810219394
93672701 610923541 971925724
163469820 206906400 341815972
319008438 244132376 765564666
905870461 158275641 836716107
187091555 106879469 790982300
723580237 868586861 990626891
933405731 634095442 793815244
873261156 29786888 47665369
869044372 110334595 983689881
864485544 538789981 924813800
418887426 404468215 604693237
548330091 42629133 350394216
588470588 136870800 992459805
111805848 955997001 997326455
630135057 137765378 703354506
918606681 537052545 734750717
451479704 199215109 435848972
696032259 261666929 648002541
222277234 247022364 785032769
926358939 339018602 919983280
844120483 570356018 726747532
406685014 138969570 850251866
35246426 175474766 548357052
864909786 158935783 901927452
543622907 112707008 981257685
732102490 32996088 448973636
918166243 719002437 959094352
94511940 99566777 411593539
489668766 564844360 729637042
252566992 288959216 927467441
645759045 805643656 896137216
388392012 190584089 951785337
634311830 200169808 896196067
866727077 715531232 988078375
350735533 461835207 960058136
261136057 546158066 732600389
620114725 462362842 774009390
455181295 647262419 981891907
352344320 562697120 880079036
302476171 86581366 833664643
910041814 388606360 754832145
590395846 30807109 381691771
623132217 343386722 725090384
476559111 798768995 911875268
743674056 55743096 173203111
881877091 138778563 634273209
592492392 341183669 507226077
286360499 87427726 952576078
394874834 635878601 701279124
139557666 130889031 667718824
188743794 159993165 564044138
126196413 1635653 960148648
359648081 451573857 759513155
122815342 137989616 472002312
464901977 670848165 869359756
475880343 229952392 453802621
114287259 63818457 532845307
72460034 392791366 817516665
461058683 251525471 942519543
911496117 767471696 893790838
279871889 63764536 804652679
949563164 16379585 43250661
81572052 142840984 218282035
777092385 122647452 595023501
782042800 50162330 518840149
658966082 214049005 656501846
594069378 504804295 688594589
228452259 192531878 396057151
496081987 433851861 902256303
47010990 157459529 221272689
487829531 695853341 923302893
570201243 626665295 646094728
329647391 30393384 859716399
950776674 19214353 907558415
88065640 511624476 826677983
151979817 722525516 875021973
881661446 317979009 788180602
427543908 87777928 712766857
590362843 506185350 699849614
357079672 481794842 629685003
792481881 31801851 816131243
460896570 124573421 852275263
185026311 418195283 552360617
695627204 598438596 681539380
97092556 28328960 571341253
637381061 529894887 978368878
443678550 21934469 444379641
31096152 31510289 420149992
879740092 352389224 488653399
580446992 357378794 975171393
325423777 90628917 213158829
357351829 556825794 921503945
429333969 658595585 751073016
544619718 458467024 573171922
131767915 416942989 971364977
190317508 445737809 493806801
915669242 246986742 321090507
82419123 339294321 462022923
659695803 19895208 35101452
359601450 326797458 577670647
934558568 150077498 959485963
731359797 258965500 624886921
953884477 257981711 908779437
106323314 104155584 605665701
633071987 516662115 756467308
236656558 238117553 508625935
392064716 143910206 190860181
134291055 174466938 834192023
666266420 405468378 986713342
301232222 692009737 810388678
379622407 125309860 554205732
387179012 281847360 641653345
546861817 278396612 609263216
108432855 860421690 944829598
116871898 698976686 740773468
461297646 735926770 928306473
747055829 264129737 612214408
459492241 494009793 577079733
430545502 659572591 957419022
357688723 768192933 801268343
683742110 101730776 159095573
332475630 557661179 610846100
909460156 395002709 800411850
105178948 148816849 954844776
479650065 637274247 741512552
689998780 188993674 302735434
41179169 267809990 599312482
169721705 704917475 859720876
882042766 327083406 732010516
212676916 374873149 383275139
342734803 664926784 714623368
284174920 731598181 781930423
57523067 29000722 748821058
809292294 241899312 809583338
773857383 287572791 592756236
210397116 233102959 992080938
98944147 713893303 984973701
814846142 47532531 109576263
21274045 126448154 254625448
657773052 440179003 703084274
477902434 366736042 796220200
401900285 251382043 675253796
526437943 7942041 93464753
319839028 204059473 353625455
919811638 304531521 566296171
328905509 735479044 904063240
382092313 536470125 790505366
578361962 85640404 578865555
470768631 250851367 647027035
80273614 216764577 384878367
429623734 43884899 535463866
650991325 95699503 943869022
389730344 5831541 194579512
475158563 313589965 370557404
28093137 141688633 606167343
233420270 15138055 614237643
723002721 288485548 484598074
758950193 459038301 844655083
341539546 450631314 561364551
523880611 23923041 307878930
792024080 106956693 538909154
725041514 614485006 738578174
238599300 615211924 837272249
456615136 381880306 487882484
59485640 160614752 524049727
355952227 126934629 327243654
542217570 385565069 580777217
410734370 479969485 741690260
394249331 336653409 484770967
478664988 727493067 733041625
315043483 247289685 498082577
391066460 524201774 573209810
660177112 337104147 366401091
432529553 185663611 771726327
251661734 193708648 820122092
804961418 127822581 784925063
754691433 518697703 750760229
914026375 730280495 870468817
749455442 569750831 834753834
411531651 25863968 519171452
274656981 221535768 919729060
769771469 53508576 906757260
948536094 244123174 386054626
100710470 289807794 311346907
92376492 227820209 633927646
558949585 371212368 882587606
924589393 184988812 860277262
768055437 279840834 738886808
463565663 438564951 661206330
778633156 541970661 817745625
915449884 291785964 635260464
322057666 334926637 684197482
97760426 189722645 339931816
969785136 85848149 561238233
434004876 205459591 983889079
334953593 921780278 943110073
811319657 167785801 722136755
506181489 120961809 578546603
83409176 17180235 402466731
381158348 534170272 781070165
651604871 315779450 791029669
187625923 394259892 536424710
628925724 568331581 658012965
535270532 99628523 236266176
787383396 227544820 621339809
471904538 492301777 538239200
261911129 373435186 609815330
924954702 4233022 12417538
828464012 310850671 607538724
37432729 103635123 788435493
222347585 86718475 964016241
612440204 238162692 243310890
748802746 430249902 711129875
459370538 133748537 229791081
62206522 48647833 174333038
973019822 25888735 502060493
869009518 529688183 926697211
808309588 593224641 711753401
566894232 295497352 773616330
673042648 162581221 549680693
370496660 320767981 697534162
395488576 90454392 852430547
260905672 418790415 734599467
620620187 97484676 259142696
16547491 23565924 942666719
300107503 80887943 272670573
698781743 667827395 724269076
175023557 479526105 898011740
978619453 115246208 788642286
487965278 445830895 772582639
128992029 106960631 780830926
28793364 450681633 891010125
837878122 9907361 355463695
909592902 46940651 938631320
666538648 271846407 596784912
862038200 458292712 840418831
554984368 99373895 550337227
640484964 650504024 780851412
559087587 73245764 858096487
419090801 521433768 988546218
406241058 235998430 817673087
33794987 567007475 753323895
708426738 36355811 46484939
522406435 823599460 917849718
181773417 494727657 608703248
43361426 840401580 875304235
670033913 107759216 764336268
270821357 453298383 768032601
867590993 437951782 517161018
177305754 22126627 451451867
188775374 59641719 727604342
691457360 267256879 593814512
825956627 268434181 637817719
739038376 216010595 898498037
307646667 683649561 812951082
312104832 191731162 771528868
615404051 528362523 859574977
966544544 33681429 980581083
849014234 300511429 945140928
833930551 42826455 717528794
874526451 176469983 652642917
551902360 154902652 235146290
496990974 714334508 993017584
93061490 71828708 217919621
381215711 430180546 536315163
777509778 476449020 644351262
69806674 233521778 570370733
337540870 315631247 500566028
47770882 501835563 838040297
381359914 5482186 972482707
811431459 331765778 928391698
278444280 409347373 481848588
29496297 488807205 661428127
140121974 589230268 862831174
817631503 85149250 996660269
674977232 356335695 992312559
15379427 315180999 898755901
526201677 212660764 241629272
781624072 125770836 423238534
832567212 31221059 149117947
276606904 127522443 177145817
945934134 257682665 654091723
910913185 2437388 198458127
616331436 21345943 830977243
718730580 3586949 237576310
744488515 267011729 835762439
300869665 437932829 686093208
942908267 161804783 591909795
967144523 471707849 940333502
643381928 562279430 935148441
810657549 391434944 521876179
872413802 341468751 914641292
127533479 215406016 609474805
575394060 588531782 853627902
646818459 511705351 626968134
190208944 90975885 247917271
12911573 751330229 850868180
206700563 63199998 470531575
143592270 241052348 785546713
173115477 622411054 992654521
165374426 513806928 766978668
847339926 787044351 854154247
409537478 356769987 877335283
96492631 387396107 550626839
382941651 304479545 891932019
792094664 164341452 512653135
852966517 246796493 576690823
805562724 387879403 997809551
731762754 547188122 649224807
245788287 843247056 951580320
346882607 622900581 812113106
886630954 190573326 694268197
694633489 403137174 566380969
155829070 601402976 931430727
679568593 519164502 754848678
216985552 199888074 424004445
813018207 282903729 449812251
404239460 80714007 875954552
585531016 402142479 532187097
454570195 195229037 288530820
855125465 756253499 911051917
653787652 67981514 372107160
866149797 513308698 732947459
155689740 214814630 350728956
241353244 49523354 782341570
95718065 409697468 757931985
953908498 849003722 872245317
625793790 718598088 748667607
384881804 34428589 478466800
473512521 256295768 977463456
268695617 215923623 710101113
462723942 166132145 513123458
730581249 626008638 632067439
586159610 15289262 310694415
293244933 7991118 997944434
98951558 93006455 268955268
418528710 344060782 515611185
188704989 450348608 572835446
538377823 844266571 864867059
871803754 874570001 957398761
249031246 337892209 944418795
550232977 189142459 969283726
325231595 547446930 706047921
160746194 30805178 362893792
454252441 300631032 590687347
951107581 426221094 587861721
777248551 130729699 469242699
785639600 633419028 656590678
649955710 209838409 690266783
634720963 957947544 964181873
355250904 625333693 990496597
160160397 352744416 459278507
240300705 76851459 979526809
745035294 108312648 445122812
862907785 115583515 467076579
289857075 830935831 839128400
451725791 710432120 752930743
112048064 178316974 578580330
480339634 92728873 910191589
597084207 493091041 617440950
18030499 163647814 981973365
327930853 96469295 210490356
155994335 522540318 536544995
582759011 285818924 800215086
790628552 177750569 234918402
799089458 262498850 979628778
901577283 623845907 928622461
307416057 308593714 349428106
204822480 292201323 862982689
994550876 763923951 940896614
879585812 334961323 367411491
818144422 485060378 664603398
110098092 358014403 870866423
498710505 38236680 960344141
231677033 76588280 303869922
442187675 402276914 550286471
570794670 296560641 931130017
757435468 695010061 765512269
479975050 88074759 560957068
555584821 24901082 831009815
978848119 789397008 838721522
19522136 61417680 191503768
874865882 663752309 870304664
688197584 179175533 432443700
272573518 454513546 780911974
1924667 96194297 846937169
492344601 478947945 971251775
949456077 637622279 695988654
382582631 103154721 747722440
178837809 218067600 388249493
438037379 267869115 746824177
60046527 81099942 466383020
71008387 384115508 649933490
346280745 830644522 955834137
881965452 469091027 929959031
669911348 245694475 880263418
928484124 71310911 687075352
365477860 436727718 635604000
121292466 13798796 509005248
726423415 455115594 523193342
388121080 280876386 461900035
56972247 724198777 784008283
344511302 309537565 885466664
631145508 238096952 947777849
77098880 354619031 767529482
793039756 354770986 749168593
612633234 267037900 391995739
132193917 57693043 400995211
420840038 265345598 492126116
688201776 801343532 850487889
48943876 78284364 404103887
824566481 693499175 804535346
130849779 473108369 858121642
95848996 10725989 598366012
226166859 222039956 549683241
182748628 542881843 663644158
509854590 243496841 901818007
172717170 305320677 351318565
844593090 553461000 660748352
226212511 279235228 870725124
66869787 33786185 849762702
645901309 284028390 940692278
778386607 15221506 952715854
981488749 736109535 738602948
