363 476 1 99945 14699
84 41 36 71 53 95 13 35 68 3 81 87 20 86 30 71 29 42 31 62 54 89 66 42 40 23 24 5 6 37 54 61 67 7 11 51 57 9 26 27 33 16 11 32 2 18 43 71 7 99 27 56 17 25 45 46 54 55 61 48 0 52 83 41 38 36 0 0 65 40 81 63 34 8 18 23 59 18 44 73 67 82 66 100 87 14 52 75 33 91 45 4 47 26 94 8 26 9 27 85 93 27 7 62 47 20 57 28 44 60 29 81 55 75 32 27 81 22 30 91 34 27 58 68 20 36 5 37 32 88 16 34 20 9 14 84 96 21 36 96 45 48 88 15 73 19 49 87 25 69 43 65 23 3 92 61 53 68 89 34 50 82 13 54 90 16 33 41 15 80 44 43 52 87 9 20 98 8 16 23 51 25 87 74 43 45 91 55 6 4 77 0 60 18 60 65 67 8 66 25 46 50 23 87 98 81 77 60 90 84 82 47 57 65 99 74 40 8 79 22 90 30 30 67 61 83 69 90 95 47 54 68 57 97 84 29 1 72 37 14 100 25 57 76 49 25 75 37 54 10 29 90 27 35 50 88 30 100 89 49 70 69 68 29 62 15 59 79 45 25 14 23 15 76 47 16 7 82 65 17 86 70 40 88 74 62 31 45 96 22 2 16 54 60 60 14 10 35 48 98 76 90 37 99 14 45 17 26 34 62 6 65 10 100 82 38 91 91 52 51 26 77 71 70 53 4 54 91 43 60 6 64 43 40 1 88 27 80 82 17 86 92 53 35 9 74 100 18 62 83 49 10 67 87 69 87 100 10 16 83 21 29 54
5238 92 97
88573 6 79
14411 18 59
88765 34 48
89333 59 79
4737 43 46
36770 25 35
64756 36 98
61628 57 96
23236 77 99
97696 57 58
78753 18 51
15446 22 94
4404 51 80
9375 39 96
45081 43 79
17024 7 78
59461 83 94
53678 21 48
74304 4 60
222 8 8
68001 6 40
20907 15 74
10025 6 8
29782 44 80
71977 21 30
85007 2 96
14365 28 75
24387 40 71
14587 1 38
50565 68 96
43073 84 92
25989 38 86
98754 8 74
62621 7 64
56446 12 14
44142 1 33
22586 42 82
87857 51 81
26659 56 98
62225 73 99
17426 14 38
88729 15 83
75074 82 86
18294 14 23
99254 30 56
49351 39 58
76368 1 9
45382 34 93
79947 8 88
25520 18 59
53431 71 83
48091 41 85
90090 51 81
67847 6 23
52327 19 42
18045 72 90
28237 25 73
2544 38 68
32404 60 66
36927 76 92
98726 9 30
8801 47 72
31323 91 100
29123 43 69
3506 30 76
98005 5 28
9722 65 72
52535 18 32
20066 11 90
24468 20 46
11948 40 84
26035 40 70
53281 7 70
13405 61 74
64111 28 46
77983 0 97
94446 7 48
37487 39 70
84941 79 89
2177 45 81
90087 18 58
62043 44 100
24811 53 99
10002 24 26
92548 19 53
68250 36 66
43982 64 78
28112 2 32
63089 1 56
19647 15 56
41373 17 47
19136 49 93
26615 67 100
65582 20 92
45758 14 20
80609 45 66
77640 31 77
75957 17 100
4592 15 81
44520 37 80
69033 18 59
99279 36 72
65886 7 73
95212 67 88
27133 48 84
26216 10 100
3232 33 100
52287 60 93
71502 36 68
83434 30 73
55706 4 96
66201 45 67
45843 35 95
30869 0 22
66006 25 48
19410 28 57
19462 45 100
59666 33 55
36266 33 86
56808 6 59
16023 60 90
24299 23 60
11515 34 87
53462 0 92
28155 86 100
79120 11 80
85821 71 92
42251 35 89
84019 47 51
23018 30 77
96180 82 84
27014 8 40
99450 81 85
56630 36 62
28638 2 19
32271 50 60
24886 11 38
74113 38 74
35628 39 56
3694 70 97
5226 37 67
18717 39 51
68372 88 100
85737 24 53
7258 0 38
74399 30 88
39393 49 77
65370 39 72
3226 26 34
25308 27 49
88598 8 78
18340 22 25
32935 24 68
8449 23 99
92351 51 81
13535 1 35
91839 20 31
70513 27 51
49702 39 91
95314 45 59
63566 7 32
77435 55 93
45316 19 98
2753 46 94
98442 13 33
23360 5 55
30094 33 83
79783 7 56
55072 81 93
1616 30 66
68318 70 72
68920 1 66
18899 34 80
40793 5 78
63086 14 73
41772 74 87
57434 37 100
92942 36 71
35752 85 96
31202 48 75
94836 44 75
39725 2 8
98846 69 87
616 20 33
82711 54 81
44241 51 76
68129 3 27
80333 30 83
83081 63 84
7123 1 77
29485 31 45
80778 15 38
79935 26 39
73190 35 47
53544 59 97
97920 53 55
79586 17 34
54822 47 49
3391 7 79
75482 56 66
1605 22 72
7479 68 94
76217 32 45
34598 12 41
97551 76 95
71163 8 20
37870 28 68
63049 0 72
12122 4 11
18908 27 75
4838 41 97
88033 49 87
40124 34 78
64845 17 61
70750 65 88
46894 10 100
7885 7 66
37542 25 40
28186 37 83
5249 3 13
45428 18 79
39244 41 46
94220 36 59
6205 57 77
17584 46 76
59168 63 83
55271 4 26
57271 9 32
89630 37 94
82441 55 81
83468 26 63
59145 35 83
33648 54 96
34425 19 86
55546 14 93
90309 77 96
56961 33 40
33177 62 71
51551 51 80
37848 82 100
62781 31 45
76187 1 58
25317 19 31
64182 46 74
73459 84 90
25059 18 51
7950 10 58
99938 52 69
71335 22 25
83656 41 42
54669 91 99
4943 62 71
51451 6 78
66079 30 33
44822 94 98
87431 7 68
73060 54 92
76658 2 46
48856 6 28
53293 57 64
54712 20 99
49468 5 13
1081 86 100
35674 78 99
41907 31 42
69731 0 73
56344 2 92
83826 19 44
4023 66 73
23966 10 69
48783 30 58
86821 43 64
42135 7 34
56988 3 70
35966 2 20
94059 35 43
52332 58 91
41395 48 99
51434 31 52
70806 18 26
37264 33 100
86592 24 76
58751 31 93
9089 34 93
6155 91 95
36754 55 100
94079 53 64
26811 67 94
3981 61 90
49889 28 55
6739 6 96
31313 11 24
41353 31 31
51789 3 88
63246 15 73
99735 61 70
13554 46 80
99588 33 48
73781 3 74
18357 44 56
5732 13 19
44490 22 40
1742 27 85
6376 20 23
29942 6 74
14895 23 49
30982 52 81
31424 5 15
26353 10 33
34914 24 91
36483 32 38
84062 18 63
84749 9 52
86136 43 53
47565 52 61
37576 24 100
28753 23 61
70788 65 72
46951 73 82
8388 8 93
48862 37 81
4519 1 51
4173 16 40
77176 48 63
97514 68 83
50054 22 35
43436 64 75
4484 60 80
99205 57 89
51871 32 89
39488 31 62
78112 7 39
62498 27 86
23363 18 31
30370 48 85
2262 22 60
79960 5 32
58992 7 95
87755 55 85
6436 19 88
4283 9 81
54038 3 9
6799 40 41
90646 26 60
69644 12 91
28219 14 18
48570 44 95
41416 41 84
454 43 45
72105 22 96
24963 29 54
22463 39 92
55170 69 96
38905 78 94
20926 94 100
21523 1 14
23457 25 32
4684 42 47
86365 10 80
58775 38 43
20981 11 58
62336 27 73
2112 45 73
36124 48 50
92756 11 30
28100 0 19
821 16 25
87950 49 56
56941 17 17
61820 3 19
98103 57 67
16308 74 96
52760 24 48
41869 38 44
63066 31 38
51400 6 82
96821 33 79
93733 41 96
76008 56 66
61780 10 96
9130 36 47
25240 10 65
88922 22 23
81213 7 34
96431 12 72
52179 3 40
91695 3 49
36227 15 84
85857 19 20
19845 7 84
54439 19 82
73411 39 40
43018 6 26
84766 2 74
59667 90 97
12894 89 94
88841 13 75
85563 22 58
78175 11 26
84000 10 35
14643 16 73
56522 39 65
53883 45 65
77164 29 78
30170 34 71
80722 10 95
50323 16 43
82694 48 87
57955 38 61
70065 59 81
33415 68 92
49519 20 88
94259 76 80
72494 4 60
97037 14 80
43606 50 83
69646 9 49
24428 22 28
37526 70 80
98771 17 18
2162 2 71
6312 25 93
54960 20 55
74156 85 91
83095 44 88
7929 35 56
96512 32 93
50440 2 34
22189 31 72
83389 15 15
74365 63 77
52678 62 69
69493 33 97
71173 89 90
83849 84 90
31170 21 79
63959 51 52
60431 81 93
71831 93 98
14742 40 70
91529 33 46
95568 47 59
64913 31 53
65671 73 90
33675 19 41
138 41 76
92064 44 78
93230 41 93
61710 14 73
67224 82 87
13606 1 7
2231 29 91
65458 66 90
52516 8 92
92394 45 46
35089 75 98
75496 10 82
45359 7 36
30923 5 90
24182 75 97
70076 57 57
32363 4 61
41956 36 37
14759 18 42
82940 59 74
58940 47 56
65912 31 87
11772 29 80
9129 51 54
42645 40 54
97185 0 34
35253 65 92
98620 72 85
94625 2 41
48694 28 64
