825 201 1 98969 2
81 95 21 100 100 63 0 98 13 70 31 73 18 4 18 80 12 38 65 12 88 30 39 48 81 14 51 27 32 8 40 30 11 94 27 43 42 64 87 79 98 76 47 98 0 37 84 22 42 55 59 39 55 38 77 52 95 25 55 16 46 76 99 5 4 61 20 24 61 62 92 36 90 61 14 55 64 40 50 81 82 92 48 26 5 45 62 33 46 39 47 88 28 24 65 26 82 75 48 96 73 25 45 60 11 64 22 52 24 56 38 99 6 56 16 38 40 99 85 0 68 75 32 88 54 74 17 95 48 20 79 7 2 42 56 76 73 15 5 40 8 32 43 14 35 42 15 61 17 66 99 56 21 6 43 68 51 44 44 21 98 67 56 93 31 40 23 72 79 29 78 56 64 28 23 7 70 65 93 85 87 27 77 85 63 96 70 15 43 17 22 34 73 32 76 80 11 12 23 21 67 5 63 79 58 89 49 0 86 55 38 30 65 34 43 65 53 25 10 53 36 63 44 42 17 78 51 98 26 43 9 61 62 83 97 81 90 85 80 67 42 91 35 83 42 69 83 1 46 8 81 29 19 28 72 74 31 4 55 50 40 17 18 73 68 17 25 83 4 51 39 67 94 29 40 69 75 74 40 18 54 72 98 46 62 2 36 73 26 60 13 28 33 66 9 41 79 62 70 9 24 47 0 54 46 38 7 59 73 62 89 48 87 15 91 60 95 16 54 30 10 87 55 52 1 80 64 94 8 28 84 42 38 65 14 40 9 9 10 73 33 55 7 94 70 34 89 82 13 18 90 73 57 66 87 96 90 57 32 90 66 52 47 22 13 26 23 49 15 94 19 23 55 38 73 42 91 68 29 26 84 21 16 44 21 26 32 0 86 91 67 41 87 50 80 7 65 71 54 25 65 56 49 36 43 75 84 75 37 77 50 88 82 52 87 55 63 97 93 50 83 44 56 23 97 48 21 20 19 38 63 86 26 28 3 97 27 56 59 21 24 69 42 72 88 74 92 36 49 4 58 9 42 16 15 99 69 16 26 37 14 79 90 6 11 39 42 72 81 77 67 87 85 93 35 80 27 21 89 3 30 47 66 9 17 98 80 98 37 25 2 55 34 51 11 4 26 81 1 58 45 65 67 44 90 9 23 28 27 0 62 98 65 25 75 90 97 44 57 61 1 71 99 35 43 1 17 51 47 25 25 44 50 58 24 17 18 50 99 25 17 31 52 7 51 66 35 100 4 58 26 4 51 34 31 91 100 30 3 55 22 81 65 35 78 19 3 41 23 4 83 37 68 68 70 49 69 89 24 24 16 20 43 52 12 55 53 87 54 17 97 53 65 25 78 91 87 87 27 91 82 56 86 13 36 28 74 6 1 73 92 24 17 80 27 80 50 45 62 19 46 21 18 79 54 71 27 18 29 3 35 52 74 43 94 87 27 91 85 91 15 96 53 8 20 11 58 57 20 38 28 82 34 54 35 34 95 21 93 12 52 78 57 93 35 96 54 16 97 49 98 38 50 66 44 17 61 95 68 20 93 54 4 25 46 90 37 92 20 75 40 21 71 46 87 74 61 43 29 52 84 90 17 13 84 71 91 53 98 86 51 38 69 26 54 100 65 93 14 83 16 29 89 30 7 83 15 1 41 81 83 52 21 6 28 9 37 28 24 91 5 68 14 33 35 39 34 21 71 19 58 52 92 65 41 42 31 44 69 61 53 86 4 64 33 93 68 8 12 74 81 2 51 10 53 58 20 49 65 20 6 86 14 30 88 8 31 75 31 76 14 84 71 95 12 36 69 68 97 3 57 31 52 15 63 21 25 80 2 74 18 27 68 37 1 89 66 100 84 58 9 38 60 87 19
52735 8 50
35010 41 97
95294 57 59
21445 8 60
52046 40 94
69571 44 67
25599 22 94
68049 45 50
21105 56 98
55405 17 59
32504 15 91
15495 67 99
73455 38 63
92497 58 61
49555 23 65
48159 3 85
13760 40 75
55571 13 66
75003 24 55
18607 58 59
6225 76 79
73751 23 64
94052 30 47
29987 19 45
729 25 56
7626 11 12
16886 5 50
22001 23 96
35798 23 73
55996 50 53
12757 36 45
74550 73 89
15631 16 30
1800 75 84
25190 20 98
56839 29 61
46337 46 61
43757 35 49
84229 42 80
96170 60 83
68161 6 19
15304 51 87
59824 3 26
12928 24 90
40166 39 99
69825 53 71
76695 36 65
34184 4 100
75948 11 71
55545 14 95
82056 80 95
92679 20 96
26760 10 78
56090 11 99
50867 25 49
44317 44 99
83324 8 58
12177 27 63
10223 53 73
49073 43 92
16843 80 95
10567 59 84
94365 58 78
7873 46 69
26083 46 78
6423 61 74
37688 44 52
42802 19 65
66073 81 89
57801 73 93
20578 35 74
36401 3 76
43721 40 72
91391 43 78
2664 42 99
49212 28 91
57628 21 92
12747 60 86
19846 26 43
98469 37 46
82140 35 58
16470 5 17
34143 20 21
31285 11 56
79754 59 60
15384 46 69
68526 41 71
62712 22 94
91832 76 88
33711 32 84
33136 64 90
90039 35 66
75728 26 40
4813 23 62
69435 27 48
25697 37 47
7448 3 58
62294 36 79
54765 37 46
74980 10 83
18976 15 28
24257 24 53
33709 18 55
91326 46 52
78850 62 93
77815 23 29
33059 19 77
86954 59 99
28746 0 93
64481 48 72
67567 45 51
74477 81 100
86391 13 80
6564 45 49
44323 13 15
98412 49 75
76020 38 65
82516 6 35
39276 63 81
73570 0 68
3682 10 19
85718 19 53
87038 7 51
25495 20 35
66432 15 31
45054 23 52
9551 32 76
59570 39 90
90259 84 94
50779 74 89
5644 20 59
42089 23 91
27944 75 98
66355 56 76
71882 1 78
93910 44 61
74736 17 21
75729 6 10
6643 11 96
69011 7 35
81712 30 95
39655 43 76
18431 21 76
63593 15 36
97093 19 62
57177 7 86
35948 32 44
87911 22 97
74696 41 72
76877 20 38
76325 64 74
11126 12 44
25596 27 77
49588 19 77
69118 47 57
76362 3 27
8781 68 70
54521 84 98
79602 67 96
6252 37 50
70265 17 85
73831 18 88
80804 9 28
39896 1 79
19562 52 86
51760 19 85
56474 22 64
92187 11 43
42782 41 53
39333 44 89
6442 35 38
11536 48 78
19722 37 99
6505 31 91
42463 14 58
18121 1 88
13412 56 86
72413 32 51
30670 12 29
88183 2 7
86718 5 39
19823 27 76
63300 5 86
44321 13 69
14358 49 97
33100 32 39
55875 32 75
43157 36 59
9485 2 30
3345 31 35
37077 12 93
64052 13 40
72495 20 67
74081 39 97
87704 7 27
51605 59 66
16334 22 99
30691 15 47
30245 75 89
55244 9 15
96407 100 100
