730 93 98391 100 1000000007
26 21 75 99 34 88 29 95 62 99 55 82 10 98 66 18 79 100 80 24 65 58 55 79 30 1 64 30 24 57 5 51 1 50 63 19 84 58 31 94 97 92 3 55 88 67 63 67 30 76 10 86 7 52 3 44 93 66 79 100 46 62 63 9 100 16 71 58 4 83 29 93 18 61 43 8 88 10 94 24 52 64 76 53 34 20 35 54 76 61 1 61 88 73 43 61 43 29 94 4 30 55 59 31 92 93 98 83 31 32 39 95 56 51 53 76 5 62 100 68 32 84 59 70 81 61 79 21 42 38 96 91 57 12 37 67 52 50 66 46 81 14 3 23 59 18 4 31 12 64 32 42 4 82 69 87 96 78 29 74 10 74 83 79 17 4 61 93 87 94 82 45 14 64 28 60 17 0 6 3 28 17 52 16 82 10 59 33 48 26 63 30 1 73 53 61 66 31 45 3 38 97 55 58 59 88 54 95 100 36 29 74 34 30 19 47 75 99 35 35 88 33 47 14 1 66 29 88 99 65 39 34 19 45 56 55 45 87 75 46 86 22 62 25 25 36 5 60 17 86 46 66 73 50 87 29 33 65 98 49 14 48 61 86 53 42 88 57 31 14 30 96 42 23 18 98 58 100 58 36 21 49 6 70 70 27 40 47 22 71 10 60 21 34 61 46 10 69 56 77 89 9 44 42 50 46 75 86 19 85 60 47 75 16 1 85 19 45 42 95 85 31 53 76 63 44 68 25 78 28 24 15 57 71 100 69 74 50 40 35 78 29 63 86 91 57 9 92 16 14 41 49 80 24 25 84 64 62 99 91 42 60 95 48 30 62 11 30 23 9 88 27 94 9 51 99 55 64 54 39 62 59 2 37 1 42 81 70 62 70 33 71 75 37 10 38 8 59 95 57 7 21 6 97 87 83 26 60 89 13 11 29 56 45 7 23 22 52 53 15 35 94 90 64 88 25 14 42 37 71 33 8 80 81 71 16 14 73 47 16 60 66 67 65 23 9 0 32 42 77 68 9 13 55 52 79 55 61 24 84 76 81 51 35 11 20 0 32 47 54 84 77 55 31 44 30 70 18 11 27 72 40 65 81 72 96 61 10 98 53 66 77 76 42 22 14 76 80 32 45 32 15 79 56 59 80 32 76 43 49 56 61 53 83 42 64 95 96 76 33 58 22 44 15 98 53 75 20 59 48 65 17 61 58 5 62 1 78 100 43 40 94 23 97 87 58 87 29 67 100 63 77 41 95 98 72 9 14 89 20 58 34 27 23 11 1 69 33 26 36 36 15 35 68 7 60 64 0 67 65 6 96 74 99 20 94 24 66 76 15 81 4 22 90 87 47 77 17 34 10 44 54 60 22 48 78 31 60 76 69 89 79 20 60 66 75 6 55 14 100 1 68 30 0 93 77 74 24 98 56 71 3 7 63 12 69 73 11 84 57 35 63 9 36 53 72 47 13 97 87 12 10 77 27 8 75 69 58 92 9 70 83 21 29 47 38 28 26 32 64 39 27 33 96 19 59 78 80 40 69 66 49 50 49 66 45 78 32 53 59 44 38 32 10 67 82 82 12 2 99 77 47 89 30 48 89 12 46 37 57 23 100 63 49 31 72 91 83 69 57 77 98 73 2 92 45 8 8 64 7
49 6 6
81 19 19
48 49 49
44 47 47
89 19 19
43 27 27
78 11 11
16 70 70
91 84 84
57 44 44
13 51 51
72 24 24
18 57 57
60 15 15
29 81 81
15 3 3
26 91 91
1 96 96
5 79 79
65 85 85
8 66 66
62 15 15
50 47 47
33 4 4
56 17 17
45 25 25
20 18 18
99 21 21
2 80 80
11 86 86
41 1 1
94 53 53
76 84 84
53 69 69
30 62 62
23 5 5
47 17 17
17 91 91
36 17 17
39 11 11
69 11 11
38 63 63
46 68 68
40 14 14
34 61 61
12 87 87
83 87 87
97 62 62
84 45 45
90 14 14
75 69 69
28 12 12
14 9 9
42 32 32
71 2 2
85 43 43
6 19 19
95 21 21
0 31 31
93 53 53
37 75 75
74 61 61
61 20 20
79 88 88
22 93 93
68 38 38
73 43 43
9 91 91
21 48 48
63 21 21
98 99 99
92 68 68
52 51 51
54 34 34
70 76 76
66 56 56
64 78 78
7 39 39
24 28 28
55 29 29
32 63 63
87 13 13
51 14 14
58 86 86
80 67 67
27 17 17
31 17 17
96 1 1
82 48 48
3 78 78
88 19 19
25 47 47
59 98 98
