273
204 162 780531845
255 162 353545394
116 255 537123899
248 255 429100283
122 162 349359961
74 122 133236560
5 122 50844013
172 248 922769882
196 5 912394149
13 74 907104955
257 204 55841467
97 116 39927749
213 172 61056562
190 213 525661219
65 255 656279347
222 116 282947090
163 116 63502212
58 162 674022370
214 122 81810461
45 172 811165446
166 5 761473405
161 116 226111147
184 166 949797499
209 163 204203419
37 58 511898150
272 190 429287812
67 74 226563139
81 37 851272476
126 67 516571051
164 65 739106513
60 5 836119042
254 116 160254717
159 74 480313793
111 272 294919944
96 196 115414940
123 126 333688936
146 45 199543844
30 74 609531136
215 172 236587737
50 96 513899847
199 204 235784127
110 215 828376282
88 163 844130232
77 45 195289163
165 190 941938965
41 97 439833614
153 162 818148433
53 209 346560791
258 60 90463452
268 5 234061332
273 248 802503474
245 60 339961780
62 30 804805412
2 58 608845724
32 88 224983662
83 97 836204696
59 258 784073084
124 41 777976299
51 5 587031121
239 161 327127580
227 248 351163488
133 146 967082156
265 30 700701039
109 172 567032392
120 265 952890997
46 109 435713498
235 120 79712236
138 59 61561897
145 184 165930630
95 235 65184491
167 120 350344687
197 67 978099386
54 248 892239021
68 235 927661058
192 163 694404593
221 123 84432109
212 77 924403570
142 212 183855946
112 110 552158763
127 268 542913654
35 54 1913181
220 221 508303274
176 239 630157851
90 35 922384467
270 81 678806952
186 214 90146664
156 192 120957001
73 190 693384257
92 239 627937448
114 245 817912603
211 126 361054455
183 162 74888652
44 77 583718487
193 248 68195558
223 172 450970082
79 163 118225663
224 156 175780540
246 146 975279895
141 145 857450459
132 199 359961496
149 197 871829854
80 68 938398975
238 156 725926751
241 67 318985266
173 166 889094210
26 224 254903162
49 254 635753016
39 183 352670859
206 77 328754122
232 227 382504075
16 74 453744574
117 44 607448316
230 5 27832712
185 97 757968064
40 255 126196709
100 211 288233148
242 120 409270059
188 79 660357471
205 206 693349492
118 242 203896553
17 248 650510174
203 83 727020809
27 13 148445156
169 188 848620185
19 54 210533063
14 100 309993086
155 265 650843430
107 13 234960406
243 65 198667472
12 273 75491460
233 50 93945031
180 186 420188574
194 59 480349179
61 192 393227266
210 39 684436786
189 95 180791250
10 156 522912092
234 132 189608396
140 37 8421714
121 53 28032213
71 227 265923767
93 58 280514983
151 221 467212660
98 62 110272882
219 193 525093838
69 172 824449175
229 221 131489353
125 88 806428361
264 68 5345042
182 69 824784592
250 153 933311996
23 140 989081089
216 73 769338881
31 53 105643770
207 232 111119988
22 92 408506129
191 53 411748177
157 193 451879581
56 107 625586427
20 37 667638181
237 191 522635406
86 203 916710123
177 100 497919689
148 242 323015233
1 241 121499631
104 159 407624666
33 141 528380875
152 250 394224093
119 221 668675101
171 237 752033004
249 210 73063124
130 184 412553362
217 56 885861347
84 117 239406338
143 196 915208060
147 121 400811496
263 56 228018337
42 84 719932121
247 272 853058430
225 220 473611666
48 242 137892841
139 90 442111832
43 45 416576031
236 227 793386894
21 86 414522551
202 206 407462707
52 65 896780804
70 27 204136959
34 20 958225752
76 39 833057405
94 242 38621424
24 39 286820946
91 133 992868669
266 21 691148687
158 132 142770154
260 249 517057302
218 224 900233392
105 227 515135582
102 19 176126
11 61 71894191
150 19 310631853
28 114 121272356
135 171 421162810
240 202 395355765
18 229 740343915
36 16 862083417
66 92 577223864
72 98 850438565
131 28 673461509
259 45 646855344
82 243 830338067
208 121 275287012
57 209 52843686
256 234 9902833
269 104 839349825
228 210 731683639
154 230 219415128
244 48 77321171
200 97 51737132
261 91 413729875
267 224 315639578
168 116 807229211
101 74 811323518
134 76 917109030
262 169 427875084
9 126 100451979
271 46 98368202
115 145 632140856
179 53 773499116
174 169 933946848
106 216 377215245
108 183 39738208
178 76 797121149
103 126 156293531
113 270 531474377
55 255 839773212
4 185 489840046
144 216 536564493
3 216 756831149
85 17 265817473
198 158 24941200
6 21 560073590
195 103 895137881
181 245 652111474
251 6 893100182
253 157 961905018
7 17 761586614
8 214 808783717
89 154 213025732
47 236 341625193
38 179 564780758
160 102 970892781
63 17 264543879
99 23 950260291
78 232 317785019
137 55 846349269
226 133 695419017
170 242 696053615
187 77 27861373
129 56 517329053
252 208 488114987
87 7 235080779
25 139 880305898
15 132 982780582
175 42 424879303
201 239 402740606
29 159 534878106
75 138 292219647
128 234 765243214
136 111 609086606
64 151 516130964
231 161 488024919
61
88 186
88 216
194 134
232 209
174 168
228 203
263 33
122 114
112 262
52 211
218 13
140 250
186 17
163 61
6 83
33 233
191 67
105 162
39 142
58 20
264 191
180 36
216 168
43 160
178 84
45 187
268 17
247 81
186 37
226 185
1 43
41 246
186 4
50 188
32 68
145 1
253 133
243 213
5 108
210 200
30 160
82 117
46 59
218 42
3 123
53 130
272 86
139 247
71 255
157 203
258 114
24 141
161 160
198 161
268 190
272 238
25 49
162 12
189 13
149 173
70 69
