704
651 153 19009601
196 651 675447771
579 651 966427738
272 196 920275518
208 579 137120368
66 272 310498530
598 208 742393739
163 272 37005137
630 66 725381835
139 153 114300444
455 208 677832111
10 455 201098790
601 10 413744313
11 455 626019018
389 651 475878502
136 455 805170808
90 598 462228710
590 11 728908955
321 90 145610644
427 10 695321619
428 90 996915935
361 153 943273551
137 455 109409544
14 579 249408673
393 272 723640252
554 66 548402188
373 393 449072299
348 321 805360380
617 598 647693932
670 137 840653270
302 373 54947638
135 455 85632928
655 373 658702131
449 135 859124878
365 655 979333909
622 10 970887460
636 427 693993120
238 139 9918605
445 14 725504328
33 630 798170914
572 622 986937705
550 348 693942748
93 630 887515754
461 33 115890901
201 66 147868549
167 208 557056888
573 167 556059841
372 66 901410337
387 321 965747231
4 449 961398214
552 66 506991792
553 135 641019150
698 11 342251602
158 698 123704017
580 622 922103439
593 445 847466359
460 670 321600577
639 651 703851952
446 445 368951362
496 33 154322552
660 11 54308970
656 201 197318099
271 550 17922421
211 389 208332896
58 428 212367014
609 163 651572815
230 460 163288982
265 271 107731866
620 636 855881692
209 550 68031708
621 139 324022283
631 449 320023649
674 579 988720397
614 460 927205251
169 593 644175520
329 365 725400582
47 620 409765833
324 580 989061846
239 230 201007301
681 211 70206790
140 90 78601028
301 365 842830910
415 428 587586312
640 580 239764918
586 66 935399798
126 460 81801714
486 169 922026022
524 372 27358530
200 550 185152293
380 373 341309728
448 329 950764201
176 609 399021576
402 573 119034792
206 445 684728259
551 196 354029530
202 239 482683251
676 176 891483854
38 698 640013669
547 660 721911318
437 681 873952066
34 676 100848770
370 271 120605331
304 211 576765723
70 551 605709910
249 427 595795368
353 202 689360618
628 486 617132264
39 272 350260061
475 324 588604314
366 651 598616606
650 593 174821026
290 455 415141586
525 200 324666262
310 4 266272513
604 651 447643451
352 631 257493793
40 304 112680138
218 550 959178013
612 651 6649850
203 553 558081349
250 631 294255138
217 639 820565350
691 271 168500439
522 33 551129826
278 389 562379835
159 365 227516710
334 691 971718494
677 524 182765229
517 660 934040134
367 34 43224947
546 10 417050135
414 547 575200844
335 265 673581546
561 380 630929874
498 486 233057523
24 617 299180991
198 250 769973361
390 415 991825582
61 612 271949254
141 622 677939218
224 310 860721947
53 39 692118597
377 200 48818207
440 11 741140258
404 448 854022658
355 389 43447422
634 445 709584176
624 636 222485508
405 580 480708859
226 640 630869769
277 554 134441691
667 428 678138076
613 93 962139531
557 355 28933606
641 271 980052977
225 10 381484636
505 598 498006821
131 380 615386810
246 58 147070758
559 393 682933020
462 522 591178267
160 226 784118691
364 335 262240160
13 428 977667984
618 461 989287382
538 445 890988040
77 641 289962489
222 590 247205315
441 137 427153983
658 70 139114993
184 272 755387423
185 208 513540093
171 656 75653151
105 698 997348803
543 185 584381786
145 77 839603741
704 674 871472657
215 628 295764171
476 153 506395643
57 427 286639464
606 348 36380688
274 538 397414498
363 13 269342560
116 366 212356567
374 586 641578916
117 393 803848373
442 547 767377665
9 639 234147021
288 135 23717885
644 517 981235854
371 145 162721007
672 334 173174232
133 630 782461525
80 145 267558213
258 590 163044978
578 93 553562843
306 620 719224822
560 57 821307966
339 208 760753158
190 573 30193822
81 201 524612811
83 306 938975717
482 613 843106961
216 524 325810113
420 631 645858919
652 613 719381067
48 133 919585770
582 321 442003124
283 239 439016371
17 274 119412118
515 655 805517697
562 612 99966743
237 39 223802412
128 39 225016760
161 217 46768012
411 482 295598969
220 163 933588651
452 698 499989383
12 672 139628067
240 496 734067610
346 371 599238376
549 145 822077291
493 598 30166901
675 66 541095946
79 652 584348399
600 176 198785521
700 250 94821478
42 557 258857668
625 448 727171632
419 38 61268741
219 274 396493853
499 442 428403305
605 117 963050534
512 652 24219482
492 561 372124551
500 339 654822696
86 203 515789354
179 145 355031931
36 211 782712581
260 133 826630220
112 176 710630585
187 448 807091355
213 650 535229015
107 160 697841879
539 419 177074041
92 216 444745729
659 675 735790891
269 492 856230968
664 361 897472847
108 667 309442789
479 651 727253521
227 39 242554121
149 636 193203096
592 579 338388929
162 145 563605843
251 131 289506306
472 117 991128306
333 9 234678710
483 131 407361011
91 644 136633054
463 604 890430035
207 161 152510948
661 691 845328155
566 367 760567749
375 209 787821089
296 389 415607056
147 24 743141493
165 34 24459345
26 153 429414111
134 496 819606660
96 187 418616150
309 440 153354091
314 230 958627382
453 483 540677098
519 546 228473722
400 370 72989090
100 86 164068659
231 698 573742608
294 258 822927911
78 651 895407693
293 364 64469332
55 370 126640567
418 314 169758146
210 557 964033324
577 442 741622249
327 493 808349603
194 515 155964516
99 78 541045134
98 561 137831292
383 237 503509913
518 260 794694142
68 704 125116395
305 163 341924051
432 639 734729030
29 240 328956025
470 9 310734766
570 48 157497145
235 577 107532915
643 389 237280307
426 200 992938261
121 604 127388194
484 577 463548266
316 306 732527220
689 160 959232975
433 353 282956556
357 203 321798184
392 547 790813392
95 387 37503506
15 461 429515632
193 652 675061329
168 165 401584795
516 339 226029900
703 277 696179456
175 185 422013811
616 309 79723815
399 33 202248566
544 522 747976155
170 601 887865296
236 415 697672959
362 208 488820752
154 179 940133554
696 461 433952802
385 525 113027643
319 691 215747406
285 216 418372643
343 90 692274600
481 126 89015615
693 236 412810257
188 582 241823433
356 258 312553725
469 549 261895258
511 355 119043002
542 511 962215586
611 674 320992312
666 393 722511492
439 187 181102763
25 622 366695897
632 215 180168191
276 463 468772453
556 237 238508310
257 316 617939274
76 162 728429348
398 211 642178308
679 670 819998612
701 481 873077014
312 163 918381506
347 419 191871661
607 432 782185611
438 538 157740320
19 553 769612515
180 366 998585541
132 604 99851642
509 650 553963432
181 25 456502812
337 15 649844078
62 616 180734664
65 361 734339248
416 609 496013673
465 387 608109948
6 190 998407442
106 419 549403508
243 577 384155301
177 701 295643425
50 552 937231971
684 644 686575280
273 314 524396595
468 83 346248648
702 170 330568855
242 145 486403271
311 14 910053975
7 309 270660501
262 158 948845784
379 158 881773392
673 496 137052216
295 238 782526750
21 455 604054172
22 618 367428234
332 614 993401610
424 366 985127106
413 332 91974018
388 353 893746474
680 352 49454493
221 337 875340060
199 42 166605441
150 380 815330750
488 40 352477559
376 277 78073104
89 213 516383398
564 554 389850697
323 216 483539851
229 269 79937306
64 230 257620760
186 449 877121386
282 80 377070517
435 652 523132393
629 276 786180988
527 414 46031410
263 202 570580658
382 290 22802193
581 611 509800846
284 515 193118931
297 398 477688409
164 472 125360516
8 77 912460892
94 42 736113445
487 561 58141639
657 515 720593858
63 385 469751800
71 684 502463330
536 215 112169975
275 339 196110157
597 17 861964934
665 538 411872964
118 405 202575487
331 139 348420469
97 199 168918079
104 511 206560843
110 98 731658236
421 12 696316936
20 334 157869635
567 269 421712160
101 194 461252212
555 606 228556630
395 597 544528861
340 179 803397417
41 392 408873645
589 61 492531538
668 689 32566375
391 239 669068926
270 134 139536399
67 147 440233854
205 469 321094616
648 302 537013823
610 367 835847184
174 216 317567876
214 263 491979261
56 590 167212804
5 500 210479075
336 202 886271953
31 676 249492944
113 388 313477961
671 140 743020598
120 214 431368858
313 564 704964934
342 620 619779973
345 612 620929937
123 132 167086386
182 370 167001138
615 4 553122697
583 586 46787661
645 672 540512733
623 332 652660751
595 207 955159350
431 128 740724813
23 66 995196143
394 539 641170144
241 327 22027135
683 524 933403005
507 334 179329000
540 55 580098277
299 398 154791228
662 470 758391153
697 452 25120796
563 375 430378628
192 659 427266146
195 26 134475761
558 36 700988023
454 136 921917436
467 432 547734507
368 572 914202762
699 505 138864522
125 6 430236358
359 370 915960262
212 357 374907786
259 484 681070429
646 656 735186002
497 580 210405968
495 50 621626505
51 445 918464357
501 217 819374356
317 538 728275302
326 501 772388206
338 77 702922754
663 512 658187588
144 362 632318231
594 90 27064469
599 433 877781436
521 290 787702340
122 316 619758128
526 71 95915146
504 208 249288101
325 217 14105176
568 643 405173260
84 38 250689521
130 309 749249234
541 580 254684405
638 270 178383477
653 670 634164342
267 323 564250721
477 63 687008747
506 65 782219369
626 282 9035393
591 345 2008050
585 597 817597190
244 463 267990152
1 290 829756178
384 179 620103410
491 527 934793054
191 594 176708290
386 572 577327502
280 150 442835859
59 31 8998302
69 661 537300623
619 384 414110253
292 218 918521
508 121 200234066
569 416 302947551
447 84 751301655
434 312 830136169
85 383 458778250
248 405 56392492
43 521 702775402
602 622 730002302
88 492 272263136
466 441 391629591
574 174 900184899
686 244 141004487
114 206 129796440
307 538 32982087
127 367 763736354
253 153 91121020
406 120 691240196
344 522 385190104
166 85 116371584
256 135 760062978
584 562 923072633
627 127 903503210
103 167 961497246
322 194 915302339
409 222 189598918
351 4 45602782
369 644 872377731
397 120 570855188
378 24 392271706
328 99 245765194
489 614 194760861
289 399 8157259
234 171 154484693
381 427 712411627
252 177 375091824
688 611 464425040
430 33 571158311
494 684 647082107
637 227 690846571
603 646 725306767
444 488 779068720
18 97 778268814
44 415 71547785
502 435 889199673
360 131 100360565
471 547 510679032
102 544 26915350
685 636 686853002
172 214 898671748
401 449 542445281
423 427 787014649
298 295 638432342
520 162 289079059
315 439 911990440
503 618 784678642
109 446 746238651
596 509 98340491
124 663 339374962
281 512 329382378
178 225 552112358
157 98 119894053
695 84 572091381
73 214 413942368
279 33 54710980
532 26 407741892
189 657 981054297
523 334 202780106
647 700 508264254
429 481 385027251
510 657 681590542
443 149 111129794
37 686 39541022
2 429 353729505
87 515 400347629
52 675 635266893
458 570 639246603
291 663 456005834
692 227 885740978
485 215 137206188
514 117 364705071
529 175 71509776
247 288 587761384
303 251 698087590
204 519 880047196
575 80 282563368
143 453 878093708
528 182 839322295
264 351 496383516
459 382 301900228
151 675 962938445
330 477 758691496
320 556 260047019
358 303 69283609
490 434 436183174
341 459 709533848
16 130 292299833
457 475 79999080
478 295 343061781
54 483 73329257
535 419 703056890
450 491 594821729
690 144 867805346
45 499 721902194
223 448 986133939
350 29 906843931
308 544 610700137
608 123 967559174
49 683 638054883
183 600 903151927
35 277 307179514
115 496 883137863
28 320 124083041
197 246 886999170
254 97 739996903
473 661 12593565
349 671 31317233
635 379 28747167
255 172 965366287
451 197 906856285
410 509 427869647
513 215 603751481
403 147 750965004
268 645 812409484
119 526 530197938
474 470 799557468
694 375 48007353
74 224 46551724
530 475 29216906
148 441 680470386
232 145 873892951
407 559 676561170
678 351 85130441
32 488 757208736
354 546 54804198
156 670 828002859
75 103 122582596
425 28 370721012
545 646 820056157
138 367 642857651
155 288 475564987
261 402 381808247
173 688 193353767
587 443 564894883
531 321 764065288
571 110 418387082
286 561 917427088
142 441 692031117
649 513 816808271
266 597 494847808
396 126 479121095
408 356 712745011
642 670 924540197
576 220 473297386
417 482 167653111
146 629 792932554
72 47 76131372
537 685 772873882
687 351 26701030
456 59 393744009
480 74 941224746
129 552 389112380
464 37 830482509
228 403 920082408
300 508 265017728
82 509 177320234
669 22 917281882
287 632 360343059
245 283 403515761
534 432 905298928
412 704 810209958
436 19 445051514
533 246 169845741
30 488 234592649
588 676 462007108
654 604 262586177
682 57 307106611
565 180 254311185
633 509 227800538
233 386 665632855
111 354 44710272
60 273 109340653
152 296 898738534
46 568 923050054
27 442 409933979
3 61 218897444
548 141 86544568
318 204 548058825
422 208 279883677
748
371 90
227 140
305 423
329 240
196 314
616 667
219 362
686 446
130 272
593 342
357 80
200 325
233 104
441 432
572 427
405 346
528 605
504 550
393 153
182 134
19 543
462 598
540 696
115 524
657 390
674 8
37 40
677 18
557 512
221 509
191 242
547 655
405 26
614 614
130 673
370 538
184 557
350 662
539 350
131 462
595 200
71 312
100 9
101 571
572 348
36 425
48 486
608 427
320 183
655 516
177 613
460 545
205 337
326 618
193 10
578 403
167 270
569 191
21 183
377 281
295 89
440 696
340 580
133 263
43 401
337 552
698 689
410 668
119 487
3 206
161 569
333 460
400 199
157 169
518 388
263 687
13 248
5 535
295 679
672 687
84 476
351 19
249 569
291 331
156 42
202 16
431 274
14 358
223 653
566 620
490 247
285 70
702 146
78 318
527 266
544 701
316 169
543 413
682 447
333 496
43 298
213 451
563 606
277 81
501 305
230 366
26 361
302 703
453 365
526 182
251 189
698 685
249 284
361 628
391 509
511 188
597 20
437 190
5 441
284 250
286 270
363 84
250 695
579 612
581 382
553 329
344 19
414 21
97 494
340 569
92 682
230 505
326 490
398 499
576 270
616 419
499 514
456 640
68 287
516 370
96 286
573 266
419 404
648 92
670 23
564 475
509 607
311 555
191 614
92 112
235 216
415 465
70 183
144 638
568 544
473 421
302 7
423 191
677 72
507 50
343 423
684 267
278 526
171 50
604 386
593 167
165 550
241 146
688 334
239 15
580 543
85 504
143 375
664 57
103 254
624 402
393 414
305 583
495 174
19 499
633 493
124 395
82 435
308 99
557 283
84 563
350 397
82 447
194 473
670 253
303 152
398 577
216 522
475 331
267 447
47 118
130 471
192 265
281 618
393 75
433 689
609 495
703 128
653 505
564 616
500 68
502 20
599 625
364 434
171 163
280 217
577 127
538 179
235 218
69 356
486 466
658 316
590 563
139 627
256 661
644 167
285 81
258 131
683 414
288 507
128 147
572 662
643 65
161 11
524 455
26 267
661 65
15 513
4 98
265 336
228 134
648 517
317 647
656 490
456 182
338 327
44 71
319 82
605 436
311 632
636 362
308 45
382 259
549 516
558 485
45 599
106 217
519 29
503 113
42 236
68 176
401 190
117 29
269 685
541 208
415 440
19 93
608 36
10 632
33 641
280 327
83 395
160 357
701 94
411 642
108 568
363 384
205 451
470 583
146 379
504 574
235 394
86 93
391 274
501 248
396 73
579 617
635 699
453 46
313 628
659 247
81 55
68 664
167 139
589 340
289 117
102 321
320 176
633 522
644 484
523 230
595 459
370 695
634 573
235 675
107 669
82 596
312 101
553 395
301 421
47 702
582 71
463 638
161 211
624 697
30 545
132 620
305 522
449 191
670 276
369 456
229 639
201 219
151 207
687 96
567 221
589 310
205 17
613 120
113 491
69 111
159 14
11 669
241 376
563 615
545 345
371 53
347 223
606 648
146 507
136 355
576 150
167 139
398 407
20 61
57 233
620 454
636 488
577 445
316 633
35 394
439 410
613 167
455 461
384 316
496 147
444 633
365 524
373 564
401 457
70 104
434 270
516 354
159 464
267 85
407 365
241 350
69 546
386 242
281 242
147 161
315 160
101 571
656 478
454 579
24 660
281 704
345 59
117 566
270 403
574 355
34 397
56 77
531 448
274 148
68 468
518 232
584 77
674 9
77 167
233 650
521 533
463 554
627 566
652 230
72 48
29 691
49 223
401 348
573 404
81 62
690 253
677 302
272 635
631 158
197 207
8 127
245 554
484 93
144 255
233 449
578 670
138 582
538 506
474 375
238 25
411 380
530 425
520 134
344 216
573 634
641 643
40 121
353 172
242 574
106 700
330 507
1 232
225 630
170 536
310 259
621 69
324 512
415 123
74 610
570 251
60 703
682 72
341 479
29 424
146 655
24 32
496 610
684 20
433 463
695 345
697 203
539 267
547 279
246 643
151 189
333 650
432 247
633 595
475 624
41 315
524 34
404 260
585 182
218 612
249 697
275 598
36 170
323 274
287 522
657 469
502 134
141 297
622 163
195 162
359 227
113 570
262 346
154 256
173 14
506 481
579 507
461 703
130 232
112 49
117 270
425 132
47 82
378 113
463 463
433 83
29 548
35 50
603 390
472 99
159 121
334 274
417 364
489 515
337 136
441 344
150 266
237 579
339 66
18 425
678 666
660 385
509 509
638 682
318 19
516 354
1 407
359 571
482 171
164 496
96 505
531 551
251 104
497 569
23 497
242 337
238 606
141 212
210 214
198 534
387 405
571 535
93 533
690 676
351 678
205 497
170 655
290 477
462 37
42 339
694 294
330 606
411 177
550 188
231 436
10 377
427 693
304 29
140 157
703 703
66 33
393 238
641 240
531 617
21 670
81 86
87 261
291 541
237 655
609 689
492 578
141 327
117 660
12 663
579 598
560 192
364 698
552 608
478 597
97 17
647 481
324 556
444 163
288 258
26 173
486 507
118 180
570 272
48 184
480 125
240 277
167 209
691 28
106 267
250 580
21 581
149 363
372 76
303 218
593 355
209 92
268 427
256 599
88 517
671 219
230 92
428 183
5 164
172 99
373 157
211 136
398 235
681 168
571 115
120 665
345 464
7 475
631 689
601 6
597 312
306 185
613 420
658 238
324 402
127 117
388 279
255 71
309 385
205 183
358 112
243 451
192 327
456 137
125 44
77 133
358 404
235 353
214 296
357 630
667 685
286 503
506 197
194 410
564 597
294 321
563 394
451 611
488 383
157 160
371 528
681 638
245 536
557 386
486 148
656 345
620 373
54 302
425 388
227 286
127 150
27 415
313 16
662 451
174 658
505 659
176 162
491 240
102 356
133 136
250 502
665 18
339 123
390 52
685 135
588 430
383 598
573 399
406 392
131 537
243 431
704 123
635 583
240 369
189 112
34 489
317 10
486 588
366 458
120 475
654 617
602 683
200 588
148 505
341 213
258 91
276 332
356 566
508 416
665 614
647 516
95 601
699 134
8 154
593 410
47 218
618 422
494 455
561 250
178 291
588 78
626 235
569 348
642 657
269 50
382 622
421 225
330 430
277 139
225 142
547 300
700 610
419 511
453 244
16 184
67 297
263 675
140 344
158 159
651 259
526 152
338 590
4 77
59 73
659 162
476 562
650 337
63 539
510 627
238 54
467 254
637 261
163 489
268 121
22 240
176 492
337 192
245 405
32 586
2 396
507 87
508 653
110 71
619 417
539 408
597 569
260 213
35 325
356 293
180 253
691 526
139 152
664 221
181 526
605 109
284 344
683 681
218 593
272 586
701 47
29 248
505 527
304 47
365 491
