623
156 153 32762
196 156 456070819
579 156 276839929
272 153 660108048
208 156 795334238
66 196 738975668
598 272 22685855
163 208 50015229
254 163 78697162
139 208 902446582
455 272 710749429
10 196 47754116
601 272 733171333
11 153 163473537
389 139 211800053
136 208 125689729
90 601 488117686
590 208 540533353
321 136 414856348
427 208 134283152
428 156 375927564
361 90 980303913
137 389 266863504
14 156 585669067
393 361 891113504
554 153 824686084
373 156 441522601
348 14 74838335
617 373 32945095
417 348 172426143
302 11 306807515
135 417 15898379
138 554 116426887
449 617 742854770
365 196 751727524
622 361 585227450
410 579 282387854
238 348 40921395
445 590 178551846
33 445 713758094
572 348 245248941
550 427 223256808
93 11 999055110
461 617 897795175
201 622 525126460
167 163 440408072
573 601 705896609
372 601 945731792
387 428 811875998
4 321 387169737
552 167 573343731
553 572 31042871
152 14 883314117
158 135 20322094
580 238 584020893
593 158 579230965
460 153 614333637
268 387 441920026
446 272 917287712
496 156 806409843
531 90 756389494
155 90 395114555
271 553 935946858
211 579 300276451
58 393 366786302
609 593 262188245
230 211 815272557
265 455 958373032
620 58 482794527
209 622 145360958
621 428 910015806
473 254 260324124
436 201 164809991
614 10 397206394
169 614 844674095
329 601 481501375
47 196 904601500
324 410 531464394
239 531 297456022
82 620 326626096
140 372 116535407
301 302 942334451
415 272 362116614
119 372 591578533
586 155 737388306
126 238 280230201
486 580 969438358
524 620 259646308
200 553 932764606
380 321 194544663
448 393 975393978
176 601 205152959
402 153 491253393
206 402 630768389
551 4 254933886
202 365 152025916
480 206 733112595
38 531 408346528
547 138 269553706
437 137 416829338
34 268 469743346
370 163 474326387
304 208 604908107
70 370 938777829
249 448 105830489
353 238 791723716
28 415 14786520
39 202 707536737
475 446 623197817
366 553 879401144
354 531 71515770
290 196 477854340
525 90 888113981
310 598 283281533
604 622 870512607
352 58 418377288
40 329 42800772
218 11 345888763
612 66 92100
203 524 616706583
250 586 628069784
217 329 238541815
545 593 498796712
522 598 437941856
278 580 697535793
159 156 968522622
334 200 403841097
129 373 25560623
517 372 345112633
367 140 331520518
546 201 936402729
414 158 710002079
335 38 641702576
561 460 802087705
498 547 264063611
24 321 854300218
198 153 433405706
390 353 851593381
61 473 15179510
141 14 838769154
224 302 796218471
53 239 233903450
377 436 329658385
440 272 326394496
404 39 627926602
355 156 340034052
255 531 811078738
49 4 84928975
405 546 938860056
226 546 808910826
277 367 555743557
408 373 339034393
613 39 642323519
557 353 918468982
474 546 164811126
225 196 629163534
505 367 217316696
131 66 764013136
246 93 358940946
559 61 137264850
462 208 435994380
160 224 574889471
364 169 442819243
13 61 565175765
618 372 838803164
538 200 474556039
77 153 430728915
222 272 787617341
441 455 550956051
173 554 131912817
184 353 901667896
185 310 946450308
171 486 424388337
105 609 308557046
543 473 795550941
145 28 680081216
422 163 927183278
215 61 976094649
476 126 873289353
57 302 841820899
606 364 182437583
274 39 680286198
363 218 140723775
116 440 306760301
374 239 503836798
117 440 359522504
442 93 951813860
9 448 573268633
288 310 412786974
530 557 933378873
371 524 865306245
72 462 654015581
133 380 526584763
80 462 125013330
258 475 533247552
578 206 159097263
306 198 645380875
560 462 600327898
339 324 441196961
190 553 658060053
81 239 179561983
83 550 726806343
482 53 438018224
216 618 598405027
420 81 852341392
75 288 240930724
48 225 828563203
582 366 878387962
283 557 977401649
17 278 130699779
515 475 624363137
562 402 430620773
237 573 599777552
128 361 935171081
161 160 794190793
411 620 140775381
220 455 763914006
452 131 573208347
12 278 877578433
240 593 859629409
346 158 101345186
549 13 610976026
493 14 492571983
456 461 28239353
79 329 49287554
600 498 552698160
27 405 67294570
42 445 200888661
183 522 486442222
419 301 164661998
219 517 480948645
499 216 116882013
605 390 832222923
512 237 704639953
492 152 515811814
500 217 672517143
86 80 440522652
179 605 52485935
36 387 910540372
260 206 466115343
112 158 67231100
187 277 921014385
213 278 237863636
107 42 500072256
539 475 956870795
92 612 96791949
587 419 54164812
269 139 125906707
32 480 64591069
108 512 945833042
479 302 662564779
227 493 257236869
149 79 111455065
592 128 947294904
162 334 630745649
251 49 487443781
472 539 376081547
333 414 358265893
483 473 29318230
91 237 775619156
463 462 407124563
207 176 747560223
571 601 295440822
566 86 286805141
375 239 933562609
296 183 171333076
147 306 995998333
165 53 161729315
26 310 91711201
134 260 708686304
96 66 503773099
309 442 578190091
314 387 841012339
453 321 937267330
519 355 875679730
400 198 893032069
100 436 266114703
231 136 284926486
294 108 357169598
78 79 417211144
293 179 261584998
55 179 272696334
418 93 676379272
210 355 218208488
577 441 283417775
327 38 935297745
194 294 225166742
99 524 447335095
98 48 932200889
383 260 684039141
518 77 962186005
68 210 539732897
305 400 183158976
432 34 391326208
29 432 69391426
470 515 181897559
570 141 886255125
235 598 964444125
74 598 867900661
426 158 244069590
121 604 250126230
484 613 628653050
316 167 334768362
30 590 450699303
433 147 305637269
357 301 856118472
392 269 659315137
95 26 569398518
15 133 256153498
193 117 348050352
168 217 526112844
516 551 129520448
318 571 564539017
175 493 724686414
616 274 364726252
399 108 516565951
544 145 499080462
170 138 811172139
236 309 258747354
362 357 459274744
154 410 426445375
111 153 140202738
385 226 15593627
319 14 933890524
285 355 404270167
343 572 342243129
481 392 557981317
565 481 693651832
188 449 4392631
356 112 185783321
469 201 533229047
511 134 757886740
542 389 69109338
611 302 7751808
396 579 678710906
439 392 959987946
25 377 23248057
349 91 76729279
276 524 983227283
556 472 795731598
257 573 445901547
76 14 6395236
398 419 691050888
228 410 578863218
3 549 866594174
312 419 698425264
347 543 428260975
607 161 974332560
438 129 792738476
19 476 156592054
180 546 302638211
132 258 536211326
509 582 918621856
181 321 820169664
337 222 314476718
62 175 43086280
65 366 880684965
416 538 773212666
465 213 25372601
6 481 224902385
106 531 831553087
243 17 708539171
177 77 944560104
50 19 934281887
245 319 734148348
273 4 17738766
468 419 901706099
548 198 726207093
242 357 848023744
311 276 581767088
7 15 874420683
262 40 934508051
379 58 424004430
537 138 1722470
295 81 55400299
21 556 731297638
22 606 808797764
332 238 301415869
424 193 840167713
413 621 214284258
388 404 699864403
300 240 362115579
221 132 989554754
199 208 686640361
150 76 837423284
488 426 459508198
376 75 585834487
89 133 366493932
564 219 808013697
323 309 997008181
229 82 334543938
64 573 626205122
186 55 354669721
282 79 211371981
435 551 484442819
197 49 509683974
527 49 432051256
263 27 653520009
382 32 873397324
581 25 99955156
284 121 860804801
297 36 975797393
164 582 761903337
8 582 770445762
94 370 868042054
487 380 150358487
261 8 215771289
63 587 701992992
71 422 265922155
536 524 656746586
275 579 514718384
597 89 609293028
266 138 320220174
118 111 83484202
331 183 48096352
97 376 139702622
104 620 119471897
110 377 895543125
421 78 405472888
20 47 697954567
567 318 433211654
101 416 565123590
555 257 140348079
395 428 316492600
340 578 219088660
41 518 61087409
589 456 198968810
451 94 148881728
391 72 199612575
270 614 478058382
67 150 888103545
205 353 83390327
464 67 991067514
610 461 782836682
174 161 570845810
214 219 745367845
56 304 295459283
5 519 243831732
336 50 579720054
31 376 862492490
113 199 248594783
146 355 354348774
120 402 249068882
313 445 746653111
342 47 640206862
345 440 953784135
123 542 702330126
182 249 830476538
615 323 423456518
583 550 444464859
148 419 228780207
623 187 863144016
595 592 833550392
431 426 683233215
23 167 614777238
394 396 453492612
241 81 392149024
287 290 607390448
507 4 929133908
540 590 823121514
299 137 602621074
286 98 563420029
60 455 206029157
563 593 129356179
192 270 517197863
195 301 102692487
558 108 468083745
454 475 628855412
467 261 985744477
368 5 596368260
46 242 830810345
125 488 47638201
359 89 58607895
212 544 855885530
259 155 350887030
232 106 229738139
497 481 699249197
495 373 646893212
51 375 575591913
501 390 956016377
317 515 968928456
326 578 213194599
338 377 842259889
142 206 305560484
144 509 861778200
594 5 589376282
599 120 45357065
521 208 710754417
122 229 156379062
526 249 809050239
504 11 854923241
325 209 493637269
568 610 449570914
84 67 533563733
130 590 15395540
541 100 493701443
403 340 626405754
425 556 146557702
267 77 383966589
477 321 543404032
506 240 225573885
35 31 809156884
591 125 740009850
585 511 111103220
244 219 998874357
1 200 280326870
384 91 300804752
491 448 658623018
191 426 121441817
386 578 575057440
280 439 296218209
59 371 633420911
69 563 824290000
619 122 426632123
292 112 576556178
508 81 80065676
569 363 220801379
447 163 138232320
434 418 733578747
85 147 544595003
248 90 372647698
43 148 377396329
602 518 515768913
88 597 757649771
466 227 790832191
574 113 279653019
412 340 411441655
114 602 572776817
307 391 905950938
127 42 166519287
253 525 857555615
406 280 162725264
344 185 923182098
166 25 203457687
256 171 448142424
584 377 27299253
115 194 998596224
103 258 246006418
322 239 788677807
409 613 885671253
351 467 118254962
369 331 210896415
397 486 761985848
378 602 785754825
328 33 546057582
489 469 607276479
289 278 556080198
234 22 140654432
381 340 154763502
252 355 919030928
533 49 451505127
430 522 122487131
494 475 305598894
513 170 391568900
603 201 532176273
444 496 448796327
18 203 36682601
44 603 254543707
502 309 149079646
360 12 596913832
471 447 75294472
102 421 65535699
534 108 877606728
172 584 379749315
401 392 926214460
423 136 639965968
298 545 502099341
520 145 493830162
315 530 696018077
503 237 127271986
109 158 342960335
596 172 656120365
124 391 55554125
281 221 98851249
178 327 885714042
157 374 780758800
233 315 301122694
73 104 166486038
279 86 886333295
532 477 680234467
189 72 955419932
523 368 608837944
407 409 199574722
429 115 618764353
510 213 447481544
443 412 80309735
37 537 171852821
2 51 739352663
87 616 767261678
52 517 722208728
458 426 419061657
291 297 436813162
576 620 422458497
485 287 214658695
514 133 766260660
529 352 230539052
247 279 871988206
303 523 606886568
204 463 695882581
575 594 95596271
143 122 60119944
528 203 638884783
264 397 920454812
459 612 959479707
151 207 499108355
330 252 985893180
320 211 748982123
358 179 762691073
490 290 679172161
341 150 535068103
16 477 394110605
457 412 361401383
478 210 44524917
54 578 466863698
535 141 815103649
450 247 363797281
588 330 71691482
45 108 601505595
223 506 126132269
350 616 722716930
308 591 518601589
608 412 626159636
70
386 377
478 448
109 176
620 193
124 27
303 534
171 450
186 330
546 547
489 72
59 454
558 406
448 158
563 244
574 414
121 178
27 69
133 132
142 77
189 600
513 598
329 527
387 418
333 531
353 238
47 611
363 93
168 369
410 183
478 468
596 147
412 550
169 126
138 187
110 90
322 229
441 219
195 388
579 593
120 388
372 365
191 121
538 595
433 290
545 462
18 543
295 609
483 341
57 249
92 18
298 124
93 314
571 36
449 355
487 41
532 222
587 57
103 556
542 227
151 342
588 393
180 371
469 190
461 441
231 99
361 103
24 370
19 172
409 475
83 122
