94
48 89 38477210
82 89 590167465
14 82 770631963
50 14 76461852
39 14 123662788
35 89 74678985
21 50 713375156
58 50 141191461
18 21 376142742
64 89 348693386
49 82 213029359
42 50 423508251
75 48 146631651
3 58 525232293
27 14 961453
69 35 872961417
16 69 946290610
6 18 682038546
37 48 167595109
28 39 795636401
56 64 529780003
8 37 803504181
68 18 124890815
60 50 44714969
92 69 207899323
79 82 585041967
25 49 954626972
11 25 465584774
5 60 67961566
23 21 518310646
45 11 18865439
46 11 735465330
29 92 341353788
36 18 281521026
84 35 360023304
22 84 426476204
33 8 268329421
55 56 470527724
80 48 667822949
85 46 961706818
15 92 120990532
74 22 443176359
34 85 724359388
7 60 250744679
30 33 515922417
77 35 85648340
2 56 629726832
4 42 298015365
81 21 506438442
91 74 125349408
70 23 558211792
61 50 452303813
54 81 428840215
88 79 270706465
52 4 582107553
63 15 113677126
20 64 269414574
71 75 723947013
12 25 831025275
26 34 108595845
41 6 68452783
57 34 343852044
53 30 903098301
32 92 172807364
90 88 121264178
19 54 164557177
17 58 150679665
43 61 759746689
94 5 733854754
47 6 414521359
51 25 257209511
76 35 574767180
93 28 358478070
9 11 144137060
83 16 148645091
72 71 457891090
86 91 975113003
10 79 459482246
73 37 51246336
40 26 136719409
78 19 358167247
87 29 669071989
66 40 302320866
38 86 471839366
24 70 298881042
67 11 160033290
44 30 437486087
13 64 740148699
62 84 280353650
1 68 720626329
65 94 342688162
31 76 600914757
59 51 463548524
654
3 2
80 66
7 49
78 45
90 70
19 83
53 94
45 5
8 44
49 84
16 73
79 75
78 79
52 16
78 56
21 39
9 35
20 54
26 9
55 55
85 26
87 44
41 40
9 82
16 13
91 2
15 20
25 21
66 86
25 93
52 17
20 74
36 2
35 4
45 90
24 83
26 13
92 31
74 84
1 80
35 38
65 10
44 80
53 65
88 53
67 29
94 64
81 56
45 6
46 79
55 69
24 93
7 42
24 39
72 86
47 44
51 14
93 1
9 29
66 39
35 41
32 76
18 16
42 24
30 13
94 74
6 52
87 79
38 67
1 38
11 50
21 81
61 68
78 17
82 74
69 77
22 9
82 20
83 78
10 65
19 22
70 12
76 3
53 58
89 37
24 58
54 44
30 91
75 71
39 79
41 75
90 87
72 49
23 60
5 75
22 27
73 70
42 89
3 63
59 80
58 50
27 61
64 49
75 78
35 32
93 27
46 65
53 2
60 71
86 4
42 9
57 5
80 82
31 80
77 53
66 82
41 59
75 55
92 63
6 57
73 30
13 12
68 4
24 43
81 44
94 33
49 5
74 78
50 39
10 38
66 51
27 90
50 87
55 8
84 14
20 35
11 19
22 55
35 62
35 45
64 53
11 29
57 76
91 55
50 5
39 70
36 33
52 9
2 46
5 61
68 61
41 79
19 59
80 20
92 85
18 66
24 49
83 26
80 45
25 36
20 57
26 52
25 35
14 40
58 23
8 75
31 47
5 49
39 38
42 79
72 74
64 5
17 73
18 76
46 40
87 11
78 6
75 47
48 24
54 52
1 36
42 65
52 2
91 40
79 58
74 40
25 7
30 64
82 53
64 29
11 16
55 81
11 19
11 1
30 16
43 75
31 12
52 12
42 17
87 13
35 10
89 67
1 47
84 14
54 52
51 61
23 38
70 5
6 51
84 38
72 45
22 77
28 14
20 88
63 73
87 75
32 62
40 32
82 14
59 76
50 51
56 56
44 54
89 55
66 81
52 58
29 6
46 55
8 82
46 91
41 26
33 86
81 31
49 41
7 84
20 91
21 44
41 34
27 49
49 65
23 28
41 56
34 78
17 2
8 76
30 37
85 88
92 21
52 62
8 13
33 83
30 57
24 16
25 75
40 45
55 72
38 74
16 90
24 66
80 66
66 16
38 35
13 75
23 43
73 12
70 87
13 20
50 26
34 31
48 5
28 28
79 43
18 20
91 20
27 26
46 8
48 20
57 9
13 16
63 54
86 72
56 14
69 88
89 26
12 4
66 51
1 7
23 81
91 56
57 15
54 87
39 44
36 14
31 9
4 15
79 53
45 81
2 28
1 84
17 41
58 12
26 43
52 5
68 43
52 65
61 44
30 42
15 64
87 30
37 82
20 84
49 44
90 58
87 57
55 48
13 70
50 2
32 20
86 83
83 2
5 44
34 44
43 31
48 20
18 39
31 19
62 54
70 74
73 85
29 3
94 55
16 88
28 38
75 93
67 10
80 12
23 1
53 26
68 86
28 32
38 66
20 71
77 16
30 52
75 88
59 83
80 51
62 13
42 8
92 45
14 45
82 83
87 5
90 26
45 68
37 40
89 13
86 90
79 18
77 78
70 75
7 62
2 78
85 22
8 18
54 58
87 34
17 88
75 36
89 51
54 60
92 85
75 34
59 90
66 93
27 5
67 81
50 27
69 40
69 39
87 94
11 28
47 69
75 71
13 61
48 55
86 72
61 94
19 49
38 90
23 33
3 71
18 52
87 58
63 83
73 27
73 34
49 3
70 31
64 47
45 94
44 27
14 84
40 91
46 85
35 69
57 32
76 34
22 35
87 71
83 80
18 47
56 21
44 20
17 33
70 47
14 45
47 9
74 68
68 93
70 31
52 61
94 5
13 30
25 84
75 11
78 69
8 56
88 63
31 22
33 5
29 53
57 86
79 92
20 45
51 32
86 30
53 29
42 73
51 32
82 75
46 73
65 33
60 71
16 27
28 75
46 3
93 80
53 48
93 16
45 38
74 5
80 72
54 23
90 18
24 28
47 14
75 31
75 57
36 27
24 41
88 83
4 80
79 79
3 85
64 47
37 43
35 39
74 10
31 53
5 87
47 48
45 39
87 86
58 12
82 60
92 11
42 14
60 57
41 43
90 76
42 29
75 80
23 54
89 62
6 34
24 21
91 9
64 34
71 76
33 88
65 8
37 11
6 82
63 40
37 55
11 37
63 68
39 53
88 19
67 55
58 12
39 70
25 63
53 45
85 18
6 60
9 21
14 14
13 67
21 63
72 44
64 90
22 71
65 65
57 58
65 48
91 55
74 48
6 82
40 52
20 28
33 64
40 46
1 87
73 76
78 59
23 63
43 66
58 79
13 81
46 12
79 92
79 81
38 94
27 62
86 90
34 11
73 25
17 53
42 43
82 54
80 48
69 48
40 7
26 32
69 55
84 30
50 52
8 46
53 77
92 41
60 26
67 41
27 19
21 73
54 13
8 37
94 16
57 52
89 35
84 39
70 72
42 33
68 37
45 13
71 69
79 22
83 42
89 53
71 78
22 74
76 71
41 9
16 53
20 68
35 18
18 55
39 70
2 39
11 43
49 10
91 73
65 41
53 84
13 36
49 5
66 83
34 22
65 40
27 59
1 45
23 61
75 92
66 49
82 84
40 30
93 72
32 61
48 89
13 9
91 52
12 75
92 71
33 30
18 64
78 38
58 88
64 91
26 91
8 56
84 6
53 31
57 66
25 70
82 72
60 94
57 50
75 61
45 76
37 13
6 18
58 58
92 9
14 55
52 32
27 36
89 21
89 34
53 47
73 25
37 1
4 82
86 71
92 49
65 15
62 25
10 63
69 41
17 39
10 14
76 50
36 23
30 73
58 57
26 41
52 37
92 14
80 40
82 11
32 70
14 7
38 60
93 59
