481
314 249 724363397
82 314 798100205
14 314 397079455
50 82 803791400
221 14 512874030
35 221 976700484
21 82 955667131
393 314 844027654
271 249 757382949
133 14 525868518
49 133 135177968
329 271 460979700
224 14 871333413
119 82 626790804
345 314 841646568
139 50 176346516
16 271 59813260
6 139 428391338
457 6 446828492
302 119 27623733
268 21 93068930
300 302 187471233
68 249 627314684
349 133 286829150
417 224 271217705
428 302 460646367
190 349 406186513
126 14 941693462
153 6 662191590
107 153 996538757
212 329 517007451
253 302 37209201
435 329 934635035
36 221 969656209
473 119 24656420
152 139 958536653
281 221 988462826
204 253 680508517
112 428 269157302
163 224 24993189
258 49 297682302
128 204 510659293
168 300 527299200
108 204 129737423
354 417 925186479
309 473 503733548
116 224 298615480
4 163 865119139
310 4 936224598
292 128 453276683
406 268 586591254
149 428 144768988
272 204 285120299
356 349 278795456
166 309 229785317
475 21 737768031
351 393 872546068
289 116 327230227
145 289 757696190
238 139 258827600
171 145 43380887
121 21 461976673
242 6 76284346
32 314 1532115
453 249 874769624
19 310 844871838
239 145 14390828
115 14 294188217
476 6 111346018
455 345 792715820
51 309 150093487
450 212 988292668
328 121 295620211
231 145 316939568
251 475 119086744
407 126 408081623
317 82 488311970
379 35 250484525
192 251 156809302
474 242 299372401
290 292 570301396
136 435 995490239
472 50 873199344
469 238 361935799
172 82 554714121
382 19 508766258
440 212 999572212
285 82 621788333
227 406 856819577
332 249 954670038
137 332 278889936
31 139 241766000
59 469 141483514
459 163 814319871
397 472 633078158
335 314 900276591
452 268 10171073
53 19 593686862
106 300 712586662
423 473 885243810
93 393 18013958
325 354 644481445
217 106 208867664
384 349 811467920
330 227 524494397
234 473 969973213
358 417 935715599
471 139 859880216
388 231 534347919
442 329 448871163
80 4 489566771
146 224 886574031
72 453 414742011
336 285 114296565
140 146 242400790
255 221 790603771
454 314 464150550
95 59 95867991
352 393 877327259
479 119 894705359
265 393 468305546
60 290 992292112
363 290 922254453
199 139 74116937
413 354 452514190
34 234 826419395
361 455 129079902
445 459 871621679
269 393 647987471
350 452 542786210
41 6 29382935
203 49 899505224
71 133 213763056
449 472 416916399
464 285 864233045
458 51 307588250
261 255 817824999
193 354 780095994
342 251 798153528
284 203 166826187
12 231 623945532
44 121 173175928
333 317 250250905
274 459 846805299
178 108 978051801
26 289 51840091
283 41 16382089
233 310 567084099
462 440 343394225
89 41 146976192
337 464 450780408
369 227 422385098
148 351 670741709
158 336 86728027
182 35 214659280
301 314 412102397
177 116 852392528
421 268 915005349
188 354 171847887
37 337 306688877
426 6 724330270
344 272 654982036
481 314 880987016
247 231 463741313
150 337 120722524
226 369 83950977
127 12 236725732
218 413 778299281
162 309 543514606
98 34 265548938
232 247 250417725
113 204 663736309
10 382 505297449
404 265 348756223
38 384 635408647
23 68 406108878
105 34 474519472
86 445 814473425
376 121 385669407
381 333 996724412
353 12 901400513
63 193 637403131
135 137 991851783
65 247 405024373
187 168 189913542
419 41 439515579
248 242 92907577
79 38 866288863
160 423 743609630
412 153 354967023
380 232 403466489
69 376 591339789
316 351 479839477
206 212 409789830
85 404 416644310
260 309 299830014
138 258 73699375
245 352 480212046
299 199 227342019
118 221 482337975
90 332 128590752
282 126 867312919
338 234 91447954
390 178 485101753
57 218 535427027
125 352 331805790
120 413 778555645
321 406 326308798
165 281 79390894
367 82 311374707
411 182 929963717
377 472 577172873
122 321 420895542
307 121 14089190
24 290 542917794
22 137 111612303
48 363 975413439
427 188 343964675
402 337 24907727
220 153 201718427
25 458 311235970
74 307 409494442
254 127 672244863
240 251 260445818
169 471 500538876
62 388 940108212
308 337 121696110
157 407 394181551
230 62 686177189
422 352 562259955
216 384 81902798
61 127 101024957
298 137 190785360
399 221 745008552
46 450 240773405
195 381 906199880
184 354 227976442
277 255 564458539
315 419 787846636
436 115 875753009
465 393 330685599
273 261 251162986
256 399 224843957
40 95 246114623
143 465 17742948
294 342 416824326
244 116 214046416
364 21 437316705
179 274 754650678
83 25 745244096
147 116 909297727
205 51 526373820
262 26 183317449
276 369 576325409
243 16 635408370
96 282 866294453
387 455 580670511
43 356 415338663
73 119 686406411
456 74 513513067
75 426 187488704
346 260 73885786
362 140 933275824
174 145 453078281
296 407 858323978
340 244 269095249
201 125 213664933
142 60 442763140
236 242 41786201
389 244 37973654
219 57 780660125
222 457 170146883
267 272 220746380
370 254 180297903
110 407 20386561
17 82 953358613
198 244 58633326
446 361 764395724
396 44 293103799
405 85 804375856
441 428 793845491
279 321 521667319
54 337 373324125
13 106 926198933
67 475 596636171
84 399 246099164
357 283 478822461
134 456 566290132
78 279 779292183
373 146 732728954
91 290 873069852
117 387 802749864
161 273 693933873
425 201 443311187
66 137 820713155
433 35 34420040
323 309 485861123
159 137 461201633
408 425 335244392
29 242 890626363
28 227 681778730
7 166 486258048
372 290 425868793
383 254 847185620
420 177 227445262
101 363 441852725
131 457 520741296
448 261 569607549
438 32 209761588
76 309 92694125
124 323 428587503
11 72 398787656
451 29 564472180
15 299 457489732
468 458 609782258
318 417 156313574
264 330 279697003
437 227 784342852
185 108 471406204
341 351 888130835
18 171 840647079
347 142 314660795
304 134 325296607
480 11 83809739
467 441 650212585
237 285 176137686
102 272 293540862
42 38 452201363
312 25 525198877
130 169 313872475
360 146 537467684
99 157 897731850
132 283 835964916
92 265 522014592
460 95 535708394
295 121 38610816
55 345 221406417
415 479 816150478
275 315 575023788
180 245 74114098
170 310 274496757
77 245 392874233
305 442 738774872
27 89 10960951
432 473 600953451
394 201 560961745
288 294 86718497
123 312 475125729
386 76 194519386
20 458 935323920
30 230 424141053
280 421 323691862
111 271 283573600
207 75 872873905
88 265 619908236
447 85 518441307
303 99 119312570
250 441 746920803
1 437 223194170
391 24 572172479
200 67 773201124
334 475 96480714
241 23 584665631
9 435 806241294
211 303 336587245
293 356 410608724
461 112 858931591
5 36 594144931
401 383 779789540
431 136 153187702
164 469 169825215
443 55 705150805
52 42 521840976
348 302 451417309
141 52 486073989
39 382 72113761
100 357 278457629
214 360 640862770
154 353 850223397
235 293 339970329
286 407 145868761
196 36 5980027
434 153 686366947
81 406 456633754
109 242 507530948
225 218 726056979
326 234 306081436
322 149 871135444
478 336 37297935
223 245 938625199
331 224 890398404
228 478 172369338
103 218 193311768
366 219 369402703
371 52 54788093
155 84 833516262
156 394 388992940
191 16 814191737
398 219 330946731
463 367 195427365
213 158 673445075
257 18 596062830
246 238 653246501
33 62 446889169
430 421 272210453
114 192 414258571
8 316 639354974
181 456 686778953
197 51 135847360
45 268 380838251
2 294 496709861
291 325 395938806
215 2 654604095
183 187 599178884
418 161 520174400
400 227 116833897
466 212 212064123
359 260 911562149
311 415 947292658
186 420 473700
416 445 392038399
365 311 421528739
263 6 657404328
104 236 108965778
409 416 86441926
429 455 604395307
189 223 241176752
209 241 14705427
395 336 674410103
424 119 746116700
97 193 872460532
410 125 234982253
229 98 441793612
173 388 372076514
151 224 65132922
175 37 301439358
385 191 654320612
470 449 717926827
324 402 894800769
64 479 263417544
208 193 276375151
278 350 298919437
297 135 103013971
319 238 979284694
444 448 220323139
47 91 825149548
343 230 271070230
252 131 270592495
306 412 460188673
167 244 414828604
368 52 236584853
202 300 713697206
56 341 514564148
375 239 337994704
313 379 506012908
210 310 281531416
320 134 787147103
3 136 749503863
259 29 350030190
378 459 977181194
374 394 946027559
477 195 288803203
87 352 59522767
144 36 625958675
414 416 685572320
194 285 475977159
439 478 639473968
176 269 277235368
70 318 706441215
58 118 995028626
266 206 23766611
287 57 660778457
355 158 460733584
339 451 537481124
94 204 786116645
392 430 254600355
270 313 978736740
327 282 1065007
403 278 549418482
129 214 155112760
100
421 57
156 410
79 163
137 5
109 462
385 70
475 198
114 204
393 339
53 17
383 202
195 439
220 18
235 389
295 233
391 347
164 223
80 465
438 276
44 421
161 162
169 247
329 54
353 446
410 318
79 414
211 119
456 233
23 448
349 480
183 50
132 357
342 353
14 219
236 274
226 125
95 145
70 68
123 255
79 75
334 103
472 141
330 133
417 53
175 153
393 384
360 1
469 389
19 466
421 216
369 250
236 435
81 23
176 334
20 307
294 364
446 187
135 172
420 420
358 65
66 249
227 250
44 55
1 103
5 48
77 157
340 90
319 257
403 477
189 465
279 470
463 129
370 123
426 417
100 341
452 251
62 24
344 299
184 368
472 258
81 405
420 427
382 332
461 29
476 254
277 262
29 198
5 52
40 277
262 14
159 286
37 190
452 381
17 446
431 355
105 305
359 429
464 196
366 224
180 346
