678
502 135 340402501
615 502 832267251
401 502 862191122
391 135 615916833
557 615 721442714
424 502 762711126
640 391 228188247
231 557 657388397
610 615 357336208
11 610 459342708
439 11 342191129
331 557 466903356
1 391 431144343
592 615 687345182
318 610 656132391
559 1 750874779
180 439 908633748
25 1 446704527
254 11 567394312
672 135 231852207
89 25 356372506
486 391 807783770
561 439 621574001
519 318 595854538
174 610 65800836
484 180 575098818
57 11 276186640
343 557 131676589
677 439 656988384
248 135 334621328
117 615 518916964
550 391 872930718
190 135 255000575
350 550 36505858
443 484 354588025
463 439 67016133
15 672 232700391
330 486 17490040
36 343 357223908
185 135 338807199
98 561 799050691
366 484 880753453
474 486 823093652
249 401 282327893
639 248 558152753
363 474 983653557
364 185 237722757
312 443 187373879
336 36 15483353
386 615 140181538
357 610 947007984
52 174 743090330
617 15 583777610
403 331 521282123
435 248 358350976
300 677 206511191
597 343 181548325
230 559 747982214
256 484 408735355
573 350 759373495
115 135 445237132
244 401 824695667
397 557 760545210
360 557 698095886
214 364 873577788
400 230 168037084
326 439 749415244
167 98 605319054
656 357 33031239
24 230 887403322
20 435 105967624
556 401 431899363
469 556 142528884
257 244 854903187
295 502 537535510
523 331 944391109
622 403 53433476
179 254 538982106
107 15 54221238
164 180 323900494
306 230 457354499
288 484 668746838
541 249 71278231
21 312 654374326
56 639 47056208
468 639 107088592
142 401 262711924
373 185 203663755
175 640 946881711
228 244 565594246
111 439 48232204
637 484 421501043
654 474 39330019
634 25 983226926
542 214 891572722
324 468 887032105
227 672 425728986
481 474 677389413
491 622 237434707
537 639 319622109
530 523 985434293
320 117 26459889
81 640 911416578
389 21 583966898
444 622 930381417
388 397 922545200
676 135 459457353
9 256 427340966
43 474 365720449
464 363 539917400
47 357 434025479
308 175 119131360
237 464 164837426
92 231 226917514
572 401 947449059
604 36 376466036
154 179 191841848
199 185 705560169
116 604 773053050
423 81 62213611
543 634 159194955
538 230 766942207
582 324 671906088
567 228 751251642
334 318 708260031
172 597 400452019
209 52 498432219
69 559 693352816
516 288 773297265
515 336 664948833
565 25 449934757
30 324 252628522
93 637 306927831
458 373 568191592
531 559 983295349
405 56 306448783
417 24 931770717
110 295 619350597
396 484 317791409
26 336 50388936
455 401 185722513
532 56 64508562
575 572 945898093
670 538 933009085
342 43 80912794
213 523 595940865
303 199 242030316
5 303 685111512
321 25 813999629
138 389 918030230
374 167 536557389
598 455 83957210
17 172 140372856
109 15 691018618
524 117 144230685
514 306 959060047
365 557 812720166
59 468 772780216
462 30 219100667
399 326 918004540
369 288 79850227
361 89 13094865
576 610 349755167
292 5 530097090
344 388 383029483
323 369 301723617
378 363 797543585
77 363 162859214
593 21 59374329
599 306 491777342
650 672 347424785
430 364 645105098
352 439 729866741
562 308 308993328
506 57 800473075
387 231 170208899
651 237 628634583
626 336 768428768
22 615 997304395
489 164 552537812
173 388 846129460
224 672 309753099
412 190 757452055
347 463 967098084
6 542 123708850
410 373 300651229
618 401 518260624
39 523 264196847
74 474 304600837
37 391 625044003
139 423 877920639
587 455 465088490
535 352 803330838
372 637 335752846
512 343 212122619
536 330 818275166
276 597 495469239
611 397 941695022
245 288 971724666
548 17 156213986
585 257 241053911
431 312 67997577
338 389 824041082
267 22 998804276
146 224 568356702
546 378 860626903
589 502 578179474
564 227 744912571
124 228 51602406
628 369 633899438
409 11 906041492
234 26 348673066
526 531 980903542
200 541 928319467
673 654 419004196
447 21 398466715
96 565 456725092
253 164 312378480
18 26 906744512
480 610 937402856
123 253 457722260
558 300 19665201
346 373 473630380
671 410 893122101
181 598 185488233
591 253 980598354
566 237 384193292
100 37 465380783
191 628 157820869
499 651 513200375
426 401 76897700
261 550 209874120
222 116 17624960
367 117 880344301
619 237 304668286
71 559 470308588
448 92 180720830
520 139 443083067
441 423 350407561
62 6 138053107
385 89 473029909
49 499 358183707
311 26 720508062
66 367 619764004
633 352 209913562
48 303 52705492
434 249 372657626
106 93 899506032
243 62 880960793
578 593 924456148
337 599 823702140
131 331 734985088
452 585 234620225
220 326 739548497
451 386 653965087
161 6 911396981
419 598 970556138
450 469 967764444
322 234 578009621
2 174 649389056
456 180 110768757
143 363 686276841
569 378 486624081
317 599 939901291
177 369 723692734
189 386 270790539
58 670 34516960
285 520 738371864
85 578 785242569
471 224 550488365
206 633 50382721
632 526 103235049
440 591 310265290
584 248 101373847
411 115 449596858
384 559 412707688
156 142 720991443
141 469 174120551
341 502 574104570
645 491 845119235
31 172 848141689
553 396 672683630
581 673 125372167
467 396 605859924
518 456 11219289
351 671 274586401
122 677 537413084
158 671 446823333
50 244 269547096
23 122 924876857
674 308 100530559
239 430 267459675
362 200 719142957
454 489 515716894
270 110 361654478
145 401 584198510
232 561 615263376
121 351 926257065
76 352 86273894
105 458 877978134
568 124 109273134
594 645 537467786
273 581 259530522
501 471 653968595
149 245 45395214
420 585 723306351
54 518 336755931
293 49 137517791
325 589 165559891
310 179 715712497
345 346 564425284
414 220 481960191
258 318 254741918
446 568 328715131
68 568 531285169
329 343 475517991
112 501 654802924
97 447 49498189
406 93 792480356
64 253 175482194
136 344 730653314
78 154 275601373
208 185 603923257
114 654 321343419
157 338 121141403
625 585 193068869
529 312 575685831
508 373 154600394
204 156 532650925
73 564 479569381
46 189 808953917
498 158 213296916
8 123 945513954
549 158 574363338
493 322 801670838
14 267 541066784
630 458 872512410
104 111 436051418
563 285 14700333
647 630 511545551
340 389 74481732
35 474 258619886
159 591 425783976
61 352 783052319
53 100 334636574
275 498 894818473
370 292 909904341
621 346 260725296
119 115 558050901
425 158 464026666
32 524 59329707
202 541 20217578
438 1 579763538
160 115 466453416
588 538 618331017
226 230 998990417
675 35 343886036
649 411 646255132
449 54 844241471
282 441 688737723
51 384 607837164
551 462 624964929
376 306 241141074
504 578 407129814
101 318 530730478
113 308 110851946
238 322 681714875
586 532 68923195
217 633 287243033
223 397 51302094
539 318 629109331
278 637 915529653
359 226 498697963
72 306 290965181
44 434 288327841
579 50 520026926
99 204 725468755
152 135 823260998
608 567 30969851
496 26 306266236
33 370 326017982
259 515 736664403
461 232 380755497
355 231 206906574
437 531 913838974
669 256 946801883
533 157 781586000
416 347 465713027
457 249 365670553
120 312 84252882
266 501 419998258
328 2 204622126
80 22 896282037
653 551 929613854
418 516 326918422
460 346 336904278
287 33 70066981
301 54 541065433
274 231 477633117
505 410 485091737
319 615 635728421
84 458 122599123
547 546 871981968
284 222 198133653
577 146 212193085
307 365 271997291
241 84 34167865
194 267 539063114
465 457 962767733
108 397 473749977
648 160 135817157
664 330 842880095
394 243 900243440
466 594 250225497
488 78 433265346
603 104 676789170
662 452 274086254
280 53 252894464
459 423 272337380
658 501 321063655
349 365 684498616
503 324 634723888
487 639 309760278
130 329 339467745
229 563 4444596
236 257 602185978
182 292 838054455
415 617 665154236
13 503 974476412
570 488 748729111
7 47 77714320
624 259 809493172
646 486 822225686
623 208 97654218
168 306 531892512
574 267 491455354
264 419 161465447
492 182 594173441
83 591 377732138
129 54 201348154
91 400 989006858
392 549 842947666
265 253 176800534
118 484 244069775
356 503 633101171
29 105 188357002
67 444 24864341
65 362 743957081
393 441 12465002
70 546 92723014
402 474 839997862
19 463 213908434
316 647 527206410
95 234 18897801
216 446 945243138
242 59 775561645
517 384 376304913
126 91 849722862
90 448 904414589
473 519 148900721
291 508 628435430
595 80 154109609
442 576 227720466
483 385 761590530
38 62 525519076
495 556 677652146
616 308 634070960
153 538 57866880
507 48 625959897
668 362 665714398
246 98 709442862
332 78 952270111
511 306 754926409
218 229 246176279
429 352 113924637
193 222 896338985
176 374 845578517
612 22 921924989
614 588 231259518
186 499 697685239
41 22 465928809
203 651 410434199
667 356 298864424
476 656 690412993
631 673 962016112
395 189 525038149
606 20 296799309
170 362 836891983
413 112 411868765
134 546 266924355
408 640 532821112
445 234 733089863
250 384 414533637
544 338 30874044
629 138 885255550
666 291 698737200
233 597 321404769
304 374 287913834
215 446 762651443
641 589 27386749
148 476 79045289
137 33 815020584
205 542 727906605
127 667 965430644
88 618 405395737
252 361 965705548
655 101 402577814
497 216 583827675
527 176 380242850
613 603 336553174
383 119 970383640
390 543 644735971
269 547 68993459
500 31 12000165
665 331 597999061
327 443 56549815
268 523 536232618
379 156 389213561
509 506 118915920
165 209 239311517
371 646 14374631
528 73 184652318
94 81 948275389
398 673 101905611
602 106 873051382
335 218 80956602
477 614 170203288
225 417 823656321
183 284 898292537
16 640 642192334
436 252 4803965
281 208 28511709
482 69 684068309
294 648 946976810
262 501 605012396
382 138 147264348
427 436 392967404
600 391 876614942
540 385 432376910
302 2 986035888
196 262 911230252
45 258 490203498
475 382 616826566
169 370 432771488
583 413 429636164
34 497 987501118
103 123 593978287
314 90 729542498
42 16 899197303
433 527 284989955
422 21 133536882
678 278 431475773
171 409 507313846
380 536 130181166
555 459 747661351
40 180 512944015
12 304 72163672
297 575 88048830
525 576 823835241
207 626 136214311
283 337 796093267
643 158 728952838
381 612 285860511
635 387 958453301
472 454 746503312
494 108 927051898
571 180 893721370
377 464 450193974
279 363 614334850
263 258 443065341
133 498 961522878
309 129 543679028
620 536 550831108
163 538 339785891
305 465 404058357
607 546 196825463
10 406 587721509
298 24 564757000
277 426 595508959
128 648 558712367
221 13 778513865
313 468 439600547
354 487 353450511
636 405 349540366
197 504 730403304
210 614 694966120
271 332 396259004
87 214 978409619
554 276 761713362
601 225 880929096
510 557 752996841
178 378 277439447
513 475 697893956
432 45 743980999
188 432 445204960
580 168 186663246
596 398 613396718
102 411 360819137
55 273 900964830
192 603 569005575
286 523 457652080
201 390 975288710
657 307 559340602
212 25 8353868
333 524 535848120
590 127 862456055
470 537 270228843
375 121 680702764
235 183 397798718
490 276 653010849
644 639 860157989
211 613 929152410
260 175 699247533
339 135 226145232
478 459 720436347
290 365 614944931
479 175 222031427
184 502 526781218
86 584 20349555
27 127 146411646
661 572 397373934
534 301 987523446
663 597 730484746
660 244 354942538
251 581 258197345
348 539 111872571
151 314 603442276
368 519 925299665
3 66 683301782
60 506 809283870
132 72 581299761
155 456 469119370
75 587 415382067
162 595 15806172
247 279 865796626
219 83 291227559
421 397 900056110
560 348 304207305
428 379 59718124
407 634 589356509
240 346 154617448
272 229 510152033
198 134 841481585
453 467 77532555
147 249 353163916
150 198 10880689
358 293 439574885
299 178 388663262
255 266 478690354
315 671 682895209
63 362 48465478
627 589 500098623
545 627 920213278
638 161 568950223
166 262 256494703
659 386 624928684
605 387 962682702
552 51 21038475
125 363 425267983
652 496 299223968
521 80 257840716
187 138 968942512
28 17 209370326
485 372 69097900
144 516 211736124
79 615 515644523
289 455 882363261
140 34 150723746
296 625 217595254
404 622 475475730
195 426 179176637
4 193 276106992
642 494 626523584
522 527 623625682
82 123 243701070
353 31 850271818
609 119 219081236
99
429 211
507 608
478 451
429 137
502 454
316 649
321 235
141 525
388 97
391 300
480 678
470 422
32 514
100 674
592 40
591 558
289 605
324 3
183 231
54 46
187 257
139 396
146 656
429 92
298 641
318 433
631 36
413 513
481 376
315 542
564 497
224 12
639 94
381 227
48 14
379 306
250 364
30 147
28 219
344 154
134 111
163 480
227 486
466 504
372 18
509 13
473 414
156 318
223 511
44 542
129 387
406 327
388 286
570 144
317 122
628 20
25 265
52 11
65 369
395 525
510 121
568 366
462 124
411 191
127 146
576 439
414 338
549 595
391 533
414 661
480 339
517 99
463 53
336 499
594 454
388 676
520 89
485 454
315 529
587 362
187 600
671 565
237 291
183 322
258 446
456 17
89 291
12 299
195 448
662 451
314 186
354 214
342 575
43 213
655 456
373 280
272 657
453 269
18 195
