111
55 20 509540330
46 20 700703516
30 20 53281230
21 55 586777777
99 21 206150601
12 55 288972704
93 55 513609280
80 55 568959560
96 30 272770491
105 12 355938981
1 80 608978982
97 30 374513385
102 1 900644976
50 55 176003057
58 50 289084175
35 46 687275308
64 30 857350549
45 50 229819988
44 1 919656757
60 58 335989280
107 97 346588642
98 1 178262058
19 64 702679875
86 102 197743282
79 46 218014539
32 99 958002612
111 21 378568548
24 46 247121249
5 1 538514170
88 20 392882860
23 60 138415718
17 98 890537197
110 58 87054937
34 24 582355485
15 12 668476924
2 30 744224181
81 110 272765333
38 96 750936509
76 97 893542123
3 58 960344561
4 79 293681509
89 105 421109531
87 88 495209486
14 19 171760001
66 76 737590615
42 4 553656132
27 60 756768163
36 15 330220283
62 36 635747629
26 81 228713323
41 50 252693694
59 111 230397489
11 14 107682202
57 24 32099676
78 99 287847870
8 88 524426566
103 55 898033999
83 41 525722130
73 62 711565778
51 79 640805943
31 38 606538071
90 105 729487977
109 60 796775035
29 41 303569187
13 98 63275640
95 110 60636120
70 64 757511545
43 15 391687238
28 14 62659790
48 66 634988626
104 21 628972888
91 110 822223001
84 12 551317135
53 51 979235548
65 103 827260561
85 59 224210202
69 78 375338387
74 32 863473730
72 85 992381974
49 111 180656600
39 69 805147875
33 19 80110497
100 78 380925602
37 42 994680307
75 79 876040593
61 64 858790776
22 61 943091126
10 64 434280211
82 79 414215986
54 86 549857049
9 60 954995496
40 99 158149768
63 19 901449958
71 3 123602389
106 3 102028647
52 54 569065731
56 63 930095791
92 76 405932446
77 96 33721930
7 103 787370123
94 28 453063652
108 34 896243469
67 63 751835892
101 55 990143813
47 95 249306772
68 92 671458657
18 19 824604804
6 95 844094489
25 94 485398146
16 35 298416282
310
44 86
5 105
36 22
10 83
35 66
19 41
59 74
18 52
52 13
73 85
81 50
38 55
91 63
107 37
16 7
44 76
15 38
65 64
94 105
58 71
103 13
65 5
83 9
90 94
44 81
68 57
36 5
65 19
52 97
55 16
73 23
28 56
29 107
49 37
36 99
77 29
10 69
5 23
26 9
14 32
36 55
39 23
24 52
10 111
29 12
86 43
54 37
74 32
38 109
37 98
48 74
42 89
77 104
47 59
29 79
37 49
56 34
38 61
76 72
87 53
100 47
22 10
22 24
73 35
39 48
39 67
69 94
89 37
102 48
84 96
103 49
75 82
70 103
59 74
94 5
76 9
38 110
37 14
18 14
4 28
46 40
76 12
78 47
12 26
103 32
27 64
110 86
69 89
76 101
69 51
104 14
43 22
70 111
53 84
31 31
13 88
3 44
38 37
67 97
63 81
60 102
102 29
48 96
60 33
70 82
21 25
84 81
35 43
48 44
20 6
11 17
84 91
22 12
66 15
93 9
72 73
29 64
98 58
1 52
37 91
101 64
104 99
70 34
1 53
62 100
91 11
19 91
47 101
88 72
21 90
69 110
97 3
84 38
103 9
58 55
88 29
105 58
81 12
98 28
30 33
95 90
42 23
52 87
61 62
70 6
71 32
92 14
110 43
65 110
89 91
25 45
87 59
28 75
88 11
90 87
25 86
107 8
84 22
86 21
53 8
106 49
34 55
50 41
47 13
19 48
30 67
71 110
39 16
8 111
92 76
87 83
56 12
107 1
80 20
30 86
68 61
11 88
65 77
81 21
111 31
51 34
25 72
32 96
56 30
81 72
103 18
103 14
103 58
22 80
54 66
84 32
106 12
63 17
55 20
111 106
57 102
94 94
61 108
61 40
62 16
35 102
73 18
26 89
20 13
55 30
24 80
100 101
47 33
41 18
104 51
34 24
74 47
8 11
17 111
48 55
1 69
52 26
34 16
90 48
42 8
66 80
8 73
81 62
3 72
76 43
59 57
108 25
11 17
37 53
74 77
28 104
14 80
49 84
80 60
77 68
10 98
8 40
65 53
47 103
38 49
5 43
78 46
1 67
11 15
62 109
84 23
33 86
63 110
42 98
29 35
23 47
36 57
60 98
72 85
103 15
106 102
95 17
110 99
40 52
87 76
64 110
12 77
75 37
23 15
39 92
8 23
97 66
1 20
17 78
41 109
75 23
87 99
92 96
85 110
107 85
26 56
78 77
17 107
22 78
40 80
89 100
98 69
97 16
35 50
45 85
45 57
97 50
22 110
10 28
49 71
38 79
73 4
76 16
86 39
50 43
66 3
38 57
83 103
92 106
106 67
51 64
12 97
95 88
67 37
42 109
57 24
80 38
54 4
23 37
32 76
