546
55 491 149621825
422 491 142786618
30 55 617998639
216 491 937431932
474 422 404934222
126 422 723423123
93 30 69738153
80 93 358456006
390 216 935950743
252 93 540581744
152 216 857442147
97 390 706337216
137 152 710070751
489 137 282458675
337 97 637548354
437 80 34003670
454 474 654584498
120 97 790793196
526 55 961293572
221 252 986737772
107 491 961932006
241 489 366868655
19 454 93218292
340 437 520433285
290 126 318724225
427 80 75009466
264 216 467033204
314 107 377936120
196 390 524610062
251 454 96095436
397 314 431496918
318 97 548873607
481 489 78678053
431 19 412495434
529 107 126557094
2 314 496098829
492 318 967333570
401 481 599409540
391 390 461986605
3 241 848684009
453 401 740631138
182 251 571044516
87 397 279671332
436 107 897413872
142 182 250290815
347 137 904748677
355 397 213576701
114 241 562829081
62 252 920343797
198 80 968314230
370 474 332782016
201 196 769128834
485 337 705006501
287 182 666092904
502 340 111092848
144 126 548666740
103 526 920960641
319 397 269273023
73 221 772036714
51 492 925518759
250 3 863285938
469 314 619127404
384 221 326729591
398 318 294178017
371 290 972333757
424 250 731863254
320 390 66760336
478 397 912135582
254 390 794385953
148 120 776162895
128 355 269242264
168 126 736028930
235 216 42081094
309 424 129344939
271 87 30001993
447 469 71793282
435 252 678804549
74 152 780589985
316 126 31240566
49 390 721627914
39 436 446614296
331 250 750576051
234 87 680641412
37 485 829897558
527 454 994163321
383 384 351150197
399 431 800492925
265 126 386042502
249 137 972948822
517 87 412061585
306 491 989115287
343 3 986281643
63 491 281164986
392 435 766764813
288 63 400655184
387 474 475468723
56 250 241132973
445 422 136583394
189 39 498308068
138 37 549699413
275 3 262462212
515 526 342671261
388 189 96090861
532 453 964738938
227 316 240349621
237 144 348555497
160 234 553758919
400 152 621679337
149 387 438584765
442 431 866854344
434 103 635763534
77 515 160547163
465 63 323980723
11 252 282171084
393 149 722570219
522 30 83125198
220 340 993860312
509 331 814410864
375 527 246707141
18 447 798678661
22 221 942870827
501 447 168149570
282 447 100329019
539 320 334524678
12 309 464247882
310 290 446047899
334 62 929471891
101 427 879594399
416 234 55945856
125 12 812937346
408 201 676362747
458 393 96277574
284 249 125240809
449 290 412089122
317 424 626277644
463 435 722828127
268 234 318733537
38 422 687686182
423 515 76563321
262 399 162763470
510 18 551774575
443 458 18555460
171 509 259123922
115 431 692196279
499 370 576855768
302 62 518005762
327 502 102388602
25 447 889195584
494 310 111548912
122 316 150579684
342 18 799454655
313 51 493686306
374 148 655068667
75 264 197994078
210 227 2642832
5 22 822667734
360 80 960213130
432 251 163536914
121 37 928867878
88 254 826612018
27 443 805238074
180 347 824084759
351 101 547126173
285 539 891720733
448 120 745378246
483 265 498174916
542 388 303776616
477 465 73292807
462 265 710741130
541 171 512503830
228 74 437526676
376 216 2045730
385 499 633004010
281 390 391277350
127 434 769743017
54 351 976050864
412 532 475507348
212 55 582422612
33 5 23096121
150 3 397375463
89 401 7771364
406 12 216003414
346 408 45539853
269 458 602316696
81 77 632974599
403 149 707687530
303 445 597106300
113 541 364243574
141 390 271377579
476 412 206417209
505 281 307120603
178 285 677812577
174 334 148203112
291 251 734082298
157 75 942055937
451 160 510300372
441 401 812789184
361 443 62398250
161 331 419124764
59 5 205580441
283 403 438901485
186 3 158998983
293 22 842796234
338 284 594453424
140 331 997485318
493 5 575047984
349 291 683005594
41 189 571999604
364 493 468846627
497 431 770769708
58 445 117260862
135 316 792186204
455 522 611156103
546 320 666412084
21 327 241517501
191 290 473803178
356 186 1570606
273 416 760525437
116 477 153313029
60 306 179442266
193 453 189758006
222 63 255591745
104 265 707246185
162 250 274382909
255 390 564526354
158 349 175541076
500 49 362682137
34 527 540004448
153 12 201592911
353 522 579336116
26 186 593779001
31 526 131455084
166 162 624134818
164 41 178009565
496 88 13660561
381 434 824537372
272 157 712333967
341 150 508596079
247 306 172653693
98 74 237037862
197 284 637044111
233 198 287275532
91 403 408164835
467 529 945051393
211 228 59318470
258 148 20741997
263 197 892781325
322 31 105184641
417 322 24503267
520 441 337846065
105 408 319861959
145 89 802869989
266 434 889988795
84 144 354008255
479 453 700156405
279 80 263290612
514 353 509787861
367 80 353334431
373 493 137554690
95 104 219290528
429 153 976192965
409 250 269446242
456 442 686716783
133 249 890429434
267 431 155245439
335 493 526710647
7 290 169719261
506 196 227628192
155 445 73732343
65 398 50977936
45 174 176901873
413 381 386321990
181 148 555642303
404 445 894924112
131 19 151289055
46 38 422318910
214 290 287190171
292 416 382927916
394 56 56713229
231 383 227710105
528 65 784217497
245 306 387786610
484 113 82855072
71 273 252606620
280 539 776681339
511 283 245769523
339 515 165563032
69 138 201447498
350 93 758038047
289 5 598027363
486 529 901044535
203 455 142218045
295 62 209537872
298 388 633021312
487 189 974574545
278 269 845815598
276 251 810233544
240 252 886336685
9 374 42418563
100 356 726286978
426 484 419437945
521 506 860636005
530 245 289855595
226 148 80925222
308 364 425850986
420 263 59411938
300 262 577614257
213 447 689093307
217 449 180533722
244 453 174583613
43 393 249581895
253 62 567511201
136 455 690534937
377 65 136114468
72 279 949922861
167 9 205315754
146 424 18271899
536 60 254940553
470 75 710453085
336 93 203071461
176 263 990269501
246 213 664983257
362 282 8005951
498 101 53378279
468 127 889834853
535 420 28385949
315 140 162007168
534 237 531163389
188 98 876077949
208 72 424121868
363 126 181111849
29 186 799434161
380 131 997008577
28 262 180134112
415 46 6804934
223 245 640263512
118 485 847228101
206 77 797855352
411 463 867010244
57 485 953921251
156 105 200012726
40 18 351169763
172 37 840359100
274 340 960544610
378 363 557532749
257 522 875038430
329 447 287611357
163 160 65648199
379 258 139857042
446 532 922846604
147 12 959484212
242 196 13993545
15 74 490076777
124 481 601687664
395 155 623117714
117 227 379212572
209 145 827712599
192 89 87066091
47 511 54538845
36 424 609917105
299 133 276626879
185 353 989042062
173 267 535186396
183 546 230955069
110 284 180249862
64 191 588850617
525 105 626953535
503 415 441550900
297 355 404215454
13 415 658713037
270 462 441426812
472 391 990364091
277 319 190726449
238 176 942588321
418 427 581690480
444 251 558249256
495 300 763949160
79 189 730011692
224 431 33534139
68 355 192722169
199 530 299349801
61 242 990166839
109 33 503768067
519 542 438091530
102 287 689709935
52 334 11308856
67 95 246863569
48 443 603613621
96 103 914609622
533 364 962828539
187 252 740841577
328 180 687880540
239 469 764197293
17 201 455053275
414 503 418602426
405 400 433465976
333 69 248887663
438 77 20594606
6 72 904905678
540 481 242884980
286 21 322172958
475 249 501462181
94 532 533959212
23 13 313894543
311 228 907489085
66 157 556169072
425 519 439826142
452 320 492483129
85 267 844958307
296 171 904885959
466 209 293236391
473 201 87800551
396 71 394777492
177 463 38934634
428 26 715486218
543 374 262324946
357 510 928403009
512 519 128226720
151 280 945998524
410 526 17762604
154 101 355696594
106 164 9754762
518 268 547738126
256 339 527049699
330 116 101987320
326 337 441618557
332 528 363309475
433 274 473582959
8 384 113760254
229 517 687144513
90 443 188784135
471 350 586366108
129 297 269706958
205 19 270537399
14 188 385979673
35 231 661752753
524 26 39753525
218 520 720135262
169 15 979625511
232 436 333083424
16 398 852376279
139 384 281273774
195 429 396317855
450 66 72341552
305 268 287726129
421 444 536209156
301 178 721922737
53 168 981302504
92 17 690202143
202 431 14523
345 122 283552689
4 380 968344483
508 173 998998107
175 443 188464098
507 164 845982625
215 483 653198182
523 399 429192087
402 341 673573508
538 34 159752824
143 171 112241234
10 35 835072698
482 326 235922752
372 105 829059897
382 115 680071260
179 91 650295963
260 191 357097077
544 473 262105589
159 340 359393949
368 222 572954423
76 434 156760974
358 109 99790166
86 39 119720941
134 167 174019789
165 443 720902793
82 49 984401309
44 420 754095443
304 417 867367927
219 538 201259073
359 36 734958182
366 404 827193137
386 12 79344290
24 142 855993740
99 393 806439024
119 7 816849397
348 466 694744767
490 46 834398836
307 213 133500245
537 182 659636639
132 520 267464092
184 320 857981221
204 529 469917645
108 110 383820660
354 35 602326273
20 403 648781392
190 174 888693599
123 199 793500643
1 400 637282393
439 52 195862153
352 62 559667505
248 499 66760617
78 164 588044822
430 277 114000714
504 385 383702027
325 456 972725530
545 96 235008275
111 368 124707222
259 444 185576085
230 443 966464721
294 540 894121365
531 381 913058203
42 300 457863702
225 191 328944256
112 192 114738390
194 144 666267034
312 476 486674365
321 539 766333799
261 533 589115592
207 129 442483989
130 319 724310128
457 201 912605294
480 361 920146447
460 213 394114449
488 36 629008838
70 483 196312192
440 215 294178379
464 415 582119075
513 40 966645120
323 70 515359914
516 19 93991643
459 149 756360050
324 408 473742794
236 262 524868681
419 350 806114680
389 258 98397542
83 123 336392173
50 266 886055798
170 40 584511367
407 414 831549349
461 331 985125262
369 181 931193379
344 418 902884867
243 499 435342382
32 439 670348646
200 404 316289443
365 227 698565879
295
493 71
11 109
315 14
256 367
314 14
376 78
313 366
221 515
380 283
209 231
489 77
6 68
73 18
87 344
284 393
477 168
273 317
374 229
18 226
352 7
92 477
416 173
446 258
224 498
227 529
292 139
348 382
365 452
476 530
393 150
199 249
257 137
130 119
367 454
541 74
540 226
491 325
113 270
119 446
251 9
332 9
390 134
120 253
504 417
185 20
389 436
172 101
440 141
205 269
155 201
354 433
313 83
94 351
278 205
366 334
356 308
312 529
546 101
42 438
252 133
396 182
258 404
473 440
267 274
13 9
229 62
540 114
447 271
453 392
18 120
420 542
224 354
16 340
357 246
104 253
355 468
200 7
512 357
181 217
452 389
175 77
537 179
349 415
404 19
110 434
266 357
518 175
41 243
300 167
376 160
485 245
298 240
397 402
179 78
251 219
236 533
178 161
527 85
111 501
212 380
310 238
210 3
173 520
187 230
138 476
299 183
96 258
103 348
104 220
146 256
276 442
17 8
127 456
179 93
499 194
508 452
351 273
72 364
517 265
204 431
454 62
88 377
221 114
305 188
206 528
86 499
120 450
270 343
503 264
446 546
287 81
170 257
74 2
59 173
193 291
87 365
165 208
12 258
473 138
527 284
74 431
437 318
265 417
369 212
150 287
256 429
460 32
337 403
222 96
88 2
324 383
492 502
487 270
24 63
332 24
376 527
82 357
323 82
306 269
190 281
431 297
323 6
68 416
249 196
383 466
533 398
435 163
431 45
397 514
134 513
141 102
359 513
524 371
67 546
317 26
4 282
53 2
216 192
153 531
388 258
236 117
115 227
356 371
493 544
301 545
395 102
183 535
465 208
253 299
333 74
96 182
135 518
144 315
168 418
148 381
260 95
178 522
516 340
6 8
10 106
498 47
389 180
284 201
427 283
153 147
345 201
447 15
276 463
404 261
374 86
94 236
301 240
385 55
368 43
478 68
16 466
97 18
461 102
92 383
285 404
107 237
531 88
475 155
538 198
537 273
289 119
498 100
171 396
52 236
507 158
102 325
184 181
302 325
380 214
504 97
237 265
142 378
433 146
370 17
5 339
251 527
291 544
81 530
319 88
389 22
104 283
285 356
156 441
188 20
391 411
495 433
419 402
15 71
151 216
360 97
484 54
441 237
135 501
331 349
535 233
380 324
495 490
539 293
451 212
464 523
438 448
81 4
389 188
219 482
52 478
123 204
428 77
519 56
428 475
164 319
343 410
384 425
454 111
216 233
176 177
451 512
515 514
54 210
496 490
199 495
436 363
251 325
300 465
186 326
438 376
60 219
279 179
410 150
187 22
360 433
