397
155 161 398002501
54 161 590921132
168 54 918262616
297 161 184193642
250 155 92429597
338 250 211567025
301 297 355878964
233 161 697453943
113 168 759539057
323 54 669953419
361 323 131357074
357 297 448417524
317 168 683320242
238 357 194203194
114 54 697313296
397 168 717042445
125 113 413244547
178 338 607591887
123 297 289791435
267 54 629427022
318 250 546537595
48 250 630262626
196 323 489819315
177 233 163712385
377 238 611783548
222 297 333294262
396 250 17680549
12 250 185567402
236 12 195864142
94 396 680901824
145 12 467516620
205 94 526682028
232 177 346898683
192 196 727050256
289 238 218352539
239 48 937761030
218 236 425157041
70 236 784532672
395 317 195063509
263 125 911681401
118 94 70753461
244 267 885949394
163 236 950830383
390 297 375117618
148 94 441292748
235 396 185392519
128 390 878241787
170 377 821822424
283 128 652836092
19 297 989744242
14 396 644726218
63 161 315699906
60 250 355010786
339 12 650077662
135 397 311874853
191 163 453385030
179 222 452952053
75 125 376220647
87 54 178158541
85 338 309064187
315 48 578949962
302 87 331669552
319 390 86639406
157 318 920921435
259 75 68666240
322 395 721059956
182 323 938153423
325 238 398965829
271 390 594170100
242 361 889629721
180 236 811038337
83 125 318519290
59 125 386157243
316 70 649663117
223 87 471672363
34 87 820275472
171 182 661960096
340 168 106154463
374 171 16662277
347 123 633740202
82 128 376874158
249 302 57878752
226 34 519875658
386 322 900884827
4 323 547378599
351 267 153732883
332 267 605084562
95 148 346397434
278 297 52579163
348 377 970279061
32 289 115480974
229 59 356047797
158 114 96588734
326 278 247652506
57 205 733288925
221 267 557081671
1 196 56641140
360 170 37269934
3 178 65405520
106 351 904036462
120 12 957113314
382 396 339021279
65 205 570955470
381 196 476152124
200 382 217045821
115 60 567355492
279 297 843435273
355 377 768242888
264 232 353637863
73 171 649707412
101 390 137546364
256 263 184237231
310 148 61310413
369 319 330668673
142 316 720219558
96 390 874485530
334 223 45471024
295 374 781873776
356 369 377770343
300 267 363798821
5 236 196443502
146 369 22819393
25 96 589274805
31 382 335414008
262 60 33928964
294 262 753793383
55 271 22312432
164 82 223853659
327 65 958538460
88 128 611740992
243 128 743805175
260 192 548098807
288 356 510462982
6 113 971179935
131 88 798876181
41 65 867100282
345 54 246071477
166 221 561045697
227 381 343603928
206 361 990762775
296 323 623160240
354 302 186790537
328 239 783228471
167 6 848724751
320 348 27622892
210 54 248746048
253 271 330467451
124 63 235728730
130 210 13517438
286 236 471524589
224 83 589600919
350 235 491605694
47 262 451187089
185 236 360392005
281 113 43801081
248 63 224258703
38 236 284052524
17 123 667006088
392 317 980633445
311 182 95754549
371 361 884783304
132 233 966487562
193 338 64282832
237 82 822607019
80 87 458015482
84 82 110405102
15 374 295600469
202 243 746823899
376 325 76757777
18 325 302360660
228 130 771329636
111 281 676427034
240 34 11511867
137 70 540474577
275 350 471227445
109 327 131573194
149 226 166078520
77 19 322539518
352 327 407739824
362 83 27441147
273 322 654870844
44 286 258797138
66 149 550277987
8 396 559696523
349 250 120005685
308 397 716159786
329 80 883918155
220 339 774940427
51 120 760780004
225 376 313950737
379 94 649265586
29 44 74579131
207 34 177027823
254 12 403484539
102 259 866470440
138 47 872286015
159 232 885065167
304 242 47629690
188 82 526817091
134 310 164221172
69 242 442110609
312 8 41132967
266 312 553077965
154 349 297662020
194 288 440180948
387 240 149096257
117 323 561353214
321 332 535378843
251 323 644714996
285 350 909155130
385 32 2915733
190 296 775456848
359 8 880887518
344 296 864009894
108 360 902066804
99 57 833137666
11 8 144456168
364 382 127409925
91 327 520364177
104 14 798105673
287 55 724724720
258 167 418818894
21 250 101329517
393 311 168477256
389 5 27704108
384 279 591291262
141 242 940600000
46 94 244300125
39 130 942075538
391 229 632357835
53 91 181040042
93 171 231798286
56 159 881970748
231 266 772949328
23 266 612246301
198 145 318133682
36 111 392626425
147 196 253625928
30 225 114240963
79 73 279318899
189 352 559316363
373 267 529022430
150 352 787209741
43 322 778701479
144 387 727051925
143 12 273090884
20 283 216239616
181 281 206589968
62 392 623956953
107 135 861439791
341 295 603149017
331 145 260728932
40 239 732801208
139 240 469918353
97 159 229124648
212 389 3138149
49 322 147270254
61 311 614635744
165 154 377391884
10 97 393668723
110 179 747026553
270 315 214546018
303 384 826976326
274 323 1579630
358 237 283042781
247 369 233106956
375 395 630550569
213 53 500318947
22 358 121848629
176 369 202956831
216 170 281374080
204 29 41226989
112 278 701116923
380 379 201045614
35 327 847108645
78 97 7574092
378 111 833811302
169 233 572810380
252 49 976300115
219 205 905437893
290 351 832606865
187 96 586155764
277 249 671310279
7 317 241655444
122 157 359327089
42 130 793137486
365 227 390951416
68 379 671247656
363 138 349914072
366 300 309259651
217 391 236557589
265 97 549030051
151 25 591356460
175 137 795875397
268 325 636295315
162 79 626475684
183 93 479121296
184 82 247848357
174 32 860637853
291 55 803861248
100 380 454632717
255 65 123885702
241 396 174084848
394 8 69933857
346 348 561755548
133 150 299270596
195 204 174799450
13 356 806316894
26 281 880409509
257 385 851417937
261 290 784499445
214 332 661223359
208 381 193403074
76 351 324711338
33 329 394096287
119 393 289735754
313 5 245980492
67 312 543319528
2 339 381864634
127 99 913876135
370 113 227595798
28 138 460280726
24 204 898320445
90 286 164183862
336 303 67828054
245 261 439263607
172 364 58314263
269 57 614155628
52 119 701764676
58 387 898412302
372 263 623350434
305 363 387888471
86 320 370384175
116 108 916544444
343 47 426716319
284 177 799566528
92 161 429331904
27 242 226525444
388 323 515542282
230 245 878179148
37 256 48833599
209 114 398784492
156 106 829399266
306 258 69742805
215 222 850664623
368 155 735886708
197 131 728095086
292 375 618137424
280 42 317888869
121 391 198994422
330 8 267117533
129 110 859739382
152 294 937811843
186 212 446715382
136 31 132011377
199 12 522292041
72 305 654809688
234 297 68538385
314 170 435819121
246 96 242438309
353 396 257001201
140 70 441207327
126 231 224472320
153 199 895955576
203 188 674302214
16 73 263762348
298 10 130921408
324 79 220158112
50 78 691736273
74 161 606722980
105 222 280221801
272 340 314835412
89 241 702788420
276 169 625043689
64 308 751934428
160 193 664913200
201 35 916442914
71 210 37579473
335 313 483540393
103 217 96436183
282 274 231508452
45 316 627020911
309 51 264804332
293 371 338806153
98 159 484131961
333 221 854684169
173 179 384641932
299 305 572338122
307 353 177104919
337 299 871115435
9 34 316496573
383 24 252241154
342 6 468045874
81 80 764432660
367 222 323373835
211 181 441025872
630
322 245
114 11
83 102
307 293
22 294
366 315
253 392
87 397
331 321
62 217
170 333
200 23
47 101
108 11
392 52
176 133
360 227
313 36
10 230
137 281
128 264
198 158
87 204
52 139
46 321
215 76
65 385
129 73
167 377
274 142
115 109
225 43
217 365
380 133
281 396
79 85
97 101
382 149
292 100
75 25
325 101
248 275
69 240
207 284
198 163
192 94
208 26
141 56
340 148
361 294
240 359
257 378
71 57
10 343
103 286
81 232
44 261
61 17
256 375
57 234
239 20
106 188
77 116
390 152
307 251
397 307
288 257
246 41
24 25
270 51
309 22
177 104
114 385
2 236
92 381
144 102
56 207
248 197
321 6
137 95
240 227
374 362
395 74
286 60
191 63
247 212
186 307
302 194
56 98
280 283
395 25
131 73
259 68
259 10
146 180
16 8
244 240
154 275
188 364
230 352
57 286
273 45
30 236
209 299
19 278
348 188
214 228
268 240
130 388
278 336
38 56
242 221
135 275
23 209
191 312
169 238
225 216
82 214
174 279
340 116
266 326
350 326
350 337
271 393
328 284
29 12
312 135
172 124
339 283
173 200
192 242
271 340
306 273
285 353
30 90
151 102
330 314
211 99
379 59
44 131
323 7
131 310
367 37
266 109
218 319
242 202
169 389
316 248
44 174
105 390
125 58
188 36
14 77
32 43
37 4
391 127
291 54
343 267
102 218
349 259
239 120
24 101
376 290
261 201
313 68
246 319
187 330
327 59
61 90
309 47
94 260
195 228
65 132
3 102
91 351
63 365
194 153
163 391
177 303
326 293
171 3
51 246
288 204
56 217
255 3
326 341
198 1
83 64
83 7
215 312
361 287
375 306
49 348
216 59
228 49
356 119
397 349
90 151
132 72
156 315
343 32
158 210
140 114
205 264
295 25
359 301
317 210
330 263
134 104
44 125
385 187
341 105
3 61
66 123
366 27
118 227
270 166
329 233
117 111
114 96
185 272
299 395
334 192
63 192
147 99
107 47
28 259
250 288
271 359
176 15
46 192
320 365
156 12
78 81
250 252
260 298
123 240
96 388
291 121
73 174
96 5
191 369
262 68
308 129
182 277
318 214
175 112
202 302
103 233
342 236
381 353
275 142
330 107
1 247
104 367
172 189
395 62
382 32
358 386
358 19
96 218
227 68
251 242
89 263
94 263
78 192
342 200
123 347
118 56
318 389
274 43
329 101
324 344
204 348
302 158
168 94
76 216
70 97
139 336
329 240
215 222
304 294
212 198
21 360
86 261
65 314
372 257
69 129
224 205
379 63
115 338
235 45
282 366
182 273
174 252
316 178
159 259
5 380
343 310
313 299
378 284
380 320
220 207
389 8
279 227
199 371
28 85
210 17
65 204
192 369
314 289
278 273
343 297
303 347
172 370
10 104
275 245
200 152
106 173
226 300
223 58
323 210
197 220
39 345
383 219
24 155
202 18
340 151
294 312
314 380
40 172
223 69
21 385
17 320
220 357
373 164
167 290
382 264
255 130
136 58
297 352
276 211
347 394
324 109
291 257
62 297
111 310
92 272
123 318
369 121
211 210
110 81
74 111
45 231
293 346
60 213
197 171
356 355
181 99
5 357
96 187
110 313
124 96
268 181
203 179
261 294
384 71
66 336
179 284
60 315
62 147
381 222
44 78
282 59
123 66
176 350
359 275
87 142
276 36
103 216
258 238
257 6
107 332
72 117
67 310
218 39
310 235
102 107
99 279
85 176
5 288
321 66
69 120
34 231
36 341
293 40
146 381
41 56
165 380
190 180
175 96
328 172
98 381
288 89
136 283
322 129
314 283
50 323
233 188
343 374
292 316
35 86
30 70
185 68
94 224
161 106
107 259
32 50
216 217
224 184
176 362
50 46
244 25
195 194
283 29
308 173
52 71
379 373
115 159
33 124
57 99
378 189
281 170
260 254
16 118
268 51
251 114
292 44
291 270
315 293
386 359
240 94
197 315
110 248
309 11
16 260
387 99
230 134
239 333
371 140
211 318
266 32
97 392
364 80
310 322
63 152
198 206
125 219
155 214
281 86
181 206
192 328
287 52
183 201
321 355
194 221
331 167
9 176
228 84
54 202
120 275
220 84
103 93
346 47
383 368
7 108
261 199
76 334
333 213
174 286
97 294
103 226
115 181
177 109
167 286
62 228
392 245
31 146
397 71
118 360
355 106
156 77
301 84
175 271
164 281
113 209
187 57
374 360
77 55
380 332
331 139
19 156
166 59
186 153
129 201
351 395
345 66
9 76
159 345
351 62
242 368
42 358
26 13
102 55
356 187
187 1
243 356
244 129
298 48
162 295
161 90
339 107
110 68
80 273
262 81
196 278
346 119
213 130
219 126
351 344
159 148
96 361
54 358
79 307
180 338
135 183
112 377
270 208
355 335
315 33
294 390
122 27
87 75
86 218
30 376
282 14
367 59
141 144
116 222
238 367
355 367
307 295
245 65
133 289
181 10
394 2
124 226
216 345
323 147
137 218
85 105
373 343
289 106
193 215
135 120
331 23
222 35
287 235
257 308
375 346
274 152
31 377
128 114
1 26
235 159
312 197
301 116
276 180
143 8
190 261
375 279
244 257
172 144
97 206
337 193
226 206
1 302
33 208
251 254
60 231
221 257
216 123
183 186
116 230
13 226
208 122
241 111
215 230
285 91
365 255
142 207
369 157
370 365
329 288
133 336
54 254
121 309
91 94
328 32
186 116
175 198
102 352
105 133
246 142
136 348
49 124
59 59
122 137
81 357
359 314
174 312
110 61
102 396
259 29
375 337
216 298
143 18
354 375
288 71
365 60
