56
47 6 624650050
36 47 449792200
27 36 624941409
39 47 809844933
4 39 367937401
43 36 331285618
24 47 96781543
48 6 726180732
38 47 900810284
33 39 96350036
7 4 150049916
28 33 568420984
13 47 677456270
30 39 214719482
31 24 235513392
50 31 117151361
53 7 462356921
10 24 902676602
1 48 254085794
55 50 355215708
23 48 957869107
56 43 818916602
17 6 499966960
49 28 156931873
21 55 220630736
42 28 185570068
19 30 292042335
5 27 148099271
9 55 424227921
3 48 694119970
32 38 592188039
34 19 758286727
46 30 645017864
51 53 425949014
26 10 982042626
44 46 620431721
2 33 147384856
41 31 178112760
25 7 842290941
14 47 229144227
8 14 259585247
20 1 114469858
37 43 569716626
45 50 619821969
52 19 762807717
54 19 730704935
35 49 488800188
18 20 468311859
16 39 526469531
11 52 538920275
22 50 251386404
15 41 357539090
40 25 597543647
29 16 533707089
12 53 544988665
484
25 56
38 12
26 19
36 33
46 4
46 37
43 36
7 2
9 17
7 22
37 15
8 4
35 55
53 40
26 27
37 34
2 52
28 29
45 43
17 51
51 55
49 49
11 14
55 38
39 11
48 51
9 50
48 55
41 9
55 49
14 27
19 43
4 47
2 49
40 19
7 23
35 50
26 54
13 47
16 12
30 16
41 4
11 11
12 12
55 13
39 19
29 28
55 16
21 35
41 2
55 19
20 7
28 46
17 23
10 11
21 38
37 46
16 8
49 33
47 12
6 54
32 55
25 39
21 3
22 12
12 39
53 14
49 53
48 12
26 42
2 54
41 13
35 51
7 29
15 22
32 16
52 30
26 7
22 16
24 7
48 18
13 8
43 40
16 55
1 20
31 24
5 2
41 2
34 25
17 48
36 47
48 6
7 26
1 37
31 17
5 6
22 35
33 7
54 2
34 48
43 39
48 18
46 36
34 6
1 33
46 41
49 39
21 31
1 23
43 41
41 35
8 33
39 23
54 34
21 27
33 11
6 24
39 38
33 19
26 9
11 26
51 15
1 35
15 53
21 19
18 38
51 14
13 34
45 22
36 47
24 50
11 9
56 24
17 31
19 25
41 20
30 53
47 48
25 52
29 10
22 28
45 37
23 40
38 39
32 21
24 56
12 51
6 7
23 38
13 41
27 22
48 9
55 48
41 38
7 7
33 50
12 23
8 56
32 2
26 1
52 50
7 7
44 26
34 15
38 37
36 1
16 44
42 29
50 29
17 52
48 34
16 4
54 43
24 11
11 47
55 48
36 30
26 53
19 50
53 56
8 54
30 29
43 31
12 9
27 31
42 53
29 1
43 10
56 22
23 43
16 15
26 54
7 53
16 2
42 9
51 4
24 36
23 47
23 51
27 44
17 55
4 8
12 41
36 32
52 2
33 36
51 51
17 47
39 50
18 53
1 34
11 10
35 15
55 47
34 34
8 7
45 41
55 52
6 42
1 25
16 1
33 51
27 52
42 55
55 35
45 40
49 22
27 24
30 16
1 8
46 15
41 47
20 14
33 29
42 35
27 17
2 20
28 25
11 47
43 3
41 54
46 11
52 40
44 14
28 55
19 54
5 5
34 24
54 15
41 6
46 6
41 19
51 22
15 38
36 45
1 43
34 6
50 11
53 9
54 37
30 30
7 48
21 19
44 22
31 32
11 26
19 15
22 17
55 21
45 42
8 26
12 44
13 2
22 5
43 35
52 45
9 52
32 49
41 18
38 32
22 5
39 10
30 20
10 52
37 5
27 15
16 13
43 36
13 52
47 5
12 45
15 28
13 55
10 17
29 3
6 12
45 26
7 7
46 26
26 20
30 11
29 38
27 25
22 31
26 54
48 38
34 14
19 16
13 39
6 33
16 6
52 10
28 36
39 51
54 55
42 5
5 24
23 1
2 39
36 9
12 17
4 11
41 45
1 14
51 14
27 22
22 26
10 18
24 1
44 33
43 4
35 26
33 19
49 46
4 25
18 41
11 53
19 4
18 30
19 33
50 47
16 37
33 13
16 52
50 21
33 7
30 54
56 37
5 37
8 43
30 38
32 50
20 10
9 14
3 20
11 38
11 27
8 24
11 41
15 41
36 52
2 3
32 47
52 30
45 7
53 14
28 24
38 31
54 18
22 45
37 49
36 6
53 36
21 53
25 51
2 31
50 52
4 46
24 7
22 21
40 26
52 40
4 32
43 54
41 46
35 13
5 26
21 41
54 36
3 2
49 15
16 35
31 33
48 53
35 39
25 18
17 52
13 56
39 22
35 26
5 47
50 4
49 17
49 22
25 2
38 5
13 46
11 8
56 12
28 10
14 35
15 13
34 46
23 7
20 19
48 1
22 27
37 27
2 8
26 47
31 47
21 38
25 6
56 21
12 32
11 1
52 18
56 51
9 17
22 40
43 8
5 9
41 51
49 22
35 7
8 43
35 52
5 56
1 46
50 44
29 50
19 14
36 34
49 53
55 12
7 29
27 52
51 21
49 14
18 16
49 39
16 32
35 46
14 21
1 18
44 6
2 43
13 49
12 16
10 23
46 54
17 52
44 2
1 9
23 11
23 42
32 28
15 28
55 15
34 26
42 30
46 19
49 47
26 25
1 17
46 40
16 4
20 42
39 8
28 45
53 40
49 35
11 34
2 48
