173
150 31 386476282
97 31 584290877
50 150 418045901
141 97 722276421
100 50 419449099
32 50 229356220
40 31 28306533
144 31 871857788
11 40 869189158
146 141 730499627
79 11 24625137
172 32 909007488
54 100 8417831
111 144 874534391
20 144 704441868
126 97 400109931
133 111 553202386
45 54 159327966
151 150 30069614
5 126 781530660
36 133 241673516
140 133 930208622
105 97 443766880
153 79 401576614
47 36 868962870
116 32 283738477
157 11 882517740
130 40 149081840
129 151 914095178
44 11 605557524
63 100 201435723
77 79 334919165
169 97 429455432
59 44 723918806
85 44 708552519
66 146 31902581
26 146 858534753
71 66 196829675
17 133 186075831
19 31 360434798
92 79 825568024
28 26 416931058
62 77 864455853
167 26 578757304
106 31 227334797
12 97 544302562
149 133 329175859
121 116 116011685
94 17 873115859
139 5 40480443
64 139 657328270
57 92 516727943
173 44 175341998
88 32 213544149
161 45 68981954
29 92 839364295
38 144 604334487
73 161 535730748
132 133 9644900
16 141 360686183
96 16 215401530
125 16 436692211
83 92 50494733
98 36 626283853
24 20 990838991
65 157 273503519
95 77 821544165
93 20 361845266
118 116 2568766
154 118 778384399
131 173 399103093
108 44 151146352
142 139 551676059
81 57 108184031
70 116 910640564
9 98 711153696
4 116 668187515
147 169 67678390
39 100 630341135
30 108 339438588
91 139 255224261
60 11 712673694
87 141 900524637
8 91 907058735
107 131 279368044
51 107 2839649
165 97 99376859
72 63 60295583
112 5 994881617
33 105 383288894
27 66 553821829
34 17 352094145
56 59 652189663
90 87 321511827
102 96 34851649
41 108 531846246
75 172 274820876
115 47 160575303
122 112 858244844
74 20 333882559
103 31 59926225
168 121 742165716
69 24 93332922
3 150 693058371
76 106 26047651
109 132 208447405
2 91 263272349
37 91 346741008
61 28 527234106
86 44 996136595
48 141 957029474
52 65 292884995
124 88 651854697
6 2 381161467
148 112 188539919
15 142 534710292
101 39 937977369
143 124 743844517
171 72 319793333
67 3 807898491
164 69 687214925
43 16 939483822
68 6 62757161
159 6 107309099
128 94 849222638
53 28 297858751
46 77 8079656
55 154 19863210
170 17 465296555
134 4 260059642
13 132 89248335
18 141 851545826
145 48 704744956
1 101 733481244
123 39 474560346
23 46 710557742
21 133 279869000
84 172 473735447
22 142 883046330
42 115 451578849
25 124 798860933
78 173 233128807
138 26 724281457
14 168 131453637
160 151 752533122
163 149 159916306
158 173 116931691
10 51 89074304
114 28 355111239
58 112 932468307
155 128 440919439
166 86 354190454
82 34 947141749
135 19 622369971
99 36 350428294
35 93 755077039
162 153 901626598
104 159 190242546
137 65 143602856
7 121 369209061
120 75 818854373
117 73 776402251
113 133 412674939
80 167 326164391
136 153 107811036
156 131 890763237
49 7 782272287
119 82 90860465
152 161 649263470
110 114 648500485
89 25 893242596
127 5 533591113
972
171 66
10 157
22 113
167 59
9 78
145 89
111 85
45 13
55 125
152 160
69 111
90 41
38 106
161 144
33 118
118 33
21 142
72 85
35 112
127 63
130 118
63 54
170 168
1 131
62 93
155 163
49 56
20 1
30 107
46 117
6 11
104 94
35 104
40 140
125 121
10 38
3 101
14 45
39 4
151 111
167 33
154 40
45 20
136 57
59 46
11 15
147 129
29 80
154 13
154 76
167 148
42 135
124 59
139 36
7 110
18 116
46 10
146 46
108 166
143 113
138 154
164 38
16 92
6 122
56 21
99 166
91 68
142 46
148 7
112 57
111 144
64 24
29 98
10 16
47 167
23 25
53 61
55 95
30 130
86 22
160 102
49 54
145 74
169 159
79 173
60 173
44 162
80 131
69 100
136 95
64 99
125 119
17 96
98 10
103 148
11 145
100 167
62 61
162 138
21 163
151 101
107 62
33 33
139 53
111 149
165 167
115 49
87 74
150 164
148 104
138 24
140 77
9 143
68 64
155 93
5 58
164 21
110 69
131 3
104 115
173 3
50 140
148 172
47 76
158 76
104 58
91 52
158 89
58 46
6 163
64 69
128 44
34 110
117 33
4 103
84 17
170 72
2 97
57 113
131 97
74 25
10 47
9 42
172 12
154 164
124 61
42 115
57 90
72 1
34 83
88 76
14 60
92 75
171 68
68 127
149 101
19 36
61 34
34 134
131 110
69 24
22 158
134 3
39 25
168 7
2 100
34 100
85 148
110 6
114 166
123 64
127 111
171 7
142 70
37 94
164 1
134 11
110 13
22 35
163 61
132 105
76 113
89 124
107 16
84 105
70 4
71 86
34 159
103 144
164 100
60 28
105 161
69 78
53 117
103 26
31 25
53 6
119 94
10 75
78 149
18 125
166 98
7 135
128 74
139 8
158 155
20 119
8 37
83 165
37 19
148 156
31 130
155 158
127 26
58 122
131 84
131 151
98 97
35 19
17 116
23 169
73 37
87 58
102 135
134 118
20 66
127 132
34 79
138 169
28 156
39 159
153 169
38 37
173 86
100 97
43 156
129 105
133 11
172 122
126 11
73 131
8 31
69 51
108 157
42 56
86 74
2 9
167 10
120 29
34 14
67 82
168 166
124 89
149 114
156 161
32 6
2 89
99 84
105 31
81 37
76 155
17 82
162 133
55 83
70 117
72 54
170 67
92 151
51 158
13 61
158 43
55 119
172 15
117 111
36 142
154 23
144 123
34 136
63 42
133 6
100 134
50 113
80 14
104 150
31 15
6 119
76 75
123 116
85 124
41 42
28 172
71 38
152 97
41 51
56 138
60 78
13 157
18 117
66 20
127 104
20 61
96 29
48 168
155 10
137 71
144 25
48 20
153 48
5 152
34 22
73 11
118 17
161 32
151 60
71 68
114 43
55 26
23 166
84 143
43 107
77 21
74 112
102 17
134 88
93 89
99 172
104 159
120 139
86 141
81 13
106 113
8 33
171 77
46 134
50 36
18 62
120 158
137 11
112 20
126 107
14 97
34 128
43 135
103 9
61 77
44 129
136 156
24 16
150 105
72 151
43 173
64 19
123 165
56 115
102 138
90 63
52 126
35 163
146 12
119 98
71 115
118 163
27 64
5 72
165 87
63 104
22 95
34 45
53 152
24 108
150 144
171 129
66 123
63 129
80 72
157 53
149 159
73 41
38 157
160 34
73 161
103 26
76 142
6 102
169 100
55 127
126 10
116 110
158 135
170 36
51 49
163 101
87 25
158 123
120 104
148 17
57 31
134 51
10 166
116 64
109 19
55 150
133 98
119 162
103 44
65 69
62 68
143 19
95 140
165 120
72 55
72 102
94 54
34 64
170 106
34 109
148 142
65 45
31 123
97 95
108 89
50 83
71 17
143 82
91 48
167 41
106 99
15 36
121 136
138 30
47 93
141 133
108 4
84 113
70 56
116 119
12 90
145 45
161 111
128 102
33 168
138 99
92 5
41 28
94 29
109 159
112 143
153 79
90 29
147 58
163 17
93 42
36 28
141 125
117 79
70 164
22 99
8 24
6 43
26 51
27 143
105 78
120 18
45 12
171 24
132 53
142 54
73 38
19 32
68 146
99 23
23 124
142 41
45 47
138 47
66 152
93 143
97 90
14 47
99 117
135 82
94 92
163 59
99 36
150 87
21 140
16 165
141 20
36 171
9 76
90 22
141 62
26 125
128 73
90 33
76 20
103 68
101 109
122 108
51 166
147 2
23 153
74 147
120 92
94 76
50 6
66 125
83 51
53 26
135 37
155 57
140 172
68 169
160 48
114 60
47 89
15 112
3 109
144 71
141 95
61 161
3 88
32 140
34 91
51 105
43 52
13 126
15 148
157 36
139 56
55 21
141 41
118 140
137 62
138 109
134 131
39 15
83 161
91 26
90 84
46 66
94 37
55 50
90 7
163 35
171 9
86 173
128 43
28 24
76 115
126 7
113 80
11 82
160 54
127 51
124 56
28 131
88 69
112 147
140 18
15 149
53 170
129 163
8 155
117 37
125 59
151 119
161 28
157 117
68 71
113 103
145 167
172 94
12 21
124 20
119 36
93 54
167 173
140 136
39 137
122 41
93 160
23 91
127 7
135 52
10 152
69 104
162 112
61 172
52 45
9 114
68 5
84 67
147 100
165 25
168 163
62 80
104 18
19 23
133 170
1 49
36 95
6 89
75 125
65 13
43 109
56 37
111 46
67 149
20 15
91 52
17 110
76 99
134 160
52 40
115 66
129 4
143 164
165 173
133 104
168 12
30 137
41 91
164 40
62 128
107 26
157 126
137 63
5 101
165 122
106 72
153 66
15 161
135 85
44 135
109 22
30 58
82 161
140 132
157 113
117 105
70 30
149 37
35 51
126 63
5 52
32 123
150 110
4 159
170 133
156 84
99 89
46 141
51 9
17 137
17 160
110 104
75 171
166 52
26 115
115 106
86 44
117 113
111 85
129 60
117 4
104 107
135 7
55 14
25 31
154 13
23 153
107 48
2 142
46 70
83 96
135 133
98 4
64 52
162 41
69 127
45 156
30 32
35 167
94 47
85 67
37 21
80 15
85 91
138 158
97 135
86 81
7 118
29 121
112 132
17 1
23 155
103 58
101 143
39 173
143 64
168 24
79 158
156 154
11 142
44 139
31 158
88 75
34 72
98 29
91 122
121 150
38 132
107 79
130 132
103 18
105 166
7 165
113 18
62 83
172 20
119 149
38 151
87 43
135 118
58 91
30 94
14 162
29 64
27 54
63 100
138 120
37 1
110 1
167 78
43 129
143 82
155 20
19 42
74 27
57 49
14 89
41 100
163 159
74 129
38 84
84 162
93 16
22 52
78 62
90 171
32 77
13 28
90 130
118 137
155 28
83 53
118 152
95 98
107 114
132 16
150 76
146 54
23 165
61 5
121 72
141 131
125 33
75 86
158 55
81 87
58 131
3 24
92 160
7 78
114 82
173 11
126 139
58 47
45 104
36 21
139 124
19 22
140 43
138 133
83 112
65 13
125 41
4 173
62 145
53 62
14 23
56 67
44 70
59 95
16 106
61 70
145 142
104 59
67 134
122 138
98 142
3 168
34 118
173 116
55 112
112 63
137 123
87 72
12 146
61 63
49 140
58 118
80 154
88 34
37 104
19 139
85 32
110 45
93 121
118 133
166 90
107 115
66 92
82 46
146 146
43 93
171 1
137 28
156 53
75 46
167 92
27 44
136 160
103 12
95 75
68 48
11 139
6 115
151 8
53 72
63 52
37 26
88 97
14 85
136 125
163 119
58 173
53 16
173 159
131 157
119 140
45 124
78 43
4 98
54 77
114 113
163 164
34 159
96 2
105 96
158 158
59 108
7 49
109 65
60 152
63 128
49 88
24 149
104 158
7 48
146 11
45 88
106 95
66 29
53 120
138 13
46 28
162 123
155 68
63 171
46 59
160 51
151 123
31 34
149 105
146 60
123 51
66 170
94 129
144 26
21 120
72 73
164 112
29 161
129 148
29 8
150 164
30 58
170 101
45 130
126 57
67 56
42 3
1 159
37 61
15 163
58 42
92 87
152 118
2 157
57 129
57 3
13 20
164 46
36 20
9 47
151 109
83 25
173 102
153 118
86 161
29 24
61 17
99 116
31 14
164 62
83 49
138 23
138 41
27 157
63 38
62 158
114 128
93 20
40 79
66 67
11 141
113 107
55 7
84 127
137 55
76 140
75 77
9 82
46 1
10 68
79 77
74 6
95 92
69 88
81 159
6 57
173 87
136 62
98 62
136 21
93 34
136 76
40 37
83 98
59 21
38 160
82 110
72 14
16 7
122 48
155 145
4 55
112 165
42 1
69 8
