641
382 211 351562501
74 211 131492326
115 74 657300072
23 211 737969733
633 382 730773215
640 74 687088078
2 23 148260026
134 211 339661305
487 2 41713846
188 633 112759598
528 640 354868691
471 211 363642972
62 640 901771208
587 62 702500874
33 2 327784850
351 33 968981909
533 382 814418520
13 351 570158429
518 13 274977690
158 351 793660250
212 487 958265735
397 533 632841661
50 587 908073825
338 471 401622798
279 2 457954877
584 23 780106031
499 134 172691033
568 633 770295693
336 211 222391884
136 640 651980791
46 74 800329442
431 23 471314664
21 13 108389317
372 211 370882584
119 487 937745528
379 471 31397909
356 33 609447869
605 33 855451849
383 336 889978662
262 471 450133735
44 587 598532940
566 379 988575235
565 262 254460188
17 587 527650516
22 605 641259939
491 17 598307203
561 568 74479784
214 2 462999150
198 372 326557858
515 50 219634251
609 74 419229045
329 487 644284239
363 379 514631102
105 21 471198071
503 499 452469918
618 518 834626399
454 499 474582593
232 561 342891399
272 633 384392916
368 363 170470197
273 62 67307655
122 568 218240922
186 329 681406840
225 279 861927883
560 471 308227576
173 33 975911764
151 272 129953535
542 119 65538132
147 2 777246207
52 147 920268305
455 13 372337374
254 491 926796871
541 584 946341649
281 518 201267442
146 584 427843909
67 44 522436706
327 281 64762980
489 587 806897288
268 281 946655804
276 640 852674345
1 561 354465280
113 151 143772737
6 336 271994949
339 542 239931059
142 565 926402090
289 186 743113589
253 515 617796414
221 568 743678091
552 151 595023131
286 17 158545423
453 214 739259030
68 339 699798201
535 338 463444282
405 211 440097781
208 67 635568503
61 105 813213105
349 276 914052856
331 397 464812778
109 232 786696169
161 363 744146527
75 119 536814340
460 273 903064702
532 146 468979935
317 372 921259334
510 44 791365291
25 6 96807258
37 281 985687792
84 489 204268205
179 113 802571603
18 109 895476277
534 253 459360393
145 491 992085269
436 471 174913568
473 317 42928645
420 534 969972987
121 349 196469736
546 225 664133271
459 281 627495968
203 211 749810955
73 272 444277608
467 136 217112727
220 327 123530640
274 286 456097754
129 262 902534834
240 351 169160879
548 431 25975651
197 2 140935686
486 21 1651521
352 75 148642407
578 436 915856982
252 327 598500461
140 491 95726548
361 52 930310397
466 327 183261364
234 105 456762752
178 262 738840394
563 349 739063121
94 566 939282337
228 129 950342121
144 140 514294216
19 560 425528599
348 578 84114766
165 197 124038654
373 225 743428054
269 197 403754807
595 129 703478169
575 220 748237854
628 405 744601207
530 121 427545237
235 563 471360909
101 113 657839021
290 535 63765507
637 252 443038959
49 235 61395840
485 6 898228090
83 161 178950892
359 431 869191112
387 628 965246238
539 387 317803913
138 220 529191181
615 21 885743250
63 276 534439872
555 361 206528696
441 179 317235579
210 420 788274428
293 210 284326691
400 356 683214665
490 228 734318969
54 198 836489688
124 387 569739026
183 490 226530042
437 539 797433226
216 220 706162686
297 198 746820399
355 74 803838451
324 22 178718968
589 578 941331351
237 339 494554205
130 276 97549097
137 18 85104496
34 373 801857061
638 6 644882428
171 272 914056306
598 349 118691908
24 237 695964865
261 138 73092319
492 499 364506778
251 532 15377216
148 329 108315822
70 179 928313680
479 75 129497889
213 46 835629216
167 62 354433990
414 84 685856097
99 584 267847292
496 19 482737613
174 293 470788958
79 338 545952011
521 327 484856007
389 262 664952274
278 46 919084813
360 198 289034885
550 389 789320583
172 171 656942715
265 6 2579295
294 203 815366650
445 528 449071625
267 138 743888311
295 459 67343549
619 272 387263311
126 167 41877439
112 6 928140554
347 18 84551380
108 532 149340101
201 19 404489251
305 530 475066732
131 441 756854831
597 420 527371514
111 173 286418551
308 563 22731109
409 528 868294858
353 279 531526503
583 368 151678622
641 286 657160385
243 293 404307716
554 317 738159165
284 436 491074679
362 2 570706592
443 479 476206565
78 188 340749602
365 317 963460677
581 584 528132629
313 108 395065791
428 234 665502308
76 281 268886371
574 25 92464456
239 640 673862593
231 122 719081061
411 555 665184596
206 148 714800113
222 528 123958429
549 324 376190423
81 21 592835221
168 568 725011409
285 272 626810580
189 21 988260157
226 532 473276539
608 294 284772170
407 108 615237312
312 530 441425425
322 158 586338327
401 49 431367571
505 188 139793549
133 167 345470566
599 171 22253423
378 221 901226767
184 206 967037875
478 373 683923863
271 286 869905308
304 420 628811634
446 360 715495130
256 50 15477259
301 405 584875379
103 278 683682813
422 331 997250592
42 574 882633736
457 561 436648434
182 172 755230523
447 21 749846615
257 535 114028210
477 633 171062909
71 411 338332446
432 373 557771049
425 18 825490674
424 605 134825979
311 83 313736479
364 560 187824068
3 108 325534247
64 188 669525383
475 360 996982727
7 331 365640603
255 189 528745005
98 186 313959663
426 549 157065630
181 361 59486827
451 587 982316521
163 295 101097981
406 278 488561385
474 599 53002029
483 147 931919226
242 7 607361516
180 285 970171506
187 382 475692508
630 441 435610625
39 478 431704100
507 286 886630067
404 360 51967967
236 163 472865018
204 81 25697288
86 641 643650370
95 37 838916348
403 447 265258939
370 3 367238280
540 372 751073838
511 425 536799538
325 23 902760279
444 441 862911798
393 510 664407596
495 587 592634362
602 474 580856852
611 204 933760886
632 115 322785543
464 1 743265200
224 119 493888595
51 242 864338713
398 201 799457019
260 134 191703416
396 79 77479388
229 252 299959034
529 507 376757023
288 267 164179177
419 407 107201509
244 94 92556609
465 382 752457650
525 273 246646227
622 284 750914864
12 236 365855954
634 237 18624041
315 122 898594241
516 279 870190979
371 34 22711381
155 451 456092225
259 445 914941896
418 24 103962458
97 578 93978809
482 611 872023130
438 97 445670284
196 451 520145951
100 598 626166668
321 21 266528508
238 443 729860704
572 24 113099391
601 406 555070849
463 549 346024399
303 290 887331608
160 521 726381498
629 126 3758521
500 424 710392942
523 259 387462784
318 254 417362952
376 405 242102916
621 411 613861736
120 225 40223787
323 75 695481692
616 213 38634785
319 355 674720949
60 130 849831045
570 609 906297088
58 338 286825723
394 183 797680445
96 34 33903924
27 3 66998305
412 131 912854113
395 598 515488786
559 637 787043350
585 373 809397646
230 182 996207681
402 146 611497717
410 424 839839905
358 473 817025597
309 420 208079554
567 148 399396668
191 313 936859296
164 109 764339546
547 173 302096306
127 229 613704005
439 196 706786714
207 188 217321210
514 412 7174408
544 105 625510288
501 589 771534192
390 197 659709303
526 224 598064031
116 621 589667341
334 641 117211342
310 121 552228224
118 373 264516030
522 559 288583127
399 297 548351493
30 293 758655276
531 323 629212969
91 550 806005790
636 526 811907251
283 24 44762490
89 261 705994988
93 137 808356308
429 131 536593003
45 73 943099862
604 541 309025862
302 61 516112523
527 601 738254519
449 68 805747666
149 540 69358074
36 349 709374216
513 253 704231009
16 67 421209671
635 383 325455847
617 42 64549018
14 151 347134281
82 432 290867359
381 220 811444664
484 198 335638849
10 251 476741883
104 510 739136875
509 518 166216473
423 181 121128013
346 126 459509494
517 304 161835990
435 94 579856694
330 381 838061388
193 435 508646216
57 575 71441107
571 285 570984348
4 151 63215489
415 544 698526483
545 505 474164456
553 487 699133703
153 615 140178143
107 238 579860297
246 490 305200490
480 153 357836990
249 161 963921353
519 257 82874222
275 74 636871465
35 535 768640603
47 581 327335734
80 475 297555051
202 432 509759495
421 428 940087800
72 315 19295608
264 204 533180903
314 293 83096969
114 477 612199015
377 379 407433497
524 267 877218099
170 151 191608629
316 629 157041486
391 204 199952119
592 389 202846183
494 208 677576546
223 336 508045274
369 45 890921781
624 100 528213828
139 37 397718328
266 351 386617055
141 18 886977454
241 13 915186559
342 635 567212011
579 387 755109867
569 621 597565844
461 492 280996757
152 231 113547814
143 206 956007288
32 329 245373383
88 356 269837687
508 244 717470173
558 253 935790889
350 518 690510304
375 116 413975583
250 184 13693867
41 382 831028734
90 39 342128380
417 570 208763258
29 578 537136603
433 104 879113354
440 93 820867118
247 423 121872698
69 565 559839854
15 249 255034291
56 365 513016224
557 540 42339825
462 351 900368398
603 527 597159836
430 389 105590236
157 418 803157367
31 401 897483777
5 272 239489336
591 208 576745973
209 283 131846913
631 315 99534036
468 39 129386234
573 181 303481522
416 86 330168137
594 438 55292309
154 431 349681817
192 541 817501985
450 52 9241654
354 482 428671886
577 599 908103699
610 148 128099498
456 509 282269086
28 242 256998651
177 178 606959047
537 445 233889536
53 226 217217535
8 358 118047721
536 631 360115942
195 331 431673229
614 237 830111696
102 236 271938015
66 318 73583062
607 617 726545910
150 236 475855839
498 150 629759476
263 88 453444167
392 631 916515146
185 435 965438996
166 158 948921086
248 86 117684922
413 324 199578320
476 618 252460071
85 259 599274777
333 188 733859740
470 136 149520897
627 102 323046160
434 369 421556060
328 535 324071015
512 535 217602236
65 150 245737581
320 377 895244874
623 525 420292106
233 24 991693097
600 116 185345959
612 10 580186526
340 350 659220281
48 312 752165124
367 565 598290564
586 27 911025623
215 540 978154395
384 17 387413262
343 573 159625627
427 343 476476237
43 95 371763415
452 334 84277074
639 560 609520381
335 605 713943001
110 71 750433869
280 201 960370343
227 302 86810385
469 4 543543374
299 591 469563076
106 321 83070121
448 592 710068082
38 126 349446892
366 102 213729432
128 591 725137410
442 280 145094506
199 574 597603730
564 381 831133660
626 43 429382697
245 143 30722121
337 93 168383610
613 595 659827892
20 226 652727847
326 581 664670472
282 434 717992344
596 355 316203717
292 373 614664319
205 229 984901965
176 237 324006553
386 609 372507805
472 451 349522962
481 354 589156401
219 104 404832255
92 230 557654836
296 569 931037000
551 614 162878672
341 633 998136143
538 399 381230696
270 471 493515199
162 266 312293348
590 485 32161016
593 32 552169499
556 359 200927031
200 389 257217364
388 621 742296124
217 532 468349253
488 522 729430355
55 388 876379425
300 74 498656436
562 564 391128828
620 578 342123119
344 475 8616141
307 300 337189058
169 115 189714980
159 118 82478888
9 326 350322503
77 273 935232228
123 571 451984616
277 369 627342871
504 480 958245706
291 75 899710264
580 259 502439526
520 383 990277525
132 220 468585286
502 553 504658107
506 48 14861765
385 456 339346664
190 521 498242246
218 226 313112231
408 471 695953616
156 433 286152489
175 153 559078541
125 148 90931467
11 408 972057523
59 377 624078676
588 347 237585896
497 541 134278575
117 352 188524606
26 474 438061089
582 65 679916819
306 618 910594697
458 166 893722766
298 75 44334322
606 205 706603647
374 212 752970922
493 104 970540402
380 232 269442070
357 178 473350658
194 10 844739860
287 172 265874328
40 501 255404882
543 472 502408836
576 399 823341294
258 370 603818841
345 335 50859517
135 162 299648814
332 360 575934125
625 333 274294957
87 501 81812548
6954
395 443
372 280
120 13
357 181
575 510
256 615
234 542
277 35
17 190
81 457
392 598
537 144
66 567
46 237
458 626
247 520
201 97
393 65
571 608
352 559
299 215
444 82
546 228
102 51
129 396
536 240
107 57
330 70
455 192
43 441
152 100
500 543
94 19
314 502
9 522
82 536
118 236
201 159
501 630
550 291
302 476
446 49
334 610
474 158
455 439
104 419
183 221
499 13
558 130
125 395
62 608
619 235
602 500
332 317
170 496
199 95
50 4
108 552
406 168
225 68
535 391
499 26
420 492
419 199
294 396
599 495
178 93
5 186
565 502
633 533
32 334
114 104
150 339
264 58
512 394
498 251
320 129
620 433
603 539
511 191
535 169
386 162
537 73
125 208
376 393
462 31
528 481
249 479
562 511
230 290
146 555
61 179
222 379
573 273
161 315
95 196
317 158
178 504
194 261
344 413
174 510
102 328
121 340
591 495
337 74
267 354
325 210
62 374
247 471
576 63
278 67
27 427
155 81
142 518
388 202
495 211
27 332
327 42
587 30
435 307
480 454
25 319
55 317
180 310
216 515
78 499
111 354
29 626
337 590
14 114
179 240
169 92
27 117
237 519
497 38
102 435
61 412
303 336
561 499
51 141
277 315
180 393
164 555
247 584
330 428
5 272
387 517
37 73
98 260
584 31
508 287
556 382
134 497
337 333
315 486
202 29
333 96
362 624
91 569
13 550
612 318
4 124
397 126
386 278
244 230
538 559
425 608
455 627
314 492
187 50
296 304
599 404
382 169
319 521
309 421
148 588
608 428
168 127
491 322
610 266
522 86
246 229
260 218
607 3
312 629
272 410
636 77
595 339
529 491
605 391
351 291
623 348
143 486
468 202
530 199
195 566
606 98
345 357
201 319
34 60
550 250
401 56
390 226
487 612
508 330
544 236
419 449
67 449
602 272
232 293
516 482
630 521
207 524
589 160
390 246
316 405
214 551
333 488
604 344
265 526
89 76
288 11
222 297
577 374
400 496
43 610
12 612
49 52
269 115
67 181
582 62
9 539
248 50
73 442
219 454
82 91
419 72
162 160
29 170
79 17
619 246
444 532
280 227
164 487
224 124
501 538
546 29
204 205
175 102
322 248
349 423
214 264
49 637
111 259
225 38
380 350
478 105
86 286
147 181
335 317
639 483
578 365
50 237
91 507
291 127
192 471
350 278
186 32
185 308
266 200
87 182
155 365
333 311
36 302
24 276
285 55
442 209
593 374
267 278
167 75
412 390
449 590
98 541
214 274
64 19
558 402
64 568
451 296
175 492
326 130
292 123
419 604
16 540
291 567
581 390
377 116
587 380
5 58
162 154
225 458
588 91
137 418
187 107
524 79
203 472
201 563
335 294
627 619
120 497
450 589
414 101
402 232
116 384
123 546
462 236
178 134
89 110
383 637
586 414
100 6
462 161
107 212
28 282
403 453
180 427
370 295
387 140
286 528
358 438
53 546
257 20
558 56
609 241
552 267
274 453
48 427
529 478
39 332
67 101
556 539
135 209
236 603
35 460
389 616
90 96
151 197
268 559
597 346
507 480
159 562
106 394
600 423
49 505
111 360
307 444
420 155
554 419
552 335
462 233
256 240
510 395
424 52
98 341
24 483
375 85
77 210
145 46
234 56
486 70
419 400
103 310
35 28
362 54
1 637
392 22
279 429
126 369
284 437
256 216
507 500
362 366
102 180
537 209
185 412
477 40
76 110
359 56
337 119
285 522
559 277
47 24
128 376
342 308
36 41
99 20
572 259
199 173
295 71
615 360
380 150
284 407
471 378
634 337
430 89
304 431
393 257
594 261
148 403
637 358
100 393
138 3
116 396
548 95
335 616
615 561
329 618
9 203
337 291
278 603
224 395
275 629
161 561
56 146
446 484
331 347
337 305
289 33
24 331
569 65
484 493
515 90
70 159
127 299
609 470
626 338
409 639
154 207
212 103
335 78
550 307
13 509
640 314
40 102
308 289
172 260
20 195
96 234
273 575
524 245
303 595
546 515
614 404
354 202
89 396
58 225
604 417
99 280
373 32
81 355
625 95
136 627
317 417
51 130
556 126
167 254
15 403
365 262
277 545
204 98
421 249
640 328
267 632
236 524
403 208
523 36
550 470
393 390
31 14
407 382
51 129
461 454
550 189
485 377
194 427
207 296
149 596
373 542
43 368
160 18
327 45
218 564
598 358
88 246
418 283
394 464
467 394
167 611
493 79
141 641
133 401
16 619
460 413
289 158
64 80
488 61
606 411
80 610
124 146
282 608
551 111
50 10
19 497
448 403
87 38
87 67
86 359
539 185
437 322
206 593
372 153
506 183
421 260
296 303
303 600
54 376
281 153
208 317
264 520
58 165
126 340
397 631
101 515
65 525
274 415
185 212
146 595
372 596
174 608
274 525
510 600
548 150
634 360
63 38
159 119
92 469
195 604
469 87
285 641
226 333
16 452
229 286
443 24
147 162
13 278
249 341
44 213
193 640
111 14
292 474
148 79
66 270
306 17
32 347
157 454
352 634
306 524
16 276
244 241
94 246
79 405
210 343
259 418
484 524
213 150
446 362
84 68
607 418
441 209
440 264
11 173
540 60
514 223
552 433
504 588
530 379
125 375
22 515
181 427
228 504
205 301
381 535
483 159
340 423
202 100
214 604
561 85
328 244
641 429
228 7
163 96
240 189
264 259
322 516
274 250
364 323
59 280
476 75
353 388
131 444
306 124
372 443
10 612
81 602
421 189
90 413
261 426
476 574
86 135
200 324
498 419
87 411
377 55
230 27
232 15
540 627
508 399
457 203
261 556
634 241
492 381
560 143
266 99
202 610
512 94
202 91
578 190
600 406
150 515
150 319
192 130
230 349
619 65
247 474
325 128
379 319
403 215
10 329
508 284
378 476
133 283
160 354
219 213
498 558
479 361
87 400
77 178
37 393
338 425
448 243
277 385
398 272
330 358
226 165
94 421
366 160
82 439
2 339
35 567
109 387
403 380
198 313
397 364
492 46
101 414
55 433
482 503
27 446
89 224
71 308
48 341
452 235
21 180
24 83
620 331
569 579
550 241
455 476
594 298
82 68
314 563
166 268
586 374
78 476
446 158
72 33
80 619
240 135
215 487
457 575
206 14
593 49
383 2
613 569
451 76
161 421
384 581
153 523
193 57
523 366
617 267
12 194
454 278
115 78
487 373
376 307
426 493
610 637
283 211
438 405
531 91
173 75
301 52
402 582
504 92
403 420
532 569
442 332
51 359
90 618
398 492
161 553
450 105
630 481
320 313
429 28
415 389
132 503
457 553
482 282
52 519
531 546
455 220
61 115
637 381
427 9
188 500
304 314
92 80
187 174
553 370
109 188
437 525
311 516
617 32
547 411
513 457
132 542
14 196
640 382
88 197
613 162
424 168
174 598
398 61
552 150
625 433
199 461
190 438
106 584
497 27
25 239
13 363
222 253
457 332
142 336
7 604
146 424
545 126
348 565
135 206
615 605
422 601
116 393
54 23
590 219
561 266
254 99
194 460
375 313
608 615
484 382
454 155
203 367
641 515
184 620
109 283
124 479
561 102
636 537
536 181
81 425
437 575
47 508
110 460
74 178
272 546
175 147
570 566
159 332
170 104
376 218
308 446
62 38
43 582
250 117
512 67
108 523
302 285
393 99
65 70
110 567
132 542
393 21
317 464
184 372
627 427
93 60
135 468
449 25
151 41
30 123
613 471
165 297
243 511
15 232
118 552
503 310
429 3
114 299
303 302
40 405
371 393
215 422
220 128
208 165
94 336
112 365
473 621
69 524
321 128
432 13
1 587
197 376
486 287
297 467
168 424
115 146
615 175
518 55
495 297
332 493
375 48
540 198
464 607
428 349
139 230
81 426
637 396
610 499
589 78
585 418
548 599
326 215
39 62
585 39
342 196
202 188
579 1
121 227
234 562
564 474
640 389
148 571
607 217
534 103
321 201
554 86
267 385
91 175
562 473
145 164
588 165
122 315
641 629
33 517
85 420
590 382
439 147
116 24
579 213
344 169
617 210
542 374
596 385
135 502
218 450
451 290
408 19
330 164
248 401
306 290
520 468
498 40
369 51
351 64
393 468
141 411
577 84
213 283
368 583
343 129
35 525
493 89
218 444
398 83
489 634
299 276
529 310
6 294
430 68
415 49
373 281
81 509
369 135
508 35
595 295
212 488
45 500
520 604
394 541
574 168
304 59
346 199
524 601
273 455
210 447
430 606
105 327
236 15
304 517
27 217
233 193
448 258
176 450
536 430
78 19
613 431
326 202
207 21
254 353
76 9
185 380
371 281
347 278
502 109
486 567
43 149
271 332
608 239
44 394
506 138
455 162
637 285
557 141
37 597
108 424
395 607
459 580
311 305
580 66
535 176
281 155
289 542
238 190
16 481
493 508
373 111
361 547
146 542
370 27
589 641
101 278
116 195
579 466
500 566
354 156
103 610
453 159
91 441
274 30
468 598
105 560
57 254
572 362
73 137
334 27
11 440
331 183
470 256
222 68
330 451
223 504
132 311
372 607
116 294
470 629
117 61
29 372
57 351
508 118
387 367
135 561
477 25
637 582
134 408
635 141
436 445
110 257
377 50
324 31
21 613
415 586
259 448
463 121
193 190
203 100
542 205
103 623
506 96
565 38
500 400
599 430
434 431
495 348
287 248
73 469
223 166
490 536
333 480
30 313
240 592
144 326
573 375
452 451
463 499
403 550
109 484
611 73
80 473
150 64
240 261
364 151
580 535
640 101
498 264
549 166
174 377
365 96
383 80
113 108
332 476
248 123
329 505
247 49
140 158
56 318
161 147
581 438
59 374
571 375
387 397
189 65
424 2
295 182
28 383
233 222
597 445
326 119
450 237
31 77
400 630
279 178
580 618
182 572
359 130
31 17
467 245
309 508
267 91
46 535
353 122
568 282
505 581
305 473
2 252
13 327
69 89
177 255
464 224
497 148
408 165
342 319
93 237
306 337
429 58
261 30
441 71
21 403
53 47
10 391
44 203
337 465
380 452
229 533
517 250
501 552
224 42
427 146
107 539
253 57
265 624
448 624
243 452
506 162
438 328
69 309
327 491
219 504
227 531
425 276
148 584
521 409
133 595
9 391
120 184
361 365
392 124
475 415
109 69
176 114
142 388
377 501
555 352
631 506
276 515
600 499
182 21
522 459
166 209
261 393
437 221
65 29
440 457
452 120
612 319
338 54
566 332
403 88
578 157
414 52
125 557
487 498
306 365
546 99
58 335
27 295
320 200
383 392
158 229
105 246
88 156
552 201
405 261
164 367
115 135
5 510
285 414
291 128
414 122
333 544
480 356
466 381
123 247
331 613
387 485
425 320
459 186
138 349
370 219
539 540
416 433
558 307
289 213
96 418
126 52
368 486
158 37
487 548
488 359
125 584
13 361
247 360
268 95
541 347
497 465
33 416
267 584
120 171
600 577
491 382
269 479
104 219
407 16
111 219
566 107
32 535
430 365
633 396
306 110
587 307
519 20
301 556
228 419
68 130
375 616
407 427
317 456
410 63
6 281
201 606
254 497
112 13
69 291
410 237
43 616
10 119
452 273
536 299
617 166
516 448
521 234
385 247
326 255
273 197
588 495
318 511
94 413
126 279
399 290
137 100
365 225
41 618
623 411
487 175
324 242
66 19
212 63
293 592
148 508
234 369
610 29
240 233
540 316
358 540
143 388
427 473
425 509
170 243
556 633
392 93
15 205
520 311
145 289
466 373
22 181
431 159
495 227
603 638
97 90
402 2
369 498
311 492
629 422
441 179
391 516
83 192
303 616
192 387
510 316
540 622
419 530
592 529
342 205
364 493
288 166
18 638
433 340
60 441
174 345
267 65
235 391
308 581
573 621
590 301
616 229
296 327
90 563
598 110
466 557
196 94
468 476
202 574
167 356
504 520
61 525
313 369
534 593
192 134
637 465
324 393
523 135
314 311
89 398
5 588
305 390
314 182
529 345
319 251
591 152
504 297
132 332
213 513
296 442
366 553
47 536
353 256
296 254
13 573
55 586
201 433
276 639
424 335
202 121
554 158
36 286
213 107
141 529
128 350
113 351
557 186
555 374
150 71
153 113
485 638
488 341
631 160
372 637
394 367
372 638
45 462
519 314
115 38
189 307
330 455
17 302
178 189
197 205
315 619
487 560
606 437
416 386
471 300
581 267
543 288
177 514
124 512
121 392
384 43
369 403
474 381
62 267
297 413
368 363
205 188
356 92
136 75
56 550
580 309
18 585
243 428
334 29
639 107
310 11
422 56
545 641
2 124
50 26
545 429
308 269
357 259
487 13
362 615
490 17
49 181
329 451
638 416
544 271
173 415
391 135
639 470
32 342
513 478
553 254
635 90
306 395
115 96
125 165
616 536
134 556
170 230
376 351
641 568
262 624
287 125
241 80
635 69
78 268
163 60
146 500
307 601
197 358
226 166
555 555
438 358
371 613
122 133
344 334
586 280
399 90
558 596
285 507
161 99
10 437
510 183
436 250
252 346
309 105
557 418
618 358
160 546
337 160
252 494
419 312
489 551
486 414
273 482
90 13
287 117
216 124
105 93
192 313
198 155
242 605
130 540
173 626
594 332
402 553
430 243
458 300
200 292
285 406
502 491
29 362
523 287
129 322
523 426
185 557
408 550
147 353
15 235
228 256
597 505
302 499
57 394
635 474
195 411
50 17
374 133
526 538
231 296
410 549
310 136
359 511
52 181
149 430
44 146
40 28
364 87
638 500
137 448
435 300
201 120
470 431
106 564
72 42
463 534
552 621
604 420
620 234
295 590
413 366
118 507
72 292
116 392
530 470
312 409
227 375
309 2
174 487
440 448
536 166
343 42
437 9
574 420
275 46
32 554
502 24
95 631
119 344
129 572
587 641
116 12
19 366
260 452
492 211
162 545
509 28
627 383
398 204
124 562
102 93
545 182
172 51
112 122
266 567
544 259
149 235
635 161
508 80
370 285
441 299
506 231
42 595
316 145
22 363
210 590
542 273
623 630
302 607
214 494
124 333
17 519
456 397
78 234
362 356
2 296
489 494
405 610
97 135
620 244
98 247
608 248
534 246
496 460
329 317
498 317
29 113
399 338
165 363
460 429
208 298
437 265
159 445
630 390
491 598
608 251
513 275
212 631
112 481
483 197
258 559
327 344
364 311
301 394
571 87
411 350
525 172
16 129
535 50
372 99
59 239
520 425
114 88
42 253
581 461
369 496
259 458
320 89
398 516
273 290
387 104
4 186
616 630
459 178
111 434
445 300
608 268
507 354
338 575
504 441
639 551
255 82
138 39
325 347
399 526
549 23
312 244
608 75
73 552
373 619
206 534
480 194
414 625
271 68
93 82
542 421
553 610
591 13
344 139
376 265
54 237
244 85
582 8
416 630
332 427
610 378
529 233
353 619
386 116
111 326
330 405
560 107
471 57
109 98
170 440
507 441
621 90
224 212
526 598
122 158
397 630
468 492
274 110
44 10
640 299
180 493
291 114
432 6
453 25
105 200
200 331
401 428
254 316
269 51
622 311
22 631
490 326
423 573
124 281
145 89
295 512
88 373
181 147
248 517
104 299
194 371
640 611
189 482
78 481
525 620
297 464
375 237
515 424
425 50
330 203
480 523
126 404
588 266
530 514
547 577
168 110
403 546
204 226
441 428
624 8
348 263
631 394
249 441
150 181
611 270
403 89
136 299
126 11
506 472
455 150
542 378
556 640
263 427
151 123
261 632
308 495
355 248
284 198
185 70
126 332
633 25
415 425
206 248
305 513
240 204
373 314
520 626
393 550
479 409
93 448
376 502
464 44
96 344
225 15
185 356
231 157
400 113
562 34
609 122
45 528
151 78
608 193
133 71
158 258
377 618
392 137
603 619
254 404
301 307
496 430
118 582
35 252
212 578
356 364
130 261
443 364
331 585
456 256
218 566
534 115
306 156
273 450
560 589
261 427
545 39
404 328
358 3
206 616
366 398
261 44
382 3
125 509
414 377
295 408
297 224
309 572
158 570
71 410
43 37
637 595
13 187
608 388
471 233
397 34
4 262
132 375
3 327
410 639
432 368
16 629
195 628
233 376
296 133
8 514
467 628
362 344
631 629
75 364
35 238
359 231
337 284
323 450
125 592
235 136
351 546
6 324
59 494
536 422
338 95
129 575
509 560
196 305
563 93
95 50
513 36
46 270
127 395
50 371
359 259
97 169
88 630
478 634
64 598
466 587
254 591
297 459
409 308
26 181
66 284
447 169
229 610
246 580
232 387
326 532
165 339
138 184
629 22
490 68
138 549
109 25
362 43
112 564
590 611
535 409
134 545
530 629
5 141
383 347
159 318
431 302
65 166
616 221
482 339
337 430
371 526
590 96
187 579
304 393
635 183
137 394
557 502
191 571
390 611
172 431
570 584
388 134
416 105
563 407
541 20
107 458
364 549
450 36
65 477
15 200
518 118
414 566
397 304
315 309
283 233
68 375
604 43
609 200
173 11
190 523
182 359
338 300
518 631
455 199
523 123
522 314
209 408
287 442
250 260
367 207
78 517
353 347
340 634
525 515
237 13
514 183
549 622
477 294
140 398
486 438
555 182
463 32
475 399
388 388
403 19
117 532
101 183
235 322
112 363
273 139
42 405
271 150
580 541
313 61
33 176
619 297
104 563
605 352
361 213
635 73
184 178
371 32
62 22
183 325
31 101
436 134
572 366
571 391
44 345
555 595
525 154
375 487
98 329
136 255
263 570
455 450
140 518
600 160
26 597
184 404
574 514
116 165
284 91
56 476
595 310
13 99
181 262
454 458
245 455
191 466
478 23
118 614
636 609
120 641
560 484
57 324
327 592
20 391
284 220
16 302
34 437
339 19
192 556
286 271
401 474
14 230
391 505
634 92
485 193
564 576
447 222
237 63
245 96
305 140
125 523
401 212
401 205
241 174
106 478
314 513
545 578
596 105
266 571
613 40
326 452
389 285
141 228
415 72
555 327
313 88
637 229
7 8
126 579
510 494
634 537
363 549
471 123
160 113
242 544
619 208
192 530
578 62
417 499
36 630
337 613
460 106
627 495
512 103
187 141
558 614
343 44
458 115
172 425
393 531
580 220
366 76
472 268
365 460
588 155
231 255
13 330
152 424
349 260
71 378
197 577
571 638
417 463
349 222
144 57
513 390
624 413
531 394
272 292
590 272
334 612
345 241
423 35
114 607
407 289
5 594
112 490
217 104
302 592
596 103
262 496
458 48
569 104
160 50
390 113
191 109
226 113
147 622
499 394
257 436
244 209
123 629
153 435
604 559
396 13
227 166
379 571
324 514
420 277
116 408
378 384
517 517
397 48
314 618
87 73
534 424
334 555
511 507
219 289
473 246
413 174
341 208
292 588
309 581
48 463
24 18
578 359
66 65
166 182
388 203
133 81
43 431
159 379
519 512
287 68
204 55
452 559
455 314
40 317
223 50
567 182
284 441
137 245
265 523
326 495
321 4
75 241
640 323
454 243
247 599
557 590
381 52
487 41
507 337
499 291
222 393
308 516
219 217
200 68
288 415
317 132
539 5
402 246
168 73
212 430
322 330
273 12
154 256
481 312
456 90
213 11
298 207
292 640
558 151
349 551
347 189
391 572
526 113
135 56
538 22
331 177
126 346
133 5
271 180
615 553
62 201
316 335
505 521
513 147
551 492
204 2
458 367
551 185
151 233
591 88
515 144
577 450
357 408
455 99
635 66
587 90
145 123
178 270
467 84
574 122
468 156
214 104
552 594
319 129
229 148
99 238
238 341
537 332
31 396
315 175
65 231
354 241
83 512
251 347
84 317
340 512
489 475
300 568
442 454
323 343
493 601
217 8
419 479
255 85
60 128
18 319
215 423
89 234
118 318
504 398
602 293
283 346
468 543
545 102
463 543
264 581
383 599
460 444
322 118
2 587
464 217
226 342
335 596
115 477
618 523
326 248
155 406
497 175
273 480
260 155
610 91
614 257
639 94
227 183
321 392
224 545
222 598
297 238
13 578
356 464
211 341
424 386
18 540
410 462
239 389
271 390
162 149
32 434
183 179
45 330
183 144
231 203
169 337
258 494
127 511
472 108
195 553
483 425
313 536
88 110
213 235
448 175
253 367
377 405
304 265
357 375
335 19
446 268
466 353
163 597
630 88
634 508
138 156
89 227
471 359
154 68
131 345
455 486
215 179
323 379
409 505
212 169
235 466
371 217
432 521
180 399
156 34
220 31
468 118
192 497
180 171
172 464
450 211
328 465
550 319
31 248
466 245
611 522
64 463
470 607
400 450
325 289
34 535
485 8
214 44
298 314
172 384
287 241
441 251
121 641
584 519
117 429
180 443
567 95
133 292
178 43
501 507
29 22
332 31
37 180
596 136
607 419
565 92
81 79
251 162
321 188
88 145
23 349
79 290
36 56
204 514
275 168
419 227
125 459
276 449
173 524
108 414
331 94
87 467
366 370
589 221
375 194
302 609
11 362
5 441
19 98
252 356
631 262
17 533
219 356
352 282
148 526
625 487
278 363
425 246
600 26
268 267
204 47
627 599
13 180
484 338
87 256
165 277
493 428
637 29
410 193
628 135
518 531
589 561
376 456
19 565
216 325
48 589
166 173
322 45
57 456
271 381
381 221
101 397
238 384
495 465
593 411
330 165
320 152
468 275
42 472
207 603
552 520
19 244
582 78
160 180
51 398
193 612
584 416
398 281
324 187
131 136
58 12
434 104
366 7
360 8
443 573
407 479
249 336
415 541
85 57
482 272
82 606
549 64
120 581
494 470
188 270
156 213
619 565
591 515
590 610
376 201
479 279
78 79
376 259
434 384
49 24
457 589
439 92
641 203
534 14
277 353
604 353
24 568
36 194
481 244
9 101
329 428
28 401
214 219
332 13
448 116
536 67
624 41
360 363
455 139
326 253
604 626
533 289
365 99
313 627
309 486
420 77
50 596
301 448
31 431
207 539
352 6
189 397
351 205
386 77
139 206
496 197
2 440
126 15
285 76
458 604
29 46
252 396
254 180
287 21
83 267
416 245
229 498
627 116
58 386
205 55
162 265
517 287
326 590
139 467
135 10
538 635
616 332
184 415
376 345
15 552
372 214
249 516
258 198
432 230
359 431
205 234
162 285
36 470
29 316
232 514
430 135
406 59
396 43
300 61
202 142
639 303
637 633
605 109
213 529
80 562
51 511
511 617
223 627
492 638
257 264
479 354
566 422
278 283
593 485
574 410
564 47
482 312
189 435
276 458
343 222
153 477
611 72
449 214
372 379
66 137
342 221
503 430
98 530
416 155
529 541
128 231
141 173
330 595
418 591
460 461
238 528
518 203
123 117
412 488
183 247
369 530
189 437
390 81
301 417
289 566
84 359
280 239
151 550
175 587
257 234
368 618
23 205
59 274
175 261
19 219
84 185
545 518
596 380
540 485
83 287
369 41
348 67
326 320
615 614
356 518
54 340
114 321
326 105
121 617
142 59
256 405
105 363
635 601
259 634
29 158
403 204
56 503
297 157
493 278
48 308
364 559
25 10
121 379
89 552
426 638
33 445
451 454
505 457
322 519
381 75
623 364
63 225
582 627
98 333
301 109
563 502
335 455
388 229
547 274
620 289
77 230
302 482
40 101
59 520
434 513
37 22
452 56
589 624
375 560
19 351
191 283
252 88
330 227
461 314
529 146
390 575
412 630
22 81
505 204
609 136
16 635
196 473
194 467
570 193
25 167
94 167
329 241
413 627
520 170
426 586
566 637
197 203
34 470
567 80
158 215
410 330
612 65
243 276
376 440
258 354
230 45
416 393
332 56
577 482
239 170
459 317
441 388
499 419
59 305
41 539
416 243
368 72
232 481
616 231
530 70
227 208
567 393
447 211
263 169
52 149
295 257
484 386
141 38
36 52
373 51
535 600
426 455
476 48
94 483
112 448
32 580
495 630
446 72
312 252
53 114
438 635
217 473
34 249
31 197
51 412
3 421
442 553
598 492
69 196
150 502
284 143
541 421
171 546
390 239
484 588
409 560
538 612
118 150
305 14
358 359
513 207
25 395
187 281
67 176
48 38
452 177
343 64
503 68
529 413
1 630
624 510
297 348
376 467
569 406
492 421
232 159
608 353
335 455
227 41
192 149
510 326
638 589
411 142
387 69
391 499
275 510
315 79
166 591
265 65
177 51
195 331
280 442
12 113
260 2
622 92
67 51
85 230
2 282
636 31
468 199
318 320
385 48
364 223
594 178
183 480
292 247
502 615
598 198
566 387
236 377
113 598
603 592
333 432
53 190
147 305
150 514
90 538
403 365
298 374
18 47
49 508
527 577
316 448
372 55
468 222
475 384
203 489
213 4
302 543
160 134
321 385
456 72
551 528
613 387
364 388
346 478
284 101
193 505
59 10
585 351
589 451
444 250
63 342
636 365
145 158
458 622
546 112
354 637
44 11
626 425
174 166
620 471
133 42
466 93
40 604
119 505
616 491
39 125
189 21
594 223
365 358
25 435
425 349
432 396
400 495
445 270
155 523
269 604
439 146
84 96
360 527
547 200
127 78
250 202
468 140
474 132
168 44
426 265
158 398
324 454
33 71
446 442
530 29
378 517
401 139
279 596
62 180
240 629
171 102
387 334
206 67
89 24
278 123
39 576
52 305
533 143
464 401
15 26
577 467
378 68
30 286
188 565
630 474
526 469
188 506
159 506
598 76
63 637
428 329
312 35
195 302
192 639
36 255
129 143
615 11
394 522
23 137
500 381
523 469
185 380
298 429
131 630
533 589
402 390
53 179
631 193
63 472
625 249
602 241
453 62
398 480
308 129
165 3
365 190
439 28
386 564
394 600
458 401
6 542
187 633
16 559
346 29
182 409
571 34
250 309
587 160
196 235
49 450
78 98
68 119
638 235
341 494
481 448
53 362
199 114
228 533
311 239
362 109
436 93
444 268
397 149
414 558
84 27
100 415
553 625
300 5
286 285
408 559
99 264
377 394
205 313
351 316
15 333
64 113
510 337
275 224
90 415
255 134
396 600
64 349
88 36
419 448
324 312
399 249
500 476
595 338
42 127
95 612
401 202
191 112
390 493
529 345
294 291
246 54
66 444
191 513
328 280
360 273
148 40
279 225
161 640
28 54
299 450
274 373
596 247
550 252
459 234
102 553
525 314
141 344
572 66
418 176
633 485
36 472
640 183
583 366
189 101
437 305
89 234
261 275
355 126
441 254
389 581
134 538
96 73
103 185
281 449
338 468
402 599
520 315
82 518
542 140
612 570
455 151
92 176
102 251
638 94
480 618
141 522
433 5
337 5
413 176
624 36
497 355
458 242
600 151
26 294
271 534
247 515
614 218
503 486
375 532
311 613
571 224
249 487
226 154
347 307
1 21
582 457
146 203
605 63
163 237
393 407
299 109
256 205
533 91
95 216
109 279
522 526
98 272
152 103
591 228
87 636
65 594
532 168
171 602
37 236
173 184
562 89
481 386
553 141
177 109
458 29
607 288
525 573
625 471
529 493
497 575
32 276
129 328
641 178
99 441
99 193
345 438
264 1
280 139
276 498
35 123
205 522
279 166
241 50
281 126
321 112
238 419
636 348
448 185
511 33
514 103
341 546
6 471
435 303
366 252
398 476
146 376
418 468
157 352
421 194
405 65
356 506
206 499
504 154
435 497
74 189
165 306
372 611
609 243
243 102
256 133
185 523
480 67
580 635
86 325
305 269
340 211
609 401
292 289
319 55
223 308
241 466
387 380
640 637
610 479
141 400
138 25
201 173
31 355
264 480
77 256
272 238
6 211
200 606
81 103
121 459
600 235
484 120
497 498
498 247
599 43
254 16
277 208
207 451
311 408
558 195
95 587
461 400
145 541
546 104
367 104
448 45
538 574
314 241
62 132
511 578
111 637
35 91
431 150
22 262
465 387
264 164
146 97
82 183
109 467
115 578
172 227
465 185
200 490
606 29
615 5
497 55
61 201
366 81
34 133
411 23
556 94
600 494
191 489
552 66
242 330
269 279
524 541
265 132
486 69
633 570
209 8
324 339
429 152
352 564
381 150
267 174
194 21
202 271
188 576
553 272
141 38
549 476
446 210
618 527
612 343
573 74
93 637
501 430
462 541
384 110
115 39
366 62
325 401
633 387
100 629
344 48
329 438
160 117
513 372
599 572
631 191
116 255
96 519
384 202
147 223
491 99
91 302
576 21
400 226
32 249
485 459
274 374
182 72
196 284
523 355
17 527
522 533
383 114
217 144
144 129
120 627
567 311
595 580
240 338
503 249
99 211
386 202
268 114
381 462
323 136
128 195
522 407
531 518
402 56
96 322
295 133
230 128
137 450
357 2
515 494
415 580
505 304
50 641
417 129
370 307
109 252
190 238
297 549
257 180
154 497
272 469
377 170
149 600
357 636
619 126
488 203
246 98
146 491
323 7
38 92
145 454
344 343
591 219
323 55
389 62
546 472
50 396
431 298
341 131
502 71
465 105
33 325
315 30
466 81
405 250
267 206
351 515
303 625
91 101
554 428
576 468
508 160
549 535
39 314
539 587
429 344
417 542
535 238
418 239
594 299
59 86
211 195
413 364
469 71
139 513
509 181
403 634
535 389
351 389
608 371
316 71
519 204
9 587
155 142
239 195
400 115
447 610
632 166
131 436
28 291
526 59
2 49
610 112
52 91
118 599
58 309
187 380
329 36
337 583
168 57
338 108
413 590
280 240
137 274
233 46
78 424
420 530
160 334
144 433
294 450
473 218
573 154
90 563
222 76
305 301
439 46
348 182
322 316
594 140
322 447
284 228
227 297
450 514
310 354
499 438
88 431
385 299
454 209
388 188
25 328
355 87
211 454
455 96
256 226
124 518
21 329
147 537
388 78
189 376
462 366
621 70
118 460
452 496
89 199
18 449
371 56
533 162
596 545
272 632
590 361
303 372
550 18
440 459
481 49
265 555
598 440
170 34
267 435
419 546
438 101
16 445
256 84
623 509
537 10
502 594
550 318
145 575
426 308
163 222
3 559
25 557
217 519
462 85
377 472
138 458
468 636
12 422
312 277
400 480
110 530
605 301
326 557
569 440
371 50
525 449
385 257
98 360
335 407
449 480
238 416
261 608
608 265
10 415
93 235
634 59
466 562
40 161
423 18
328 119
637 124
68 255
232 333
201 316
188 233
159 359
544 391
75 598
478 163
548 252
526 454
613 483
228 260
408 201
336 65
127 521
59 364
391 49
486 503
619 35
511 475
325 276
499 636
209 128
451 30
319 611
174 323
239 334
58 257
302 265
86 535
61 616
386 394
302 3
21 454
368 323
217 8
313 524
363 285
622 350
121 89
119 429
619 639
461 84
398 179
183 638
332 562
123 244
259 79
237 218
6 419
243 630
389 131
286 107
420 473
572 579
214 20
384 580
448 446
68 209
593 373
122 422
178 148
608 386
217 12
374 131
200 410
391 228
347 255
232 590
136 140
321 262
527 215
467 552
639 358
1 429
7 32
228 143
232 345
138 127
396 57
585 273
217 280
199 312
193 223
119 619
440 568
314 168
508 228
245 78
452 348
323 494
613 106
30 103
326 309
104 298
119 423
636 9
452 264
97 411
479 439
589 67
55 288
417 586
424 111
582 511
273 237
541 346
440 586
603 636
234 250
190 246
559 304
636 100
73 229
24 226
213 504
87 447
233 552
158 54
24 168
94 488
344 493
543 504
128 374
371 122
8 235
238 412
220 95
580 483
314 358
583 361
313 351
443 495
608 194
92 287
57 614
559 377
636 56
51 152
333 613
251 554
634 17
297 142
26 203
545 273
165 614
447 532
169 96
469 522
536 343
229 18
139 581
93 542
110 518
512 23
314 68
580 181
5 343
13 241
509 416
402 616
477 249
441 581
304 275
196 539
1 107
255 370
110 11
552 495
228 335
417 476
510 58
227 159
297 43
523 105
89 11
266 556
406 323
125 632
449 482
582 357
220 496
556 441
240 154
192 124
370 511
552 88
365 186
395 597
507 169
418 327
290 529
605 327
493 285
122 143
597 399
161 361
541 110
618 149
509 575
626 641
627 384
247 14
479 511
249 544
402 441
41 351
168 398
301 175
159 353
9 92
321 25
274 469
174 19
229 507
307 181
280 491
119 378
282 88
275 10
386 276
180 137
214 406
106 635
569 343
251 640
295 14
44 118
268 69
524 360
522 304
322 180
403 531
255 399
545 408
97 148
415 475
162 434
217 141
456 369
181 8
4 320
33 496
623 91
417 28
612 391
569 640
160 112
355 332
87 597
254 382
118 319
592 169
329 308
620 576
595 207
1 271
267 2
296 335
143 187
304 377
393 57
576 301
449 345
92 461
6 411
180 313
364 483
417 207
96 330
391 360
433 174
178 325
332 416
603 397
480 582
183 155
514 551
323 86
214 384
278 541
256 433
510 466
336 55
536 512
449 60
317 261
636 635
235 427
540 259
615 175
85 267
453 154
502 232
305 610
462 366
401 178
557 432
524 332
539 438
78 364
313 132
134 515
388 268
125 223
23 395
350 291
446 531
339 598
510 138
186 444
535 146
533 295
120 64
468 441
233 2
332 198
126 620
273 368
157 529
522 220
609 177
528 231
557 7
135 458
240 320
20 303
219 572
373 174
11 585
449 345
209 392
46 369
610 375
422 301
555 455
373 68
396 558
130 474
270 453
540 514
234 391
488 458
454 271
444 383
344 174
16 304
356 462
549 521
103 459
618 224
493 605
611 390
456 11
617 510
414 130
36 37
549 5
410 199
295 276
550 106
101 391
264 91
80 158
14 464
234 268
123 411
330 622
348 18
586 197
13 525
388 96
41 474
289 125
431 120
78 640
64 395
396 338
47 323
512 515
199 542
257 608
201 31
303 197
550 515
569 440
68 337
577 290
437 611
326 420
551 452
41 183
129 630
633 28
84 72
559 354
90 56
203 614
434 127
517 332
39 358
295 503
559 485
359 218
603 243
523 301
220 43
51 269
211 425
157 157
227 507
377 338
31 449
417 307
546 531
313 419
355 452
329 211
370 98
284 586
534 526
542 394
232 205
392 193
204 130
124 563
387 448
142 285
20 572
136 410
28 153
246 332
134 29
348 259
73 461
413 182
109 9
400 213
597 203
626 522
313 6
374 346
613 415
149 624
554 247
273 202
579 326
441 201
196 127
329 520
442 158
169 553
184 368
528 265
78 188
569 16
446 198
92 86
206 111
479 26
591 38
108 501
97 379
58 386
19 104
411 297
351 372
518 179
402 245
178 457
475 553
598 592
29 433
546 325
543 475
379 20
520 470
431 279
497 349
130 20
241 590
7 254
606 154
481 185
545 377
391 121
462 357
251 500
270 346
241 460
59 81
183 638
403 355
335 424
369 587
553 484
269 360
505 123
413 279
96 239
413 19
217 289
223 430
421 630
93 636
444 468
478 74
357 42
173 331
113 447
5 316
295 275
594 5
278 244
241 518
215 165
457 367
621 526
318 239
308 483
101 602
468 164
241 368
148 277
128 294
583 628
24 91
220 275
245 390
291 106
155 235
206 118
360 521
15 397
481 495
446 3
372 592
319 357
371 139
4 480
556 522
179 370
539 553
155 611
182 534
469 358
428 414
433 348
376 483
422 218
517 551
513 514
91 488
145 132
579 170
616 555
154 471
477 71
356 196
581 537
9 100
545 544
328 129
350 128
597 9
604 270
498 581
296 154
623 92
233 182
54 621
614 559
299 254
46 75
197 492
176 109
593 108
153 180
92 610
47 560
199 274
444 172
236 242
621 262
95 120
572 120
504 98
362 236
555 325
51 476
245 13
198 437
427 432
46 635
627 137
53 498
295 47
147 384
139 344
357 182
546 297
515 4
312 47
551 403
396 406
69 135
474 7
533 319
282 350
260 47
573 249
262 589
639 161
417 450
403 381
17 414
217 532
261 616
619 117
111 116
349 621
108 222
560 121
509 448
630 435
606 102
382 509
369 420
382 483
552 93
10 337
31 549
131 162
347 46
303 327
176 498
129 30
476 32
430 522
133 15
34 615
534 196
148 356
160 267
375 438
159 346
195 463
190 316
134 92
540 300
519 40
309 576
484 481
161 375
464 442
162 363
345 585
431 379
465 333
17 237
595 35
205 557
247 495
430 595
205 638
195 566
406 104
456 342
535 404
240 333
24 131
185 168
303 629
506 612
35 553
104 408
342 187
205 72
607 406
443 603
267 429
46 82
164 331
301 276
630 410
466 107
38 587
294 524
202 149
360 501
311 520
145 189
275 357
307 306
175 571
618 280
512 402
98 152
433 413
139 631
385 8
67 432
72 281
420 384
562 24
129 554
69 191
361 509
256 163
178 515
372 225
102 362
143 331
566 13
258 255
516 452
508 536
618 634
547 119
193 373
437 362
111 232
91 36
115 301
341 231
315 639
257 249
550 273
457 544
548 146
328 41
569 620
532 626
636 371
472 451
401 328
98 385
230 567
147 289
20 298
359 416
295 291
231 541
249 51
371 558
184 632
629 482
145 52
41 379
357 536
416 585
558 250
341 267
405 32
360 388
547 160
99 624
231 623
501 518
484 567
472 64
132 519
243 269
165 493
233 364
440 71
204 152
452 201
520 561
394 71
347 300
474 44
451 81
527 590
409 319
553 227
522 401
435 90
404 356
525 2
55 235
346 111
153 512
111 161
429 629
493 623
399 381
514 215
464 341
236 51
487 392
126 20
400 422
252 35
42 85
613 347
334 59
309 624
297 254
94 283
323 171
178 519
561 256
581 303
485 183
610 368
524 30
536 384
407 381
482 316
429 593
257 161
280 637
486 150
270 31
318 54
607 149
212 147
547 300
571 260
581 131
137 211
55 620
16 90
295 158
258 108
274 113
594 232
574 151
334 125
41 62
490 245
621 576
226 486
61 161
188 77
137 525
102 207
74 167
315 221
201 210
451 357
634 57
336 151
247 133
221 543
339 493
351 256
553 339
184 177
122 578
90 584
448 376
350 276
211 209
381 546
291 223
336 484
428 238
458 54
231 369
144 49
638 337
463 70
23 482
576 259
102 586
63 114
632 214
317 183
118 450
127 618
280 577
356 469
451 34
413 335
206 544
469 535
463 556
494 336
25 19
334 535
281 1
128 200
264 254
178 240
632 202
211 202
330 588
349 174
499 627
28 609
550 94
41 521
406 593
291 332
14 550
396 461
308 413
33 483
556 111
387 204
334 477
141 305
15 626
591 180
472 567
439 27
383 308
353 129
316 70
292 181
540 393
26 484
580 237
603 514
185 283
208 605
470 239
237 95
413 41
445 45
492 366
615 340
431 271
81 74
469 398
142 171
617 191
137 123
247 3
70 205
322 292
623 178
432 27
205 278
634 563
574 230
43 388
412 578
188 136
110 233
18 33
272 220
11 56
3 185
73 596
253 12
114 339
346 109
485 110
336 544
454 265
388 406
438 157
261 381
295 81
576 153
450 1
595 290
130 18
322 222
203 606
618 113
427 480
75 169
379 564
398 30
90 390
479 531
458 541
218 396
632 185
141 556
539 222
43 345
253 595
363 125
632 383
70 522
425 210
483 412
345 53
317 222
508 417
261 1
197 482
122 220
305 244
391 471
263 13
522 253
74 421
518 272
142 94
133 404
243 220
113 553
84 315
586 328
73 616
392 489
612 641
610 489
23 300
253 525
102 447
183 368
257 458
532 559
616 530
366 527
502 125
540 139
17 549
590 96
241 13
49 241
445 155
470 583
436 618
100 208
334 327
574 548
630 232
556 562
493 498
553 513
456 610
435 19
47 590
451 103
562 29
617 224
641 371
55 565
52 296
456 587
575 464
100 599
418 58
534 566
398 572
90 304
303 597
570 68
426 253
100 285
125 255
154 40
589 251
158 306
136 359
33 43
419 421
157 259
327 313
398 470
164 162
435 285
333 569
81 288
577 45
460 464
609 628
105 452
564 127
189 429
258 326
33 167
132 464
460 538
362 155
623 214
605 371
480 274
507 413
18 57
547 530
21 97
384 610
493 188
73 336
269 139
502 518
535 4
40 9
163 71
248 554
85 23
345 162
257 518
235 210
626 564
363 512
141 572
280 625
483 178
162 416
531 117
73 261
507 624
262 570
420 631
408 514
135 519
362 51
172 156
21 338
90 175
278 217
130 385
8 51
99 108
54 217
26 327
294 237
21 258
113 491
408 482
641 631
447 531
590 399
383 362
291 246
545 249
404 568
157 606
310 551
497 339
505 119
276 157
20 290
169 625
211 383
427 164
564 467
406 477
65 330
164 528
314 17
201 641
431 172
296 447
371 287
465 397
205 533
297 80
205 377
519 639
535 287
126 290
68 461
167 291
454 173
346 459
478 495
474 64
638 102
14 511
18 428
540 479
434 353
404 232
186 316
170 45
176 507
48 1
558 143
279 440
607 610
581 133
151 622
18 4
84 294
109 261
148 518
142 293
640 52
23 160
90 253
273 420
13 147
568 357
48 209
379 302
389 440
478 501
136 317
475 3
194 636
239 426
98 206
380 439
518 479
28 316
320 574
405 399
149 284
590 523
88 122
595 318
159 201
327 81
568 578
100 605
580 165
452 492
48 586
248 508
431 68
576 257
451 157
597 536
619 159
252 341
181 267
135 150
385 35
87 62
375 625
432 52
283 392
274 223
95 585
1 555
619 434
55 295
160 217
330 224
489 620
113 36
576 101
205 2
224 381
107 66
465 176
42 123
433 467
545 3
96 282
246 501
374 394
587 499
628 192
448 128
527 21
105 242
264 570
311 548
64 492
516 316
333 56
166 258
197 124
578 44
369 373
466 275
190 482
297 111
78 191
54 414
352 25
261 91
524 204
162 283
300 498
133 313
4 265
446 129
12 213
502 25
378 589
278 30
354 586
293 302
60 59
78 535
422 355
504 528
297 516
432 381
112 89
578 123
454 32
535 474
163 198
609 455
356 412
156 324
432 596
83 338
595 637
35 291
315 212
631 91
426 286
367 441
300 540
129 242
282 531
269 609
428 506
281 548
81 290
337 630
148 554
185 607
331 436
423 626
552 299
613 422
158 598
438 486
546 397
181 395
26 297
589 382
112 636
116 455
600 431
613 88
350 345
550 494
575 589
394 452
309 474
140 548
587 7
190 515
472 457
278 349
27 159
353 2
188 574
358 246
612 362
520 275
282 40
54 470
590 505
17 133
150 288
421 21
303 324
324 80
585 554
241 223
560 191
169 378
266 9
558 196
166 150
584 187
29 599
267 251
402 473
190 421
485 205
397 315
532 246
151 428
160 56
538 378
486 583
300 99
387 23
320 410
257 424
281 585
11 28
233 201
556 560
164 204
43 147
298 467
223 315
23 157
337 493
512 212
91 262
22 537
407 574
127 188
335 391
22 186
125 533
406 633
106 116
357 69
62 383
617 245
336 31
119 285
459 182
409 441
275 528
325 5
57 571
554 589
390 635
364 479
217 368
181 322
511 405
16 492
604 322
548 44
45 612
234 184
298 358
263 540
97 635
28 473
176 538
367 577
537 38
99 485
43 94
73 475
237 576
312 257
593 173
523 359
395 292
586 624
87 173
140 410
321 156
55 382
3 239
71 80
400 144
581 327
221 584
405 513
194 600
174 50
598 488
344 594
522 120
432 151
498 619
121 593
19 266
584 193
189 97
143 149
193 395
32 455
626 232
124 411
236 153
553 336
234 316
117 175
174 409
637 507
498 121
552 301
228 485
635 622
268 376
227 187
257 450
129 191
313 280
243 364
437 164
37 473
554 376
248 143
356 88
569 397
288 139
63 154
513 406
533 331
294 218
522 532
337 606
341 298
464 283
130 67
33 122
446 495
460 473
413 139
278 400
386 371
510 252
604 526
166 198
362 18
41 50
177 390
440 589
14 307
68 336
56 222
431 23
315 310
36 391
29 189
356 34
448 16
113 448
509 482
279 572
357 165
356 3
485 269
148 348
156 420
77 347
100 65
94 108
71 570
112 220
258 316
390 581
355 59
618 112
575 608
639 379
499 34
501 202
100 617
14 329
101 411
228 535
180 441
477 210
233 152
180 311
634 83
210 558
87 281
615 34
111 605
255 314
198 474
279 517
183 310
22 130
352 593
60 403
143 344
323 308
343 61
436 573
65 247
376 297
532 412
333 503
528 126
213 480
425 626
168 445
190 328
365 144
358 112
109 463
413 141
215 82
538 48
245 227
456 132
564 170
463 570
80 287
78 87
409 251
147 321
598 404
319 64
75 456
151 512
444 183
312 38
621 587
29 575
474 27
303 211
291 581
34 81
278 544
498 308
148 346
396 456
354 232
326 414
210 49
526 299
188 528
457 129
394 151
127 430
235 260
474 211
548 538
79 422
477 581
592 427
387 464
468 443
621 409
11 142
593 90
113 535
263 575
585 272
396 303
388 152
324 409
327 12
576 440
389 604
628 511
114 422
109 437
632 539
276 312
330 516
594 68
331 471
59 81
436 70
165 505
39 81
307 369
230 416
186 37
252 122
296 119
579 279
79 275
411 454
532 559
366 76
448 251
36 411
431 302
49 378
27 185
550 562
545 407
488 596
558 56
583 144
146 266
639 467
318 158
100 413
143 382
441 33
359 333
628 168
91 411
267 585
128 146
153 592
171 635
545 627
31 300
34 481
212 302
50 406
452 571
334 470
214 120
428 126
638 540
324 90
114 524
319 472
128 633
226 459
458 262
593 641
187 188
158 140
633 292
273 555
506 612
354 244
552 296
506 2
579 247
451 193
461 582
219 7
422 231
93 128
15 30
189 489
424 369
602 448
517 394
5 414
618 104
494 617
185 556
209 206
491 371
417 97
63 546
509 565
366 18
516 451
636 347
189 154
337 228
564 168
228 227
63 431
360 285
401 269
233 52
430 144
185 450
479 552
187 540
50 205
425 428
154 607
271 594
7 169
59 148
162 447
531 58
421 194
222 367
432 170
163 292
430 300
332 523
92 580
167 522
537 510
560 36
629 503
223 205
500 398
11 551
572 365
408 290
254 518
191 634
254 151
293 221
16 234
143 232
461 470
451 264
421 472
105 575
68 57
492 376
628 469
343 50
516 500
52 547
534 127
509 531
320 583
84 129
277 257
423 440
327 637
31 219
428 498
498 298
318 411
427 379
51 535
435 175
17 113
451 385
563 217
497 326
289 101
408 581
72 194
102 84
248 567
586 609
479 88
502 110
500 635
372 486
455 80
436 446
13 321
202 36
553 409
166 32
217 631
467 223
217 514
14 421
245 501
358 295
334 540
444 579
330 290
377 63
26 565
83 463
29 298
37 625
420 483
25 407
134 312
473 19
25 563
455 520
503 464
312 223
49 496
57 74
537 325
570 59
105 310
544 49
132 563
276 445
97 471
172 588
323 320
557 173
445 334
13 401
503 76
316 284
156 466
37 172
46 173
239 259
471 619
581 238
35 560
529 595
192 182
261 258
402 570
183 258
477 331
364 607
190 406
227 587
325 398
373 439
208 241
412 512
358 608
209 640
623 83
421 188
198 262
523 554
619 49
277 121
436 244
16 341
287 130
471 278
237 314
465 561
6 614
601 122
344 342
219 25
271 328
593 598
154 534
573 230
43 497
139 484
225 415
408 238
96 617
569 605
245 302
11 208
106 119
478 482
282 33
533 32
624 569
259 425
489 562
227 566
618 132
457 229
344 188
537 303
168 302
103 525
114 552
437 38
243 99
411 162
344 271
438 202
613 147
183 252
153 279
118 174
106 558
530 79
408 128
29 406
425 36
76 530
443 466
162 321
385 222
11 81
447 104
169 259
236 206
495 279
323 638
470 119
383 269
446 308
104 496
241 173
357 275
63 327
507 474
593 535
380 290
531 229
297 479
430 336
213 532
613 547
158 366
120 328
128 403
230 290
544 586
122 293
270 249
310 629
341 413
330 382
585 321
227 265
73 554
130 511
444 545
335 475
310 471
299 103
397 624
544 630
599 468
8 105
1 159
578 183
471 299
77 98
626 20
558 365
433 113
438 185
228 44
421 202
14 593
593 585
550 451
308 423
373 604
287 311
238 364
359 316
388 538
89 559
477 130
264 622
280 389
427 136
166 73
382 201
314 419
405 120
590 614
207 557
79 144
632 90
270 623
342 426
376 266
596 103
558 118
398 618
472 405
194 462
493 82
188 343
467 489
189 173
100 330
33 348
391 146
561 28
391 528
113 417
381 464
529 73
75 267
89 598
463 631
292 348
120 205
349 344
422 361
74 222
529 400
52 242
322 588
633 496
66 189
303 282
241 447
520 473
349 595
386 387
583 96
223 196
455 218
231 168
366 465
245 110
230 255
429 633
84 530
440 460
603 210
525 386
388 51
532 365
106 228
129 578
510 615
411 137
269 301
438 276
142 167
159 327
233 633
151 109
589 40
575 260
62 605
485 350
567 48
348 79
632 244
325 444
90 394
385 639
337 365
60 211
194 634
370 611
352 566
510 378
341 620
360 78
132 449
260 154
174 87
112 614
508 426
563 194
378 336
556 336
549 478
597 503
629 420
180 177
324 31
121 602
310 631
634 204
15 351
485 411
141 30
191 276
286 544
536 229
530 372
12 531
569 274
607 127
44 61
452 518
244 530
321 131
229 129
17 544
126 180
4 275
487 352
336 249
482 526
638 343
427 267
258 263
602 13
140 164
35 636
331 269
191 547
574 588
529 624
406 237
4 22
114 281
151 516
592 474
174 444
447 487
310 217
584 620
604 306
384 77
372 384
508 127
50 132
102 219
129 231
351 315
84 494
56 60
551 564
222 29
179 168
179 450
509 281
522 541
211 306
108 18
530 572
571 518
61 282
336 133
352 100
108 218
546 8
109 415
630 444
136 350
364 242
527 548
634 237
598 350
103 621
117 351
309 25
544 82
224 420
542 88
368 93
129 563
156 496
365 293
389 95
619 638
474 71
428 539
504 414
157 595
47 340
57 360
468 310
504 217
505 145
606 378
231 314
97 159
118 541
580 299
410 12
628 384
267 451
457 369
199 174
449 367
168 355
32 296
228 224
13 504
140 105
45 88
568 212
581 133
407 487
321 282
557 216
586 161
335 249
209 380
151 598
527 214
135 543
198 351
513 336
497 506
560 254
387 465
63 513
485 211
637 162
445 625
167 379
142 107
51 277
362 407
365 456
73 125
271 636
189 132
333 556
408 492
256 204
189 553
411 564
54 383
210 624
636 238
352 114
99 119
341 287
610 162
191 182
430 186
94 252
176 182
449 544
297 211
398 149
412 346
193 65
187 230
169 481
625 558
593 573
318 349
427 584
328 375
87 489
208 186
407 213
63 17
196 519
337 45
394 474
5 300
398 20
340 375
600 21
141 412
199 44
573 568
429 401
19 9
164 17
267 217
479 506
531 323
277 418
633 94
120 634
63 499
346 556
378 450
140 40
1 201
543 159
387 606
187 192
319 427
110 215
129 149
100 547
501 123
380 388
124 503
572 457
291 206
536 247
586 178
29 572
577 624
434 366
552 570
126 171
84 14
294 247
384 171
518 389
175 503
249 41
103 86
387 195
519 543
203 373
323 575
585 603
110 109
333 413
64 246
137 103
634 94
134 348
3 321
634 92
561 157
385 29
157 365
241 390
464 446
629 72
193 39
556 29
87 368
499 266
481 189
39 113
15 558
82 600
287 357
279 58
513 242
568 566
623 394
550 13
37 501
622 296
82 175
507 93
52 207
216 139
618 180
457 361
544 63
594 366
31 607
381 179
266 625
636 508
186 401
82 155
595 478
395 225
26 599
555 536
256 146
112 587
48 380
580 561
572 220
568 527
294 95
204 283
609 2
574 277
158 317
612 35
348 439
120 99
128 254
135 565
131 259
297 214
532 192
552 473
443 144
537 4
139 164
333 359
212 469
470 330
25 517
293 288
311 214
546 138
473 325
497 214
632 502
371 92
46 177
177 578
544 465
19 189
383 471
537 5
321 436
226 206
400 426
600 602
138 611
346 242
371 83
564 396
106 170
65 519
227 28
192 338
408 46
480 322
562 351
455 220
151 113
434 368
607 511
408 215
518 440
460 537
513 397
152 235
69 38
196 71
522 553
47 106
270 13
340 330
237 233
227 98
221 273
598 295
469 78
317 440
486 6
10 30
221 345
270 234
466 550
462 108
403 448
103 603
466 492
409 429
590 438
597 189
64 207
296 321
224 17
606 527
114 49
187 280
358 587
425 618
409 379
481 337
252 255
176 569
16 574
202 445
471 250
514 407
7 21
111 267
254 434
89 9
235 85
525 436
97 443
215 439
212 244
218 56
426 400
203 70
627 160
562 155
625 97
544 199
446 458
541 99
555 70
609 135
598 557
166 195
450 334
147 26
433 288
548 20
508 62
41 241
211 160
171 111
227 110
265 402
354 387
280 487
568 487
371 585
633 534
210 64
105 366
36 228
547 478
360 351
437 300
400 270
637 63
202 44
293 369
594 410
372 613
205 626
627 67
564 149
517 577
25 11
605 194
257 366
523 19
186 542
497 614
349 582
76 350
508 547
555 227
386 504
230 133
121 31
345 633
309 615
623 130
498 484
110 157
224 327
354 566
640 457
446 95
441 184
415 603
310 139
445 614
602 139
11 235
402 606
156 95
346 151
306 49
421 340
202 32
440 98
316 327
166 591
401 546
637 612
409 432
320 395
548 418
278 469
7 383
156 80
358 628
71 271
550 360
609 268
597 611
52 622
49 448
575 536
386 271
576 329
213 122
258 5
362 573
252 323
159 44
365 619
146 95
290 375
429 240
398 240
89 470
362 308
534 27
516 371
604 124
508 552
626 397
594 344
347 51
491 402
553 215
515 119
176 103
412 266
614 208
598 200
435 101
199 106
523 200
126 30
351 111
155 36
471 385
568 425
343 112
343 123
551 312
638 589
536 561
528 165
369 63
160 427
266 406
392 172
269 462
172 614
97 72
445 610
191 228
456 357
179 573
519 528
280 127
164 464
29 47
556 478
124 599
115 377
589 614
232 440
260 78
472 408
440 620
300 594
377 496
530 235
618 312
26 457
239 540
514 379
335 73
67 5
123 520
87 10
439 354
485 215
505 641
150 398
298 487
582 239
336 103
525 497
441 311
122 550
490 387
600 268
432 116
628 58
265 433
522 105
564 291
206 341
612 427
619 586
145 320
148 133
633 399
405 51
32 428
529 15
110 155
17 32
580 524
565 274
130 281
266 306
359 227
414 118
272 274
57 259
96 7
611 463
556 279
584 196
12 486
360 469
185 528
305 442
501 39
471 126
583 435
592 210
488 18
635 413
336 357
530 394
147 69
428 513
582 23
187 398
160 43
364 61
375 438
202 339
448 334
23 588
235 447
618 273
230 544
465 132
113 329
456 322
86 598
268 608
277 192
68 349
6 281
370 518
481 631
142 573
249 204
28 510
194 298
426 421
259 463
100 63
434 24
74 433
235 96
165 405
139 344
509 624
119 594
120 29
189 376
55 487
326 433
562 268
600 403
262 475
174 398
287 620
328 65
306 446
461 12
431 423
434 8
114 291
120 68
129 230
222 628
256 362
358 262
460 528
332 617
411 359
464 109
296 230
154 637
299 573
548 310
191 146
559 589
420 539
560 305
404 538
91 131
179 131
497 579
106 492
167 205
117 399
76 277
560 419
504 574
593 55
427 245
9 210
512 543
312 435
592 581
188 126
3 115
515 191
30 17
337 551
503 325
127 348
622 70
72 201
54 158
517 432
377 302
62 528
560 616
190 474
485 493
238 541
340 15
225 383
404 216
285 56
300 523
471 297
258 198
492 98
294 432
58 278
595 348
44 328
153 496
503 301
11 181
576 635
641 70
372 139
362 379
300 364
320 564
372 164
119 266
439 392
11 39
322 407
403 597
43 204
596 119
383 178
53 339
426 614
297 475
121 441
365 120
127 583
560 529
77 398
545 638
378 286
286 498
424 550
484 180
541 223
325 551
99 40
304 68
177 311
476 150
166 596
610 291
7 513
272 463
229 32
515 490
233 423
303 514
608 319
214 135
163 500
79 232
372 38
108 464
463 248
376 268
139 136
622 247
399 283
464 547
39 367
607 240
112 577
562 294
138 347
635 631
129 478
461 144
440 438
466 55
96 380
80 173
348 150
629 626
177 42
344 326
410 302
509 167
366 497
358 134
241 578
627 307
214 291
49 95
319 379
96 152
420 205
389 165
355 489
465 356
429 143
607 388
309 47
227 293
490 20
334 252
73 627
555 641
254 175
226 159
570 37
542 128
366 101
291 414
72 402
466 302
180 335
402 206
99 277
11 636
436 144
466 146
442 328
22 313
463 203
140 86
150 344
633 398
503 222
9 284
285 174
98 496
61 260
209 79
179 107
273 255
390 594
137 27
18 598
195 497
119 530
540 395
487 396
403 277
108 428
206 56
635 325
127 429
638 600
445 139
367 404
500 49
632 364
507 594
437 201
108 9
558 89
579 459
589 120
82 95
591 587
143 211
306 418
57 65
185 334
406 323
628 491
57 268
227 556
40 632
45 609
641 543
25 248
567 494
330 222
73 109
215 26
504 585
531 594
496 513
34 505
157 114
424 606
307 498
552 434
102 520
570 128
262 409
51 54
484 344
430 24
505 318
634 15
628 233
391 26
462 188
324 571
132 524
177 43
354 181
70 357
337 262
517 381
392 178
164 327
560 41
100 358
405 295
563 133
278 427
113 119
224 495
103 564
315 80
336 422
632 231
177 593
519 432
273 482
618 243
449 67
323 328
153 300
373 403
399 373
129 440
84 426
383 174
139 88
15 242
562 518
212 443
402 591
382 508
17 265
241 401
123 638
335 20
168 494
17 409
305 178
2 331
215 175
511 533
548 442
501 528
464 197
559 579
410 317
36 270
278 299
433 470
536 322
634 398
419 392
91 25
487 549
92 326
199 30
386 488
589 398
116 222
448 148
274 630
460 471
363 243
308 270
297 166
199 580
225 500
90 635
343 466
539 168
257 305
183 39
489 522
72 174
287 151
629 480
484 565
243 543
170 595
593 453
88 154
272 10
552 93
641 107
211 534
445 203
601 163
70 250
380 71
380 117
616 138
518 399
150 477
594 40
92 317
169 189
460 444
70 188
42 291
278 85
245 149
348 234
451 483
116 97
154 239
64 467
65 189
243 30
421 268
243 223
248 457
504 565
366 276
478 317
328 114
588 581
160 350
569 368
507 631
191 292
481 108
177 127
344 255
473 332
240 437
492 346
577 521
374 340
592 206
403 78
101 142
39 336
590 633
403 325
90 589
625 37
415 555
229 217
64 546
533 388
101 568
463 413
425 514
527 248
633 586
548 594
387 503
249 246
638 610
86 132
42 225
340 628
344 457
467 490
436 48
21 592
37 215
329 97
19 346
146 326
435 566
500 307
433 383
429 606
524 284
227 454
246 110
583 38
500 326
585 482
284 486
374 455
551 336
266 252
335 602
144 42
270 158
73 301
622 219
95 569
568 639
50 75
221 259
639 493
330 101
48 418
5 46
303 355
639 13
219 294
452 602
6 8
483 58
532 224
89 296
362 8
319 460
153 189
507 375
607 186
508 449
546 431
562 490
119 399
508 303
303 480
355 328
588 443
327 25
535 297
415 395
492 627
311 520
250 111
430 106
360 540
566 31
357 189
494 626
603 278
463 347
588 598
435 562
478 285
152 640
216 635
189 556
239 36
383 188
29 311
67 422
223 595
291 355
210 151
15 635
456 564
87 234
448 378
216 98
458 308
378 518
506 108
360 111
434 23
431 216
59 93
163 255
226 142
128 326
153 242
83 596
615 575
443 165
129 337
330 611
575 531
562 636
341 415
149 245
485 542
351 624
303 241
601 635
13 167
447 228
108 396
529 492
245 593
616 160
415 362
39 596
251 395
331 391
271 156
197 415
246 554
570 251
499 528
363 308
512 372
278 422
285 345
6 581
499 274
143 575
268 498
419 318
474 118
184 507
601 218
252 612
138 529
470 7
286 357
94 358
446 32
529 142
122 278
431 253
341 317
440 586
181 266
467 231
36 445
63 298
341 583
552 361
26 301
555 76
105 345
111 344
13 69
280 297
601 559
281 71
592 3
598 594
266 231
243 312
47 44
218 640
342 23
39 560
115 61
537 616
77 82
253 576
242 470
547 264
566 156
588 366
509 432
589 304
114 24
175 110
451 550
180 506
331 175
623 378
309 53
178 540
227 212
426 56
256 567
25 632
219 285
415 127
155 263
576 132
331 16
23 342
163 461
55 440
75 149
171 168
47 439
469 97
548 139
151 153
533 429
48 413
45 500
29 635
131 20
433 318
341 387
319 582
20 258
635 513
485 568
504 483
127 621
110 605
509 160
505 611
582 545
359 520
592 547
608 458
527 533
507 538
440 196
234 129
471 223
238 293
568 361
115 46
57 439
389 555
465 424
122 66
427 313
575 42
587 534
274 362
545 113
150 607
540 195
637 452
507 450
575 595
625 532
385 54
438 219
474 399
601 160
497 517
473 214
614 523
89 542
29 544
558 393
571 369
551 274
235 600
536 632
510 509
383 95
508 220
583 603
485 513
371 606
177 294
82 203
396 512
126 343
481 346
136 587
364 51
541 363
461 114
473 348
343 586
488 131
582 81
43 495
482 44
176 431
544 313
596 110
7 470
299 318
415 23
62 599
577 220
178 360
289 469
225 106
22 283
282 189
152 638
73 153
274 339
520 169
548 250
462 364
343 479
592 367
571 595
374 599
389 575
63 631
174 167
447 185
338 115
230 238
18 22
406 546
255 287
603 432
231 339
534 397
403 321
5 232
330 43
113 346
493 72
503 500
380 540
64 10
227 579
39 520
178 224
518 35
76 262
55 363
498 463
113 515
283 143
444 264
98 133
330 192
605 208
68 130
291 482
43 228
140 489
567 377
116 185
435 142
164 606
209 194
404 61
369 335
172 355
383 289
592 423
609 298
334 526
356 136
425 636
500 287
222 469
439 18
64 384
9 257
339 235
256 45
506 235
173 96
385 420
480 541
438 501
321 28
2 11
253 225
534 556
381 384
423 172
586 189
617 623
289 32
414 188
479 480
427 488
389 95
277 560
303 480
104 183
334 76
338 54
422 175
525 389
313 97
377 285
456 56
16 271
607 87
413 418
395 118
431 413
265 110
453 14
543 602
250 343
209 376
408 554
86 187
151 556
346 250
238 519
336 481
304 142
210 241
243 505
26 598
386 281
