793
695 428 233661797
264 428 732541360
80 695 178631727
726 428 953376475
219 264 3567663
613 695 7765923
331 80 69989994
356 428 736808911
271 613 916867994
472 264 856787183
108 613 985844930
423 219 319135145
514 428 744356197
242 108 306277545
397 514 949070113
721 108 758141436
11 271 353394969
696 356 121228705
46 219 672553308
354 264 580548267
338 356 775381147
757 242 897278666
136 695 655582201
146 721 276249790
596 721 3937171
776 356 551074057
357 397 391474878
552 46 972421351
595 721 404166699
249 428 801295730
658 552 755336341
404 552 505622722
359 695 280070445
328 136 282846685
132 721 412129025
416 613 500825346
337 359 280071520
792 776 893526909
787 328 322031286
645 136 570480708
323 337 527927107
719 721 604664626
148 271 183507242
661 323 614286846
689 645 472721936
270 354 463888137
311 271 907944244
417 423 38899840
753 338 879263427
500 148 159422547
442 270 428769788
564 311 722814825
738 331 667991966
133 472 830972198
355 11 510981336
763 271 207217721
174 552 834176100
346 338 2033601
274 148 974322445
392 787 938115129
223 595 604775550
266 696 365374864
310 613 172934216
109 472 449490870
657 337 316060604
360 133 574704388
380 356 306161929
289 417 780136457
141 404 792457828
438 792 864512538
748 792 903154464
446 310 403695157
656 219 784070428
131 787 511844928
30 357 192522723
538 359 639439778
586 346 586598475
707 132 156151197
61 109 361394118
400 596 956538172
490 787 929434075
770 613 701102451
342 323 203729041
181 80 672490121
41 658 455466771
306 141 54497862
644 695 575104870
637 328 10291495
489 342 768550766
285 753 121195113
752 658 157305030
393 689 155880725
145 393 516196887
340 285 784893332
339 442 371053741
573 392 826472337
128 696 935230208
466 289 389575567
616 270 784110195
7 637 709555706
435 128 171071450
206 446 712240627
639 331 526858868
758 770 555860014
720 404 136148978
764 133 506062074
120 489 974623679
702 738 172694960
316 787 816211489
230 707 442454621
237 264 545202266
19 328 92077005
529 133 599400061
786 596 41424461
412 354 729248296
789 346 101336661
190 644 855948628
216 311 543592384
741 190 892610444
793 596 366015282
628 230 833468938
575 586 538678525
247 120 894346052
278 628 354879615
161 397 889188056
540 702 590247084
176 120 659505781
158 764 415481342
445 337 634314549
94 400 426805795
166 247 693857273
58 311 21878615
186 266 954096735
603 136 158684842
461 787 615788701
667 161 309895745
621 466 582068461
81 667 265373375
200 412 725488033
365 400 286801711
129 719 472842864
610 707 833870540
334 786 518869475
257 316 368979792
175 285 786820422
476 337 680510942
372 695 529542718
480 129 443997742
275 412 197858769
48 461 553009399
414 417 725280779
506 355 917337654
471 764 183891162
370 372 616331171
117 471 375589491
25 764 161663153
664 48 579397266
297 428 838434977
665 490 974916327
560 132 225370644
389 334 478630326
623 136 288705817
441 738 426538929
413 560 209920673
669 190 277381433
463 476 103203982
287 397 104148842
254 334 951986200
394 216 729263444
262 48 161347391
418 117 507619140
784 471 709548421
135 190 878434380
66 423 564401237
118 770 612621605
367 445 865646464
283 695 897058418
92 41 769972304
45 356 782783576
572 575 167401681
467 394 600173280
747 596 689423393
364 656 918482031
496 500 610206526
483 254 53190247
642 365 124813907
622 262 524269478
320 146 443058763
204 254 426782647
670 789 452027544
780 230 346230172
443 595 879007266
152 621 656688668
195 472 392838208
35 30 866458371
308 223 323610676
633 490 713204254
470 792 25328044
349 297 396005427
453 166 697940734
112 400 66126934
588 7 184951036
268 94 315556176
60 365 916893568
17 323 630294873
548 789 370178155
159 639 902960727
111 416 963946527
348 365 983725057
462 275 385511965
371 175 687729967
261 41 357398240
718 174 175505853
9 633 129185751
532 670 750840251
3 639 136612308
473 262 148849769
127 490 781670002
736 186 93423603
234 334 63168771
594 120 886302143
167 792 476453945
321 483 728326086
215 270 142813460
155 446 558496416
683 470 32826662
384 337 908116152
273 538 544137804
783 92 894846804
750 783 532892430
528 776 362876522
739 257 198364657
410 186 272569130
660 356 874638751
55 461 480743008
682 490 72965364
347 783 228173259
563 792 425021046
663 112 832376785
626 346 30592808
99 645 834733336
377 242 898181372
40 41 989727168
579 285 802886634
399 739 226438032
401 563 122209206
612 588 263970109
493 247 484063331
545 416 805604890
452 588 61593253
700 613 221758073
165 109 770770428
26 683 581368909
512 364 546054229
65 287 764122549
773 148 375903722
31 242 237207924
5 275 715334517
59 46 789879884
358 359 386234662
737 30 492863546
28 572 355674462
477 461 502088110
742 316 298044732
336 148 826926926
590 334 102287696
727 720 601126113
252 586 758403643
192 776 21511844
180 738 955883771
705 40 668277965
198 763 280898948
382 667 348197932
687 308 203921925
82 400 223708029
272 393 65964689
492 340 124193281
436 661 241993298
43 26 204049496
767 167 115162681
654 271 533793685
187 377 445205092
335 564 91230863
555 628 985308140
246 595 18293262
717 92 461205979
113 3 579556855
292 445 419890132
775 404 123818252
282 613 829614974
110 770 938275972
530 9 904773362
211 413 233488170
284 382 245009346
756 323 400373231
479 739 741519477
526 394 862590424
106 628 437769792
618 665 125915502
191 560 269773072
318 428 462997291
681 339 739396828
760 412 63005171
600 738 185861598
226 384 545886930
298 252 853674964
450 770 745935882
629 61 784036990
38 131 206872446
498 727 649038147
688 234 228790953
521 117 764423028
513 392 525421093
50 262 208068799
710 492 223226225
302 340 844461246
143 555 663071467
581 644 182304550
585 453 511307332
475 489 548500688
574 133 439534258
534 128 82285328
144 377 161237491
460 416 934647978
305 252 338010302
714 302 4107502
153 152 940394176
374 3 719961004
678 146 553929515
541 328 761213916
668 26 560993229
609 540 852408357
701 596 492691101
523 626 962713823
744 230 968308061
761 404 658853433
202 282 175414937
313 418 194971026
537 773 605673106
625 628 244626928
236 610 704868355
407 40 600277898
433 585 44442254
139 637 997856938
508 665 794874916
290 128 322901304
231 657 982781337
217 438 673984754
577 191 544890104
518 226 358005085
72 642 207870566
260 412 267730774
83 668 128151008
343 736 781209512
177 466 674740869
482 682 342824471
729 475 452069008
434 629 439052415
126 211 554928449
782 530 516277115
220 266 714257929
430 595 957094378
188 252 820772709
697 187 965828093
507 462 909870983
465 622 787243746
142 110 352109576
240 514 736803992
510 19 607397645
627 645 931278355
640 190 997394279
199 372 700474962
98 370 166814829
327 483 249219132
788 637 941578105
54 272 615002879
387 230 717485592
601 202 413544644
408 98 408008857
238 480 255178419
296 65 972777682
469 204 778272570
391 719 740843043
422 158 644552525
772 540 543541696
73 400 402368846
569 377 856321243
571 359 610431939
248 108 703297347
86 238 809941280
734 461 36239738
402 629 560448158
243 667 537572955
304 387 712833251
300 260 901346541
255 625 780279647
570 278 686339175
686 571 45577017
8 783 632540036
447 473 305845350
774 541 515549816
634 174 511689152
587 316 75985622
312 469 468602575
558 367 452882954
762 644 916109
740 127 392368166
546 234 177470960
383 120 140211424
185 540 711547677
790 17 575975203
503 555 812472641
593 358 728410098
715 240 476883375
53 19 805793180
122 417 423248650
100 283 444164829
524 687 655913522
116 365 514191733
620 657 448960652
229 145 726953184
439 470 877088202
732 428 161769630
20 66 351872882
329 657 799767480
277 337 139022454
105 176 615728110
649 165 683194767
95 663 929712612
13 532 29155554
662 217 439380710
324 700 554201499
708 669 854992755
556 231 351199957
34 600 964571558
36 198 738282135
451 329 905555196
63 521 974929788
253 139 382729906
396 148 330506968
406 126 506245163
554 36 689895365
599 116 14759994
239 776 842499955
643 391 995239519
279 752 263390660
294 355 979375423
716 575 462056908
517 237 124918387
580 776 624191017
183 490 676012232
421 593 371169483
115 529 909888463
501 66 971547338
615 752 654371876
606 135 646558001
207 548 944320083
68 38 681112589
565 408 81333865
114 492 706421317
212 408 500202533
225 166 557797671
652 744 163952828
674 246 600670465
85 34 54550845
553 466 779898497
314 752 358672783
591 595 486134441
160 308 294853148
79 599 562872762
56 46 865540895
209 441 964337953
485 343 592223297
102 530 459864921
170 740 363592552
630 239 741936029
309 629 858838485
10 720 772147969
228 413 323988851
64 642 821545022
583 216 358792811
75 308 174164523
690 689 859330561
543 58 893004868
474 290 146607780
745 744 851383381
227 40 761147460
432 349 962003828
768 543 340133400
151 465 877683061
345 370 923846764
604 239 698399352
743 621 790953681
137 370 538965765
362 708 273992309
156 702 860403885
693 343 687879194
84 187 186441358
676 41 45871803
224 482 474868903
232 574 444571374
280 761 577671861
379 493 648934506
592 215 820601088
77 720 204949372
713 554 43335404
777 743 675346056
205 526 95345272
233 529 167378921
147 532 44467002
241 433 861532520
1 777 872668447
578 585 297846026
694 565 880259784
138 717 669688230
638 85 62202414
101 512 390025503
197 364 64061841
179 613 820983375
222 35 146559291
214 120 789565470
648 324 889761913
515 548 460383830
27 180 583411401
182 554 674595977
70 77 833629307
455 20 430998476
559 558 808296163
88 198 156397744
326 224 530280070
315 260 427102660
256 54 460950443
74 701 225007417
458 224 371359923
685 354 96352060
51 727 670867954
89 142 955587077
754 439 275919745
519 681 363092912
90 8 863555480
457 772 358386262
44 255 592696139
605 117 893963767
478 756 399944072
699 228 276506079
557 621 798236819
769 586 26963613
785 788 485371805
491 514 956406868
124 469 921788828
173 526 531435857
62 599 420915269
765 252 456102245
319 355 889707407
286 129 666219493
22 110 846911205
779 177 785035105
123 595 185381890
52 148 137948081
376 174 784195164
551 423 467788409
698 89 719889279
576 315 178728384
361 560 176943927
203 252 89254188
522 685 751030710
162 294 494560115
265 642 67861448
632 768 513382307
4 153 965027501
259 630 294355120
307 241 917259902
250 699 270819485
171 661 546392382
33 721 982194384
269 292 973384432
299 159 959618249
119 579 592101098
291 100 900929118
39 772 315017715
415 698 760676536
121 65 922947798
709 521 570033300
567 433 490605232
76 367 470527624
619 119 974898909
502 693 838724012
568 367 370756588
535 493 932755524
385 785 389955382
440 224 591407505
424 719 518036723
653 613 357836376
351 274 335094783
398 185 503726468
589 742 482557036
611 216 734025005
21 365 809507446
566 155 816159250
344 115 819964201
194 510 40356911
409 478 36024992
680 307 249847037
511 563 779372025
486 165 665926808
103 618 766247379
641 72 445250078
706 643 374221749
631 55 947402580
330 473 472785167
598 630 388491508
778 315 729510302
125 662 584212678
723 700 619516951
525 141 494838966
288 639 249902388
431 557 521384374
32 182 784628511
746 702 276230836
218 102 784245929
659 39 569680512
24 473 970131606
420 688 334092249
164 237 859175304
691 498 129531933
539 564 359220011
303 38 791718789
636 63 85216032
386 105 951162113
536 155 837537675
87 526 356307144
15 512 400854076
350 346 594733463
71 399 561324827
251 247 524600599
301 610 821359913
582 689 798403642
444 742 59509408
759 438 193627829
495 753 261428632
516 775 247187
317 156 118634142
235 118 53195747
504 774 418046669
369 409 639923442
549 188 794711126
14 715 997458948
196 701 35790495
78 601 289202003
18 588 907414573
332 691 318286737
735 68 425714146
454 319 680332151
675 506 188809938
91 510 946671044
184 355 1846716
405 231 656192123
403 670 1312439
140 358 446039012
163 86 441115452
617 745 273244369
244 553 200777658
353 579 884025799
96 515 341983742
425 698 781912198
168 260 352921117
107 483 92350946
791 174 259472775
755 290 442825930
449 652 396557589
481 772 890986657
725 392 187925682
104 111 208605613
149 759 631934354
341 435 201123747
322 631 911970737
602 297 201955332
456 36 446578186
210 633 697189236
766 694 802311123
635 648 158039365
624 757 446724767
295 560 473504541
201 98 432169840
23 323 854504064
650 630 470596550
487 451 119577479
544 360 103011137
550 351 710493168
651 581 264811036
614 33 490628022
703 364 180213826
771 551 140866497
208 549 376945454
484 591 497467111
527 45 594864868
411 605 621629276
655 782 680407186
381 45 866849739
459 162 757263283
677 421 318944799
49 767 568190286
130 158 514063758
781 34 152887009
597 670 947171894
722 380 333320475
69 694 165621323
213 619 342507210
533 524 682545000
352 581 737675691
221 504 883368029
150 636 527558167
497 396 826561325
281 622 499343243
134 233 787039825
547 71 846692607
37 595 967350806
172 78 447785715
437 39 284180737
193 582 973793842
178 511 306816421
731 331 545949108
427 96 192002968
464 274 663291733
426 720 171087819
646 191 232070427
366 506 185982569
488 27 663033582
6 65 936848868
724 183 723719164
29 456 516915863
673 418 574507509
749 273 180484412
16 567 364498850
276 229 730215628
607 421 209332076
333 129 695354254
2 336 523826116
67 270 809304155
448 150 688443751
390 327 637461687
542 765 799734475
154 321 306733998
157 102 17290896
57 413 685003238
712 560 10752298
267 314 524537467
363 694 522193273
733 673 305810524
419 569 773841344
47 398 158893451
97 596 297632661
505 310 480101363
684 100 45926737
375 233 578872416
672 360 237176565
711 731 508085514
429 134 750198435
368 650 12743222
509 442 282837159
751 442 790817071
42 339 366506605
468 315 671046305
93 735 839883523
647 32 697568752
378 272 460038941
671 358 145462060
531 18 833718
679 98 938518449
325 112 369195273
562 242 576393210
12 721 595341859
373 51 763161328
561 703 485995682
263 793 621555500
728 292 671986653
245 786 510184163
499 422 48377029
169 677 307924865
293 648 703505031
189 357 363079457
494 596 372112776
608 461 930120932
388 780 730547182
730 158 475156122
692 466 706105810
704 456 663255892
584 183 188104246
666 494 669424588
395 556 399036
258 345 109202787
520 700 648229826
572
112 433
175 393
660 740
425 641
780 764
298 771
74 409
659 496
304 33
194 362
280 438
127 276
234 287
40 199
220 765
483 75
457 695
717 436
162 780
358 646
233 664
276 736
350 740
175 675
442 463
683 21
244 12
491 538
215 752
485 561
426 206
355 221
247 158
515 141
677 286
383 297
732 86
731 567
142 316
407 671
530 668
237 339
593 345
559 233
776 773
310 298
231 457
450 678
225 450
702 389
721 500
582 547
593 432
124 19
424 152
120 303
503 392
779 232
469 116
73 151
691 312
228 698
184 620
583 775
26 548
555 328
703 483
288 26
424 234
693 337
53 328
724 557
415 441
420 194
617 388
196 533
380 562
537 691
787 3
540 374
678 352
159 247
624 348
512 634
651 415
778 239
376 353
441 614
460 48
553 582
132 193
420 18
156 391
481 620
645 690
341 184
165 398
309 702
728 311
181 664
772 359
307 398
721 350
227 612
290 514
455 394
254 631
656 693
375 531
589 668
306 655
625 174
583 16
10 117
673 539
537 706
713 593
714 234
527 151
635 612
481 549
390 127
773 369
759 333
614 449
787 434
723 610
706 329
15 518
170 334
726 413
258 422
356 86
643 4
35 320
247 531
123 53
736 673
701 757
716 708
777 30
688 23
35 532
141 651
778 41
155 86
545 437
102 701
509 327
401 238
188 151
452 119
536 172
705 154
179 548
624 461
304 529
295 36
435 543
184 617
602 741
525 742
457 497
424 571
292 729
590 508
162 164
673 351
462 259
51 683
213 186
611 689
376 761
454 86
455 328
703 284
385 793
224 488
50 476
86 563
727 741
322 152
38 754
169 679
464 76
156 670
268 115
128 763
293 340
203 388
778 516
233 242
754 168
136 707
292 525
333 356
462 519
32 622
778 222
115 217
421 448
105 195
678 17
466 123
40 206
216 663
786 654
378 77
294 369
618 771
487 705
655 542
147 572
264 783
182 440
97 485
739 359
738 161
732 416
384 91
58 275
315 74
8 469
727 735
60 790
724 693
148 5
781 415
720 563
735 633
176 561
564 135
698 663
588 269
229 90
583 580
230 460
786 356
370 81
335 208
7 143
354 523
661 435
543 330
174 225
788 745
659 509
776 750
96 552
421 626
682 773
55 467
488 652
105 143
173 575
54 240
681 435
643 109
621 142
202 135
40 70
258 692
119 597
636 545
111 400
312 455
505 284
501 561
10 235
788 677
546 785
517 747
605 617
653 769
79 628
18 740
98 233
11 681
221 365
724 451
397 484
125 68
700 573
145 32
762 723
197 554
545 687
490 95
693 375
523 270
765 178
285 72
222 102
694 100
500 418
314 516
50 344
365 269
130 564
480 541
323 700
8 386
34 7
33 30
748 343
528 452
590 146
68 700
238 793
98 201
410 229
31 206
768 449
46 179
167 105
225 597
117 513
652 213
683 225
290 227
153 619
758 719
68 782
392 580
59 509
655 455
216 747
684 781
340 602
99 775
393 346
653 755
503 510
99 593
649 732
425 702
732 108
4 390
276 211
188 339
13 362
459 525
622 558
774 350
684 44
489 343
555 522
517 286
395 141
48 376
326 147
481 734
423 173
609 161
534 191
667 647
675 252
99 682
167 295
322 483
550 414
607 463
503 521
191 192
177 321
570 285
115 266
746 503
426 170
744 131
446 192
624 680
530 702
768 562
274 604
683 742
336 194
790 333
284 143
80 345
260 194
182 204
422 562
171 638
263 313
58 658
513 41
447 633
535 27
547 321
643 622
136 527
677 141
302 544
21 406
187 513
554 357
337 288
596 184
317 641
393 689
326 511
775 737
486 448
514 537
516 123
120 665
308 344
642 734
214 672
607 246
732 68
525 466
637 40
432 148
56 524
603 419
149 442
164 391
207 68
153 384
529 685
580 53
311 440
274 155
119 220
776 490
306 257
103 398
38 751
681 550
301 154
426 73
255 510
35 449
697 359
240 521
92 53
436 635
536 163
449 195
705 425
500 23
483 400
340 355
67 661
96 574
726 742
244 780
546 679
300 765
590 456
714 498
55 560
591 115
269 506
562 555
506 529
206 77
261 579
221 291
187 136
370 509
158 483
779 529
388 161
40 27
633 596
619 151
679 175
570 789
157 446
272 381
178 238
465 589
449 317
41 207
269 712
150 593
706 576
757 306
41 86
490 383
561 525
762 306
236 261
365 149
366 96
736 113
655 411
482 469
589 620
326 432
86 176
200 97
269 521
513 670
441 598
442 638
562 4
49 687
117 740
554 778
87 648
195 357
150 32
94 630
538 266
371 260
419 458
387 258
54 441
580 240
576 572
764 476
579 439
234 258
609 282
297 669
225 629
358 20
62 449
507 785
467 25
407 499
739 511
136 546
168 524
704 597
624 296
791 403
443 6
346 710
36 108
164 91
199 399
533 181
317 426
356 353
590 451
122 301
264 272
389 448
530 478
468 224
119 58
413 365
224 735
57 657
68 381
595 359
71 438
40 242
732 599
398 308
143 113
314 773
278 276
189 509
317 17
298 726
85 256
98 59
635 173
592 227
347 540
593 695
117 511
584 137
489 64
713 356
473 685
