2160
2043 1119 451605002
630 1119 950061491
1222 2043 881434179
500 1119 684822095
141 630 114485059
1876 141 688830824
1800 1222 944312832
411 141 96810699
2156 1800 523106884
1855 1876 304304407
1786 2156 964213717
553 411 950885118
55 1786 147741451
770 1876 954607971
949 770 552677290
1665 55 508658502
575 770 58095033
1313 2043 555756548
531 1800 336904240
2087 770 113035464
462 55 11896695
852 500 293691700
224 1786 637945113
1724 531 992205769
256 2043 877553132
957 575 437085861
1920 1876 639019749
286 2043 240334209
601 949 849911580
739 1786 251556467
743 141 499428726
2126 553 163762147
1179 852 666440469
1713 1786 994570445
1290 1222 291222621
166 2043 605979531
671 770 145017288
430 1786 5571910
1677 256 245814335
1219 1713 706455233
1394 2087 902380441
693 531 782627819
583 1179 749256089
1355 224 128486241
1509 1665 203383335
1348 256 695752641
2041 1724 268566552
1984 1713 315272556
2036 693 800474758
1349 411 833916630
1747 2036 534963096
1586 1665 356725937
328 743 857335802
1364 852 750988977
878 462 225412535
1704 2156 772383085
1431 770 835015902
613 1677 644367334
1532 1349 869499184
1225 141 653681143
2152 1313 490630941
1630 141 29578259
774 224 123780851
1723 1290 987273146
533 2043 93607535
558 1786 683441756
205 531 782114106
1213 1586 255992176
883 1179 622728832
557 1665 146439632
861 1747 49584799
266 1665 233803963
564 533 334843306
537 1431 998377009
365 575 137722411
1121 1349 704254350
1548 553 304996284
309 1313 208881003
313 1355 154980676
1174 613 288361655
2074 2043 879917088
1080 883 209688516
1663 1179 863883379
1905 1786 408853168
158 613 173904296
49 1723 926771092
472 1364 22917228
1949 613 450304984
1823 1080 999825018
1807 693 169449217
664 224 352241966
2029 1532 247670391
725 1723 422699592
149 328 894107371
1033 1431 912516617
818 1807 971052152
1996 1119 561503127
159 2036 402690890
333 141 864432119
523 1121 556638394
672 531 351520861
2127 564 756200127
1111 957 633281402
935 149 896282185
1333 2043 12906826
1125 149 725694789
506 328 491539694
874 205 658893183
2149 1121 319665532
1321 256 168085530
1476 818 824885797
494 1321 165070139
1157 2156 790650414
229 664 690326290
1657 558 546502895
1204 1949 997598282
643 1349 576433244
1891 1349 46930141
676 1321 511266598
331 1677 362942953
1018 2029 268954696
1576 664 291712651
1076 1033 722575036
1860 1657 408457538
1671 1876 829902603
1880 158 318983454
204 1800 41905701
1177 743 785211188
1661 601 338850066
145 166 437593253
1059 494 20579317
415 1677 270381217
999 2156 147486041
705 1355 649255347
2088 1333 794702616
1357 204 644934502
38 1179 384959897
1467 693 974952236
1595 1876 312139831
873 1059 391601429
1614 693 395360720
1023 630 104932642
1869 1576 189267836
203 774 819156880
1403 558 404826906
657 2127 586778924
815 1614 961848765
698 1876 980452963
99 1891 964366859
1269 1403 175357962
1666 818 758853976
769 739 67085397
695 672 955141674
1114 852 142990561
1636 1996 351471547
2144 49 991250032
1973 1657 996549568
1749 613 673598512
350 1348 139393362
608 1111 619526238
1940 1724 133743579
1669 1213 442349726
1833 1663 341851539
253 1823 175777090
381 333 489767959
867 286 781429846
530 1973 650167275
1366 2127 129378128
1131 1076 306611913
1150 949 579472554
1402 2087 268811851
352 1033 68748249
231 2041 650966945
1853 381 67428216
1708 1636 595454768
1188 500 348206121
1032 1666 161312648
1659 1833 808490087
920 1657 199763086
977 1807 853364777
902 158 881607657
868 1033 540798683
641 1018 106706369
1379 949 625882697
864 1119 141470623
1871 523 183549700
644 1749 487316825
1026 1269 95877079
1044 644 605618440
1536 1349 411029748
456 1333 359179110
2143 1348 616951804
828 1402 529440393
382 1222 425549744
1946 1431 931324265
1531 1177 999224719
1498 2029 3088991
52 874 232956782
1908 902 486602095
542 1394 873844884
109 873 562484259
1685 1800 920968866
1409 256 403456681
230 949 691320203
1582 1532 469044799
1916 266 598214275
1182 1131 702408140
495 864 911006973
594 601 41365657
1568 1536 213667808
1733 109 693011810
960 1665 996803587
996 1671 524266070
848 1661 79890818
483 1659 209732730
908 328 531567485
1192 557 167372017
798 1833 940288431
653 415 547552490
809 1891 115195741
985 553 262643955
1675 2126 593112671
1676 2041 293320354
854 1704 685671810
1512 159 480805363
568 1920 81852743
1703 1724 579495807
1772 908 157867064
1504 1747 831370472
1914 2149 993144451
1930 1174 972936265
325 430 458867547
666 533 595680944
943 1576 945893489
1502 630 970474872
866 141 916645130
1584 671 14446388
1958 908 535847058
1443 1431 211055772
855 483 623937926
795 365 714155228
1589 1676 912902528
1605 2029 218187920
1483 695 870631095
103 1333 946641347
1234 483 52471663
1132 854 243688555
1525 815 930248461
338 52 968866407
193 1675 572494138
1460 769 345620201
1412 382 842582757
2097 1026 65500779
2091 1225 92540429
304 1234 372788965
691 861 314989162
1391 557 379220440
156 149 522474222
668 725 168189623
862 743 184935983
529 2156 834431286
1090 1532 316474606
1735 103 885454627
1375 671 390046615
1622 1833 221330736
618 1659 692624457
599 1090 767141783
762 1949 751484970
512 1949 231053459
1828 2149 999200789
1289 676 613434174
647 867 950679711
1101 2043 36444231
627 1355 298491565
1631 1333 546568832
1696 1659 916902431
969 49 812458243
1302 969 869594890
2073 672 359302024
1736 1946 337911247
692 769 951271921
1931 666 343628710
849 1313 688555850
1544 333 842272009
2082 693 100353241
1910 902 311494657
1227 999 32379646
1094 495 553267622
197 564 771390186
834 158 988090077
1112 1222 971854830
27 1676 714669384
326 1112 907123011
116 166 515005640
1598 103 704663952
1915 159 335939299
1903 462 488592491
1825 852 428037048
1575 1940 198726420
1314 1504 501808851
1732 1544 691919646
1641 867 842831847
1672 1732 898201919
1432 325 19314469
689 462 361772190
953 613 688158218
361 1150 705023210
385 1704 477413129
1627 1657 465001062
1025 834 941855156
779 1313 262832300
398 309 438215149
1477 725 623481490
1846 109 536150408
128 2074 478412431
516 230 959952126
714 325 376653866
2054 1177 615823910
1291 985 170037151
84 668 65848238
1986 1696 43296571
1463 1548 894111494
728 1823 561133960
740 1636 921595202
1169 1915 836595664
915 1025 930420707
1281 714 40946171
924 1905 407698820
1673 1704 570992725
1050 1412 614900958
413 193 868427799
1819 1090 89438103
12 594 269430846
587 641 843686105
334 1905 618002895
843 128 650776747
1794 1828 961949800
1497 328 985400941
31 1800 99855724
1495 462 729572791
72 12 358378398
604 568 205881327
1896 1630 655593795
1056 557 725555925
1079 2143 465945302
1465 957 9546433
1963 1735 473492159
1061 1772 216772558
1322 1412 352277731
1990 943 890627396
1743 1630 882249716
856 266 348061641
846 333 115932909
395 193 690028539
1123 128 525200828
1738 1394 632332125
1707 1050 853379452
1369 1112 967678271
83 1575 281276686
323 149 789173600
185 2041 581469571
299 977 459665049
1370 326 907467054
2034 1946 552172195
176 1896 604332605
1196 1379 648875226
2050 1467 926052967
1623 149 571629586
257 1669 341215328
1249 1125 413812959
1985 1990 44483148
1660 691 648830738
425 1094 818766472
959 1111 837892581
2067 204 639703309
507 1509 871959749
685 943 447855964
1814 1477 569051770
175 1605 29618327
379 849 399516923
734 848 465164468
1130 676 603990570
1363 1179 86575419
1201 2029 243787840
667 1131 556043975
1238 1743 779078776
1265 116 863558985
73 1735 70286457
1968 2082 639342133
2051 156 231976034
991 779 893819490
348 1946 523123192
1998 2088 789003707
107 1349 950100770
1387 2034 576727815
1449 1213 189537735
1011 1355 926714455
78 149 167655407
191 1876 342038527
1019 49 288342138
938 728 585054224
434 557 587802014
1824 1460 759933808
683 883 273776107
2077 1584 45007369
681 1467 552210297
111 587 538104297
1066 959 170433737
842 1984 339872148
482 1302 129594981
377 1222 533355968
1390 739 988704942
1399 1525 373759775
451 2126 150600509
1454 779 274846373
1870 1931 175449048
1938 2087 454457129
1750 1963 409956970
611 1094 873718860
1852 1495 300110918
444 1968 580235843
913 1544 823354958
966 444 841521808
330 1192 548799924
1753 1080 826780068
718 1025 289020112
1471 608 669625901
900 902 781169901
1078 1968 768844213
1883 444 82388867
476 1026 734439414
1789 1622 911834025
838 868 692480854
237 1391 900772890
1255 739 374729233
552 2054 696778362
391 309 14828777
457 1627 168503109
343 779 495015983
1010 338 6283364
1016 1896 861090096
1890 2041 24342005
1674 1676 387769039
1607 1234 356406136
888 1090 268214631
281 1402 206432465
534 1018 925902454
492 920 742000291
3 52 292019477
228 507 677028798
901 1366 599767401
481 231 944602027
263 1828 848967091
1974 1080 599882452
746 1908 731247410
1806 1940 369472431
884 608 513593418
592 1789 400248157
399 1322 161231813
1328 1291 245674010
1999 1281 487691698
1442 1463 847016440
964 166 123323756
1971 1915 231781126
195 1871 958315508
1553 506 982157399
25 1094 722337950
311 1150 704171696
143 1905 368239984
1022 1732 787632832
1802 985 553238757
1877 672 730873912
981 1676 140173896
419 1930 741440061
1835 2029 598358331
665 185 716371266
1263 557 967871663
2057 557 570778285
2011 1512 1910302
1955 1733 380667555
626 542 211871426
968 263 540811272
1804 969 361767169
262 1747 754345060
1049 1357 651955862
1742 1938 979955710
82 935 64211052
707 1460 557334601
826 855 900622072
339 734 167529880
1435 1920 169682190
1014 1101 181196768
1841 25 954904381
1153 1016 885590067
2115 575 242303558
1347 1114 329003370
1339 626 884099073
741 671 541905614
375 809 718011086
1378 665 358471079
1437 2057 600982467
74 1076 136482417
448 1920 255349255
887 1742 166661874
889 2034 691224158
1608 867 874398542
713 203 3514562
892 991 383204039
1284 1023 637373344
186 1544 659302393
491 27 235073549
1173 1605 34468911
1559 491 245237833
1162 592 521204788
164 2115 194013300
941 1387 139498442
1423 1586 60385207
1868 1130 173345017
1808 1880 387832388
2137 1794 99506621
43 2051 909549381
923 1101 665458255
1207 430 875258357
1118 2073 46649700
76 1162 415625771
1530 116 327296564
146 1192 465136721
1165 683 753078426
1259 846 893656005
566 533 547188627
1000 676 829536210
1329 1269 608002917
1106 604 773142118
1519 1467 860155503
686 667 869903834
1277 626 136899497
1327 774 839328557
1407 1504 296088540
1994 299 620329976
466 334 128789151
445 1333 98221515
617 691 849965263
169 920 52941593
620 1402 328887106
112 103 984210619
951 448 13894433
502 1432 338677701
247 818 493404329
1815 1509 113574751
48 1938 645013034
1505 451 23381220
1585 667 223489564
648 611 573839297
1934 695 404345105
2133 630 510991039
1951 558 837681299
1286 1582 586001320
1644 1986 456266584
130 381 798332528
1887 1794 581204745
1830 705 963358896
2109 1883 835838889
1645 2137 340851801
192 1742 481160511
757 1025 562550914
2046 842 890715259
551 365 328825495
1100 1019 207600660
1141 2088 91315269
950 350 183337282
545 1504 940265495
1481 1111 286243307
1360 1357 733076621
1793 1589 264367480
857 1931 634551569
1081 969 124951799
409 224 487528689
1305 734 489077467
1597 1090 46693286
1687 551 914114750
897 1802 366449101
1950 1177 380341322
23 1314 682066669
1620 2036 332623591
1821 1641 562996732
1376 1999 350942346
171 1399 722160047
1862 74 689597787
2160 158 144786002
1503 445 743229162
160 1532 981455994
567 2133 158397372
2047 1589 274481069
1491 1855 64711048
777 286 194819969
312 739 641956722
1885 1696 751356448
421 1672 119948523
11 1059 512687249
438 1934 189715133
904 507 755591271
1554 193 528062776
1237 195 60808999
123 192 649097593
439 149 798629534
303 1173 494538233
1444 620 279859811
1187 567 826654700
1878 1657 331765842
127 626 949728141
1006 1876 624156883
285 613 421621320
958 620 724460408
1771 229 399325417
1293 949 400724945
1767 681 936036809
967 666 236122184
540 1291 534973540
184 1855 548138126
806 746 608651357
1175 1736 77791052
723 1946 778083181
410 1495 862791988
1872 1825 663006277
1922 476 5141027
1702 1165 366788998
1489 1828 427921561
1850 1238 220504096
1970 2149 496941700
1790 592 505243884
406 826 3992147
823 1821 576980415
527 545 312442246
1638 553 708346696
315 892 656381290
1680 1830 609641413
1826 618 22608588
479 379 458568484
1178 1890 379077108
995 1222 853743558
424 1951 268482654
1113 1302 580341692
1334 1685 334753350
2111 1201 17746042
1055 1483 659799144
279 72 886492379
447 617 699140339
1475 849 714949967
1009 1503 773709770
1762 158 614292578
652 1702 790448291
174 1914 876662542
912 643 945043234
213 2082 153507652
1962 1390 978645210
441 1772 268747937
243 689 941004369
349 1627 150658366
1678 195 395957657
1943 958 615828526
1156 1006 373956434
1912 2152 292711761
1383 1055 642842366
992 2097 196683354
417 874 665325310
1336 545 474067676
1539 826 295454879
1812 1360 36429867
102 653 751803924
928 644 627521917
92 281 307051864
906 266 565004876
65 1255 290366675
1591 1641 569595210
1262 385 407994351
1783 691 923514995
1966 1589 524008934
1564 854 58826547
396 1828 968961069
1115 304 199335511
1307 1835 496732042
501 743 148322374
101 1973 3143678
493 1379 910999178
2006 398 111372361
829 1076 13907967
1779 1794 4839172
1312 1641 490634375
973 78 508989099
782 1996 997451030
1712 668 868121611
2068 557 637900278
310 231 798673859
1714 1286 503998177
336 1502 927132701
962 1749 84898851
268 957 231899813
1343 1825 393364351
218 1111 424094106
1701 1262 848050920
88 192 2146488
8 653 550439966
98 2156 370842615
1523 1914 11491669
1147 2137 463191066
1520 1968 90810762
1977 1660 254187950
1567 1908 354597586
1745 540 16216633
380 2077 125668870
1392 818 466069542
208 2036 621736070
1646 1056 579001352
368 2082 963802457
1159 1476 722527901
559 257 214378902
129 855 243781421
2120 1188 441403494
1251 2029 65742590
155 331 704849640
2129 992 637877626
198 641 402278065
80 1958 610379746
2076 1977 577945910
2122 666 547655262
1561 1645 628811947
1073 1973 342593430
1866 1821 912706755
475 495 783540546
2148 11 799409842
722 23 578351034
589 74 264508020
510 1539 921143875
1447 1733 464689586
1136 861 230933705
245 1962 12042341
1385 1974 279028339
95 604 660505623
1134 618 265750271
1215 667 708509852
894 1090 465733419
1919 506 312118926
2024 72 778016807
67 1327 62656935
1320 2120 896875704
1492 52 327639416
139 1669 977456947
1069 1567 961445520
1705 664 557683265
408 599 421330394
1325 146 327785035
90 575 292690733
45 1996 415530327
366 3 462778451
225 592 84083053
1721 1638 321583310
572 527 344907208
1798 1595 886355843
593 533 792448174
919 406 496584821
272 1559 977796998
1240 1687 105541265
1024 901 600822883
518 552 761953802
775 534 527777421
877 1061 408826223
1550 592 64258821
32 1376 889608948
1766 2054 777263840
1099 1329 976212064
1072 1329 637869791
1488 1182 680726218
994 101 505370106
62 382 521368089
1377 568 167438756
358 1136 518667622
742 112 611724012
570 1033 428780532
1170 1099 221566863
17 2160 413439217
1894 149 522913911
1279 2077 688560702
2064 1251 559687521
1252 1259 349826806
1770 1646 5688377
520 1435 122405092
1734 2046 600858798
1194 230 66879006
1151 198 382312713
731 762 851115793
1053 466 928855801
1282 84 85559768
1244 1736 586813147
879 494 624134269
971 1053 351160935
836 1553 632169832
1658 770 626934034
1960 991 9465648
2095 1279 110444974
1041 1360 987342222
1135 375 965234887
422 1657 628300518
269 1846 601170227
306 1192 426746504
1686 3 51667090
5 1894 517072364
497 782 700885663
503 742 1622069
2142 572 727553526
771 1786 503965054
1569 1325 61529986
1048 1735 673237438
1699 1793 691970356
1858 2097 227339178
1345 1674 748600929
121 906 556426013
1430 518 907545315
945 777 554153952
260 894 930232119
675 676 507953086
758 559 11577133
1740 757 433571623
934 823 451541959
629 1823 882597893
1365 103 931497349
784 1022 217363717
1030 2144 665506061
46 1627 423350440
1456 1595 858694594
1570 1663 968685025
1110 1178 612843938
1473 208 993102152
1817 1079 30581259
298 1523 214567647
591 653 909060085
656 1032 659343647
2105 279 204696783
1427 867 22762875
1067 1657 873738212
2070 1192 550163340
1997 2152 675783958
880 1385 205332121
1315 1620 328139667
812 1219 360363482
1029 1931 336215853
760 1798 752663048
1615 2064 761204921
1052 1115 693808884
808 1973 760103351
137 512 64236754
548 1841 17499848
340 281 182222849
36 924 394211392
810 1383 782310966
211 198 39956756
2014 491 726031743
794 1674 885937339
1410 798 17855974
499 2064 420277115
397 1106 423241320
190 413 682639610
277 243 43376943
79 1431 15466107
2150 1846 86312515
1359 1409 899471337
16 52 319203049
858 968 554580292
1472 413 416923619
353 620 506863370
1122 101 645729117
1649 973 251690220
1864 542 273159275
363 1325 399432716
1294 741 534950376
1308 991 960090578
108 1053 774747701
690 1019 180268449
767 192 906370841
993 1252 714679664
1571 1597 549966510
694 1347 389251088
1993 808 941191863
1710 1147 181251059
1331 1016 514516665
780 1101 37364219
2103 883 351999511
2053 494 344361436
870 1808 999639914
271 204 958491885
2085 810 416133952
1981 1456 807806069
249 1476 536185884
1107 1677 964007389
921 1079 582626768
1144 247 42987932
1594 350 674657460
1406 476 518428045
1250 1531 611042524
1087 1512 116517190
2063 269 381539691
1886 211 81828771
295 1320 726637487
893 641 876700245
753 1355 997756608
670 1053 375888959
376 1403 47623705
480 1080 311479809
1718 1130 585025735
2155 2070 740587895
1987 1252 913965835
1005 2142 79728898
1780 323 730114609
1389 1376 22048631
248 1135 86306286
759 55 671511547
1062 1048 139052051
822 1962 116835356
346 2034 490980188
1692 382 791152099
922 192 696777740
1683 1802 488947655
33 1807 502399755
1700 1375 575677970
988 1963 374570816
1197 1302 426869845
1396 2088 652681537
1900 1869 736733073
717 311 129887730
835 1999 992393272
1133 2014 29584210
625 1175 272525110
2059 1094 492210102
35 503 993220128
788 725 426159573
140 1786 802053739
2086 330 588996873
1338 601 952124292
223 1830 673545971
2022 129 865957747
610 203 988654293
2019 257 52105774
1546 1182 10158368
673 74 406726073
2044 139 234839860
50 1069 10980198
2101 1062 554968073
1581 1423 95630644
433 1877 222292830
961 1644 299595245
2027 406 625494245
596 892 50281446
1752 249 676512524
63 593 986288035
1452 923 382729264
597 1201 346657816
370 1705 231939303
697 993 565374568
1499 1853 393391429
1084 84 520176979
412 203 481284871
2025 510 721868616
61 1883 774396855
1270 1687 752637732
1268 675 720821325
1485 767 90447631
939 1313 17860826
388 822 129316302
1096 1112 918449624
118 1685 580996321
1105 977 553055647
982 1112 617133191
133 1234 381485235
598 2044 869449224
1077 734 804103157
489 1919 324554107
1271 1869 377949400
364 1699 161603822
768 1971 191237729
1831 1427 132596468
554 694 147944358
390 1749 156377848
1948 1686 233770990
859 1268 515444446
207 685 111404060
1522 2064 434667358
536 567 70804287
2021 901 344312164
1578 670 70011055
1619 1783 331641845
1451 1786 995411265
1198 379 57970509
142 1641 132359535
1233 1696 772611108
1395 993 318864146
1324 1150 659849490
1881 2150 932622888
805 1222 547198154
590 361 551346904
360 2027 544782001
233 568 893869829
2078 510 382872213
2157 2127 86730921
374 977 71264525
569 977 16010546
39 1658 606238085
1746 245 331378829
841 1532 988284481
2028 1227 437067739
1668 1321 265126340
1186 8 908190733
1358 1831 383090943
1037 441 932119200
407 1671 504853793
147 1252 398158322
1020 224 902050009
2049 782 456080750
1288 1016 844388618
132 1887 83419729
2113 434 306037005
582 1437 524172349
1843 1009 143588210
2071 966 377625826
1040 992 905900187
454 1721 674085890
1737 957 408973813
1889 1762 945739915
106 1578 588642382
436 1539 842331404
1515 2091 969154819
974 1880 53084863
416 1375 610564893
602 1084 480225831
732 1903 2058656
2118 363 481397903
392 448 59703795
1909 1738 99989550
696 2091 990108129
359 1170 901324893
1542 774 636723306
1436 1909 355097800
290 1024 850069114
435 2025 997818484
580 855 37895886
261 1321 683471591
556 311 170280837
200 1391 11358348
280 877 239952928
154 1348 862179218
1513 1213 341993619
329 1699 80098832
609 960 300670925
1057 1804 889115632
1166 2076 434487991
1311 992 572443935
4 1069 434067167
450 1282 753587377
1664 1771 647282284
1972 62 789532193
134 1578 315704557
1524 553 107802083
543 231 429197852
2020 1339 470861450
751 690 389030586
638 854 596395547
890 2041 499635954
1741 1279 273428567
1982 190 826339784
498 1290 856924458
903 1524 805629271
1967 1215 638479287
1560 295 24642945
1508 822 154772080
1161 1281 338099812
1547 1585 200475650
1191 1525 448911263
2121 1087 180088407
1120 1568 120333144
1941 1546 260593077
426 668 284371966
468 1485 808136045
1341 1676 401544368
871 693 608867711
1015 1887 121510438
2151 894 972786044
1103 1078 495740685
801 1674 672416200
955 406 417946749
301 280 880591825
658 2118 460495817
1805 1949 158650757
2000 207 345753209
452 501 576268551
813 1615 140455456
1235 8 418931226
1715 412 369924639
807 1887 133818403
41 530 689689037
1957 1519 314046784
1563 1049 421201304
1913 1407 618383867
113 1165 949655273
1035 625 892461534
1083 2097 389600027
1419 841 450079335
674 1850 444071438
1124 890 9983990
2017 353 84596489
199 533 659373637
1146 195 440824756
1506 1608 624620785
715 472 634430769
1143 566 321577649
948 2024 422447457
1317 1343 188995402
891 1105 655269411
40 298 733868600
235 1866 406413464
378 1699 403700859
91 1752 88909635
1137 422 171977696
119 961 461155373
1242 1389 693932163
792 1750 108758853
678 1452 39783595
1632 994 483557050
1264 1443 273995779
2146 1265 313204121
1720 809 606866039
2145 1040 39422679
1210 88 399660993
562 1985 829866674
926 1107 492250042
86 569 848486119
153 1732 213191981
1995 1363 211904389
651 426 160605338
936 1559 251095955
1353 950 751666606
1884 1213 234154907
2094 1623 835302051
250 370 441024579
1953 363 118716446
1768 890 108109519
24 171 411421647
1558 1395 457580907
117 416 830598978
525 1437 237264290
1670 849 338820136
428 1735 772967676
588 779 152032055
18 1456 79746880
1212 841 73104604
1867 2073 208442389
1541 480 467516138
1248 1269 751237390
814 1191 273440719
1354 203 533920465
1070 1369 220152565
1496 1030 126247505
2114 1623 953036916
151 1683 30683371
1421 1467 278530827
1458 88 79860714
612 1798 245255794
1464 533 796374983
2147 609 383143640
1168 1000 290788779
2096 1156 940885235
443 385 725269912
1116 1563 890629386
1296 1686 292637565
680 2078 225733561
1002 301 301679320
182 1363 210963260
464 4 881869301
1097 1076 461629557
1253 536 813294615
729 969 725755732
616 1079 283422581
797 272 247571623
2090 1339 997904974
469 370 847065596
1038 1204 622594440
2079 1636 159318945
573 995 173662148
716 545 525421889
574 132 348093358
442 1349 31143647
853 553 617643229
1918 1674 336085118
85 1219 503352778
830 1483 977298992
221 1951 352271904
526 1805 427782479
70 1134 718908252
485 32 459742645
754 295 995526190
1064 441 468156475
600 906 497392477
402 2053 717086734
1202 339 473886902
1902 1627 90906912
1773 1505 976744639
1775 1831 186786173
1031 1377 347130641
110 1805 781474832
357 2127 87020875
1490 1057 911564764
2093 312 74562881
2099 80 281708104
236 871 462358259
437 770 501058501
1303 454 667498887
1309 1364 560346607
345 2059 350164219
1765 2151 357821641
122 1987 303088432
772 1745 341622923
615 304 405868245
170 1431 427462296
342 1708 443899256
1462 494 683501017
684 1030 255538686
1260 1030 146138342
2040 117 167803093
126 376 835979635
1450 812 390112176
917 376 746042581
2023 689 593729690
1991 1359 63857903
1128 338 304824387
1068 1349 41457830
1299 1846 259643117
1 1437 409689168
1274 413 420714773
1906 1161 585703631
241 1867 193118232
1917 1038 713307325
251 949 955026047
1228 1162 568313804
1441 917 418910701
2056 1866 666985438
576 1581 234737039
274 1002 822579662
1245 1560 336223836
337 1016 34640571
34 999 895434905
2058 591 531970489
1980 553 183130555
1842 1712 363252033
369 497 953838552
19 499 875809906
1027 697 106386830
946 1912 336858824
2033 160 540758181
1292 1308 338235325
669 1994 488626933
555 795 516439215
1540 651 774434017
1534 1905 775892204
405 357 418128959
1791 1419 510161739
37 1622 472423124
1748 1207 855532439
756 1855 608918841
1439 1472 557586813
565 1544 232726816
165 1544 930107993
1306 193 728844088
1185 2137 983160346
1404 1520 66275517
1453 502 550678754
64 1122 146596696
646 887 266161113
54 1392 94021256
1209 1686 437929535
449 685 944120702
1662 1238 870059704
292 1253 38442722
244 1041 39589151
927 1011 715742454
1501 143 783172844
2013 2028 240498849
163 1410 307562002
1013 1329 165389772
432 1000 601185717
1777 1876 133028926
1276 2067 821168286
1799 1812 844172560
332 949 509009340
2001 2043 187438639
932 129 459674732
1414 1182 755496177
1529 1953 698061938
1036 430 789891209
1535 1712 578991867
863 598 425695615
219 551 911331131
252 228 622843484
802 1986 479217769
1911 2057 115243339
726 1059 28262577
654 1369 168870222
1844 1740 343039224
1684 256 449232192
755 2120 415698852
429 1850 963506202
851 558 438356154
660 1982 109061155
1689 1385 343465535
820 417 88757894
459 1115 644428579
635 823 502492179
577 1631 111522797
403 902 957066487
1468 1131 995266366
896 999 409064125
138 1970 593139664
1969 669 721543057
15 1564 228167982
925 268 995902291
1257 555 20186495
640 174 633278457
1516 122 270431798
354 729 44014259
514 1752 657875613
1521 1491 627246026
1045 973 863254579
162 241 191966857
661 1559 515221817
2131 1201 823984419
528 1222 349273485
1034 1365 880289706
748 828 34425593
1058 285 611034910
786 1055 247012594
1573 193 14354728
1760 80 386134964
47 2034 275654890
2153 23 13266093
1142 225 65165095
1921 357 269787451
886 92 120953558
745 718 295198719
1429 2027 933166027
455 1938 306046021
1857 2137 856542864
1621 757 925351819
1484 746 270395025
1944 1198 487658119
2015 299 196436114
804 786 881724699
242 1741 82782468
10 1292 188352002
487 350 881225376
2107 277 144584272
724 439 148304749
1098 1002 988785641
1138 160 38020179
1426 746 106809902
1840 1429 843282847
1332 562 546834203
189 656 428644375
1682 113 73496588
1088 480 354583620
850 378 461780315
2026 1862 391525896
347 1454 223017709
2136 1052 29565612
833 2103 625903767
212 1331 803692983
283 1958 59161461
1781 1151 814338103
885 1458 327410487
595 1463 893256664
1371 1170 618284112
69 1083 762683323
1744 497 721707006
1838 1887 908024315
461 1931 457673476
1167 1088 579817447
825 904 335640625
1350 176 149811457
1899 1458 973240521
2154 498 359862481
910 1663 297977347
1422 1840 158719122
308 1805 352607954
1879 462 268532550
1272 1512 546657131
167 1191 32048403
1609 199 652116630
1592 1752 42526068
341 1142 134322603
561 1970 769523994
1028 1659 405392010
1254 17 775008108
1416 974 52131247
979 934 857823251
1754 1539 12682542
1246 1584 137337560
1487 1632 793390653
1129 247 146320952
737 974 777542419
799 69 162603390
1797 363 881736908
1224 442 921770711
1065 145 954704328
2075 208 347860204
373 570 42228815
1730 836 473643937
783 138 618854914
1865 768 291159302
2 1038 390598162
965 680 776113167
546 866 234873172
1493 798 211738131
1446 1169 538694582
1071 1940 593254500
911 325 999779142
699 955 893039011
181 1081 440799478
227 299 55002274
1656 554 150472554
1719 600 128909488
1368 1423 259149014
1283 1329 116464950
1832 742 282710498
560 2024 672951478
1001 724 41121394
2061 1622 547984783
844 491 475935299
1486 1360 856909174
719 184 212664717
1757 1414 148987163
1117 55 847442560
1176 1087 487410160
1280 826 656018711
1579 340 463102564
624 595 873213144
1433 897 199337498
787 306 713138390
817 1710 273634629
1480 1620 742020140
1695 1270 376862182
2048 1079 263420572
821 313 833729828
120 1130 679438004
1822 492 654153791
1932 1541 541946413
1155 1748 747978359
538 528 502706130
486 1674 88528542
1384 1101 471592749
2128 117 850615536
970 812 985438493
1726 2058 839231570
1434 533 588359508
1323 1569 809032300
2098 1125 535623822
490 1592 281717275
1616 137 601931763
56 1202 725844038
578 741 232943736
1543 1377 618072849
316 1539 830637355
1457 2067 763595100
1301 1035 613069307
1163 91 95860152
703 1682 586063861
1297 243 897307843
1236 1696 225541478
2003 1168 635940179
631 1080 716262547
423 2115 672507502
194 1359 902245464
1593 1745 875702403
386 873 18357274
547 67 407580447
1847 24 325917109
305 2034 301566991
508 1178 897491152
2030 141 973934886
1580 849 192732466
1907 1248 320467076
389 1885 921398066
1223 546 554534718
288 1443 461810720
918 45 700660168
1232 329 136210523
1587 2006 193482227
220 266 294344090
2130 1865 770729501
563 743 679790706
535 1430 966286990
1611 1064 309593444
1716 756 2699970
1039 894 412293530
1533 1905 384065534
1992 435 243859478
895 553 716275316
115 560 829488902
1093 1886 154971972
2042 461 138000583
2135 364 383366872
793 1052 818408639
634 1458 675756129
975 99 627785317
2159 1509 612673872
585 1641 566616630
1203 1124 994382144
816 155 284183957
710 1872 27452200
1152 1815 282988715
59 656 560191629
839 834 224408947
150 723 822024235
956 1144 871753758
1335 1354 316578325
1988 2021 328507876
781 2096 534205003
1527 1700 561186078
355 24 166888824
711 295 989636496
1893 556 131581345
320 381 387219520
1397 1894 892994477
226 403 803899012
899 823 869677374
803 742 955306484
622 1542 913563149
2065 1871 181375456
766 975 593036249
1247 1582 699696285
58 391 293297925
1199 1049 289303281
1267 245 170899350
632 143 129045772
2108 992 835324211
1217 1288 924290650
1945 2073 686962432
214 36 389869985
819 543 689464768
1706 285 970888545
1952 1982 806960669
1362 476 310998110
460 1106 46452655
1415 2130 344854506
1193 1041 182589788
1154 804 11005571
317 426 607348130
97 213 878364769
2092 146 4261790
1042 1502 567897600
1295 729 557236612
997 588 109594672
26 1700 643959299
1693 1536 517139693
278 871 851306315
477 1718 652864950
1667 1165 5486508
1711 819 379357362
1758 416 480845711
749 2077 803090224
1108 617 591515564
1326 1586 832580351
1572 2073 503755534
1610 304 32054986
827 1791 401441983
1413 977 695248533
1751 725 488611558
581 1317 23556545
1923 562 501681168
704 1360 806864507
976 459 602375661
1287 723 817955391
1617 884 201500126
1820 732 584927068
1184 1484 961372407
847 272 957084511
2106 1828 445153220
1729 1713 554159460
947 1631 364972057
513 1914 805131695
2123 1403 801671098
1989 1302 754893218
1012 116 270365023
1346 1508 88777464
1625 499 305737538
1818 1274 979332666
258 634 511244572
293 1162 248739672
905 901 972878277
2141 1399 43908342
603 760 601642038
916 1120 702551209
1937 69 53229421
307 25 768856634
471 896 542768101
1590 676 466651549
606 220 776248378
135 475 425453912
1892 670 727756059
1075 1355 79757770
1895 227 942492505
414 1383 253144323
1063 666 996750665
1102 1322 482288842
144 648 429241813
1947 1409 498789130
1856 856 794204016
701 2003 979692892
1848 336 239038543
702 334 428901847
869 572 601448291
1158 973 673429537
87 1913 73112508
2117 1339 251648326
1796 1084 547269563
931 430 310526643
1936 581 416620603
371 1659 26013174
393 1846 460912579
1728 1593 71242882
1479 894 734746003
1229 2097 747160283
1600 1229 241865468
467 1707 148619823
2124 1862 296933685
876 278 733994006
662 1456 909444319
2084 1608 294698614
210 1719 154754413
584 243 579993207
418 1937 882179347
1816 1868 583067607
1813 1079 207333750
2037 493 470456981
1082 668 312674350
1510 1409 823935788
1959 2086 818109993
1060 1129 869494018
1717 1133 164599788
1004 1154 987451906
318 1033 796769956
1725 492 371090345
1551 1666 957915953
1898 1692 236243787
1420 1069 732126394
1633 203 596714044
1180 1029 749929406
708 924 186702515
1517 198 268555130
14 226 590710914
177 874 316196172
1243 1465 539355834
57 2136 362383362
1164 288 790161012
420 695 95836649
1836 54 624373099
1127 1789 12674130
505 1724 721188091
201 958 647769088
71 407 516025805
7 1867 81974222
1275 876 278965232
496 437 244561372
254 1576 294980697
2032 156 40626651
1195 1199 559975906
240 1368 542897514
68 382 956310379
1211 1489 282623271
940 927 701962190
1785 530 130625217
706 640 106342214
978 26 408446542
478 1967 173068261
1537 2022 613835616
1976 333 34213819
296 850 902617763
1216 905 768131205
700 1675 425807901
1478 923 244016844
1839 497 492673390
832 603 652198402
183 1403 878530185
324 219 607586758
1017 1816 730125093
401 1325 843475805
29 1262 70294523
1639 648 968835416
51 959 200104607
77 1546 359892965
222 483 362679029
517 868 188407144
1697 2046 696935510
1342 1 461792249
1256 461 355074858
1514 175 852218079
474 1554 157132467
362 1450 653172959
2116 1478 311089449
1787 2058 996950765
773 1985 57262838
1829 674 864588762
1417 1937 681966378
963 913 818143783
752 910 612870168
1330 1444 107521969
44 662 921649843
1095 1536 346811714
677 1233 854753730
1466 1336 216038783
2110 963 914840785
1925 156 796747922
2158 323 577147813
1565 1042 394299312
9 616 857282590
96 438 963975628
1316 818 968682938
172 1217 92349083
571 1197 234775710
234 1615 69296277
1418 226 107176839
1873 331 587250718
733 1663 391740598
20 155 790227208
2125 16 715164850
986 959 553716488
179 809 906328690
1285 1038 286447215
1148 561 590031305
264 424 306250560
104 1284 697350651
2002 1002 711515547
987 1303 968006530
1220 362 765455210
521 149 411094540
1205 466 935318099
1792 1281 74382744
1445 2085 581870361
791 1729 345660041
1874 1493 310768289
1882 1580 941381022
544 63 659668775
1189 2115 985884730
255 325 68791700
1469 1911 314708171
1425 1877 960009087
1574 2157 734183832
28 1005 840344823
1875 1132 663834734
384 432 672564697
2069 723 111411902
750 1574 370894336
1755 345 978432078
1074 279 941456559
1651 454 781550339
488 1595 147568124
1965 1977 93354386
1851 1850 74403398
1961 1916 551940362
1698 1443 333910831
217 379 168061105
1221 361 859805043
30 1338 171287114
2132 2000 438538282
929 338 411912907
114 1922 659938292
238 594 971801167
522 1093 741246159
776 386 717109079
1811 109 560465168
100 95 439494977
1388 1107 503723170
763 1885 832716367
1810 808 988441068
297 1684 159294555
1801 1076 592440720
942 877 313102878
1337 110 487675032
1888 535 413645651
619 1052 448416069
614 1504 427936702
1731 313 816410126
1562 1931 722875487
1691 491 324198520
1310 833 674378552
168 696 112045022
907 1857 255802448
1588 1527 298639114
2038 993 885132628
796 1512 152771472
1511 1591 417660695
789 643 669698321
2081 676 100514192
173 953 312644832
1709 1429 803359964
1648 729 388502882
1924 119 806539193
81 1155 64944805
1380 535 982425803
484 1799 254820960
287 1451 973713672
1086 965 369906169
623 1951 589193215
840 1966 88176051
394 1245 664114204
1634 48 101186768
1927 1223 366131993
898 1225 573944054
1618 1996 549377280
344 324 169869219
1978 1158 930834806
335 147 98883342
1626 1957 644618821
882 976 581272620
2100 438 26854859
688 936 327446194
1647 1758 745754032
1929 538 858316067
1226 1087 948673005
232 1553 220404065
1933 1157 7514604
1149 1460 528748226
351 894 233864985
511 438 58276727
161 1674 643247280
586 118 22299520
621 1477 278925164
639 1141 110218163
1827 143 291425320
465 1741 843959137
524 1832 740815577
1928 1646 728953792
1526 1733 716758030
1218 1366 282257962
131 1595 43700409
1776 251 983621657
1386 802 512283647
1606 1852 285583516
1956 1450 710194592
1694 880 671333473
1382 2063 603875905
470 1493 382377966
1635 1105 672330310
1624 87 389780300
1021 50 207038651
1351 2046 527383988
1784 159 472874940
1239 527 563675509
1214 716 749879400
1461 1203 986551809
60 2133 124983957
1774 911 95646840
13 26 731020508
1266 1619 757107477
1975 531 927461771
1690 1691 172681842
1613 307 635709075
2004 1270 955773833
125 248 812303660
972 90 584946642
607 2129 396383650
1556 190 136486081
1054 1497 215784559
178 2042 797298090
276 2068 432956671
1007 278 752936801
2112 1203 470295008
2083 1426 291007385
1145 895 627350861
1763 160 575524096
321 770 511997348
1085 1647 99649205
1500 856 597843087
1845 83 54494641
75 995 41006406
655 186 133291904
824 470 522029739
1602 1385 260430862
2089 536 880853177
2102 752 572370327
1104 608 41557422
990 2033 377804980
984 976 418738815
650 1136 24102176
721 221 669206979
930 1010 656285932
1051 1889 482927584
1552 985 10291137
1393 1155 180789640
778 967 245398466
196 1050 392082882
1939 1032 993610601
1964 1675 620578893
1190 887 63251867
504 813 777635376
259 99 985059344
1549 1687 328022625
1181 963 264025495
1935 430 160300717
1367 1011 697302529
1788 1347 220110466
284 1248 418740164
785 599 275304365
1183 758 249340083
1769 243 147021623
2134 2 790014605
2016 1487 803699599
1722 1856 563916358
633 447 27312607
736 1343 212188328
1047 1548 692327265
372 83 63218999
1398 1138 562313427
1809 173 543849253
2119 72 716964253
1904 25 402240057
1863 895 928504172
1739 1535 259275796
1629 417 463921875
21 1168 672172953
453 154 512045370
649 969 900123960
1344 324 84152116
549 1057 896069583
400 1687 506088726
157 823 381071293
790 834 94718980
1979 518 98205184
1231 1987 440656250
1756 623 515406359
216 948 187037643
642 758 112263295
811 886 493313369
980 1540 560575261
1300 970 328398488
89 1667 337765477
136 1998 509583941
1861 345 72341170
1601 552 930307746
1654 1364 962022397
1557 1180 643484139
1304 437 405034566
42 1228 27557740
550 1235 259630046
845 1516 195671200
1759 1969 231075606
747 2134 695120844
6 2142 247592021
605 525 877977576
1528 1924 957871155
322 1423 376111517
152 1391 62359215
1258 198 67091007
2035 1014 595202868
1555 1985 94700461
22 1873 595943366
2052 323 513646340
1494 1487 168449000
914 2087 335519707
1126 424 170965790
1518 1421 413614628
1727 245 63568065
427 1750 159504138
215 855 946887708
2060 266 110706789
1942 879 550915391
865 1292 999692906
1139 303 303074875
1926 508 270462884
1428 1471 92596447
1642 1973 323715268
952 482 337659156
765 916 479169100
2138 257 316227837
246 1904 134149741
687 1929 542714461
1681 1924 814148644
1438 39 990616108
628 817 897870428
53 1460 844665694
1596 973 806515971
1583 1959 294475121
1897 565 727390693
187 742 727521319
909 1332 974697413
1405 2144 330184142
1954 600 454292663
1474 1036 3447170
273 290 123892561
265 1305 496902514
1372 172 834005139
1230 1560 281434289
188 677 423805712
431 1311 958188243
1545 1520 749537083
1901 1856 959276767
730 855 555937448
302 1505 52180654
800 1002 873288185
1046 179 430022883
1577 287 979709879
2072 1965 750779679
105 1154 528375976
636 1548 594049523
1424 549 218271739
1655 1623 392499166
1834 754 454502588
539 1161 789728320
1507 2051 438705567
937 489 413837451
294 316 383513168
1653 98 433467189
1566 1491 605977043
148 996 789389301
319 1213 173132693
314 386 193986657
1381 448 454518626
933 956 38301306
2139 1327 823843084
2005 428 785325530
1538 704 157874601
1318 946 147049748
637 1927 987583145
275 2085 683811945
1604 1561 242731509
1400 1886 37498304
509 1658 621116084
239 215 304254483
1643 370 240877663
712 1598 868384868
1408 1134 873012843
2008 836 592701133
1373 445 463966410
2007 354 466526970
998 53 827237133
387 1216 232639565
944 1084 21140845
2080 2011 989727076
2039 1282 374123026
1854 2071 277603487
1171 1550 257426368
93 1421 481098300
1092 309 241679202
473 1629 884334361
645 1186 212382391
1803 1253 256659803
1764 2083 497758250
727 1559 299514081
1273 512 853520389
532 884 83990595
267 1558 489642328
1160 2032 115455050
1298 2134 411130242
872 1110 425307801
1482 107 45581665
1650 742 58870229
682 211 461775509
1091 1544 637158706
954 1912 132420193
327 920 808460076
124 245 392387962
1261 430 798136534
270 1189 295465822
744 2145 359676701
1241 1550 777336534
1599 1906 859320266
180 1902 713571900
1679 1366 3342146
1374 236 728965139
1089 1840 827573608
720 1127 864723051
1172 1272 714942676
735 33 927175542
1652 1070 279479092
1455 712 295277459
404 1260 447785212
1859 396 702362761
1340 655 249197747
1603 1667 738369873
94 1772 153770744
300 892 438312662
1278 828 736086647
446 1738 476554251
515 1907 331867886
989 762 376927430
440 664 401863049
2045 817 47584941
1003 1965 149109825
738 1160 896993007
831 867 799972630
1782 1338 95998401
579 824 354127437
1352 1725 613815983
1043 1769 49403705
209 1343 483972950
2140 1579 986476184
761 1644 162033473
983 476 350747527
1628 1911 469477475
663 199 513138610
291 250 999848918
2012 301 999345240
2010 1047 766592194
383 795 325543793
202 1520 554039703
1778 1253 502157343
1837 1858 801590031
659 608 51062020
881 1341 601572246
463 420 972962397
1208 1156 393872305
1761 1681 713197820
367 1761 765912884
356 1103 12940385
1849 2107 721550309
1361 1704 419981462
2066 1199 581860377
2018 75 98375784
2104 1988 307031389
764 730 848004745
289 1580 310690966
1612 1473 184043420
2062 2 494178498
2009 23 277831856
1008 2046 53222059
1448 2033 988796026
1200 551 151421760
206 504 947780456
541 817 513964577
1440 1087 666549116
1401 688 194878565
66 753 469914942
1356 704 837665856
1640 1833 517269634
1983 714 277601118
1795 2030 584765541
519 239 54697954
679 432 792143349
875 790 397526948
1109 1337 676961288
458 1687 559756224
709 714 919357165
1411 1469 86351993
1140 1604 434785729
1206 1704 747128152
1459 498 609719462
2055 2133 516270986
282 597 263207674
837 1660 821769051
1688 1662 533384588
2031 1590 850950185
1637 355 956384496
1319 1498 378584661
1470 1578 967622732
860 701 199690565
6406
1752 1088
1849 1596
681 334
1973 825
1857 1709
2005 1712
633 316
1873 303
386 1622
1797 346
1046 1490
1538 1068
721 1534
383 163
494 1268
1611 2133
2024 555
1366 888
1603 213
658 1357
665 490
1451 2127
708 426
991 1219
596 677
840 1257
2022 1828
1809 506
387 383
661 1226
230 790
500 2129
403 1123
1108 393
2003 1277
968 1043
976 1853
1837 725
786 2049
633 1952
809 1460
1170 1405
16 1102
1020 1873
481 944
999 1062
966 1056
1253 1747
1385 764
207 1557
1641 1860
2108 1801
588 562
31 1701
102 1470
549 1146
419 1385
310 1352
462 1372
578 935
1133 1680
1028 1655
579 428
1426 2076
706 1167
1889 2113
1121 1583
1440 1297
1672 1584
765 195
1539 1795
178 1331
690 326
1823 1188
1575 2034
756 1526
1542 989
25 163
2064 724
676 2123
1673 1594
781 866
934 980
1046 52
702 1765
1073 1597
14 614
2141 245
1647 2092
919 1268
105 1096
1419 1433
134 2011
63 169
786 514
612 2023
75 1182
173 1465
2124 1732
1183 1404
570 1823
1566 607
1341 931
993 1759
1524 592
1192 177
729 2079
527 1962
1110 89
1630 879
966 1145
698 120
2145 1522
265 1357
1260 566
881 426
1059 1895
1752 65
114 1617
56 786
2078 1312
1257 610
717 1903
472 565
1838 1760
1630 1970
1832 286
1745 222
986 1466
914 1797
2144 334
1409 1803
1815 565
1354 1793
353 1975
2026 1118
805 1352
1820 792
249 186
1235 242
1883 722
177 810
913 1686
284 741
555 1753
1420 2008
625 848
1853 1871
1859 978
835 1220
1020 1343
1397 1434
420 872
772 75
383 1416
1715 1019
1780 1745
1599 1041
1809 566
1411 1271
1316 1042
1200 270
1224 1169
1431 417
302 2069
307 467
198 1459
596 117
1517 1123
2063 1236
1491 655
532 1525
667 985
1469 1427
2061 350
1759 396
1645 729
719 1225
514 1502
1048 1647
1191 180
1186 989
489 1340
709 1902
647 1507
1492 1328
2045 300
968 2124
253 862
1864 4
963 2116
501 481
417 496
996 1456
611 673
1425 1839
478 1423
1478 2012
132 1493
1832 1595
829 287
706 498
684 541
1195 238
1519 652
1917 256
1991 416
378 743
288 1924
1579 1546
1034 1846
1662 624
991 1077
541 2048
722 1524
306 1059
501 2080
167 1065
26 1559
1928 128
1177 443
378 542
1420 1600
1132 2056
715 2142
1348 697
1434 1538
1699 152
666 1647
1654 1349
1800 1070
652 790
768 931
938 756
1671 1729
1797 807
1532 1615
892 1188
1182 169
877 445
1914 1022
1366 1110
1440 1832
499 1775
656 1874
28 115
379 2104
213 506
691 942
1959 1018
496 1603
899 336
1239 94
1987 432
1805 1831
224 292
1330 1373
147 1390
1782 590
635 232
2160 247
1471 2054
539 1377
1308 159
1917 658
537 1336
878 1387
615 455
487 1582
186 1666
785 114
1721 355
1296 857
1862 1219
66 89
90 161
902 619
232 781
2063 1262
2006 1716
577 752
1634 1311
1851 611
1999 1954
1636 1093
635 271
1672 1245
1297 1911
2124 496
1720 713
894 965
1149 1721
1991 1208
1072 572
432 889
1090 262
1775 2052
177 1406
1780 1435
1939 1025
1496 992
2070 574
1917 1141
710 1168
358 1173
1318 389
1829 1629
402 603
1361 273
1893 378
1849 1077
1583 1638
1599 1943
404 947
625 681
1623 1402
923 356
1250 1416
436 977
190 812
1967 728
1829 207
1286 696
281 1457
935 1611
208 721
299 820
1512 2049
973 1401
646 67
1684 1593
312 373
938 80
237 1185
1309 675
142 980
781 1356
1253 1505
838 1439
1514 446
499 1732
1968 1836
2111 933
311 719
423 1159
115 24
546 1214
315 2011
1090 47
1032 230
732 1112
1627 420
2086 926
129 1786
1741 517
1993 1536
144 952
2128 880
276 279
1595 847
852 1119
1263 1259
63 1194
1515 1941
914 1470
635 690
1970 1513
217 1049
1423 246
1454 866
1466 1348
654 1805
1999 184
308 812
2004 1181
1014 526
1634 1841
1839 46
493 201
1252 1816
1906 2151
1291 600
1559 1212
407 1413
603 491
913 1884
1984 434
1135 1595
1800 1718
786 7
491 1327
1434 1556
1086 1995
1887 538
1945 1028
1768 610
1454 1069
1725 1870
2144 1464
502 47
1342 2057
2065 334
1617 1363
1782 1781
962 777
2138 682
802 1982
1771 69
1671 360
1409 22
918 253
1616 1165
1000 2151
642 1892
293 1879
1707 705
705 883
1697 1779
16 20
1027 633
958 1291
304 1954
1363 122
1640 1234
700 1358
1366 377
1770 819
273 1386
1809 747
503 967
1763 82
1248 1578
1587 699
1586 780
558 177
97 325
1951 1358
1137 45
563 1803
438 1247
1152 1614
1415 545
135 103
846 1726
1709 1546
1580 1323
421 1403
1600 1573
1366 978
1567 1180
1467 754
1056 1714
247 448
419 941
226 68
1983 970
799 1266
1646 1834
250 639
401 623
807 248
1245 1428
1364 119
878 862
177 1852
1455 1305
174 882
1102 1952
2067 1492
1447 107
1169 299
249 955
1180 197
1158 1585
991 1851
479 1496
1534 1986
462 1484
924 110
2077 949
88 1024
483 1489
707 1095
965 1466
2083 1539
958 1373
763 1545
413 323
771 1198
1916 301
1936 122
551 1460
2013 423
2132 229
1233 501
2145 1394
1659 1033
2138 313
30 492
943 905
426 449
1664 137
2076 1192
370 172
988 766
915 679
493 48
1360 2114
1822 1221
1179 87
1091 1894
1180 636
463 443
878 1595
1920 319
817 1056
1669 367
278 1201
1004 743
645 409
1880 747
1640 526
40 1313
1679 324
551 2131
755 1116
269 2070
1099 1228
2131 689
1445 1058
1637 476
134 784
1756 1056
1613 533
1467 1837
900 1331
1576 1508
443 1798
2028 233
559 305
306 878
1249 2136
1057 176
1444 1136
695 1446
1402 1947
800 441
132 1052
1702 1750
782 1380
2105 3
1841 599
1046 1163
127 823
632 444
1140 1290
2124 1793
1714 988
949 1662
499 1405
671 144
1197 1564
1823 1820
2133 1612
249 726
1908 995
1914 393
839 1980
1827 1944
1742 553
1403 2142
322 310
1837 688
978 1345
1811 634
676 1485
2055 558
1112 304
431 1903
1370 913
1564 1927
902 2158
1529 1774
864 680
1046 1784
256 98
1493 294
1423 1477
1738 637
554 648
980 207
958 893
1716 264
940 1844
726 969
658 719
751 121
2014 326
1473 1673
844 525
771 648
1740 737
668 76
1222 1864
1801 739
751 671
528 1078
747 91
379 1292
1680 1934
820 1266
2125 955
35 905
125 422
413 1426
665 1084
471 710
1910 779
12 1706
1817 836
2061 891
1165 757
1473 983
543 417
1551 888
738 1390
1578 782
603 1803
379 269
47 1127
2099 1161
1466 922
126 1513
620 2099
601 429
2134 431
1796 1095
1170 1262
1536 930
703 1806
1944 799
602 434
98 1179
318 1822
357 1486
55 1834
1870 810
1704 833
686 624
381 324
1636 1327
1351 785
1164 1383
139 1834
16 1813
596 1596
1204 880
656 1279
1042 595
910 2036
1654 1542
2072 114
1000 1493
26 1019
1977 1088
1078 357
784 817
1032 1249
2008 1378
713 1677
777 1150
269 1948
405 270
1910 1010
2016 1783
1624 697
694 378
1669 81
2065 1531
489 1322
1710 1834
914 1080
58 1586
932 1692
1553 119
1792 161
217 1978
853 1778
1208 1729
642 1306
89 1743
1184 1308
1371 1578
592 1295
843 1023
1081 359
1869 1576
1788 1766
263 156
499 1033
1414 2049
1500 190
1495 360
306 128
461 790
1455 1205
1316 1308
1390 2070
2087 1441
144 369
1962 417
248 2131
780 1921
506 195
253 1821
82 984
338 541
932 747
1802 1864
531 1359
851 1778
830 648
236 1037
1680 914
680 294
1191 934
1281 2120
1871 827
695 1602
2034 2030
2037 1022
1050 95
1132 1452
701 1920
1556 149
1446 1222
619 2036
1421 464
10 425
1855 1526
1273 425
629 2051
387 235
1419 26
102 251
249 1011
1616 463
1586 1907
964 640
2003 33
1452 1705
52 1806
1122 1995
1125 754
367 626
66 776
1337 220
1567 231
1931 1245
1662 720
1545 620
998 1858
85 1967
1327 507
849 1231
536 911
232 5
1413 1201
1747 1256
704 2051
986 1234
1177 345
1681 621
611 1139
325 1032
252 114
1304 1621
1200 2135
1809 1414
1670 516
1279 1647
1572 1436
288 1147
1264 1625
121 1503
479 488
292 67
1620 526
180 2058
2120 1261
551 922
1037 1602
906 1930
345 1736
1645 942
574 1441
1289 1442
312 1430
729 1139
1370 878
797 1881
697 1322
1138 2066
1143 1765
999 1298
1726 1667
793 1690
470 448
885 298
1253 1706
220 1602
666 928
1274 139
420 1312
2106 1816
1866 1265
320 1848
655 130
1833 276
1046 983
1359 1463
1276 296
291 470
858 778
1749 1849
790 1802
2149 1186
1797 161
2153 1718
1374 1127
524 2023
466 798
963 300
1582 1523
948 1135
649 1335
1457 70
1611 1371
1019 1964
47 89
1815 1906
1799 1371
1586 1458
1376 1995
456 42
428 379
1695 1394
1665 1880
328 1852
1692 988
1705 2045
1586 1561
1360 927
1316 1182
1997 1599
654 1908
2047 1989
553 1258
501 1042
941 1158
1426 691
2062 659
1391 702
361 1257
896 230
1809 1123
1237 1232
903 352
835 387
1078 905
200 2120
1232 626
577 1212
970 1116
1641 1142
1163 1198
1116 1385
198 1588
1263 427
147 1180
1006 1313
215 1781
584 1084
726 2023
1134 1208
1667 460
708 28
2052 679
514 1514
1806 94
287 391
426 1867
272 1565
1655 594
887 786
1137 1168
1888 1739
1323 2069
1718 1032
618 1095
421 556
1112 229
1284 1559
449 1299
1039 1437
1258 1781
596 466
1371 219
1945 1637
299 1128
760 640
1435 1710
1188 229
1661 951
1035 2061
303 149
1854 1405
508 1516
1614 320
399 1160
1570 2096
1171 864
2119 755
792 27
885 183
1892 1800
1846 1198
1758 498
689 2033
2015 1092
1311 1768
1186 143
895 1029
1529 2085
1516 1176
2107 1724
1164 218
1268 809
976 1349
149 896
619 1864
1033 1379
677 739
1321 1460
31 963
668 239
1783 1689
1528 447
1428 1584
787 264
946 464
1991 119
1531 1095
550 1364
722 1386
1290 1334
1374 14
786 1259
1196 506
1580 683
625 451
354 2070
1932 232
680 37
507 122
1188 1764
462 2016
1009 1006
42 1805
1605 1442
1161 1613
1826 1609
1962 1931
887 273
1290 1787
1548 1717
2091 2092
360 1148
1025 872
2015 683
733 1794
298 995
1524 962
138 2059
28 923
1023 2091
989 863
1267 248
16 1815
290 556
29 1442
1792 1542
1064 58
1174 370
1335 120
1773 1593
2110 261
951 2128
1978 303
1662 237
1497 1867
1207 477
595 741
1942 1724
199 1212
360 478
572 1472
1451 1526
1911 710
932 1774
1624 62
274 1105
1464 995
135 1619
1877 1304
814 286
467 1208
625 32
1397 936
1306 1853
228 446
2155 1098
557 817
2090 788
807 1758
857 1834
976 751
420 336
1462 1144
2118 1843
1271 2121
1238 630
1254 1691
151 1430
1721 999
2002 119
2041 1176
1964 735
1630 919
45 1568
828 1431
1885 1387
1414 1113
1478 655
1938 788
1350 1934
1279 1557
257 1986
278 1932
2123 1446
2147 2140
818 723
884 621
1588 791
611 1660
997 607
681 965
1549 1280
1860 1621
1926 1985
1195 1842
1030 2039
1319 723
1614 1693
1637 502
1162 1630
271 1791
327 1914
2114 1590
373 1676
2067 797
497 454
873 1170
1674 684
1121 922
620 1403
2144 1624
1654 567
1429 1046
371 2015
1370 1345
1492 2135
1659 1254
2045 1591
2088 1879
612 725
770 1967
1287 715
296 1987
1235 343
917 527
2117 588
1825 1317
1136 1653
1207 306
850 389
1850 170
5 194
1498 1330
25 1211
408 1652
1040 1504
1420 512
1245 546
1193 831
1773 1932
211 1830
570 1391
965 679
1027 623
1598 2033
2156 544
116 1763
801 1284
1206 1206
353 1065
226 1607
1000 159
1819 1532
552 2151
448 1799
1073 1677
809 1402
1814 839
1748 267
327 1251
2103 842
1715 658
890 843
2109 32
2021 369
2081 1629
1104 1148
1399 1112
1818 1845
1464 1062
233 1738
176 1345
1326 1767
989 1336
169 457
1093 46
399 2025
720 151
1399 1927
1078 981
1206 168
1969 539
295 760
1384 2077
1387 1219
161 1174
1167 425
829 1281
351 1450
243 1111
421 1938
432 2123
163 18
1815 1235
611 1675
957 453
1066 664
2042 1975
889 1361
1807 590
391 1696
698 1081
997 2018
80 390
2047 1522
1409 1015
1405 64
2 1699
374 1486
612 1854
919 268
854 1312
713 1254
799 1262
175 36
1315 198
1131 1889
911 831
1011 43
483 883
1467 1862
96 1101
353 1727
1101 1180
1029 1098
807 683
497 635
1248 552
573 257
1663 1008
1697 845
476 619
1668 235
472 286
2113 78
933 1455
1531 373
202 481
17 1929
630 1305
1989 237
1531 1089
1840 1571
1181 1867
312 2109
1789 2111
1064 1298
1690 1000
2064 431
29 1916
715 631
1772 1310
2156 1293
1742 1568
936 1697
1471 1528
509 2129
1469 1785
872 1131
1198 1992
984 774
2116 1309
566 1206
44 1719
1447 1996
74 1207
893 1548
111 1205
574 105
1896 908
212 1405
1033 1365
1022 1066
556 2042
296 451
685 2139
925 494
1011 821
2045 1059
916 1099
346 140
1030 162
1531 1193
839 1473
932 499
1872 1839
1375 1095
1725 162
600 877
746 2159
768 587
1225 619
240 1607
1968 397
1464 2057
89 787
1492 539
2017 888
569 1383
2150 1057
379 37
417 994
1552 1248
1890 1257
1509 1774
1157 1475
441 566
1884 1723
1132 175
1111 1240
2006 638
1826 581
1114 121
1625 703
1204 1397
2001 729
958 831
1992 1791
1283 623
440 36
1606 1612
7 1290
668 889
745 1922
2050 1910
6 2044
1259 60
187 1802
2069 2076
1327 437
905 337
1879 6
584 242
1624 1607
1912 946
1841 1056
1134 1217
1449 1974
1573 1681
1384 2029
1109 887
1776 757
136 899
1183 994
1799 1295
1669 1024
1725 1386
803 1872
1341 1664
448 264
2020 858
2037 290
450 789
380 271
1189 1187
194 1126
1374 824
1247 875
735 1795
844 1051
663 32
830 1055
1204 1270
755 790
1092 2136
2067 418
2127 92
2018 1817
1828 1805
955 898
758 79
449 351
1592 850
1249 1508
569 1723
778 579
947 1076
1996 807
1036 900
1406 1375
414 747
1266 1287
2127 1288
195 1921
66 796
1692 1966
1548 1342
140 969
1397 1875
2000 1131
1234 414
799 793
356 2081
892 395
800 1048
857 636
520 803
1044 1311
2131 1868
1765 538
684 1496
1182 604
2049 1361
186 1537
209 2102
2092 1854
1142 11
322 331
1381 1090
1233 573
348 688
961 1006
460 411
15 1919
152 1931
1105 1601
1208 1763
762 2136
2133 1250
1951 947
1279 1432
590 898
1194 2053
1831 383
1360 249
926 525
920 558
1550 1002
226 1464
840 1117
194 711
1314 1996
2063 1976
2069 568
314 1200
707 581
1654 1294
201 1748
356 1716
728 1961
1818 660
1423 914
591 782
930 2110
1478 497
234 1117
509 1671
1552 1723
1788 600
756 126
1043 515
923 315
373 1418
1261 680
39 1768
1780 449
302 728
261 1075
542 939
1068 1676
1986 555
1307 1536
1195 699
498 2021
1937 558
327 1956
516 1317
657 1850
1653 112
1569 1733
725 1821
218 1568
1683 1613
900 559
925 1373
1063 2131
1609 1751
1062 1074
2087 2021
1721 67
1277 1371
285 1096
399 1775
1834 536
1557 321
683 65
1233 1862
1269 201
1000 1498
260 1515
639 279
2020 1174
9 1178
107 1224
707 1658
1494 807
2158 1835
1662 567
1896 1650
1963 1509
839 1287
3 881
286 2115
430 1904
1216 1203
964 1298
127 1684
1921 1815
1188 2107
1609 1464
118 401
1096 753
1166 1989
911 1516
1261 1308
1420 219
248 1218
1995 2050
2033 786
548 1729
1820 1926
1968 1147
187 190
1734 75
39 1275
384 1140
1288 1487
1870 719
825 1847
297 762
1619 1548
248 857
1848 794
1256 1683
1334 382
1069 1461
2017 1805
461 441
1277 1806
774 834
1121 1113
1800 24
272 1821
1928 1492
812 1520
302 1183
1530 810
407 1262
1204 1700
204 1280
1984 877
1964 1829
54 1661
595 1365
755 633
1601 217
160 369
356 1709
372 847
1058 735
1613 866
215 1359
1018 1908
1153 755
675 1044
2128 1258
637 368
1629 1806
1481 591
1892 1815
750 828
1700 1996
524 1553
370 1828
943 1847
1495 1873
1949 200
608 2049
1249 33
1951 1367
144 512
1065 1769
245 649
207 1863
729 699
919 603
291 28
417 1554
1963 1213
1868 1844
1419 369
200 638
278 260
710 1214
520 535
722 548
1299 1533
651 1990
1048 1261
929 1747
688 1752
1312 912
1479 1200
1190 606
124 809
727 1503
78 383
1904 1339
1900 1040
240 514
1057 618
599 448
1637 1664
465 30
290 91
2052 470
287 734
1441 916
271 1369
139 231
1693 1621
1570 1575
1145 961
437 1001
1577 1538
686 770
1701 1305
374 1556
452 949
1092 827
1271 683
1223 536
1421 1309
1458 812
1378 47
1145 815
1436 667
1148 531
294 1115
1289 1796
991 1433
1253 1728
1446 1237
977 1899
332 1674
806 955
1988 248
795 1209
382 1228
2115 767
141 1579
1719 1958
1256 932
257 1494
553 1998
1626 938
687 1771
1689 841
1444 1513
1899 1634
451 21
453 645
2009 1343
367 1084
1825 1460
1307 1217
564 2051
1104 321
247 1078
1350 733
29 623
978 1160
117 2129
539 1226
1637 1963
1211 2009
1226 1428
578 729
956 1707
433 1209
1151 1541
9 2115
612 1482
13 2119
208 90
1613 348
555 1263
1074 1045
1207 1219
1848 316
111 659
1986 1600
130 1831
120 874
1869 688
1142 299
1958 870
1066 325
1107 372
1582 488
815 890
1791 966
40 1045
1180 1571
1752 233
1442 619
2145 2056
1237 1846
1464 1900
306 243
1834 560
992 885
1849 267
1027 1992
782 371
1129 744
1110 1877
2120 1033
28 1909
1569 1672
1423 2073
2123 351
88 103
1784 151
1754 2084
1903 2152
1630 1857
1948 2078
2129 1593
75 748
1662 237
1122 265
1907 1104
257 1072
1718 1103
1649 736
1946 334
1375 283
1917 1284
1408 640
282 1206
525 1846
2129 183
326 244
614 1025
993 772
718 364
218 119
1667 780
1093 1901
653 1744
748 2137
665 1835
1073 1649
146 1960
1700 867
338 1678
2121 391
88 1937
1276 1813
1453 1563
113 1964
274 663
244 399
475 730
1024 306
2147 716
647 1283
1666 1686
887 369
1510 1836
1356 254
252 1210
1134 79
1578 2136
1671 246
1539 1998
259 1586
2131 1581
155 802
366 1540
701 1334
1254 1793
1535 1460
1783 1071
1415 608
777 1177
199 1167
748 86
870 1608
182 373
780 1034
1944 1372
2140 1215
1321 995
1516 1971
1760 537
816 1906
2022 1445
998 1314
1568 1742
296 111
628 1320
208 1759
1648 1831
1127 1858
109 512
19 1451
802 1517
444 799
1531 1027
1929 1911
487 1513
1391 445
580 213
2117 1598
565 641
422 1511
514 1127
1175 1063
625 566
1315 1990
791 1122
1013 606
133 562
903 1711
1272 1991
2095 745
538 963
791 780
776 1713
872 1281
25 196
824 1365
1549 276
1880 2036
1463 1300
1021 1733
1489 1415
1975 983
116 386
875 2075
1621 290
635 1246
1123 624
571 876
404 1663
539 1772
1153 1607
920 1223
471 258
1944 1909
599 1270
614 1311
1079 222
1944 187
788 382
1156 2109
18 76
2149 439
764 1803
2147 368
1672 733
1846 499
1730 2008
256 844
433 2057
959 712
390 47
312 1168
1275 1242
285 539
2128 1870
755 46
713 493
1327 29
1952 353
2049 41
737 1465
1396 797
1298 387
794 2022
1306 1467
1350 51
1512 2076
1642 1635
832 1382
118 1726
2125 2148
39 1039
399 2140
1061 627
175 239
253 1456
1459 381
1455 649
1741 153
988 1358
1530 1160
1410 1813
117 1712
702 2101
1510 896
1444 944
1025 1171
1201 1140
371 2086
946 978
1211 1916
452 1722
1341 1663
969 1800
1450 6
2085 1767
1851 1651
929 1460
139 643
1024 1425
61 2083
669 1953
1581 769
616 938
529 708
809 1122
868 1081
359 241
1967 325
94 1136
2141 1875
782 585
589 374
993 915
2143 1617
825 527
850 1628
236 1144
244 199
599 1377
1147 664
1974 1445
1000 373
2019 245
853 1930
663 2070
1427 2010
1739 555
594 1941
1310 161
1067 596
141 1698
1176 606
1023 388
924 1946
1814 1915
1064 926
448 1436
1821 709
1644 1512
97 1139
1610 733
778 950
368 1319
470 1406
418 764
253 1048
760 1308
1761 1403
1533 1296
1873 752
1566 1401
2021 1905
2018 287
1678 343
785 461
1949 801
697 1630
1332 1532
652 1401
211 2132
1298 1673
831 1545
2006 1613
726 1904
460 328
791 349
415 1435
269 578
141 2056
1208 260
762 827
2106 1377
1810 1749
1865 1762
1299 1366
2090 637
358 57
876 230
1653 706
933 856
1249 625
1792 322
744 342
1217 1908
1713 49
2142 661
2051 1806
479 1657
1377 1937
1936 1789
43 1085
1270 1187
2018 1559
110 1790
290 326
1730 1121
335 1910
1184 2049
1136 292
1748 476
1820 350
1963 1589
862 2013
1060 627
643 2001
1063 564
398 995
1884 454
696 834
1556 1427
2131 2042
1652 1698
1881 681
852 26
466 371
1199 1756
2033 1809
1179 1980
1586 1748
919 1832
16 425
1420 947
905 1636
1633 89
1078 495
902 1338
1019 1990
1682 833
217 2119
1775 715
1401 639
1099 1913
414 25
493 1776
1900 1415
593 398
1667 276
911 1605
1653 1572
1589 1759
1546 475
225 765
1504 1069
1086 840
1120 1969
333 584
568 756
1973 1466
1520 1115
802 908
1654 439
872 1166
419 959
903 2071
825 6
841 1196
354 1030
1228 1488
1926 1016
2125 1146
1181 1656
1251 1314
138 542
1334 664
895 505
347 323
723 99
1355 282
863 780
101 1695
282 132
1642 575
384 1658
493 1436
1412 1705
381 2073
2073 1693
1981 2129
422 1218
611 520
365 190
1017 1226
766 1806
675 2158
737 1092
1582 710
1503 1412
906 617
2031 1163
1732 1179
728 175
1292 1690
1314 286
1480 230
438 487
43 2048
1597 1297
1080 2015
1506 687
140 1143
1386 281
197 1660
2055 2156
328 2021
211 1209
1462 1514
2106 973
1402 106
1151 1477
2058 704
1495 167
1910 570
1736 367
1046 116
309 544
1205 1452
960 1543
727 1234
1866 599
1204 1516
1330 2093
2101 402
1183 1916
1598 228
360 73
1701 1953
719 1104
455 1530
1851 1444
2122 1907
251 1860
1086 1929
1129 1007
1202 890
607 221
1416 1138
1403 1436
2013 959
2130 897
1085 1797
846 1232
752 220
591 1847
810 1420
667 219
1859 593
1073 1431
135 2102
310 1411
231 41
60 1871
1219 1762
993 503
116 585
450 1323
686 487
1076 1663
2009 501
1820 253
46 1107
1346 1100
1678 1907
345 1394
1021 1849
753 402
1480 1252
1293 446
1956 1552
1956 319
666 1215
668 571
205 299
369 527
1540 848
1638 1208
356 2053
565 1567
1313 744
1352 852
315 1223
1938 300
882 268
2139 421
1727 879
373 1618
29 2159
1349 643
1816 1061
1800 541
330 546
1140 524
63 460
1490 442
1982 540
2062 64
533 889
1094 286
256 826
2153 947
569 369
1856 615
1974 2158
522 462
790 1097
1950 487
428 2086
1573 1420
1905 1811
2142 884
170 1731
1803 49
274 248
548 860
727 155
798 1240
1447 1903
546 779
1986 657
1004 1006
1122 535
1163 1823
609 2097
307 1020
1332 895
1475 840
2046 638
1192 1584
332 883
2109 1891
1092 93
261 1639
356 1817
755 865
1938 722
2129 896
698 905
1168 1307
550 2128
892 1690
309 1775
266 1727
939 1252
2000 589
47 256
610 1730
797 1590
857 40
550 120
834 1887
87 9
1982 2143
1158 1755
665 1430
1812 154
867 1685
1909 323
773 902
656 673
2071 1313
1847 886
1386 1752
1748 1337
1754 607
833 219
1040 1270
2120 410
987 496
1593 613
1491 304
204 1053
2067 1410
774 727
143 1570
1404 786
1423 1992
563 1748
914 87
480 1425
1588 1918
312 121
1104 1212
1142 274
1845 1246
1351 39
408 339
1107 993
112 634
377 449
775 18
485 1570
76 866
398 1332
1423 1465
607 228
1488 319
285 1044
249 1347
262 1382
52 856
860 1283
732 2070
81 258
1342 437
161 2087
1822 1812
373 93
135 1047
1341 1930
2130 572
1988 1299
493 1574
644 2114
1530 1461
1925 26
404 899
1969 1876
95 1165
1484 278
941 345
368 2134
495 1599
1429 1362
616 1961
2082 741
360 1137
1315 224
391 1099
238 905
2158 1594
1453 1983
349 2008
30 1258
271 1928
1692 39
1838 597
2046 2042
1668 1846
692 1940
155 392
1143 1365
1410 602
2018 43
1374 1853
1809 1499
1004 74
1420 1921
165 2091
861 921
356 1713
250 1673
1282 1865
231 1744
2061 1591
885 689
38 1020
1448 496
1911 1459
1318 1584
1922 336
1862 261
791 151
790 1851
1875 1556
2033 1759
514 1816
936 712
682 40
567 1088
1677 1474
1166 1372
1061 509
1535 1139
1479 672
813 301
1544 1198
996 212
1369 232
292 1969
1627 2114
148 581
1687 433
1727 272
1159 1928
1520 1491
536 661
581 1726
1567 560
1461 430
835 1130
1090 1116
393 365
1641 651
593 1560
2084 82
1890 602
1647 1592
1273 847
1971 1775
950 645
1074 675
1326 1135
785 96
246 1678
2090 1686
210 662
134 796
1826 565
1513 2006
241 608
1759 328
1521 1350
1985 2011
254 1720
1549 1666
1543 1338
566 1250
1698 814
1909 185
449 1432
1140 1384
200 1804
2120 2132
526 1158
589 684
1052 1805
80 1672
1704 1676
277 90
397 890
1147 1405
1803 927
63 1046
1767 1641
1011 867
1237 870
1295 884
654 706
28 1032
529 569
278 2050
1935 691
513 1736
2099 1060
1174 1649
1838 1035
909 1841
266 1758
1812 1924
760 277
539 2014
156 965
1135 587
859 1815
1953 1241
2079 1325
1768 1673
826 348
1101 659
1359 698
1168 1557
1720 774
2154 1070
1201 1604
1139 1483
1855 131
949 322
911 65
1653 1280
949 683
1899 1390
119 1049
1707 19
295 56
1859 519
16 548
1189 2138
1359 1322
161 433
2023 1106
1830 2142
1067 1522
623 1537
24 532
1988 13
1155 1981
1117 1384
2022 1225
2090 1031
872 550
551 677
1134 101
1138 1286
1702 1600
1005 1074
1039 1207
1291 1045
846 1907
938 1869
13 642
324 608
712 575
1950 1029
2116 379
445 1914
1919 1147
1224 390
1795 959
1074 144
2001 1126
267 799
1958 401
2038 1070
708 984
971 685
1827 889
393 665
1982 156
2069 72
200 205
943 1539
1238 865
186 1730
1130 907
1212 1185
106 1454
1934 1061
42 676
1524 1084
574 1639
1436 2069
1263 837
1901 19
2012 1530
1198 2087
306 1210
153 1155
1166 138
1631 1797
1192 1824
522 888
123 1629
477 1365
357 1027
1476 1962
1173 1592
1323 2138
1656 650
869 322
1887 753
1654 1347
1302 1904
1101 1616
135 684
820 1618
1344 36
1916 225
177 915
100 1160
940 2081
947 2152
1733 414
63 218
1379 1319
928 148
1752 1175
1733 251
1638 1798
1584 899
1020 1743
1114 901
101 1205
1497 352
50 1138
1356 195
1139 234
1172 1483
1654 1207
2088 488
80 859
1264 641
1306 1625
1864 1332
291 1405
2088 1430
1810 664
1661 1266
350 1231
1060 1394
286 802
358 1673
64 939
1223 1045
1182 123
1914 1319
1330 870
926 292
917 1171
545 968
1929 1055
2082 1016
1255 77
410 1782
964 340
2113 62
695 1
1889 1848
1905 1888
1434 1487
2104 863
2005 1202
1958 1014
497 2045
1079 1258
645 1327
808 1582
671 82
1374 1359
1337 1953
992 2040
1791 803
1289 1420
235 852
636 74
586 1253
1964 56
983 933
326 1471
281 1097
1039 1200
1166 1765
1796 673
2100 1485
1751 1918
1605 1617
1038 678
1276 666
1503 333
1747 1099
1455 2132
948 1223
1831 1627
186 1682
1161 336
1665 353
978 849
981 1713
1392 1390
897 1871
1836 1629
1061 251
941 1146
1496 967
1300 1479
2131 1478
1988 1016
538 1217
950 589
1403 752
1355 1628
43 1274
1636 13
1069 1356
191 2014
549 223
2040 144
1176 1378
454 479
1433 1997
590 1475
1137 845
1351 1941
1589 1832
1098 945
548 1865
689 605
434 430
1884 1189
1014 1663
986 1775
1442 1144
1787 1740
581 1167
1226 512
320 485
855 816
939 1693
1342 379
13 72
1769 640
1587 2150
2015 1008
1492 105
315 127
1993 953
866 1911
688 1772
1226 1887
1169 305
443 971
1421 1007
1577 529
442 1219
1743 701
1479 2011
2041 396
45 1537
1739 158
1416 2159
663 2033
1008 501
627 1330
91 814
130 655
18 64
176 1493
435 1950
1673 1099
358 565
258 934
770 270
1305 711
2039 1154
1635 81
2047 1456
1689 1961
621 1026
790 1122
1603 255
1939 452
58 418
2095 712
1609 508
812 626
637 1477
1011 812
923 449
2159 1713
361 1171
231 1909
1024 908
237 1020
588 1978
679 928
1680 1037
1930 789
40 1581
1867 448
892 608
475 1218
905 1444
355 570
1447 1655
132 1375
1022 42
225 958
51 500
260 499
1560 880
417 418
1842 150
5 1549
511 147
2072 953
110 1390
1216 1408
1914 2074
1190 450
691 1672
199 1091
1116 60
1667 1735
1854 1442
674 660
336 1688
2132 1118
1844 1696
1041 1587
699 1049
1795 1135
231 1926
967 752
1501 1505
1977 904
1226 1151
255 1542
1092 1772
236 1914
2049 355
723 386
1627 1955
574 1305
1213 1327
94 1156
1552 1263
1441 842
559 1621
1707 762
644 1380
408 1692
2030 530
2043 621
187 875
529 1393
2100 1470
783 1844
1367 1686
790 1403
453 2149
1308 1673
656 385
1840 1325
1481 113
923 1705
1746 946
901 1059
1957 1702
599 510
1320 908
1322 1870
656 2121
2091 1001
1752 738
2141 1850
486 1134
469 1881
659 1310
198 1942
501 1835
1154 878
422 1670
774 1598
1031 1596
234 1483
416 746
447 1674
27 1138
914 2057
1875 916
412 1761
1351 2018
1083 2115
959 289
546 1480
2056 233
1043 1609
479 1416
1411 2126
1212 453
192 638
189 1508
1742 293
1612 577
1255 1535
384 430
306 668
64 1119
790 1010
471 1768
1167 51
1305 1570
1103 524
31 1495
1276 1279
2091 649
1476 2040
908 641
1293 1427
734 1270
488 440
1150 369
1036 208
545 1431
196 530
255 943
857 1441
282 1024
199 1458
1480 360
1068 749
482 218
1538 1207
2003 1669
314 1365
956 1120
1274 763
1120 1777
845 1503
890 1138
1685 480
1903 1956
37 344
1171 569
802 1596
2105 964
1027 530
1748 239
1537 1439
1190 1420
122 1533
583 890
355 1304
1743 2138
123 1788
841 1495
965 1133
1583 1663
1841 1972
1368 2061
2079 62
986 1230
624 1180
1969 1409
1626 1988
572 1898
1305 348
1865 47
1285 1697
1500 966
1743 1855
764 1023
801 1190
2060 927
1437 1733
1312 733
1748 236
1777 1893
414 2029
1060 1310
50 344
1164 1546
460 885
1769 1573
747 1449
813 1627
278 324
1509 10
494 1250
154 920
2009 914
1686 938
154 1754
1856 1267
1018 2001
1209 1809
1232 1051
381 335
1897 1418
1508 984
378 1292
1957 649
422 1636
194 673
2097 1106
2017 1462
1352 357
1368 1668
7 685
207 305
889 453
1334 414
1322 1452
538 1564
1019 1736
821 187
194 131
691 577
1692 2076
673 682
1463 1600
140 79
1736 1939
1928 2123
235 175
2017 998
1650 1633
523 799
259 731
1136 655
1693 2048
1089 960
389 1472
2136 992
688 1557
1490 1448
1371 1052
1634 351
1570 1451
139 1337
183 21
2065 831
1924 264
2004 26
202 2088
1820 2103
2036 1711
73 1461
850 1586
980 840
71 1330
697 23
1150 1776
1590 426
685 1494
100 571
1058 1013
2009 476
1217 498
1703 646
1708 1837
1231 773
1158 1246
949 1739
1496 997
1550 380
1705 807
263 1747
952 980
711 1834
369 303
110 245
1807 1046
386 1035
1154 1265
440 1628
2040 345
1359 358
67 1462
2012 1841
1543 1893
536 388
1081 1977
2043 1022
161 2047
1742 1327
119 1299
1950 1213
648 555
844 177
1723 338
184 714
626 2114
17 144
942 712
61 1760
1065 303
135 1519
1143 2050
2027 1618
976 1530
464 770
1505 1353
1608 744
1623 1844
2139 1706
1065 1877
1842 1869
101 1396
1992 1439
274 1310
549 318
596 792
1588 1945
1670 328
1225 72
1417 670
1014 1569
1504 718
2125 757
1202 460
1375 1257
1175 98
2067 2077
46 1106
176 1923
2140 1742
1084 2086
652 948
1978 696
1852 1111
349 1467
525 840
1746 1620
365 902
2033 1316
158 557
1858 1876
674 583
1027 184
1194 1387
879 1552
1136 1877
1729 294
1513 1663
874 1541
619 1447
1632 1103
524 293
333 211
1672 626
259 1584
317 1728
409 1336
2146 1626
668 585
1790 512
1940 430
2092 1927
754 287
1879 1974
308 300
1770 1457
191 776
828 359
277 1447
2114 2086
1594 1741
2128 535
1452 845
1023 1414
834 328
313 933
807 1156
430 1926
212 947
981 1259
1238 2013
1484 682
1938 1787
1533 1289
91 1585
1854 1510
1222 442
632 2100
93 1919
1176 1739
1047 1518
119 1436
1936 638
861 991
813 501
2051 1888
1918 257
309 780
692 1080
594 767
641 267
695 428
1205 822
1268 1369
1088 225
1810 862
2058 2092
639 626
599 2020
1344 696
26 1361
1095 391
1111 765
1852 592
1934 878
1139 898
838 399
1251 1433
1869 445
1591 1723
1177 2079
248 1355
940 554
364 1411
318 511
136 484
2067 460
223 433
1157 1645
2068 1138
29 1671
383 326
656 13
1354 1078
17 234
2111 2106
1569 2132
320 451
1245 536
1071 1611
1254 1699
1168 72
1824 484
1187 428
341 1650
906 146
144 1713
1552 1593
1617 147
149 64
1315 301
1800 1841
1124 647
1303 400
1077 110
706 257
674 1666
331 1713
1686 1452
2054 1258
1123 1409
1391 1710
1373 647
791 1700
2044 824
985 2123
353 1345
614 1197
228 1109
215 1872
855 1584
1860 1866
1493 479
360 1684
1675 1570
249 1349
616 1108
1349 402
1127 674
490 1221
2007 351
1251 2096
1756 291
955 2036
1820 1221
510 2006
1581 1163
904 1590
1403 1338
1501 1860
744 2103
1143 412
349 1808
340 1526
1039 2122
1874 63
1355 1200
483 1037
752 2156
244 779
463 1737
1800 709
98 1987
1655 1342
602 1853
1542 1548
920 1028
1789 1719
981 1354
1888 259
403 1473
1119 1487
657 1255
1237 710
5 694
972 344
1950 48
200 766
1258 687
1659 1256
831 2094
69 1690
10 2131
275 354
1011 1077
393 1524
575 2143
1848 1210
1866 1750
2089 1889
286 1637
2050 2126
1523 1496
580 642
1974 1092
1896 1765
2112 1281
2035 408
1360 522
734 273
518 1279
542 1838
1614 470
967 1552
639 581
1924 319
2004 1017
519 1416
1189 801
602 751
105 836
1545 864
1699 94
1622 1930
1335 569
355 1556
1205 189
1514 759
1555 496
1676 2071
1530 1442
1523 21
967 1803
1684 410
1609 1936
601 1758
1173 274
1898 387
1715 964
1636 1205
1334 1685
75 1191
1934 893
1106 2100
826 399
2107 163
1992 665
980 1250
438 2040
1123 200
997 1189
1387 1676
1803 602
30 1039
1643 1587
476 1941
1013 1727
103 1779
1962 72
711 1406
120 1130
1121 117
1284 1351
1505 1397
1762 77
1100 1246
932 490
2075 1936
1118 107
750 1917
58 180
1950 1708
959 77
1151 1311
1731 181
549 231
759 1523
215 1076
1607 648
1691 118
402 1138
1906 1739
1035 18
178 1501
810 494
1399 1715
1020 1043
83 1067
1250 1029
1581 654
1943 1221
1352 1500
2114 2053
437 1228
1776 733
637 1332
13 142
2145 59
1954 82
452 344
2157 1480
161 1939
1678 1651
1841 1019
2126 1930
344 2101
1778 1214
323 2108
490 1130
1810 1469
1143 519
1214 1789
1506 860
312 1737
233 2010
2146 1534
1440 22
1065 706
175 410
1624 1623
1306 96
557 1237
1064 452
1373 268
221 1422
168 2117
1300 1367
10 623
1115 332
1011 933
711 1374
1990 2109
1474 70
1491 82
2099 275
327 1608
860 1531
1541 760
283 1466
295 914
698 768
681 30
121 1667
1682 1173
302 188
1909 1037
2107 4
697 1334
1926 1573
1783 511
712 322
1002 719
495 175
771 1042
1182 1392
415 1327
1904 179
815 1166
35 1332
84 780
1000 1561
1958 397
1919 2077
621 1583
1352 223
43 509
678 1579
1808 199
1636 949
2151 757
1597 1013
1485 1834
1991 1090
827 709
744 2131
1404 1125
1654 524
817 202
809 568
434 451
79 1666
1161 118
156 153
257 1040
976 198
1279 1234
732 1190
1023 1135
1268 1644
1907 1442
494 1050
1798 769
1638 1093
1786 997
1191 1859
878 364
1834 1027
1510 1317
1975 1948
233 873
2082 1001
439 773
79 874
742 1942
1168 1939
411 900
1737 1572
1719 1468
838 1432
1542 79
901 466
1106 1035
702 717
725 594
1375 294
699 1630
964 1630
285 1337
419 1291
950 1848
114 306
1105 1359
225 1712
487 643
1664 95
232 1640
1971 1128
45 1448
1763 371
69 1959
1851 478
1927 361
938 207
1412 617
299 924
889 2149
69 1753
1067 170
477 1723
116 1042
354 1944
974 1110
557 503
1054 1866
1163 1979
11 185
1259 1691
1961 593
775 1299
1908 2009
1448 2154
157 493
402 1665
1401 631
432 445
805 1834
1523 1002
534 680
448 1457
802 743
1418 1348
510 2119
1726 2144
1948 63
18 571
2006 1081
1157 916
1339 1170
445 780
1885 1104
547 381
559 196
1222 1030
752 1638
1477 390
1139 1136
645 1307
1689 2002
1877 2136
2025 522
1821 869
1083 365
1199 716
396 763
542 2078
1328 1599
1011 1275
1049 1560
260 1194
2089 710
1109 1617
737 1390
331 1380
1312 1848
878 1744
1549 323
1832 929
208 1181
1050 1290
1067 962
1907 984
1473 1586
1163 1625
930 432
1343 578
888 978
876 793
1858 945
246 402
1690 678
163 385
209 831
363 1616
1817 957
1869 633
440 428
1654 503
1320 510
1594 801
219 318
446 179
1666 2077
1248 1146
97 147
1782 997
221 503
332 1850
1812 2082
657 1048
615 1244
346 2100
2005 2033
24 1445
327 1956
917 1853
503 951
354 1320
533 1872
1776 1364
1374 1974
307 1620
1233 2116
657 943
565 839
1314 644
43 802
2070 185
1171 520
493 1544
691 609
526 1926
1993 1820
316 451
1973 490
671 941
1489 264
1045 78
577 2135
1402 1010
1451 8
1105 1859
631 1664
120 669
1406 2100
205 567
265 122
1337 1409
2049 285
58 725
263 723
1498 381
2021 621
1431 206
407 1485
2029 163
1381 159
1804 835
1102 391
1271 666
1973 845
1966 1752
2053 1950
794 1341
2005 2115
148 1202
2156 2007
813 1736
1326 2075
515 1869
1463 2007
97 1166
303 1624
1437 351
1832 1632
486 1212
1314 1514
1999 1612
1737 990
2052 225
2069 947
1287 809
66 1381
34 1666
2008 1605
1989 1610
2007 291
843 1760
1360 326
338 992
237 444
78 167
1744 149
1639 1354
1254 1870
688 1902
439 1748
570 1316
1661 1743
558 1754
1502 1003
1476 1381
674 447
1921 1269
61 986
109 1503
28 1871
384 1965
153 2003
430 1977
2117 1812
1172 608
1856 214
1818 1477
1781 1525
2048 498
855 757
278 640
852 103
1561 982
2004 49
1593 1327
122 690
2153 507
581 1750
1141 1725
670 607
84 59
58 961
453 534
743 1744
1785 1811
2053 1394
314 1678
350 2058
1600 1335
1258 309
1005 1042
531 1667
77 562
1954 1618
1716 1418
2138 1666
170 733
111 1133
1012 448
210 1431
1307 651
2045 917
1639 1981
823 594
225 429
1337 505
375 1422
279 1850
1067 284
777 1980
1799 1612
678 1446
2130 184
379 656
217 847
801 161
28 530
1009 1343
1162 266
1629 2001
1165 175
129 2085
317 1080
1373 2122
1983 875
989 1453
1755 1049
173 1468
52 918
1710 157
1619 1245
488 1427
2128 450
930 1240
817 1665
2017 718
1279 283
1666 972
1111 1802
754 1536
2123 1152
1873 619
1152 2076
542 567
1081 347
2064 1312
65 1176
1989 29
1980 1967
895 1207
1005 1397
1804 1398
65 1930
1594 425
1125 323
209 1446
1665 747
169 1291
2130 687
103 1807
1488 502
1781 675
1874 976
67 1757
484 1364
135 34
563 1451
2065 345
3 1760
1429 2155
947 731
741 507
2157 1068
1715 1926
2009 396
519 1256
1060 197
1408 1666
1792 1945
545 874
1276 752
1926 457
398 696
951 632
1725 571
2002 1476
952 1040
233 672
1684 320
410 320
1974 1613
1464 121
1953 1153
1838 847
909 980
1567 1904
1472 593
811 202
1731 1405
1348 1752
1106 2064
1811 944
1654 448
986 1466
2040 1029
1816 31
545 231
374 1667
353 456
1813 1877
3 1541
986 989
528 1070
1858 1029
1977 934
1152 1528
1033 339
725 248
457 241
79 773
275 1461
2011 1904
1631 710
1107 350
478 389
49 694
1502 1690
1357 1221
1074 1072
1320 1079
2053 1123
1328 982
1400 1695
184 527
522 1191
1294 451
137 849
1643 534
1366 520
130 730
365 1016
1971 1390
2011 1096
1050 1695
1383 1989
252 1118
1279 1228
747 889
2111 753
1065 713
195 1860
973 629
1827 1667
185 1724
1127 1715
1733 1027
229 1507
1021 552
122 549
2014 725
836 1442
463 1481
876 1682
2057 598
914 533
1631 1323
1509 1781
1045 562
1003 1262
107 110
1901 513
918 1576
848 1044
646 1461
1165 1554
1619 920
1175 769
1539 1671
1191 1305
1353 1161
1834 466
1131 823
167 2077
949 887
73 138
1999 991
625 2157
665 1834
1887 199
6 169
1119 527
1874 838
1722 1763
1573 1943
864 1448
244 1190
2034 1247
1140 119
247 84
1367 20
139 282
1173 1544
1277 405
967 1664
775 2039
1216 1883
1897 1892
1257 122
1507 2075
430 1916
1432 742
179 486
1646 1145
614 18
382 252
52 1068
63 972
41 268
1325 364
1737 76
2090 887
2091 167
1322 1277
190 2052
46 1249
997 1877
1953 476
1808 362
52 1719
648 712
769 1284
1408 1853
757 1115
1618 165
1711 17
1881 1309
1799 419
1915 704
1246 1918
1259 1610
700 776
1439 880
699 216
371 1853
2009 481
1642 1429
1295 1839
348 1486
1652 722
899 2110
1738 1642
1388 668
1049 867
531 1758
604 882
1573 1080
23 451
406 1064
1984 1819
508 1521
704 1728
1780 157
1055 714
266 33
1887 1536
1499 1556
1251 1553
710 194
410 380
1252 1250
1343 400
1760 520
365 81
1835 1744
559 981
917 1014
717 334
2023 1470
2016 97
1910 1958
2048 1988
1183 610
192 1843
1793 603
139 1751
331 1453
1122 740
1976 1015
1895 1265
273 590
350 595
677 1765
490 1962
166 1808
539 1835
1543 1434
878 1325
1410 2000
519 1664
1205 1023
1792 621
1942 1935
1867 793
1079 669
353 141
1198 1548
1445 675
921 545
2159 242
699 1357
967 201
1220 1244
1312 1579
504 560
1368 320
1103 39
1599 581
1195 426
522 1019
1804 260
1683 296
297 1685
1050 565
1468 388
1436 801
1798 334
1262 1656
510 1633
1993 1296
609 83
2156 1494
535 29
1412 1214
1901 72
304 1204
713 1826
1436 1589
1924 306
911 1137
551 418
1963 1852
1740 843
2023 1207
427 572
487 365
191 254
1774 1901
1056 440
1533 1831
1926 186
1443 2020
2101 1885
1310 1375
2106 553
34 1544
643 1507
751 1731
1209 1179
882 430
1715 1840
83 1419
615 748
625 538
1004 882
972 376
1029 1703
1824 2088
1027 326
1693 1418
690 1383
269 759
179 1200
1416 538
886 1238
608 210
646 1708
349 1950
1196 828
478 1092
1906 1849
101 1272
1118 666
473 711
560 969
1424 223
863 412
1995 769
1582 1344
1491 1464
962 1403
1950 1157
2021 1957
818 116
1385 568
1481 1688
1943 1535
1656 1915
1113 616
1357 1779
832 579
1902 1918
1420 1671
1431 1041
1930 1536
2085 803
2074 2053
1408 1616
2063 124
1190 1314
856 805
365 775
1280 849
281 1936
1850 1837
1523 1171
1103 27
548 750
2135 292
529 1839
1382 313
1050 454
147 705
1226 1042
28 1339
1354 261
1963 1039
556 2042
1625 368
2123 1875
2107 278
267 567
100 2104
1063 536
1477 1582
1896 1238
2112 305
1516 285
1440 874
795 1485
20 349
960 1687
112 2078
1224 2
20 1378
1800 779
471 2102
211 1986
569 822
1599 251
1474 282
771 1666
1290 239
1481 82
374 405
924 1948
270 1627
961 1293
1604 1892
1934 1819
1584 2062
171 1749
1986 413
1935 991
1836 702
789 2004
2070 1086
2059 2070
139 1965
397 1035
527 128
1465 935
1008 214
538 1870
669 1213
1986 1844
1426 1462
686 2010
1563 1944
502 2072
957 323
1593 1114
218 898
404 1524
1424 1840
1833 540
1955 1561
1821 1786
1677 1060
1179 899
651 1275
403 1742
1351 453
22 619
1516 2160
72 295
1170 375
549 965
323 199
1169 1211
1211 435
1908 1585
109 488
1364 1914
405 583
1968 564
1439 929
1071 478
1120 1827
873 323
1713 456
1801 1561
1727 1045
2095 120
404 83
807 1477
1111 1659
964 118
1140 1514
1817 531
1483 995
439 513
1061 1338
1790 2077
64 865
1507 66
745 1305
1045 274
1797 971
677 771
1661 1859
923 262
936 1885
1331 1877
1574 1487
1217 1358
2037 867
1352 1715
752 2153
1593 1084
1051 2023
2068 1412
1642 896
126 111
1940 925
1975 665
282 1725
1662 1797
665 541
435 168
1320 370
1268 1065
837 350
135 1063
1086 162
251 1072
521 998
4 1615
385 214
1254 572
1748 1724
1662 796
140 294
495 1540
679 1063
1739 1383
2097 871
1175 590
1251 1666
1472 1610
848 2102
1630 1649
1008 1181
565 1797
1139 186
949 610
1728 684
377 1761
1312 509
1575 1122
954 1829
1538 911
977 1037
1666 1812
1089 907
1218 1386
53 553
896 14
1494 2003
170 1721
873 700
392 174
1303 1942
1633 1535
188 923
980 252
976 443
588 583
788 941
1627 1123
1746 1881
651 1028
1212 578
1158 567
679 337
316 1308
640 1734
128 1615
95 378
421 2055
1225 1857
1452 1941
1764 996
451 1778
1256 862
1070 1783
779 874
185 1963
69 906
1730 1130
2073 171
1244 1399
895 722
1340 557
725 723
986 1848
1976 2124
1956 738
1601 950
1422 2134
1580 234
30 1116
1945 2118
284 703
1103 1009
555 872
2104 322
344 619
925 2150
1140 843
893 33
281 466
75 1950
849 2108
679 976
1561 1829
1604 2158
805 2123
1287 528
922 1022
1154 312
2089 1926
1608 958
1188 484
257 2000
691 717
303 2123
1435 1497
270 141
928 460
556 1556
1128 2125
1938 1056
188 800
1259 1639
2078 1630
1404 1830
330 364
1974 137
153 1870
677 1769
21 1395
1851 1268
1033 966
1495 402
934 147
1995 1210
556 726
388 1105
1558 1360
425 635
669 152
367 383
1867 369
933 1910
155 219
1038 247
1218 2069
203 1002
962 965
780 413
2019 103
392 1596
1101 832
1365 1505
1255 429
1536 1717
860 974
2014 30
1868 284
739 2109
1384 569
1576 415
1508 1653
497 1838
2134 2113
1170 827
1030 1204
35 947
810 507
876 1693
657 1615
1428 1254
814 1395
400 1822
1449 858
317 1589
977 622
525 2033
550 297
1340 1861
1485 1046
1744 235
1926 1051
924 107
479 415
1505 1863
589 2047
669 336
828 1130
1818 1481
1205 1186
1392 1781
882 2027
353 969
1781 1578
1161 290
627 153
1009 225
1074 905
1498 434
105 922
521 1803
619 870
1700 193
2073 272
1436 504
1749 743
284 1883
1821 1462
401 909
1228 1603
1600 436
1836 1921
33 486
209 1234
1163 33
303 1891
982 445
311 982
2073 297
1538 562
1215 222
790 1571
1884 395
2153 1131
2090 923
2143 292
2150 422
837 1695
1799 708
986 245
136 2121
181 793
1549 276
732 195
108 1969
262 1494
987 296
1152 521
170 741
1911 574
1114 514
1370 588
443 1301
1355 698
1448 346
892 1654
1583 634
1511 1989
128 1097
496 98
74 1758
284 1176
1526 685
495 425
1533 1659
759 1705
1181 1165
1442 710
1956 285
1816 484
1027 999
606 291
1045 175
1223 1341
1078 1229
1776 1050
1719 248
1572 1982
2033 971
1162 2037
1399 1722
1609 811
480 211
1792 550
720 231
200 1050
1183 968
680 1164
1417 447
70 461
1467 143
1525 1475
1299 2074
849 1858
1490 1296
810 516
1791 42
1011 959
301 889
1903 982
1860 1529
598 931
916 830
530 139
2044 1641
1368 1284
1029 934
636 1121
2146 308
1083 1994
1472 1779
423 1274
1345 1831
1819 1269
1678 1342
1629 1681
952 515
239 2023
2143 1829
1043 406
514 300
1969 1766
1997 545
984 834
1878 971
314 879
927 2078
388 486
112 492
1747 1367
119 1600
1903 20
605 207
262 874
23 365
1355 1856
390 1832
1033 1528
567 359
940 1311
482 591
203 161
1869 1858
1875 1787
1443 1467
1381 369
578 670
148 1389
229 1686
1461 2128
1552 1462
1959 1091
1248 182
1142 242
212 284
1657 120
2081 1374
495 1912
69 1423
918 1106
1823 1893
1676 1418
1992 1340
1713 170
1507 948
30 660
141 723
270 1163
15 562
1419 1207
996 317
1065 512
1179 154
140 1910
1447 689
1601 1161
1745 490
1025 1612
1981 2021
1396 1861
785 709
893 1163
1268 168
1730 1174
2151 1996
1084 335
2117 346
276 2055
743 1636
1071 429
1432 679
400 496
2151 1165
326 847
1701 1127
329 1855
1339 125
462 1426
1242 780
190 692
1074 1481
809 324
1263 66
1834 1760
1327 1669
39 1619
741 1139
1585 1055
2124 1130
1998 1700
789 1885
1479 866
1619 1534
2051 268
1451 1755
1883 1301
1089 766
358 1515
771 1918
1391 771
1670 312
361 445
1600 1420
194 348
192 1415
897 1994
2059 1962
780 1125
1616 1875
659 483
161 1726
877 98
909 405
1599 1772
715 1054
228 1897
242 1504
2141 198
318 1413
1579 87
556 1576
329 1618
1163 379
1646 764
548 1702
1991 2051
1118 20
2113 608
2031 31
2149 2071
987 759
1412 924
1748 940
1523 1866
417 372
296 161
984 629
439 687
1369 1203
92 13
36 1318
87 1920
395 603
879 1663
1914 856
2099 796
1837 693
1082 477
1421 1180
295 2026
525 1299
1423 1052
1353 1473
1329 1091
776 2154
1046 1400
298 247
1624 1912
1523 492
1986 1892
1689 1282
1917 60
1936 336
117 1560
2072 1144
685 1258
836 949
832 412
671 2097
1095 1942
1340 1817
117 513
1241 1241
2098 75
540 1018
2019 605
134 1463
936 1802
1583 1034
1016 1270
1145 544
906 448
298 2030
2133 142
562 1325
957 987
1569 69
1478 1555
334 797
215 315
958 1868
319 1594
842 591
2034 1552
779 1667
654 1017
903 943
806 674
817 394
1758 1319
662 1248
1420 1313
90 551
990 1602
73 888
584 1379
631 1618
1291 1541
13 1839
404 1804
914 2109
139 1583
357 799
90 999
1003 2143
1832 1025
248 1538
515 275
525 987
1590 949
36 134
1627 1858
542 1995
554 1217
2044 2081
884 1455
317 1995
1671 1693
1851 765
1464 1854
1940 484
539 1716
1940 1899
1733 1973
210 70
74 319
1458 865
147 2122
766 1454
1087 1462
638 1726
2114 2050
1232 1321
1717 757
984 260
1476 964
1283 5
1623 1455
755 348
504 2134
1869 1835
1256 654
1866 1322
988 788
414 1515
1721 528
362 321
1124 1784
1230 1900
94 1810
501 861
171 2050
1326 1567
1212 1659
938 8
2015 1354
392 405
1267 935
1214 1643
1375 161
1604 1258
424 1424
1950 1709
1801 364
617 1944
375 542
83 323
1290 408
1234 171
259 1519
2107 1617
1358 785
1498 46
2063 1869
605 940
1231 1053
2118 271
138 85
331 391
659 1733
757 514
1182 872
1657 612
1025 1913
1688 1428
1602 1817
465 773
1170 295
754 298
971 434
1823 1664
113 1537
34 1157
1659 1658
703 1085
1783 507
2019 1468
63 1898
337 1581
454 586
510 1129
1555 1568
80 1705
1549 26
640 1325
1393 295
1271 2109
774 959
489 1144
1877 1534
342 1534
771 1988
850 1536
61 165
1792 540
1878 1745
1778 601
1186 1322
1988 513
1912 707
541 1881
1533 557
1318 1025
543 2067
1314 937
560 1575
786 1868
1902 666
1367 1760
1590 1182
435 1052
146 537
633 475
1754 1020
1649 203
272 1132
1520 423
855 585
132 776
105 1462
438 1397
1835 388
1285 1844
1314 1728
972 1761
432 1716
1989 180
573 764
1067 90
71 1807
791 904
680 1674
1355 224
976 848
1497 1610
2010 1571
929 321
1230 195
1910 951
1084 1289
372 69
22 1805
1724 339
1486 900
793 1078
1537 850
1890 45
210 79
2061 1192
1542 383
2000 1370
1665 2117
1028 949
437 364
623 1691
515 1225
76 210
77 1570
288 674
1136 211
1189 1696
632 1383
263 568
1898 1965
1498 1052
1470 617
1516 2060
1114 864
1934 438
1981 537
679 1247
65 1768
1166 1862
1900 48
1136 1202
1036 1500
1740 1346
1452 34
1644 538
286 1484
686 255
2056 380
817 995
1197 666
449 412
773 516
1019 1067
737 1938
584 2098
1595 130
1876 426
553 107
905 1
1117 787
371 2105
1419 448
1149 1637
1449 494
1018 693
461 1950
881 1715
281 892
2152 1026
2019 1671
1331 1800
753 1855
1417 768
1469 485
721 1240
1232 1851
1581 648
1683 2096
788 8
1645 1466
1667 838
1184 926
1920 232
947 1243
1196 1497
396 853
1524 1803
2040 680
751 936
1976 1288
1433 668
1499 428
2000 2078
2068 1779
83 1435
428 2081
1848 1235
1343 772
484 1683
1543 1573
136 2043
713 1064
795 1085
1471 859
1456 1248
995 1754
151 1169
628 1523
2021 614
86 499
1685 236
1292 428
559 132
1237 1179
681 772
1873 1293
548 2036
1385 1196
966 1192
1481 33
715 98
887 69
768 1291
1216 1727
2035 721
346 1820
1879 1156
67 2102
43 1273
1284 1871
289 1328
270 1497
817 922
1721 1238
443 166
1324 1741
441 1224
1556 1504
839 458
69 1265
804 413
1536 2119
1456 1869
288 1295
791 127
929 1771
9 415
842 741
378 1828
1077 1862
1965 510
1173 1362
938 1834
2071 1376
530 966
1648 1448
1119 160
1052 2143
577 1957
1934 207
118 1633
313 676
999 1029
1449 247
1287 472
286 138
1456 1261
981 1996
208 1963
469 2027
933 1554
1402 1852
2062 1334
1963 308
1042 1928
775 56
1753 1
1241 1501
21 1707
500 1447
764 2003
1357 1144
1926 1922
1051 710
1015 1717
42 322
692 950
495 1392
1726 168
1358 82
865 498
861 957
1168 1628
1158 1402
168 466
1152 816
305 584
532 1331
976 1217
288 631
1864 467
336 310
1683 157
345 1501
496 125
920 2102
1797 1010
1540 997
1585 776
106 1331
614 691
1379 1011
565 1274
1498 1323
608 473
784 1883
908 914
543 1685
724 1172
2099 1441
1212 361
1087 1544
1177 1623
1578 107
1624 172
1796 1221
905 1227
259 487
1022 1617
816 278
536 1850
92 423
1826 2031
1394 458
343 1149
1726 2015
1068 2086
1858 494
1307 1297
1488 1588
1854 1523
1899 1195
118 1229
729 865
688 338
762 1520
1775 1278
799 1637
760 206
54 226
692 942
2051 152
1037 1645
2007 1293
266 1198
1300 1774
1611 393
2021 1184
5 2115
696 640
1846 677
2017 472
101 2160
1385 1542
1227 96
814 1538
2077 575
584 1683
714 638
906 730
1681 522
2118 1646
1618 1208
142 712
546 735
1121 1282
5 1234
2010 889
902 1271
1222 1086
720 933
249 1695
511 276
451 1447
1192 2091
1676 1444
1240 1249
116 937
240 2057
1690 526
1962 560
641 571
584 801
103 1640
949 380
418 1787
1325 231
791 445
686 1451
1294 1116
377 1968
1869 310
681 1102
666 1013
2050 1948
691 771
1250 1178
1231 1909
1715 1579
1462 1626
1406 1124
495 1406
757 1459
1575 1476
1014 1304
1967 169
836 757
758 1575
727 1464
556 1777
2151 1745
596 1014
844 1879
200 1191
1029 1255
1416 245
2080 1047
402 644
1654 1351
591 1893
2140 502
910 1314
132 942
1387 250
1919 4
1845 1398
1769 1282
616 909
279 2061
1120 64
657 803
168 1780
1886 215
833 1079
1826 1622
2094 375
289 1997
1578 373
978 2095
1274 1784
1422 472
811 1422
1072 414
1030 1306
1956 1101
1013 1813
394 588
1797 1442
669 1254
113 1361
667 1018
2036 1687
333 1003
498 1799
1620 1103
698 1657
2157 441
1626 1981
2041 907
454 1600
1696 1024
1938 1902
575 685
61 428
2124 841
59 1306
1568 428
1025 291
1056 1324
771 1544
1613 498
463 1759
1662 2157
1867 1044
1891 2027
1064 2033
1927 338
2007 1825
1366 312
2059 1133
1085 588
2077 1641
1502 348
881 26
49 1785
2045 1176
1856 1707
667 816
202 277
1957 950
1602 751
928 289
1377 1415
1683 490
1087 1652
1848 2064
377 825
509 1655
1575 725
178 800
2017 1734
525 82
693 1583
573 1864
1119 432
264 9
1931 111
1568 1607
421 1887
251 1847
129 1824
1264 672
747 958
665 798
322 190
2046 993
801 1942
976 1302
1834 1004
291 882
776 243
564 411
1319 1404
1545 1001
1351 1648
1952 386
439 2148
1011 1879
1019 529
366 395
2043 1115
1370 1849
1742 2038
1092 160
1060 703
441 961
1490 27
1262 1279
1446 7
503 21
2049 1866
442 1667
836 887
724 1912
828 2107
1503 306
1107 297
2062 602
1431 1239
1607 847
1734 126
789 828
1628 102
2157 1204
1934 1301
268 1327
591 1000
931 1948
2120 379
1961 1513
416 1139
97 606
1497 404
910 79
1714 870
1540 796
233 1380
1270 832
90 1134
1235 1582
1631 913
1303 164
18 472
983 879
1967 666
549 52
1024 614
1729 977
521 1735
2008 56
2030 1800
78 1976
1389 602
2021 838
385 1713
896 1048
146 1982
644 1338
239 1013
519 432
111 182
1591 383
1082 185
793 1525
2070 1057
257 638
747 1119
11 1158
1490 1576
1003 1587
488 1709
1421 1780
192 1549
527 470
140 1979
1839 1514
1938 2132
1729 447
11 1501
550 1894
567 1163
378 844
695 941
982 682
1659 876
2002 175
325 1023
2012 5
1654 926
1589 1699
219 402
2061 1415
1168 1504
1110 877
1854 1678
752 1403
1062 1526
458 663
384 762
296 963
2048 678
1654 2094
996 1387
1468 354
296 1395
1441 268
689 2091
1170 1678
519 843
2131 552
405 13
461 1997
225 258
366 1118
1418 894
1308 204
597 89
590 234
1043 158
1514 2138
2041 1271
1678 806
1446 1879
925 1397
1331 810
124 1241
1318 911
1767 860
386 2126
422 481
620 1052
538 315
921 589
1646 1213
412 1358
1314 387
1055 115
1593 832
137 1267
959 1622
613 970
598 276
194 1126
159 2007
950 1448
807 248
2032 1182
766 453
1876 493
1318 684
229 406
360 750
21 408
2150 227
457 1663
436 2145
987 1877
1378 74
183 918
2012 93
1939 1314
1122 1519
1479 56
444 981
1385 1287
419 985
1791 852
1292 543
1102 1850
1924 846
1366 1472
1025 1713
596 1977
467 1028
2054 197
1710 1326
523 629
117 1308
956 1478
1458 1195
1226 892
980 52
76 1462
1179 1347
2037 1723
1109 1586
270 1163
2004 2057
584 1133
290 1244
2160 996
353 1071
1824 1527
1718 1877
2013 1105
1211 229
1103 1974
1942 1105
731 1030
741 2054
2087 218
2127 976
2107 156
1078 487
649 1506
212 2044
1567 1942
656 1211
1419 740
1500 1213
2059 1916
854 320
6 625
1552 456
1197 1507
996 442
396 1803
1176 149
1498 419
1610 380
1059 1294
742 267
692 455
59 1653
2074 1268
47 868
590 904
1228 218
1546 319
1756 1150
854 1103
494 1796
142 301
1115 164
989 19
663 1398
1202 516
1341 890
70 110
1275 205
1174 2062
366 1004
739 1181
1559 378
259 1531
1867 1906
485 1446
639 1000
777 542
342 127
1981 795
2002 206
1801 1235
1870 2037
1711 4
1984 323
722 1194
1994 320
94 834
1350 839
914 1114
2004 2147
455 1445
1704 1661
41 80
1326 1660
344 88
220 170
290 533
893 1803
1957 421
625 1506
969 1487
1891 62
1414 1536
1261 226
1148 941
1585 1594
1627 1190
781 1280
1037 697
380 2077
1405 683
345 693
1175 994
1431 857
716 672
639 858
1944 1689
205 654
245 1624
1634 526
1568 487
1735 748
1650 257
1352 707
133 512
359 1956
1080 33
254 2122
642 1919
2061 50
1061 1268
1949 982
23 1265
1370 497
592 1970
381 1283
1867 575
60 1813
791 562
1931 422
172 142
973 509
382 347
1683 921
396 1179
346 795
1113 165
1937 337
1074 1565
1665 1517
803 992
1251 1434
2094 815
1756 1450
1324 679
2080 1714
287 973
265 75
1489 1441
252 1576
1504 2138
1151 1934
177 1615
36 1904
1325 885
1993 1723
1640 406
1190 1452
1658 1537
1902 1897
451 1396
427 469
71 1964
941 1335
1511 404
877 1514
1232 728
1824 496
809 206
1557 799
2033 664
1224 391
1971 892
1263 145
2069 1994
779 1586
1731 1752
1580 1978
1824 261
1167 1078
1260 920
1763 558
1784 1480
1626 1300
1107 1286
2086 830
1068 1099
1764 1318
926 1283
1954 612
1511 1558
1236 1510
2092 2052
560 1
1305 826
1692 1923
864 184
1399 1459
720 2060
235 1288
968 401
2158 496
1408 1990
1961 730
1214 1132
785 1552
88 1427
714 15
1351 1735
812 890
1410 1745
1727 459
1800 1648
1893 1492
1597 353
29 508
1860 500
958 2121
1895 1223
2012 2096
50 1410
1677 1409
1277 1003
265 1866
54 632
605 730
1938 1829
759 1608
1566 746
373 825
1920 293
487 260
1298 1090
826 1407
643 32
1629 750
1053 1859
732 931
1218 872
1806 247
1661 245
1917 1105
1232 66
529 478
2125 388
1545 958
977 153
540 360
427 401
1467 2
1408 1007
810 1531
875 1074
1123 1161
1919 1376
566 1151
2046 837
1043 1682
1987 30
1433 54
2098 563
1168 1608
1421 906
502 401
1380 2053
805 2108
720 1416
1349 1117
1757 1250
1658 1400
1651 110
185 1034
1830 757
422 296
412 606
619 472
1202 1354
723 1533
782 1268
1574 1053
778 39
2063 1824
714 1125
1673 2048
870 1481
477 673
1484 1313
765 832
491 1760
727 1985
669 307
1882 1025
1723 449
7 1592
1309 1766
880 893
3 1733
2015 2145
945 590
2080 47
1340 1226
676 1333
339 315
1315 1946
1877 1362
617 1801
669 1653
1794 2156
732 1628
446 374
456 665
473 828
1238 1127
1147 1373
1231 923
1850 228
681 482
1016 1302
576 1839
703 779
953 20
1285 1314
698 227
581 987
94 71
1637 1402
1661 1479
4 748
705 121
2012 518
1603 1813
111 1988
831 1013
2092 1197
416 1113
856 1531
1363 1304
1897 1591
596 1693
1812 1699
434 367
1600 366
760 589
1816 87
2074 406
2149 230
1462 1920
738 546
625 2047
1953 2120
1981 1082
543 1279
125 1902
719 1389
1883 160
1918 560
1364 1719
1872 723
1181 1068
164 1342
1072 2059
536 323
1663 227
1233 342
528 1298
650 1410
272 366
764 1400
1139 594
15 513
1634 610
1524 1252
1295 77
1022 1682
1013 1617
1092 2013
609 1507
879 598
441 1520
1866 1489
346 1049
30 1762
393 586
747 123
986 654
1342 2159
1914 1176
211 2044
14 950
1522 1039
574 980
1769 193
882 129
307 1253
509 1085
1726 915
1255 2055
1226 328
279 172
1377 1368
1870 490
969 1748
602 771
681 1627
1295 1037
1602 569
353 183
1104 1695
1349 641
193 1007
1490 743
944 827
1727 1977
1053 2130
468 1289
1336 1838
1843 1051
544 354
1406 1706
621 84
1622 751
1520 99
1601 1034
1253 1782
872 816
1859 1684
1663 1526
771 1697
1332 370
1308 1631
1812 1321
948 1002
1650 1219
908 1083
1860 183
91 2114
1341 1794
1942 685
570 1340
1248 1182
1116 294
1796 1813
1304 1596
721 515
1054 396
1743 2041
1787 1391
381 2014
816 2064
1386 2023
1350 1150
21 1611
1524 1347
908 105
651 1037
1957 881
2113 403
1293 93
1313 541
1108 550
1015 85
1359 1812
16 603
993 882
725 1848
1003 1731
704 1250
1721 1016
1239 2103
451 1924
951 2090
1109 1527
1038 1185
541 899
1415 2115
1835 104
84 1331
830 1509
365 1071
162 1042
1243 634
107 1663
6 1151
1980 135
1959 1871
317 484
1695 1258
1749 1150
2064 26
1363 893
609 721
1624 264
1397 1381
566 2048
654 474
742 51
1974 1273
998 1070
840 1381
1197 1776
831 519
854 1149
250 1703
257 1601
1982 1435
10 1453
1316 376
2063 455
1340 2141
1452 2137
2095 1522
682 1742
201 379
949 1197
1233 420
1577 1861
213 513
1431 2097
186 2130
1789 2124
2004 1071
742 1323
1962 1980
2075 539
1122 1325
1063 171
1016 596
1223 759
1184 1554
2091 1800
1283 1981
268 1925
1475 1206
294 1504
233 797
58 493
45 2069
1062 1839
182 265
1828 209
1258 884
2057 292
1590 1885
1879 1230
1 1593
59 2116
1404 177
835 1799
70 1696
271 946
50 1090
449 1075
19 773
1132 676
110 140
1460 1637
1468 124
1442 655
1155 299
1427 200
733 770
915 1917
1831 86
205 1689
1993 953
1731 1710
469 1252
1366 539
1822 1527
1474 1520
360 618
552 368
897 526
235 1045
371 1084
1818 609
2014 619
474 1688
926 1590
1215 1304
2101 1821
1404 1486
1763 528
1178 1176
1563 2146
1684 1116
2116 227
1344 1069
1351 1441
73 1013
1351 441
408 1616
1752 1953
693 2141
1464 1155
1563 2054
227 1600
135 2112
1101 758
387 505
1673 170
2008 779
324 2083
1233 1707
1240 2111
161 315
1346 580
14 1048
616 1876
351 1811
1762 1388
50 449
1178 2002
1040 580
1163 1313
2098 1088
858 2037
1591 73
712 1834
702 1085
1311 750
740 1168
610 1860
742 2127
1840 1773
840 701
744 650
1196 780
527 988
596 498
458 2109
1592 147
339 52
1667 1464
681 1295
330 1959
483 2116
894 1281
1270 1535
2090 630
1366 1819
1272 218
312 2000
428 1666
2097 874
1105 2034
792 421
2057 1846
1955 1982
503 1601
1149 146
1431 1727
2006 1735
1107 1866
205 1644
1401 128
15 119
2094 1791
2102 140
1103 501
1707 95
851 1409
135 906
622 1512
828 1170
643 49
1401 1530
373 645
1786 547
1098 316
2084 162
498 1408
942 1426
1413 1518
193 503
1511 234
1270 2151
431 1174
1358 135
184 2001
1096 1019
1240 1773
28 1158
1203 1655
1881 1137
502 1103
1604 625
750 139
1198 1243
1816 905
621 1451
624 146
1929 30
1010 1831
413 1214
1764 476
1781 930
429 93
1668 660
1399 1148
501 1035
648 512
2046 1537
63 1860
1093 907
925 1278
757 519
5 500
771 2096
1132 847
148 741
1819 1957
590 415
788 1905
1699 693
410 1891
963 385
2115 621
1731 1305
568 2030
127 1286
47 123
255 656
620 983
593 1885
1273 749
882 501
1531 2089
2092 2132
127 230
2031 988
1985 2136
1504 1282
1572 945
682 1542
1877 1204
752 1057
2134 106
1908 706
995 1687
321 1179
1143 497
1309 833
2159 33
1896 1511
1140 293
774 1804
1486 2149
86 1224
2109 1054
1213 977
882 1519
1330 589
1106 1097
1567 49
1276 1428
473 1863
1824 1553
1081 791
887 275
1443 1834
275 506
649 440
613 2004
1356 1911
1776 1577
1699 975
314 1740
699 1073
1828 1140
2009 62
227 1337
2073 1125
1028 1347
786 1483
1201 55
841 2058
2026 1162
588 1770
465 293
1541 1525
940 1564
830 407
1948 259
2147 2152
1559 396
1113 464
1723 581
630 1955
1568 2121
541 1841
48 687
813 379
2074 1727
168 1345
1072 1257
758 1086
1659 1475
2045 1937
2096 477
1483 563
1501 1366
1282 1306
391 1329
1009 1891
462 271
1597 1948
1920 141
690 1897
47 63
473 710
1757 2109
759 654
2120 1712
2157 586
1469 96
60 328
1576 1840
415 1931
464 1643
358 1269
1266 1238
309 1684
943 240
1397 1664
727 709
1673 1598
32 721
2044 293
634 372
1991 1287
1726 686
774 1368
1630 1083
506 934
127 366
563 1657
1395 2142
643 1949
1862 736
1355 633
1168 1315
860 630
