3582
295 3507 109872325
3251 295 361436511
589 3507 935566484
176 295 862993993
1114 295 435998309
2035 295 543005540
2613 589 209723549
644 176 199415984
3335 3251 891415069
3299 1114 887060335
2969 3335 40522860
1866 2969 537393563
3170 589 583605168
722 1866 624900800
1807 1866 534939207
124 1114 256170236
2858 3170 350567599
2898 3251 529008802
1985 176 972690792
1183 2613 113959475
2591 2613 636537690
1340 1985 625740174
2558 3335 335421117
243 589 950668502
2071 722 522896341
1287 176 752592055
3060 1985 898161870
2736 3170 945875301
2121 176 554573734
16 644 626843496
530 2898 371826744
1608 243 998755636
1189 2898 820788425
1935 3335 223978056
294 1287 37369731
3216 1189 226468021
789 722 552635875
3237 1935 785882630
2217 1189 142022287
1800 1287 159159327
298 1800 270659384
584 2071 185919285
3369 589 794722521
2608 1340 365987706
2930 3507 119506462
3364 2591 343619170
683 589 584794405
1342 2613 210734190
609 3060 893038472
1449 2858 430432813
1710 2969 566847035
695 2217 962076328
1145 3216 391419478
1997 683 126525544
3219 2969 526233745
970 1340 75703489
802 3369 775412634
2358 2969 869309367
2542 1189 574728476
761 1287 737432436
47 2358 507930313
2953 16 274356834
736 243 954213248
3444 1800 31403391
1320 609 909319802
227 1800 912266905
2525 3251 835024523
1223 294 229774121
1290 1997 719892811
2975 1807 333767465
2162 1114 385770906
1773 722 216367604
2494 227 72153050
1278 1807 468929964
1830 1985 520128837
2350 2558 774505900
1614 584 112784511
1983 3237 991599929
793 176 888854501
1477 47 386332062
1030 295 602830942
3509 2858 265341828
1437 3299 670980402
1067 295 669294979
3333 2898 868668047
3256 589 241811558
2251 3170 692490339
1444 3509 337208269
1925 1866 805904079
3570 1189 459055288
2111 1710 821661632
2130 3335 546398671
1053 2558 423861285
1170 295 749612402
1295 1985 121261536
602 2035 325717112
2365 793 905773638
2947 1830 61583321
931 2953 707071505
2686 1983 331166719
3091 176 213597364
1163 1145 723866476
3032 2858 495219554
1532 3369 33823443
2066 602 55427864
2992 1925 16797154
1739 1295 155003423
643 761 852804668
575 1925 942878775
755 3091 742791056
569 243 115726152
1684 2975 152071021
928 2525 449958862
1647 3060 138234818
392 643 548336218
835 1773 404963534
2651 2071 554770045
1375 2686 118075149
2379 1477 171662399
1679 1925 688733602
1615 2651 96963515
38 3335 608788817
2993 1615 818832770
3339 1773 100002068
2417 2071 165504245
670 1807 747508960
526 1477 147479682
896 1053 235718080
1306 1532 169452039
2894 1030 139151834
850 1449 943815635
536 2071 744390362
1889 643 514322273
1818 2066 619694484
1360 584 798646182
141 3091 61736642
2142 124 179555389
995 1935 851530414
1402 1067 636678634
2109 3216 856511623
1927 3237 873117496
1109 722 507827292
916 2930 747341607
499 1360 54889226
2254 47 35247523
3306 1444 570961477
1485 2066 938494589
698 2071 158621692
2704 1223 518568458
3322 1306 644600806
2626 298 512856946
2115 2898 797933480
1141 802 295407681
2052 1223 833001234
2021 2525 695123217
1070 16 655170787
1758 1614 78971667
2654 1710 63418797
419 3364 534914667
1744 2358 288960993
1090 835 421721713
1359 1485 477748182
41 1141 633896365
498 2111 351980027
1566 227 34065101
2374 16 20147623
3556 2736 639150249
3151 1985 174753034
2283 1800 585223302
2412 575 232787950
2865 2686 516472522
3533 2591 52038945
2628 1170 452031321
1822 2898 388946169
2863 1615 91147834
2669 2863 956360915
1785 2283 90071818
2869 1758 258988283
2093 2121 165771367
3390 2374 965207367
541 3091 366164015
1337 2035 496980896
2393 2869 236965413
731 602 726578568
2367 1306 357620030
1462 1927 81707183
1330 1114 835124335
2477 2254 752409292
2959 1402 992365871
1947 298 11332517
3126 3151 262765460
2189 1053 54289710
2909 1290 772400706
150 2654 841443441
2337 1449 601318896
1051 3339 585869796
2816 761 673121674
1957 1449 763907147
1074 2350 631983385
1664 2930 879820580
3511 3335 998653167
3154 3390 486652993
1015 1051 227795112
2187 1710 966317230
2810 1183 918095341
2143 2358 412605584
2761 1664 521738432
1225 124 907875477
885 419 886368223
865 1342 991336714
3563 802 377661247
1928 2858 929357304
44 1375 399242845
1902 1074 926019279
1487 1109 536858110
1898 2613 863042916
1945 2189 505455476
2659 2898 858423696
2843 2613 542644306
2133 3533 832545560
2178 2865 403557466
1700 896 79637354
2403 1807 419431606
375 2993 965038068
3349 2121 663582558
1981 2869 807542268
54 2130 442594109
368 3091 843251230
2352 2608 568287451
1390 2403 670108913
1712 3509 369854476
2473 2542 184051715
3582 584 530546760
2164 2542 388887890
716 2393 680612936
708 16 286388492
3471 141 93447782
542 1342 698247607
12 44 640125355
3194 589 964369929
1246 2162 768108603
564 802 636117541
3075 1342 354041363
1660 1223 518128567
3332 1223 498019926
2288 2358 60841082
3169 1957 505513425
1168 1109 704999501
3404 3216 545473354
1025 698 406839550
3377 3533 821524021
2728 1712 628201808
3203 2374 838689856
599 1390 566807962
2693 1800 44977561
123 3582 801818184
1471 1070 643305407
2313 243 241471486
626 3126 691403700
3525 1278 759528805
3206 2816 386073826
1727 599 692263140
1602 564 215987205
2278 2608 247298586
213 1983 414372447
1245 3511 215895150
2079 2704 699576403
719 1342 297991963
892 1067 949402214
1584 530 974700275
2129 542 702345387
2329 1402 740644965
344 12 435768227
1112 1566 625622909
3379 2329 583449233
3407 141 716245789
3087 3533 557706177
1729 2669 252071808
3544 1090 445397023
1186 1818 878801336
1989 2288 919275704
1000 2494 390898540
968 1818 238805448
359 2843 872035836
1257 213 830127426
2210 3219 203529801
2233 575 10024866
3056 2374 909511300
2860 1145 414368534
1938 1729 531877717
2758 1727 991816934
2202 1902 939394446
270 850 294310260
1374 2189 623315418
472 1109 71414344
1508 3379 414610450
273 3369 751188315
605 3299 558784995
93 1471 457363263
19 2975 280785856
2503 2477 405377619
2986 41 529339598
2831 530 238181965
2980 2503 348539878
433 2130 779700096
1600 472 477362042
2577 2986 180846184
2204 1981 187391526
2679 3091 563377886
2321 2628 817792854
76 1729 194567457
338 2953 168894201
3433 1981 518084819
2324 176 200081040
5 2350 355420039
3418 2542 736523700
3053 1449 767246824
74 3563 288792293
1683 609 781163923
517 1074 229998912
2420 2654 728235360
3437 1927 327357647
3152 2254 778726888
826 2858 404137252
1291 644 261638365
1142 1614 932936756
2552 835 944605846
1020 1727 604790641
1982 2115 952383518
768 885 159452751
1087 2969 787183222
2652 3170 942219039
2939 243 905116481
446 1938 296097790
3196 298 443410549
710 2473 45082170
2670 150 626583129
3115 47 36727840
2848 1602 603882815
3317 3556 273488907
2434 1485 123031925
1047 1223 429389672
207 3339 357860709
1333 589 239784333
97 1020 460199772
1043 1047 178943793
1740 1337 429056402
1312 2728 210246745
2718 2313 744181954
1948 3256 79209347
3097 1114 899635329
3532 2066 823883856
2053 3556 958004248
2627 584 676355229
3393 1291 901922403
2470 1053 460338258
1658 2736 713561273
1329 793 852391999
3014 294 637162078
760 1189 904804528
1558 2704 362214159
106 3582 717405608
1868 3433 916591757
2648 602 799143499
503 802 278363763
1093 1957 610446628
2585 1053 103507371
2524 1614 563375740
3402 2959 344216798
2700 695 112572120
854 2758 250186240
2431 2909 378263292
1062 47 328234890
3284 695 520390769
10 3154 763402625
3207 1112 635612936
269 2736 343424047
1942 1402 132914752
2724 850 356390995
3201 1030 50364680
2158 2577 172401469
1648 2035 156325227
1833 3154 305324815
2551 3097 423244370
2929 1337 840094219
2697 710 510977838
1210 2379 533037737
1217 3284 493427581
1098 1684 836484749
310 3299 670593327
2408 2189 570183386
1923 1830 748452879
3481 1945 82626980
409 2909 518872627
3552 2831 687487193
633 3404 405108793
3260 2365 188053248
1794 3377 696450666
2485 1145 954942893
1721 433 367677438
2501 2980 55045061
1877 2761 144169157
2833 1295 206673565
1991 269 31686972
565 589 512394396
2710 916 17102725
2075 584 254573781
1445 2686 886768880
2835 2591 375575832
3320 1927 543805389
579 1030 272897310
448 2975 846519577
1516 1210 751753689
1422 609 549521535
447 760 676025238
1618 892 93584099
458 41 833591854
2896 916 274539032
2783 3379 87539239
1971 2524 412253320
543 2473 779236240
2813 227 770853578
2373 536 699738321
494 1189 801749432
1126 1679 825457594
1905 2288 419409207
556 359 368924377
2685 556 134414698
1411 1210 765850895
629 768 659236945
930 433 399254121
1277 2021 102109348
3259 716 344241771
1019 793 214309213
2236 2552 725449081
3301 2204 916060259
2292 2143 757384617
1421 2485 564241623
1416 2831 757171295
3137 1183 758889815
3412 1948 68864098
1671 2053 364465050
2537 1444 187919210
1379 1485 119230832
1693 2930 975723184
2927 543 217740529
1714 3060 425083007
2466 2843 595377160
3217 3115 450009881
1978 556 1876866
3472 2494 726705104
2902 1047 49930070
2511 928 51166697
315 141 642525030
531 1163 36141976
438 2927 222813618
232 2329 907885501
2246 1997 390292473
416 2608 343922587
2787 1648 775683385
2752 2542 2087916
3343 1947 33959075
380 2627 59144366
262 2403 398764131
2281 1025 97756771
500 269 215840493
2968 541 910705921
3098 3299 396602272
412 3511 643722898
1045 2860 659939888
1557 1938 713995411
2377 644 497144418
1012 3390 184987295
3324 2947 326299213
1517 1444 678694595
3192 1647 625968996
2794 517 63953392
888 3032 957999437
682 1902 192849214
2002 2992 224405685
1238 2648 628239575
2455 3075 826288707
3160 2704 450445352
1651 695 213872716
2881 722 188055375
3476 3563 703035623
1562 93 210563948
2756 2466 97755252
2435 1422 449929232
1313 1684 937424484
2773 1278 848047852
3057 3563 864566503
3338 1758 811267242
2291 2524 443718139
3458 1477 559280125
3188 2466 46522360
323 2752 352484648
2996 3544 379622127
1690 542 895515149
2884 3369 616681991
156 12 504578156
319 896 141829320
3171 1758 624378535
1769 3481 579038651
2581 2813 733418236
2495 3509 755300121
3536 2896 581843632
600 74 16596937
1771 892 495063429
435 2021 607193877
2094 1971 180706793
2396 1019 261184672
1748 1690 188228523
2058 2843 687094004
1962 3377 386346004
3205 1313 423615828
3121 3301 784746219
1612 1295 387824312
3145 3369 45947098
911 2189 118026006
3545 2865 463433476
3526 298 719160856
1439 3390 524212929
2855 556 593852964
562 2292 581105883
284 2525 226457877
1943 3324 654319224
858 435 60919390
283 3332 314537514
2678 2654 202410363
1526 380 431181687
813 2831 495882729
3498 1739 9691062
1707 600 637382619
2895 3343 420162309
118 1098 670667848
1738 3324 798974790
1104 1416 639033928
3113 446 787178405
167 3097 785615910
1518 1833 442466392
382 3194 848575561
2733 412 670011271
908 392 537597338
1887 2217 470165797
3409 2524 701584094
1274 2736 223476198
475 3570 741878511
2039 472 959314611
2770 1945 818347282
649 2552 377913152
255 1710 257927058
1140 2884 919573188
105 1608 674316004
2763 1015 406948707
3378 1648 44656238
1630 1329 904859536
1919 338 657871988
1085 1217 906449366
2576 1807 969006636
2391 2996 862431116
434 1210 23305332
2823 2810 261284669
577 323 894947170
2238 1278 28415131
370 2367 456407967
2296 2039 693687229
441 3369 534806441
1742 1437 264461713
2819 3320 627802418
3172 1971 607872949
839 3570 180674579
557 569 83796266
3094 1085 624521619
3529 1330 534786416
2295 850 36815624
2798 2115 809449429
2491 3333 888511373
2004 1074 820682672
1724 2178 136061735
1429 1981 621646478
1673 2367 449835282
984 1584 770611513
1571 2697 980117794
821 1359 652960966
1865 858 116171554
1378 710 725653933
3517 243 264400707
1230 3121 123630235
2776 1062 350009573
374 1758 347200053
1872 1471 214676466
795 3320 556809481
43 3437 644909518
2547 2724 222661962
3232 3433 599289700
3313 2968 158301748
692 928 573970351
852 3306 329001161
3410 43 551167324
943 1223 689929797
2355 2833 974199923
3473 2350 607047507
2009 1981 801807105
2235 1989 640398915
2490 2776 81289260
2885 273 617291114
2656 54 581358288
3388 1558 777001026
3573 2473 609446034
1783 1898 705367459
990 2408 340240180
330 760 663927380
2285 3335 898042155
1903 3393 924808191
1847 2678 462746516
1243 2133 993657565
1361 330 378771890
1667 970 991945520
2252 1360 305463077
2907 1306 810424061
2587 2235 95490906
3153 2736 128672422
1979 3121 419806116
1956 3507 786747772
1420 2993 130557446
840 176 481238284
1036 1566 68305316
1376 1783 343764319
3052 2321 770608093
2769 542 370353447
1166 2251 856073685
1880 3126 222448434
1103 1487 355231044
2343 1905 705031256
1551 1727 887748419
2209 2902 218764923
871 1020 730519143
1418 2254 110120842
2876 1928 141963170
2746 3481 194636641
743 3582 320799224
1331 1257 921853911
119 1928 768629898
2539 19 229224617
451 1903 286665943
549 3377 471490651
29 1724 39491167
2448 1225 55706252
929 1684 512074054
2638 2202 35323874
1346 2746 921613453
2732 2986 784512640
3067 1278 597508399
2151 1800 176182524
3239 1093 933882976
967 213 222713081
326 1429 560616078
1780 2577 138195168
624 1794 651272511
3373 3032 130504231
18 1925 503627688
1299 1693 931707373
128 156 571378155
445 3517 36201011
3262 3476 885203209
2582 1337 438207400
1409 1602 881814365
2766 1887 187132064
979 1566 3729565
3505 338 175793727
2589 2865 704412950
369 719 884443599
175 698 646381074
233 2039 241873504
444 564 175486272
194 10 601334791
2889 2761 287464643
3177 1602 862986091
3548 1337 299356409
2808 412 555039442
833 1429 624862320
482 2313 449244045
1117 3160 727622743
2063 1074 515392741
2282 3137 288721746
2815 3259 57831671
1467 1067 553003046
3 1421 494805672
2821 1919 462383505
120 1090 445038093
1863 2355 606448483
2289 2233 521680372
1500 2455 680313337
3440 1312 674197493
725 119 26869562
2382 2035 672942201
314 1429 165114827
2836 1600 452474982
1214 2761 555901346
666 3437 259682131
487 2808 154017511
2559 2769 98102918
1891 1566 294380769
1806 3032 167010401
2592 2288 539582111
113 2835 555108646
1438 3137 914887988
465 19 424216419
2967 44 764719544
3027 295 295910901
1492 2670 555397263
2307 451 708424725
1495 2895 297950946
2479 319 809565338
2955 18 463851331
402 990 684602743
69 1721 505108652
2866 1612 862827963
1365 3472 501098913
3141 207 533052214
1244 708 321877994
1627 2130 538145587
1798 2693 646541404
289 3094 398423571
3344 1903 415104669
3268 1217 368170585
2104 1342 968038964
729 1337 575125175
339 3256 670293896
862 1516 351637679
3074 2929 132927232
101 2591 22014715
581 1477 129402332
1639 3404 800545877
3197 2758 533874061
2438 5 105933461
2436 2697 315077923
2583 434 511037251
1834 3526 247082253
2811 1872 487392638
2536 1485 171095784
1595 2980 988180795
292 1306 93929766
1530 1439 94473938
2060 1170 341736059
2463 1361 40184457
994 3237 792605371
2535 2129 271162135
1146 1337 506496510
2376 581 261945295
3489 3339 906095517
2748 3170 229964069
1949 2379 125711043
959 119 469132637
3494 3 477536390
218 1093 87576523
1802 3433 324184307
1777 1614 664408611
1494 3239 345210837
2517 1342 953964563
1046 1114 877838761
1869 141 519795903
1668 2189 834233148
2407 2975 690718888
3487 1365 36963963
437 3232 183788302
1641 3154 985285300
3386 1865 461411923
779 2810 107235092
1540 2420 372181823
3435 2358 923104480
960 319 456007005
92 1418 124691605
1327 289 336242326
1208 1043 596914510
1212 3418 804639150
1267 1866 835838666
939 368 42220042
321 2552 743778390
2154 1168 790380660
376 1225 232473462
973 3205 258559048
1958 1090 328745581
182 283 553407833
3114 3529 884039539
1301 2254 249975807
40 2704 130759245
1372 1673 340493780
705 2748 586367916
329 2278 496124743
3228 562 137377134
2619 2591 718188553
1200 1785 756440713
31 2367 519536154
2017 74 269526459
1440 434 263473646
3084 273 839168505
2450 175 626506882
1912 543 613278697
17 2053 735056848
2302 708 343540167
2995 319 24463961
2362 2434 766733596
266 2035 577107093
3105 435 920218580
3037 3390 810322939
3109 768 604206524
2976 1225 751648327
1107 2302 356310811
1124 2393 22366458
336 3154 19938367
677 1495 98856094
1646 1898 341675874
2429 1671 940000272
1451 255 292110134
3212 1806 191368349
429 3074 603163134
2824 2408 939440883
1731 2968 380524954
379 2143 963611337
2008 2821 139533797
320 2477 875353784
2317 541 252142574
3070 123 158053593
2672 1558 14792819
1862 2930 800824722
2784 1085 734571884
417 2710 754411856
718 3344 666580405
2912 2285 786883522
3550 1584 594727628
390 47 498687481
95 2017 873024632
3244 3206 896211376
3389 943 642054453
1325 531 695066151
985 833 615850801
1980 441 978535537
2480 445 310464261
1224 3505 884729962
1849 1329 209662843
1885 2035 794182879
264 2896 924187931
508 1769 48402526
693 1163 937428649
2153 315 502190082
1400 1444 580240751
2163 1690 675994026
2507 2525 320531742
1108 2246 113900592
3342 314 902848158
3553 2485 949086211
972 213 166298458
1611 1690 509390501
196 1707 750825430
702 1378 841023262
989 3014 685726117
2344 2164 717405116
1258 584 279911902
2452 1212 517544161
3309 3239 63393413
653 789 968039008
3270 1299 16536328
1504 2860 812689201
3064 3196 81049515
102 2993 767149708
1820 1186 196709578
2179 2210 5908518
2135 1420 91202483
3282 2866 695401380
2068 1329 453430821
3326 643 375687032
3423 2485 987233444
2982 320 101075035
622 1849 533205164
81 3121 109897777
3295 3487 731446917
2643 3389 989518094
2423 1834 964011937
304 2238 455528036
1845 1225 178615629
1682 2656 151604263
1906 1258 691680848
964 1390 770141160
71 2542 803978640
454 1225 213433167
504 2784 257503711
2926 1422 486845869
1669 2724 944503613
3370 1648 858852938
1026 3067 372523134
2086 1104 919199455
2937 95 55694581
776 433 138165143
1024 2583 305400642
223 2238 654618319
90 3064 13165131
3443 2393 543283864
3055 2254 127111846
3363 2365 883383412
608 105 580337188
1292 2969 587451775
1993 105 73686081
351 419 539004563
1619 708 407956414
1960 1532 387448035
3537 2953 618065628
286 1891 166759023
4 1402 908852009
2340 2651 310140343
801 2362 262232115
2741 182 914907625
1825 2758 857739515
237 1518 442189484
363 789 221030959
763 3489 928185436
2712 3115 929537622
3551 2129 300747015
491 2094 790847000
1447 2235 179380125
2550 3369 31753126
3158 3369 328125315
1196 3014 74536022
3040 1374 752259905
3271 1051 872738378
2965 2732 900806853
1577 3370 650573276
1101 3206 516641998
2462 1402 789560788
486 2291 173145634
2554 3390 405167530
2692 1830 929620319
3420 1958 333094825
203 3412 973937148
1873 2374 224203292
2747 1126 476926306
1589 1070 632288527
3066 1170 243290484
1954 1375 180386205
1119 3114 285552689
2964 1186 816281869
1009 1299 578372634
582 994 253247608
2077 609 808410642
510 1267 551125368
547 1504 467594342
950 3219 820959584
2193 1602 31614682
1122 41 430477827
2933 1532 286375200
2370 2017 331631907
3512 626 767416669
1772 339 801103704
63 510 306359868
23 2939 335619752
3495 1313 992644186
2275 3170 801401835
3048 1971 881928976
2107 2865 866335186
947 1758 348953799
1040 2648 494419052
1666 3435 239870710
230 23 444529306
1078 1731 225184325
2903 434 567828251
548 47 397094700
910 2968 462410434
3107 1806 541485755
1260 1078 742177949
568 1346 403694673
1272 2823 95947606
2099 3237 523389787
3183 1117 856320187
180 2975 83942666
2219 1679 990892852
1915 1390 841958882
739 1327 329782585
3047 2718 452121641
157 3324 897086988
2519 2302 400919389
3442 3087 432208340
1021 1141 726373024
951 1627 660000775
3024 23 829747513
831 90 426058566
3023 1873 798602231
819 1945 679561010
844 2035 32457911
2076 985 149080818
528 2524 768138450
2845 2104 72460391
2635 1800 475045970
555 1744 330621172
2137 264 991526636
877 1627 190159181
1842 3476 882854106
963 1690 518154281
3182 1671 423227478
2691 835 757383511
2029 1313 756977221
3063 2811 973571711
798 1981 835259197
991 776 457529331
2385 1866 367317813
1909 3553 70063737
139 2933 395228892
2709 1671 531751801
1583 10 330318637
848 2385 964628248
846 801 525394336
3187 760 588882068
467 1583 477774116
1363 2340 460092395
981 960 644821568
3501 2770 672889099
3461 3047 9678774
3234 3217 243475795
1310 289 287686319
1955 81 471293072
20 2511 261240985
3031 3217 89991106
2562 175 758042220
1719 1982 908503163
356 2009 838377444
1894 2626 665732687
2854 1667 652152384
805 3170 897304696
1603 227 242938725
3523 3369 156353872
1537 3494 943328747
3572 1885 404040494
2682 1873 711721500
3092 3344 345482613
1677 379 17703894
2335 2724 372859447
893 2438 64914025
195 113 159345992
443 2784 774431305
1255 1340 780053899
2043 2710 238525735
3243 3523 324333591
1879 2086 27801401
3310 2133 228958751
372 1409 6013567
2096 3172 907860682
3436 1015 101958653
652 1772 385466435
2430 2787 401977022
1105 1330 438271264
1256 1677 978217028
1826 2976 979824392
1587 1679 301166966
3557 562 436213803
2827 2317 602553554
2611 2289 631923338
520 2682 73808503
817 2238 900806359
1543 2678 497487931
2483 1256 694791952
1321 465 277019118
177 2335 168121130
1576 2452 989976932
1836 2686 454222099
2055 1109 611083027
2067 3151 319471866
2744 2819 765171181
1393 776 201343098
3397 739 302037972
2892 2709 667828076
2425 3444 336669078
903 2209 439183513
1659 776 868820461
2580 798 670229610
397 503 353784300
1895 1331 681148189
256 1862 2728595
1784 565 943096557
1884 1714 763928081
449 3092 198401554
2655 1327 60634894
1897 2784 660886366
2989 1981 480411249
769 2585 771916729
393 494 918452274
1883 1880 437107476
2822 124 319158913
987 2679 75616644
1298 1244 869980851
614 2542 962241989
3447 402 406539659
1535 1583 896988418
3367 1798 894418905
512 3212 866924361
2334 232 314462478
1465 2501 380149515
282 3270 266683092
3519 2313 371516243
637 2783 444985138
2606 3301 830320134
3538 3234 821614365
473 3060 142829462
1860 3047 291666350
1398 555 386234708
3038 2724 762510329
1851 1960 39487144
2320 903 65143032
1564 1978 672705371
3421 2334 326130757
1706 854 308189312
2717 2379 984459393
2199 2008 453688137
204 1557 44887649
3168 708 9617813
3155 2813 599121796
211 167 627434352
2173 2099 51990929
3235 12 968912473
1621 1948 569320748
699 3481 793805538
2110 2491 970941786
2064 3582 238967072
333 1682 51657346
307 2995 633323418
3033 1842 563688860
1190 1880 35503689
3336 2747 911566301
489 2021 169175858
1635 1422 331241367
2169 1627 553855127
1999 2692 245823014
1150 2537 108668776
604 3256 112879477
535 2550 194784220
2764 2075 135469569
3510 2490 164600936
313 698 873791241
902 17 101314383
2298 3219 399658880
3506 2376 34373915
2988 269 644428518
426 2029 226087724
3334 1794 571605166
2883 508 176668358
1011 1955 175034455
2056 1710 684301965
1888 2712 807739708
146 1872 284081703
1591 2947 303117625
1766 3207 483683257
2260 1945 10765639
1775 2367 714586777
170 718 99190066
1524 1700 968429704
51 487 449353757
386 409 276098569
1002 846 950872398
753 1608 43392791
457 175 351056183
2263 1062 574268951
2215 763 805178970
87 218 593215722
756 3260 539862639
830 2643 443646589
258 508 557186902
2338 1903 321700791
1908 3309 647618623
2974 1329 689721330
2145 526 77113790
219 5 627774840
485 2627 353624673
2172 3141 845568952
1743 356 433655983
612 2643 300288649
2213 510 501334707
422 1030 85674851
613 1537 784943099
734 1333 634922550
140 871 715929505
733 1800 904847938
544 2883 812141879
1698 2843 637540712
3464 2894 721101179
285 1888 19336541
1364 141 60851728
463 2611 432127339
747 1223 484491661
1878 1485 290025465
1281 1025 459474604
1135 1256 12148543
1029 1883 247266962
703 2863 734741157
1480 97 274294331
2703 2761 324380661
2605 702 558779291
9 1449 807994242
1111 93 140162425
915 139 697737201
2862 1019 348347184
2759 374 101746575
997 1619 820171152
2737 1291 655937334
934 2896 895974789
2938 1818 949197586
1128 1684 315717619
2140 1577 103850014
709 1727 518572407
1737 2577 29387994
1762 3437 568032082
2360 449 29620517
3161 2659 555784885
3073 1087 126333302
3304 3152 447331611
27 1698 250208109
428 23 805870230
1202 1051 583093365
3467 3232 576269088
775 3027 819878130
2080 1225 344044449
523 1600 71585629
418 1047 953951093
2266 2067 483848567
2033 446 484069387
3522 2843 135264034
103 1845 640260688
3088 2656 676849888
788 2491 619905176
2546 2955 61243134
2101 123 718471130
3330 3373 170755606
1676 760 698823382
222 2700 216829814
1752 1825 637105182
849 3471 620206734
2617 1298 697929883
2925 2763 798349684
1144 2260 960231032
764 1743 574886529
60 1267 621726963
3401 2307 343116845
2698 2035 64132848
2166 865 381308880
1824 817 585621453
593 2501 229501802
933 970 55356464
2847 3268 934371979
1474 1769 131699097
3061 1571 430470510
876 1109 712326405
856 1603 772963616
1072 2770 222438468
1809 2075 781037808
2841 2407 483893669
3579 1067 875592087
3484 1429 48563055
922 929 932486403
3312 2238 775113897
142 813 468766749
1910 1740 621896366
3253 2408 834603993
373 2321 602496730
452 677 3863567
1003 433 916915341
2715 2077 675816887
2706 960 103821313
2910 211 558510186
999 801 71551062
580 3066 173900587
827 1540 207316532
3432 1671 471055433
2330 3338 925064901
1345 981 366715732
2513 1872 168020222
2127 2773 229876803
149 535 750036424
2694 3510 767781893
1285 604 143416944
685 2033 428800526
3013 1872 6306877
1796 3060 888491886
3406 1818 634715331
2194 1719 502094920
2630 2217 812048730
3558 1087 702511788
1988 2552 715062957
2890 1614 166505324
172 1664 605243370
1811 2558 745586813
552 968 34115115
2948 1285 379042370
2229 698 854513494
377 911 720495546
3166 1021 750731651
2406 1740 884052358
2460 3313 856566534
797 1981 598658096
168 3207 867444031
1610 2483 776304761
325 2071 627897493
407 1943 605405433
926 2764 524901933
1695 3201 916968170
2534 18 158203613
1924 3379 183276823
267 1872 895241603
2196 3548 354795380
749 19 545439051
3362 2485 80995770
758 475 8392470
1555 593 461358132
2639 805 731050720
414 289 188522817
94 428 648090332
1946 2060 606587597
3316 3194 286512343
3223 1346 72829421
461 1888 216149076
1730 3471 819905137
2713 695 890217024
909 3037 23308741
645 2448 963888364
1187 3317 621455878
938 2741 35912095
3294 1020 644550021
490 1474 374857166
3134 2217 439648437
3376 633 465622651
1655 2654 601873733
2921 1798 464845155
2271 2209 810031227
1023 146 889473816
638 718 540282543
133 3170 967228027
79 3188 904949968
988 3370 626206613
1048 359 75388260
2745 2075 261885859
2221 1225 215527076
2791 2431 569363516
3250 562 832500981
2386 508 399239907
3372 1299 495261093
3004 3217 266166967
1407 2507 128457943
2108 2639 938790480
2830 2385 639755884
735 447 342392349
1092 1584 936167274
3559 2068 95181500
3175 2043 721078780
2410 2989 985370742
1088 465 283613075
3411 2630 200485095
2684 3270 78953276
1544 1029 460647773
650 649 324562962
955 1407 782628059
2265 4 393790935
1370 2583 736100069
3428 372 346721245
2734 1809 684752547
1185 2107 686354628
1734 1105 110013474
501 1364 921839787
2237 3182 774183361
432 1411 551051761
778 1447 824337762
1063 722 844203233
1507 2252 803308876
318 2385 56567849
337 2741 810202303
2131 3447 812217159
2245 2071 997100401
860 3517 175750254
2445 2845 734659552
291 2033 709150655
2839 1988 547982378
1121 2608 903741071
2796 1544 998271772
2518 1978 492554031
1656 3370 202242183
1162 1802 674110203
1311 386 981875285
724 1291 858026051
2397 3171 466572347
3129 1730 974059110
1348 3262 578128114
1296 2164 191087980
2614 1480 303880089
2590 2587 287499009
2557 3113 139372672
24 839 50449903
3358 2881 239812031
3266 1122 341260775
2497 1030 621119274
2809 3172 682988471
942 1646 565318856
617 1267 638040923
1102 2745 985751694
2954 685 982692260
1294 369 811116790
2223 2824 715695630
3077 1329 488421588
3483 3435 77176378
3384 43 264903191
1561 1988 707613677
982 1659 61588715
125 2213 247231855
3302 2166 629190425
1814 417 538240055
2781 3401 270543448
246 223 934858752
2914 3304 173496074
1349 581 372795332
2347 2429 644989205
3122 2350 239894740
3396 3122 190380835
2456 938 134677546
1911 1516 991764401
676 1880 65906749
781 2974 925812352
1286 2734 564231043
3427 2770 359347661
1134 1480 617330898
2447 2501 184309216
2284 2254 268838122
1835 2055 797216517
625 994 906309280
358 1883 1965179
2380 1982 486277402
2305 2835 557171014
2543 416 971233529
1819 508 248150356
250 1290 856149186
818 858 311271378
2201 1737 204918025
591 2885 236826737
3524 698 717688888
3547 724 771535928
978 779 556314633
1332 3169 591014520
587 175 377868099
30 548 508787497
953 677 631319914
2872 3235 584556710
796 3038 531314061
1006 3187 154061237
2689 2964 426038751
1574 2605 830402955
1846 1518 363133019
907 1048 178232986
2514 3113 62631516
1118 964 181923878
2981 1666 712540789
2013 2902 276745531
1844 1299 563491989
1276 237 805492773
657 3411 190072881
1951 1766 904859013
641 764 467119301
3017 835 986579803
2372 2420 491533945
1765 2591 308824067
3096 939 202591585
1578 473 13067083
1636 473 99376581
1972 508 508766664
2328 102 398545958
80 2080 873466602
1916 273 361733349
3576 2576 149510687
3238 3369 999421629
2464 3370 226563884
493 1958 602605895
518 2127 750253521
3264 3295 819428917
1550 2221 441888981
3229 753 454961146
171 1093 774135693
2188 3088 252683025
3214 149 349592260
2299 1826 602822664
1247 2689 499146189
2778 2927 398953614
3008 2717 751129143
3167 1327 73024354
1585 2397 84002022
1503 2434 443129189
1010 999 317723769
820 2408 904433144
551 2281 901412956
1181 418 862014852
2486 1700 434186611
869 38 720600416
2012 1957 269371009
1065 1847 578841661
2598 1946 653031878
3093 3582 186975210
1377 386 198628634
1793 2835 679948531
1309 118 282760291
3148 2145 391276880
98 402 98852021
3577 344 803007947
1545 2682 115634441
3173 2910 235002870
2899 304 194129564
111 2009 286160386
1097 1186 104301725
2574 3551 566554419
794 1526 135925960
3516 2460 111715474
3198 2486 614693822
495 1991 752016705
1335 3107 950245770
1763 1766 274341016
2270 3550 835297583
1896 1363 285445856
1347 194 291995614
2936 2403 916769471
2351 489 250615038
1787 494 417380788
2082 1104 108725215
3231 3024 265503183
2634 1011 626796067
1013 991 993637428
164 581 38995795
3477 1896 318395603
2054 2781 783134302
116 336 190428318
2944 18 629143179
539 968 361665021
2384 1026 498900389
2198 1290 650056048
1914 315 319932933
3475 2927 454491757
1423 1673 217194117
3374 3316 914933782
455 465 362214172
188 382 821998924
773 2204 612751042
2421 3511 102592596
1568 2164 984210848
2481 1144 607299771
126 269 546664799
2405 2166 367872328
2175 1223 130937067
1723 1707 556452555
3581 2761 154729518
2660 284 894046054
1207 292 324277871
3474 821 803193740
1674 2592 33551029
2084 2689 530024569
1261 1364 260196312
2331 329 229938179
1100 1898 650974435
2390 3409 719997772
1609 142 294373533
1855 498 264640010
2806 1721 862068665
96 1740 879575335
1041 2710 194565597
21 1945 948499985
2742 3268 673245447
3491 708 925170014
3199 449 238214148
2730 2684 882655294
980 2514 306821285
2040 852 281629605
2176 1540 362858685
1594 2373 752103294
1220 990 654883482
1705 1345 269309955
2119 486 433582902
883 1584 3323186
1344 2582 282100539
2336 1935 766950187
1472 2770 335277292
2520 417 584973532
3224 3407 419689489
1453 2752 369105538
2523 3057 960616774
39 3148 829141509
1533 3409 679722437
1234 2939 509524902
1160 487 325559847
2222 1301 146425797
405 1880 641712868
1624 2833 553104010
497 3040 110725384
2287 21 601153546
3083 1564 121904845
529 432 606770952
961 157 665111697
1316 2967 432761233
3252 973 530116146
470 705 80779913
2097 1814 966261005
1396 1449 179564405
3275 320 931469074
780 1802 101746222
1218 703 699466718
1838 1187 696852363
1553 38 274642246
3072 2151 333076328
2999 1851 200804818
1592 98 952597117
3468 31 517951115
1056 2166 939544293
2609 2713 125227330
701 3087 944142365
679 1518 400441323
3221 1210 768124096
187 2299 367326441
3380 17 913851253
1622 1190 655144178
658 329 260280802
1354 734 829048901
538 3487 581572295
3394 1347 413970232
2920 2503 32909413
3445 2791 717381213
1937 1558 632631931
597 3094 728979473
918 2635 877628600
2072 3358 721876320
2803 2758 787512226
975 813 301072594
1699 739 223285276
2315 256 183092996
1726 372 228118384
1650 2067 103528300
1987 2980 231981208
3486 76 138928969
1328 304 953768724
2177 1943 256235383
2817 692 420881053
2286 2337 669695134
391 1349 609756712
2088 3234 129874055
3560 1379 933893770
1175 283 137904881
1076 1070 114970352
741 3537 312804893
1387 1026 40582423
3218 1006 769036972
2250 3214 253055441
3395 3152 255048002
1546 3396 219809445
3414 1748 988408894
1642 2162 262017119
728 368 788732411
1173 3262 601267426
2364 116 869087561
1229 1200 67965749
2838 1989 375078683
2666 1296 789622121
1240 1053 26992409
2690 356 87849415
1665 3023 724870185
1541 1220 904496716
3286 1851 482728911
2467 2040 823290057
3112 1679 166688968
3580 2477 11300289
152 1956 486201018
744 1794 821964836
2569 1830 964728358
3438 1960 637937381
1570 358 467117212
2997 1532 440240984
1774 74 185728336
1867 123 837851881
2366 1244 510945253
3195 1393 846216772
2905 233 725852068
2555 3229 52493877
1031 3299 478206347
1478 2337 933818732
861 2121 663858625
1859 2995 199739697
2586 705 892430517
1850 2848 268687944
3254 2056 18833752
2049 373 160549604
828 1635 212741949
2571 3507 237218747
1282 3483 667069870
3478 1710 855211223
162 3552 607976546
2624 2655 4729114
362 877 319420149
521 3358 246656933
365 1592 164997653
2934 775 406326954
316 1660 307913098
1004 3558 679115307
2363 3333 469743261
2312 3219 655779716
996 953 345990298
3319 368 302372747
1113 1655 515849839
1171 1909 192678624
1931 677 106098444
56 103 503721551
585 1938 829863895
1428 649 886283372
561 3172 556090862
2212 2798 256457199
1779 2551 284258327
1582 344 28825125
1049 2107 670137959
1386 2365 632565221
1307 3302 726956833
235 1785 387027356
2475 188 951098735
477 3320 285013134
3156 3461 16546802
1717 2713 331387284
1994 102 217557095
1513 269 299981
880 982 838872020
2568 1824 719900024
3085 1752 94549058
2508 835 276614977
2146 2654 287506510
3360 362 191330366
2818 498 823713713
507 120 215695252
2779 1775 825369921
2256 1048 47439072
2451 2173 319968743
136 2238 739050025
2500 3173 280345676
2792 3510 462532567
958 2483 426404275
3439 266 310184199
2801 270 18966003
1812 1719 273952942
459 267 628729497
2538 1256 575048254
1209 2204 775231122
340 2285 512240055
2041 1906 960639901
2167 1766 170421684
2726 1329 767795484
3242 1097 66184677
2496 2430 784660339
3176 2017 73255142
1319 1313 450406226
1756 1229 20661302
2348 826 969044624
3130 1891 229158953
3181 2365 862489052
1458 459 312753867
759 2712 411819224
1692 2756 18670101
899 2470 808608946
1435 2101 301847018
1512 1796 162004038
1713 1474 535580504
3273 3435 261926829
803 429 845733411
2607 304 204183107
2767 1134 135756505
2070 821 707589935
1293 3519 554008879
3190 2221 225931087
2476 3235 742535478
2239 504 572662770
2640 958 556404630
1788 1121 500008115
1424 1884 812177982
3574 1416 284200883
1977 1779 361681915
3269 3295 435928739
1403 1023 564887618
1832 1624 883135841
2857 1111 442328351
1456 2523 459719692
1368 2537 578075610
1973 2669 889254928
3108 168 319928993
280 1319 87363053
1538 2434 525138941
2471 2140 114572990
3499 3501 913937091
864 2791 182022129
808 218 249885751
774 1621 378446003
1242 1878 618073104
129 1561 573151254
1095 2054 431869075
1904 40 902226778
2326 3516 139442454
378 3130 443865279
2488 2827 854242077
1961 56 748196968
247 2109 919608333
838 1937 51351994
3469 3271 87233747
634 1561 357439307
2957 237 821971468
1099 1438 599140211
2014 128 507617391
2023 622 101869345
2529 988 819656529
190 3524 508724034
300 613 531616363
2416 3473 845443513
2253 434 321857106
1899 676 238051008
2027 3309 632538872
3575 17 803755347
1823 1306 154952575
809 1915 718969554
3408 3254 501751612
1446 2581 807276429
2594 1710 948500467
1450 1589 675270185
121 3088 697357881
3562 2286 473727067
598 500 2703990
1161 227 480635131
2788 472 604946277
607 1584 791659419
3102 2630 292438341
2150 3 181896101
2621 2503 619309428
1147 3268 491022904
135 1477 974743845
1620 438 493523649
534 267 163485622
1389 3439 927103923
2375 2520 4688295
1215 219 265823067
765 1011 141204773
2148 1276 944222920
160 2693 536959411
1391 2819 57146711
2502 2313 307069533
1356 1330 502091840
2828 2210 407937880
873 1784 287553223
2729 3312 419455956
424 1954 790993349
45 2188 913756065
178 43 709619897
299 3336 203478926
3300 933 482538614
3431 2640 78509599
2578 1576 183329406
558 2690 832997227
1697 652 364447540
2533 778 209362966
1460 1731 330694657
3485 781 160863819
353 1956 778180411
268 3395 766357590
766 2525 47040812
519 2221 658290671
654 774 989851518
3082 2101 491607855
2711 1063 860521434
3241 1070 479345928
723 1465 321921177
2572 1594 758075075
2722 556 975511988
2255 1173 626619638
2765 2337 209929103
327 1648 512391950
3479 1646 688891725
3069 368 272705365
2356 2685 280486916
2442 2796 956257248
476 1873 613600626
2016 1987 945894007
3041 759 585317467
1764 38 696030854
841 3406 437269944
1392 929 483149581
88 27 789734329
231 3168 101958023
3193 2710 175411932
1523 337 980866507
2028 1620 323821923
1745 1550 632591256
1432 1669 907432541
2091 504 15219054
3236 1896 812870999
110 1878 20444575
1892 1868 766811317
2005 2598 556447764
423 3376 412677223
895 2386 837784906
2155 1898 406586376
1169 2836 811676608
1759 1011 244633064
1054 1512 87821955
3565 2068 350352
2645 1530 317087174
678 1737 407007817
2984 3175 248028604
620 500 740638744
3400 2698 123382445
3531 1787 286105407
924 2447 171412010
2983 2133 248100506
3180 658 437288214
627 1429 858374568
571 531 170925523
2790 490 384188617
2595 2711 858658636
667 2583 148934260
2047 2997 174127856
711 1894 109259427
2928 2462 657674832
2588 2068 276689036
3520 2621 686283662
3289 2508 602887361
1414 2256 727257668
1120 3310 728930872
3127 3216 434678303
131 3536 636646388
1069 1244 80604583
3276 1349 632767776
108 3491 564213314
1035 2557 715123620
468 2005 209044233
2998 2934 95861983
1631 3442 703286662
1554 2004 213273854
2739 3342 901577057
969 729 940558065
696 2486 532254311
1901 543 427622703
324 602 734943483
594 2375 870854215
3215 2845 132445675
1998 2481 36398328
1604 2981 349376577
2826 337 893203670
2956 170 169994968
2498 2613 815127359
2152 3155 43285982
525 1943 583848588
3298 1727 736518430
84 2938 757755921
2610 1449 243571397
732 2070 6004596
596 1088 724941453
3541 1118 95838429
2775 17 218579795
3103 1568 392353241
183 3300 531289072
3480 1609 7476389
2341 1333 191990074
1534 2233 120107986
122 468 830618266
2400 654 372946709
3189 2975 844605968
3546 1372 789287103
1482 1683 664299793
2676 922 438267770
3329 246 694994648
2268 2364 132275449
2612 2285 159543864
2248 2502 563338132
1226 2907 861733381
306 3491 30590718
2074 203 352384200
2751 2582 419508400
2553 3464 538733786
1586 3548 499338696
661 1845 670269235
502 1908 82159099
1468 3324 553928297
293 2265 663710356
3043 3229 829345905
1598 2660 240785844
1233 38 449419410
2378 2094 417236451
2599 2969 822977666
3247 1707 304431866
2474 207 689410107
1952 677 958984569
3142 1400 359429136
349 2287 766486555
2604 2268 51223563
2492 1218 539548817
2990 2828 76869378
1790 3373 990892340
1509 2542 92102291
1463 3572 30983737
1782 763 795519279
1269 131 201549663
720 1319 666318742
2771 3517 213851377
3449 710 449152005
2754 3031 509905702
3453 808 76002375
1027 1846 816895736
1323 1903 528510800
2482 359 928755575
3065 120 811837929
3382 512 643728068
2459 3105 747781670
2601 3477 209881475
570 1667 563409072
2786 1225 975458469
1394 1846 212939166
1634 1109 627349787
2701 2173 252671099
3346 2281 762583046
906 3483 970623743
1861 2933 263356031
1338 2084 106528011
2186 2576 12610060
694 172 617595449
1803 95 665982437
700 1120 351793914
2440 2884 630589718
956 2701 588493377
668 3196 64469215
2952 2176 572797517
3482 2213 362198249
799 340 440785815
891 2466 329131366
2402 1846 623626933
3086 320 446128351
52 605 927442428
1940 598 7460789
287 2093 826765558
2859 2613 538983396
242 759 449965841
1241 598 310860016
2123 2479 554444724
2327 1985 644529867
767 1915 187177851
3496 1416 245644139
3513 703 851740094
2297 3367 385094682
1645 1925 890165495
2780 2948 909518787
3249 3516 392912964
1089 1006 11021962
275 1902 239529939
354 2476 841258866
1353 1774 653129767
7 3198 74703460
132 93 339198462
3451 2613 626913172
1498 2115 546690887
2625 437 979518999
816 1555 733594357
921 3402 345269243
3131 2142 844258438
2512 3377 243026763
138 2796 556314837
3263 629 51296257
847 2989 721161043
1343 828 753545351
2615 270 863152193
992 2612 762665952
257 1210 343362054
1366 1692 974546790
1457 3484 785882539
2383 119 574978646
1232 291 78821100
1990 490 860824536
2038 140 409527899
2422 423 787164857
2144 3197 239065015
3018 910 966349631
1933 928 695894237
675 930 584431358
3186 943 32513602
1628 1029 803824686
3120 1541 169294829
777 3320 650741908
680 3061 282309474
2124 1122 700017576
688 1957 409305071
1975 445 88034603
209 380 222381864
2600 2627 664512675
1625 273 85485678
727 1120 335848897
26 2298 613075512
297 1394 379073640
2853 2697 907092789
2649 2898 751747095
2182 2698 707234391
1475 984 801256410
2449 3516 559482044
3353 1226 923983560
965 2288 772050938
2306 3316 653008649
2923 3579 247351433
2632 2587 532918346
252 2508 85983588
2871 2742 844752363
1265 2833 563626098
2725 1866 280135937
1178 1027 318592700
1965 987 219234007
2707 1889 982000020
436 139 287438460
2258 3433 475693554
2680 196 829190992
2566 2096 959818677
811 891 102986101
3257 313 49054670
2081 776 890095076
2419 3496 728603930
3138 3152 223898401
401 3152 558963888
506 1354 667824229
1419 1947 660088085
2597 391 171018797
2272 441 21799890
221 3053 333258619
1381 121 396413700
810 1225 241452439
3569 1365 841321235
2852 869 848722684
1801 2976 164330596
823 2028 955421025
3365 557 657623246
1125 95 147761570
3185 258 936806566
1789 2988 859510155
635 3574 850178073
1154 2894 724246751
317 3442 733202822
3025 811 614424685
3159 3580 729284534
792 1215 741818876
2294 1811 124210668
786 985 859080802
151 93 505095684
2411 1207 947559439
2573 1056 982032711
881 1025 327775363
1767 1173 681718225
3117 3055 301427808
937 336 678711714
2156 3083 128050224
717 869 505416748
563 2513 56064593
1034 1363 171107300
3392 326 33076557
2696 2215 667817972
1042 798 447706735
239 3360 86225226
2472 3192 244416058
248 3489 621973073
332 128 810895415
3162 2145 616272236
3307 2153 522372010
198 2964 686402733
2887 1435 353549207
3001 992 629760085
36 1647 682509897
32 2933 515500653
214 3194 853413942
2203 2017 339420564
3258 1089 361909036
64 38 607305900
2653 1394 891411325
3119 3557 678911488
3403 3320 944010716
3457 1863 563053940
3277 2027 142300666
1560 3032 477489130
480 1994 109823948
2618 3194 350146073
2170 624 532292076
137 1360 574213670
1080 3562 37923742
244 888 218237024
1322 3084 496315386
2168 2824 742546912
1858 1409 619428793
1725 732 737753697
603 768 352382311
948 2930 261223301
67 3367 966341075
1678 3565 29927760
3434 764 900536044
2191 2152 806058806
2943 29 897927618
914 2938 478268900
1130 992 406072554
656 2975 646115361
2721 368 416566039
3493 685 97691159
3462 1697 574717615
1703 3480 607604504
632 3223 94903731
2549 794 671322515
1159 1724 816998471
440 317 704060215
998 3127 82564545
1781 3317 780582584
2521 895 25788051
2083 769 939946851
65 3153 685318389
1454 612 48045120
2629 3224 842211603
651 598 680892064
2918 3269 903800460
127 2402 193307056
2877 3 597981404
1722 3396 395616513
1273 498 914716628
1058 2186 424807998
450 1269 744788197
845 538 675956116
2345 2648 621660442
1236 3138 916085957
1688 2796 830355576
1263 2577 307525114
46 315 755816709
687 2592 914351014
3387 823 261453610
11 3320 635533162
2804 2863 745959507
254 3533 547659513
1005 2039 386944074
663 3037 320968465
1815 1173 644943445
2740 11 686692200
730 3395 442627703
3426 3449 409324447
639 20 820726323
2085 1126 85538947
1194 1658 510044436
2942 3573 812528967
3165 1679 982646189
546 692 791340833
1123 1801 39063317
1640 3107 646582782
1075 2239 457266080
281 805 286864699
1875 556 501572946
1548 221 466633674
3005 1494 315736876
173 2188 200091623
2750 3198 486638017
806 1676 845219381
496 2645 585645377
2478 27 694163486
2579 2926 409301871
1017 1868 793004245
2714 2038 576234844
1663 2189 639393501
415 803 352995779
1380 3033 504378100
430 2640 455480579
474 2238 672407372
53 1745 92625741
2699 3395 481085317
2673 2202 377772800
1284 3073 717360450
311 1374 852596137
1552 512 968936463
2428 2373 750151452
2797 2792 795803432
2702 3094 431349392
134 257 908189584
1425 695 533438085
1433 617 972599727
1479 1031 856322277
1198 51 449558732
55 862 363868850
2731 332 700621905
2911 1779 496250558
3034 2611 893184159
983 2436 572178507
1216 892 65194553
385 2074 911872776
400 3218 213892514
3416 793 854985890
460 1738 241861821
1227 3434 120748562
478 3169 799465877
2603 3480 580447317
3211 297 786237569
3351 2177 556169459
553 2419 524158218
2025 273 307503059
2333 319 710060765
3078 2478 242613171
3283 3370 4769790
1581 129 720531678
3385 3048 164442847
1493 105 516186163
240 2086 569582876
2879 3439 770686830
464 693 940012833
2211 168 538767267
884 1101 57864495
2192 744 104905540
3116 2914 807242328
2441 600 234376182
1876 1460 120757427
631 2163 646229460
2369 1444 951165603
471 979 939662279
1488 1356 752110926
1018 3529 197308366
3147 556 633710205
1317 23 310173731
1563 81 797804512
1828 2215 887967332
935 1952 805437748
1649 1904 394481515
3100 2321 478332823
1064 895 30658865
1681 2168 89856164
1038 1479 427232649
3405 1828 929812092
2875 2521 947360471
2388 65 734797149
1253 3520 609164608
1827 2707 896983272
3044 1942 778551666
425 2542 407109047
2432 209 896282705
334 3491 919628727
3459 605 315891479
3303 1785 930747202
925 268 950612505
2224 3064 742999309
161 915 358797603
2026 2176 314713714
3149 344 269642900
1829 2085 68055854
636 1800 503307644
2867 2014 492219831
341 2734 835996567
917 3087 336296236
1326 2278 552217790
236 930 82959339
890 80 377087014
1152 3420 275575290
3146 677 83522758
202 2278 506963089
2917 955 716893846
2893 3378 688325721
2637 2899 306681696
1913 2806 375938755
1442 1329 189842053
1871 1530 747352499
3293 1765 414401213
578 2811 44729557
1792 1725 846338738
387 1649 265827589
1816 3300 362958977
524 2608 527501510
1197 846 282585659
2149 2537 458484343
2545 2608 202595659
606 1763 127342315
1953 3201 855505271
2785 2153 904008940
3292 471 805555654
1182 2599 38214711
742 1581 432113722
2261 3421 72287706
2160 2781 331739772
1959 3310 535074502
1755 1122 594487873
2940 2939 884897705
1362 3075 587344827
70 2974 208791157
3045 1089 860037296
2681 699 664965315
3539 219 14228294
1228 60 420791601
2216 2639 940973703
1864 1468 399771071
1395 1719 109368087
148 1979 122535053
946 876 885304601
3071 3044 217298490
3568 494 543490450
751 1445 563930628
1930 518 33071536
2161 982 39761305
2840 1742 787379726
2667 2824 208423998
3248 3329 738094067
3350 961 553022659
2353 3223 561543927
875 2549 331016582
2234 1390 243638711
1969 1105 348399995
1686 1263 971120265
872 2364 345058120
681 877 569207259
153 539 239759852
2139 680 918057949
215 2952 607085788
155 1273 637166224
1179 3031 575357530
2030 598 152955673
2136 1879 509015187
229 2685 324914856
2870 2463 552808964
220 1325 742137277
277 2947 414339125
1499 3034 722197020
296 314 398170538
1632 3216 107039032
2349 786 346161507
1831 1923 592698861
3564 3153 437225206
1206 683 183171607
1963 1896 443607802
1008 2592 284889292
3209 21 495642444
784 703 383562799
2874 1189 378167343
2262 1676 133893974
158 1930 552644791
3361 1025 789650267
2528 1884 26849408
2126 1627 766787284
33 521 407998457
721 2606 647489664
2979 3389 980038953
2277 1045 698641901
1351 1729 713836170
1511 1884 847837515
1486 1446 90279648
2620 1773 310467105
2304 2697 340624351
3446 1173 362386905
3202 2127 82002098
1970 2397 962265673
2799 555 383762798
395 3523 550687010
28 1040 328519427
574 1488 189793412
2342 1802 968421995
1384 1743 905748590
1813 580 456658858
442 3155 757171911
2061 3214 742563416
1358 718 294664886
669 729 176548703
611 676 918981793
201 1306 839963290
2319 3032 377132687
1369 106 784118247
200 1743 795903253
2946 2523 140614576
1893 803 633421737
2668 3421 580873820
1778 3196 956530818
348 534 67591795
1133 1647 347945358
855 876 511147477
1854 3160 358462684
2132 348 226329251
863 2798 997899169
279 84 207763555
2650 958 132063641
3011 2132 218082880
3502 725 103430013
738 3084 734966920
2413 3445 973373813
3345 1767 730382520
2392 2479 300884598
1617 907 509611455
3518 3158 115637735
1837 1737 887322094
1016 1562 570203725
1528 2691 917457537
2303 1945 871074604
3200 1218 21497199
169 2715 973468418
3554 1911 969945055
2227 2189 957745811
1968 2170 677111473
684 891 859196158
2316 2992 671972791
394 1390 329740270
837 2451 398526740
1936 10 701920252
2437 1098 545174399
1373 2491 883837330
1579 237 6016558
481 2952 200316631
1318 47 815600345
1073 267 205713754
2310 1316 993157653
2570 2349 738066606
241 441 505275494
3015 3014 225822995
2505 204 711571898
1709 2436 996598820
3490 2374 26148002
1176 2212 394994628
2915 1546 17486440
3164 915 72866467
771 139 257516698
1138 3449 767036827
2024 2030 796039270
3125 634 683709811
1211 1557 995483238
2642 1051 820691818
2951 495 275780259
2048 551 197013137
3006 3416 694636375
3549 101 445547508
1890 688 651411786
3430 1862 731083059
346 3414 326643747
1143 778 318393700
3050 2666 982342731
2755 1526 25597118
829 1104 783346912
949 3173 454116801
3488 1727 996684097
1547 2464 594858546
1127 551 38737972
3340 2824 378381025
2387 1179 797713390
2851 3117 556789412
163 1551 736002886
1385 1684 430550902
707 168 769438392
1626 1295 49834179
3429 2585 262962337
2760 2608 777838911
2564 1649 830442038
1964 2519 244302398
1974 700 601501863
824 1040 760696805
308 741 919162317
388 751 361688248
1805 244 536992260
3139 196 499859838
618 2830 884896012
2616 477 829601149
2241 1740 257697037
1929 617 321484764
2743 291 985499761
3527 2763 705699186
3398 1027 954023079
674 1893 897109718
2398 178 346694369
1502 1263 838345510
1470 230 374833833
2807 1257 345229879
1606 833 702315540
2978 1723 928709944
1148 1609 155912914
2695 1880 437915701
2205 69 455947754
1986 136 906233259
1481 1868 638747252
1252 3088 688598150
2800 2618 707916487
2308 632 712710604
2738 394 279318891
2966 3395 127243424
1754 2969 357294807
1605 2764 976064797
1542 244 906661464
2232 1372 659824586
3208 1982 249340163
1192 1277 512112998
691 3407 759102973
3076 111 333649475
3323 2875 157242250
554 1942 872312057
3081 1216 765017834
1094 1154 196712836
1521 279 901680633
1476 457 7177290
2687 1090 859092382
2973 494 595789727
2584 2801 839083177
2716 1320 542423913
2805 3487 974063787
1944 167 447607338
2165 1429 588238761
2908 152 28112242
1529 1609 342490722
1262 432 899433210
509 587 651193698
1733 3293 304206695
1853 2486 669553385
2087 295 516297849
2720 2149 816270076
3019 3044 269581518
642 705 324519509
2945 19 939970089
278 3277 514845795
2777 214 248961613
216 3433 304445405
1590 948 300267442
2727 1893 406025220
1032 2627 184053752
2991 2676 313018166
706 2860 822063390
2171 2182 24356336
1652 1802 220708991
3460 3040 749054096
2499 1074 532619735
3226 32 147054370
630 784 752207975
302 3408 252170702
1300 1243 946546991
1404 1925 730351221
13 1822 306060385
3157 2464 611347480
1839 229 487349594
2409 1032 537449859
3089 1255 464143936
3051 813 901624388
3020 917 477438690
1882 2947 797249455
1515 1101 733927957
2414 2745 418006054
2644 735 736350391
1746 1544 165842751
1580 3043 838410439
2971 1952 184532428
3030 3489 936948333
2906 3494 833661460
919 1321 88139639
77 1977 807995868
165 2724 243424434
912 2673 909395815
2138 2905 52885114
2789 2390 133843290
782 1293 505889743
396 1684 560703228
2457 1453 894534123
1222 244 307124550
100 52 502788093
2244 3524 752679287
2932 3091 361316067
2977 2738 913019282
2010 1123 808261635
1443 1937 839626441
2174 1717 476122424
2031 116 36909703
1490 320 690296410
1231 2826 714018271
3054 3442 853008042
3136 235 485532428
1539 2760 744207988
303 1281 583459350
1702 2473 799277409
3347 1811 702803944
3079 1458 219289832
114 2798 290678917
3455 1402 836442968
145 3056 763255056
3515 1845 527350141
3341 2281 729563701
2832 3515 825933233
905 938 509162211
2300 1005 564715133
986 2858 860046734
2641 2667 257963223
1304 3017 895109068
2346 150 789282285
3278 2138 135032189
383 1807 692607767
1852 2388 851255596
2322 1370 288065201
2032 2700 987781999
72 3202 238237049
2062 2613 863962914
3357 3302 750611401
673 893 869186141
2646 1222 157830117
3352 344 881506790
59 992 444455531
208 1056 745176944
672 1937 336376445
3321 720 386477592
1116 2163 532000897
2970 2558 670387001
750 3344 660074610
2314 1778 196506783
3456 2769 654156336
2913 1113 546061745
3255 3339 932303577
2567 3147 538506150
350 2627 486988856
2134 838 295839275
3540 2746 474152182
640 2685 164501880
2802 509 31219095
1383 2876 131033677
3337 3363 390169947
757 3116 818421659
2 2551 122531968
3029 828 695641453
1427 2479 783673213
897 1589 815040123
1662 3027 774795132
2509 2258 257534722
866 1545 108715917
762 3444 892245768
601 903 769909063
1302 955 57638912
2318 1065 695921354
516 1883 93278218
2399 1062 799741195
1559 2245 876540037
357 2425 895929663
2487 65 976634339
3062 233 6102364
271 582 492053396
3012 1124 230857084
360 111 484761213
3555 3048 778719218
655 1067 407892729
2128 1390 469524881
3308 1027 529193605
2264 493 168454304
2950 1053 105986339
2117 1113 898969993
2046 3063 544837696
595 1422 465877036
1248 2082 25296290
527 1844 780269119
590 2288 382720395
1165 1063 992339625
3399 1363 751025612
800 2154 688477567
664 2369 85026748
3359 308 343526706
944 287 292330429
2842 856 587830527
89 2659 850384061
2181 1568 754444871
1840 2056 5340010
3174 2209 120961538
2051 2915 923006391
1305 1064 355061422
2723 3023 654350477
1371 1253 142300889
3095 3196 38996307
1918 2420 313443100
859 1152 362244131
2753 2434 668912552
410 3491 444501042
2225 2437 166079833
2381 2479 341325697
2504 2610 560082065
1843 3540 8692985
265 1298 129470389
2433 2099 965764534
3566 1545 6009565
2596 3218 662132705
615 2902 978233648
115 3341 686319385
2197 2196 657013098
335 460 71799288
1573 2386 756294993
3106 2253 944466149
3504 2908 547781723
566 2196 889241450
3222 1004 420252257
3296 1384 789504497
3291 2074 585816946
2000 1981 401105706
1536 101 613576480
1059 38 706467104
2461 227 305366039
2623 2581 26710490
1022 194 483446597
453 339 279685465
2401 2392 447646596
1675 700 669330887
2089 2312 886161908
2663 3166 950987368
1525 661 382761401
1907 1256 712844132
1283 449 340109468
1637 1894 71138393
1033 157 427345327
1751 2239 775142700
3534 2943 91153925
2339 372 531604966
3450 3440 445024723
567 2262 827055131
403 1974 383363652
2636 2980 997009210
197 2167 74716436
1520 2337 293878673
843 1892 822675801
1061 1443 32653298
957 1655 79274542
2515 2983 12784298
1473 3155 13277988
1060 1074 922548747
1469 1383 676590868
1484 1485 351189462
1795 2751 342611180
1096 1756 962621558
1685 1017 992489994
109 266 138520577
226 2054 860995249
274 1951 362765038
58 3108 664957471
184 2626 755704520
870 403 866482553
936 1695 471606829
234 1781 865068398
1459 3250 117364186
37 2128 482120111
2458 1751 443609110
3366 2759 254014766
2560 1784 328575086
249 1372 369725504
1336 1222 816737328
3454 396 295281104
923 3237 756192392
404 3056 686950360
2850 2902 817324939
1874 1699 866368039
533 1265 693773757
2631 2192 205224834
3035 1606 595922647
2931 3096 820608391
2290 2756 856848816
2749 3175 578379431
1464 1262 447343994
2301 1117 192521857
352 3360 177771373
3497 809 153277669
3028 357 875627791
3354 216 954356248
3135 2129 15158102
1172 1552 948884569
3356 2272 964367064
6 2165 366153573
1044 344 23911371
3415 2397 902901283
3280 916 900613744
2958 1574 392608313
1164 307 111393536
2231 956 806966577
259 3051 80458729
1817 327 976926001
2708 2028 758575144
91 1429 517383636
3542 1509 918975086
901 2874 941306287
1235 1960 78563603
181 2068 466948917
1995 939 316570421
2891 169 179541143
3104 1882 70192937
882 3176 602580500
1461 521 203982460
2633 696 48935278
2394 728 393824757
2526 2068 838762564
2141 883 103228351
1786 2295 958849018
68 2514 508844053
342 1871 571865255
3535 1134 452111186
3003 1800 497467555
50 3019 131727855
1672 1698 785504232
3099 1520 969479754
1613 3323 887863418
834 2290 387687463
3500 2481 530393260
1412 528 696785422
3514 3443 616321765
3132 1024 126564605
2962 184 137757268
2090 2653 653411551
25 2996 813616408
2147 3552 148612671
1280 1516 243248601
117 2607 66772837
206 922 280150379
1934 655 981161640
2814 2382 394893036
1201 1834 828668409
107 864 305712453
545 1488 861665362
1567 3216 654896072
420 200 792364402
484 3412 387506857
1158 3401 984090306
1324 2477 201455355
1633 2147 591853776
483 2603 842751786
2332 2551 669232393
3213 268 810400558
1505 2451 331592101
2861 2702 792940179
2901 2012 272854289
2116 490 383770681
659 1500 192529673
1939 257 906987245
1711 2329 849429541
1250 1040 755960322
2427 184 922136392
3245 680 157473563
1410 3376 812229874
2371 1923 62256372
364 943 416832680
2994 508 573794025
927 607 851999998
2206 2162 400832830
815 784 162914828
3417 3476 11654733
2849 3037 919545542
540 928 123048553
427 2733 733148504
2418 37 90691762
689 2081 632505764
1670 2479 126327435
1315 2480 933350744
3318 2062 939611841
623 758 645065399
1203 269 65190126
2415 2071 911711931
479 571 989870803
2565 449 877769599
2772 3217 817978490
940 1380 679137917
1708 129 667713827
2527 2962 55108959
1966 433 868955754
2561 391 50772201
14 613 433448450
466 2709 919378851
1718 2169 72915815
431 2107 65058538
1448 1359 62296635
1251 1630 597199429
1401 1144 867332079
941 3400 525982254
2069 3430 435327939
746 1973 734637105
2782 2213 230885581
1760 2862 838967533
2357 1185 944165544
2563 3373 113078901
1496 2870 501690640
1728 698 512275778
2661 2140 731104131
112 1727 43889056
1431 539 904094692
1014 2981 738920765
3383 1034 333732438
2106 2685 166626759
469 2364 374471524
648 237 343819771
2020 1576 654637080
2354 2357 75731224
1153 1247 791431490
2868 3091 764177628
1039 135 478817982
511 1370 595764280
1791 2809 815841048
787 2790 649993518
2200 106 207216255
3191 2569 551054603
1597 1778 197499191
2050 1570 11306230
1644 691 393648601
1694 3547 279710060
1527 1728 5795991
2719 1952 141283880
572 995 265215678
2468 1383 212367692
189 2703 262566371
2922 2571 280535719
1917 695 822542467
2531 218 517027448
894 1956 704749992
15 916 986580282
1501 282 500762794
2114 2831 382769780
3046 448 777441008
2829 314 123928783
2904 606 317544075
1643 803 781494363
1881 429 998384418
1452 797 849552674
1297 2056 711770299
199 2549 334503054
2768 1389 731708817
2880 794 809108938
3178 2290 858038826
1077 2721 228193813
2900 1744 835571017
3375 466 928760702
147 2891 1587939
2404 2872 658852113
166 3033 904859166
456 922 273611700
2019 1888 348174857
748 2579 170701775
1757 1641 641309685
532 599 850132768
1691 635 437306887
740 846 696616047
3016 1775 981685899
3543 2362 203587952
2665 2786 392754759
212 1850 340776146
49 637 652917191
398 759 738150686
3466 1908 730649909
1680 2352 179275662
1768 3513 968309708
343 746 842793182
48 2525 629625561
616 935 162945544
737 1236 56706913
305 364 268710361
857 1564 199265091
1886 3209 632013302
3267 1534 989460350
1735 2615 619270691
3281 2994 34294276
1037 2909 292018762
130 837 788616968
971 3410 48388532
3297 3501 948972687
2762 2889 717763780
904 2289 479072450
886 2281 701596857
228 111 90139191
1770 1746 290397484
2446 1532 784026057
1188 2408 160134604
2916 2344 374257957
3204 1633 736108090
1136 2055 933878629
1204 2297 815609297
154 32 979593533
384 3550 519645985
868 1787 453281087
1514 3309 917227577
8 2047 696856414
217 1133 438537404
660 2531 412946874
832 1284 855530595
1436 2668 701945705
2489 1020 454913374
1132 1630 261879088
406 2831 688817648
1270 1907 452747633
3279 3190 397322572
2368 1274 431901335
345 3573 514369515
2247 2737 713563307
3225 2966 637628644
825 855 471170572
1339 1107 498705069
1588 3050 284755552
238 2400 643750218
1259 392 734735395
75 2106 564909379
104 2475 559989101
537 2907 711653761
2856 3344 529068775
192 2895 434321255
3118 128 187385101
2323 3387 832626224
3246 2791 560914553
1519 876 217500787
367 2343 602969870
1388 3581 802370462
3578 497 987438167
462 2079 928943964
2834 2414 106942353
619 2995 632541072
276 2319 85659032
3452 1699 768231110
1950 1917 700086775
3368 747 2315268
2484 2388 575213095
1716 1568 747817419
2575 2665 101835724
1191 2690 699025555
1028 3035 775063503
2036 1344 143054199
1616 1806 458012537
2657 2244 861665462
671 2822 448479705
2812 3073 860821360
2469 2804 823256851
1115 3482 164342625
2837 1319 482480711
3327 187 758173042
867 3467 279619287
1151 3322 333122903
1268 1968 71049007
301 3048 58932041
2274 2248 303494435
2735 77 593870656
1350 1891 259642012
205 2328 872697204
713 1188 49907449
583 1589 729771582
514 1668 791699839
85 1226 360318149
1137 235 567039495
772 2300 618159218
1417 1721 734086968
361 2758 761379714
1288 1624 83082485
2359 1102 146210576
560 2993 351876125
2242 2779 296233643
662 276 407660244
1466 1568 613792639
1522 2791 756481175
3571 2610 982981685
1455 313 74590951
3133 359 283242816
143 316 386294641
328 1189 686570641
381 765 149591669
1355 1592 750761958
2279 1793 522772323
1753 1396 427858013
3425 2209 545172726
954 2342 265853502
3492 1707 953359532
2675 2026 921167125
1050 169 695443560
1068 1323 652221432
2003 1831 303195267
3144 2719 816991307
413 1793 972690010
3227 3167 100127600
34 1496 25665396
1736 2437 35935537
665 2614 284795706
1441 1337 277408795
822 1754 456294887
174 2055 602637679
2757 1318 961827841
1408 1586 649794972
1848 2196 17929136
1926 166 242642600
1001 1019 192482740
2214 2335 864374245
1984 996 514975007
3413 662 123748051
159 694 745057475
1747 2617 292995014
1081 1125 356483808
1720 74 352841796
2078 3554 837568318
1195 71 70432665
2103 32 694963209
179 438 963731819
2015 281 800810047
399 649 622486822
714 1591 124494536
2022 671 484560845
1556 1451 344205851
889 554 42504690
3184 723 896055720
1279 3239 783229953
57 873 902283436
851 1101 185410265
1761 766 516791345
1841 2514 36437247
3233 2586 721917648
2259 1225 95545713
3465 2727 364650449
3567 897 908623011
1352 2599 667109744
2677 220 255672181
3503 1558 515359501
3123 1561 14635649
745 44 735303433
1399 3205 890172573
621 2713 645789597
2658 429 368316838
253 2730 335640330
2544 321 899640697
2426 3564 968339802
1007 2944 392066729
2280 2148 120898731
2493 656 588229384
2510 2469 879026558
1415 2545 908839227
1921 469 368318314
2516 967 862345798
366 126 345868386
1870 871 471780218
3274 1851 745378562
2018 1789 124308380
3325 1107 251124724
1382 1097 985366319
3371 3017 109018842
2888 3279 905166488
791 2164 55438057
62 1860 682996902
770 1818 276665323
78 1437 240201813
686 2410 106057021
1057 1571 74717536
1810 1354 365761168
3179 2866 797832453
1941 1671 337988500
322 3106 114801675
2361 8 893970126
2960 2411 714053733
1565 1524 332058401
2454 3532 294220888
2011 1984 291790364
1066 3055 488251357
61 1756 979269074
785 3089 89303327
1083 2914 385313711
812 503 134539101
1275 3040 785340228
331 1300 179063235
513 2076 534263280
1303 1934 780387921
1510 3283 750519742
1638 2651 617721109
1155 905 440345754
2985 791 583432038
2886 2160 407261859
3314 423 450121074
1237 735 612677657
1239 1349 116351692
2311 2584 140499829
1749 2600 594305658
1689 1958 72783730
2267 1446 220241842
2240 531 537792485
3448 1868 532903288
1129 446 790972811
3220 171 391991785
2444 981 3456368
2453 2849 805607777
1071 367 158169449
42 3577 810016621
1701 737 191542123
2185 1444 806228824
2218 3439 962537857
647 1244 950184644
1110 2261 143227825
2183 2576 85723771
2195 1699 992231093
290 424 444673127
3230 3203 533924635
2230 972 397378495
898 1243 485432056
2208 1477 244876950
1221 2512 671755488
2095 1878 764787565
3391 1317 731729332
573 2993 482506584
1776 237 905894342
697 126 104374153
1569 446 315802126
2276 3357 544596973
186 2177 771012426
1572 3429 633191444
1205 961 682528837
2864 1928 286822500
355 3452 210414454
1167 2685 62519416
1506 2691 498833233
439 831 945713051
2120 2033 757281363
185 567 358458985
3090 2110 406191421
3080 1515 857409464
2100 3462 295762882
1180 3282 689021883
1219 296 462162576
1922 2083 699339408
3422 1712 352224608
3528 2663 478129832
1657 946 529453185
411 1482 328976647
2395 1116 263917151
879 639 833421833
2774 254 148973264
2882 60 172106720
3111 1009 712890068
1264 183 516287076
251 222 869967505
272 1068 246677453
3261 2794 249509279
2532 2474 665653901
421 2069 51593811
842 3072 494078100
2935 1555 154259513
550 1017 614133035
807 2336 930628720
3521 1343 840633511
1397 3164 4011736
3419 1144 536636764
1601 70 304485453
2226 2745 591657990
1857 3275 716254281
1549 912 84604974
2118 3188 429706414
900 1441 741252817
3424 3542 459953373
3007 803 459272604
1696 161 674783424
2159 647 811827948
1596 2195 900003358
920 968 382025508
1174 2272 906254279
86 2390 909756106
2439 3076 684516324
82 2476 98887228
2007 336 963966710
726 1445 103872761
505 486 436636559
1704 655 580178088
790 3423 671636588
1177 3333 889953407
3508 3027 665692107
225 2135 971656411
210 992 184066458
3110 2413 748177770
3009 2437 263449220
1406 1490 887822588
1531 3420 63205189
1483 3260 707308326
1426 124 460791912
1715 3221 742457068
1254 1650 108836246
3348 1937 723791041
1653 637 865312983
610 2611 800291577
853 3363 935144179
3272 1240 572215308
1289 2945 818223183
2034 1031 994162331
488 2356 940153165
3285 1639 339318463
1750 399 475440475
2184 562 861246430
1629 3024 768584988
1732 2108 362602226
2795 453 710087432
2273 3406 451465479
977 671 88771076
3039 623 167411978
2249 351 242291662
371 936 110208664
2941 2510 886521322
522 2345 230509193
2102 2860 185598657
1430 2990 899895815
3315 388 416563618
945 714 342173923
1314 2613 55388651
2157 2826 281398207
704 3286 29514872
2389 3273 268065979
1405 1836 518553052
690 1892 776565188
1804 1909 771384621
966 1460 84059405
515 306 941408511
347 3231 925867554
1575 1922 451473451
2873 2689 257089142
492 3007 207423193
3441 386 385670505
1489 853 419496178
2683 2680 938825813
1249 857 268768765
193 5 834194240
3021 3043 884142192
2001 1136 233367947
2065 1435 874420830
1599 1541 298678438
878 8 320948776
2105 3246 154448995
35 170 309845667
2963 2100 935949204
1139 2943 5833362
874 2554 244054078
2548 1756 925184940
2987 3417 207749748
3290 2609 553487074
2243 645 173529703
3530 3326 265167874
2556 815 349642569
754 1009 178030101
2705 386 92488055
66 1579 333006117
2125 1443 217545596
99 1512 448856102
1 2218 959132123
588 3536 755971431
3059 1396 143666215
73 1814 661874702
3124 2978 500074365
3240 440 346093909
3331 3546 640540021
974 1483 434681184
1797 2668 147253825
1497 2935 174365565
2919 1963 643592641
628 761 142488721
2924 3169 499926149
1607 683 359254016
408 2260 968789585
2309 1028 569216020
1623 2281 190346120
715 2483 778111721
3049 2173 790379695
1996 1110 646427624
1213 2531 428738032
576 632 293655519
1086 500 575932194
2112 3279 573315459
1266 2105 14658778
2044 2573 62083955
2825 2722 951533486
263 3269 655067367
3058 293 52741700
3140 23 316250821
1055 1294 310854463
2465 2871 252686416
2541 2595 80266864
2688 511 552454843
913 2404 458541489
1932 184 582496685
1082 243 594862205
2098 708 808896940
3163 886 545688498
752 3306 807667988
312 2296 951209382
2664 907 957612089
2522 1182 578158902
1341 3575 88453936
83 2272 745456937
2269 2324 914736039
1808 728 683605741
2593 1104 544567310
1052 2358 648324867
2671 1685 320658845
1900 15 821217370
309 2146 510725824
1357 675 832679682
1079 2227 785517174
3311 167 618365589
1799 964 410356085
2506 2739 181936402
1334 621 385684634
22 588 391792199
993 728 993135236
2045 3245 554414582
2961 505 736635471
1856 3283 592208177
1491 2580 424948600
1149 723 980788857
2793 3052 525979725
836 2851 211388526
2972 2156 951060880
2073 2555 325082863
2662 2917 85532668
1157 584 572026852
1654 1775 233610658
887 2757 824764327
1413 2461 390214060
3150 2327 115099134
932 1807 741829899
2293 2146 914972787
3026 3182 782027447
1308 1143 663144862
2622 1191 871999703
3143 2018 422854296
1976 900 282499412
3128 3511 489461241
2443 351 353764530
2059 1642 682487505
3000 1636 306789936
2092 2446 709310970
2325 739 870149239
3381 736 550286425
3305 1550 56614183
3210 1427 595663134
1367 2447 680503719
3287 2620 852824711
2257 910 466319095
646 3063 783981955
2949 1062 973929699
245 2178 350980765
2037 3411 830155273
3010 1696 833966338
1661 412 341718298
2207 946 605495370
1106 2302 670474544
3328 1398 238205201
783 2569 345308637
2647 561 314667612
2602 651 550980883
3022 1673 608669868
1967 1686 441598368
3561 1452 12855049
2180 314 974644488
2897 988 831887734
3265 1128 940102436
1992 3095 970915447
261 3335 470562863
592 1047 76042399
2844 1181 186481485
191 94 564838493
288 3375 462871985
2878 3371 123835439
2042 1145 207762229
2820 2604 450842194
260 3302 944456886
1199 679 722131369
1920 47 380758099
2220 2953 585525000
976 3496 892524042
2540 2997 599728910
2846 1218 37707439
559 2416 430559353
1193 2559 542506384
1156 1630 738600002
3470 1132 541782342
2113 3038 886064092
3036 1185 956435377
3288 2560 466010058
2228 3567 647821390
2190 2304 400102295
2006 1195 362835731
2530 978 145968250
2122 657 191761593
712 15 389086088
3002 2143 615323254
389 2891 837012831
3101 2260 961055368
2057 280 765447443
3068 2889 770098977
224 900 143149247
3355 835 944770536
3463 2753 399758778
1593 1170 794474311
2424 606 117263632
1091 2547 21171795
1821 3489 552911432
1084 2330 811555024
1131 2773 869202399
3042 2482 947434297
1271 1968 291164843
1741 3422 251711082
1184 1347 895557464
814 194 652552711
2674 1066 102457275
962 2739 521433262
804 1933 803841753
1687 1625 834204382
1434 2532 666957889
586 3125 157518490
144 1206 659991574
952 2608 755635860
736
2542 2167
1458 2518
1965 3280
661 2450
2206 1946
793 702
2598 2978
1922 373
3032 204
115 1561
3288 1215
1221 1496
2847 612
3515 3560
1852 1622
2429 982
2279 250
1598 2686
2090 2966
3435 1338
1436 2669
77 146
2491 32
3197 2370
1909 165
3052 2341
3435 2240
792 1628
3471 571
2482 3425
1277 2843
843 1183
3437 2698
2477 1820
2957 2879
965 2007
664 1213
2529 473
3078 429
1897 3506
154 963
1617 49
2911 1055
1986 2162
1100 140
1554 2851
1487 2121
3439 2698
2955 3492
693 1869
981 817
3262 703
2943 12
3536 618
2338 1530
1751 39
750 56
3351 1742
1620 190
1177 988
3439 1021
2836 343
2655 2533
8 1889
1018 3517
217 1366
863 711
375 493
1619 512
2611 2184
2630 3190
1000 1592
1056 3027
284 359
3130 2483
1537 1581
1700 1985
45 1167
2355 2679
2778 1786
2899 3174
2537 2729
2493 452
1660 890
2463 1815
2282 727
3089 262
1107 336
3417 583
718 117
246 2325
642 2405
515 2389
638 3425
266 709
2002 1785
3450 907
1467 2732
2755 836
976 1661
1069 381
761 1070
385 2456
103 1554
693 3530
2852 492
2893 2740
1952 2076
2912 3061
371 3057
2229 882
407 408
1431 880
1470 1973
912 2324
1691 9
1870 441
1379 848
2513 1049
1100 581
147 1613
2459 3572
2879 717
3326 3083
418 3205
617 435
3523 3192
2000 1295
1858 264
3267 2273
3068 1912
74 514
1705 2541
1582 954
3399 85
702 939
1340 142
1102 1319
294 1330
3245 2714
1302 1343
3181 1799
2432 559
2519 985
112 29
1718 3355
1246 687
382 1144
1466 1708
1039 462
119 65
2082 499
387 1375
239 1497
1896 3041
3056 377
3343 532
2006 28
3391 2758
3178 3306
433 513
2789 1744
2751 1256
582 1077
779 3402
3057 1172
1640 1964
2671 646
982 662
684 901
1512 1641
781 538
117 2368
2949 3560
2892 2842
3526 3152
3464 3235
3309 1262
3129 1731
826 3478
430 2575
1454 2212
783 1533
37 1909
316 931
650 710
1449 2220
363 2274
2309 340
3043 3510
553 2275
3158 3426
2527 516
1022 470
2364 126
3006 3503
2139 2439
1278 3156
1898 3428
3467 2612
1810 249
3106 1820
3180 1863
2791 162
1983 2046
197 3227
2858 2927
3007 2333
3546 2318
1726 1468
852 3471
2434 934
261 97
2366 352
66 2273
968 2140
1887 1077
1287 2679
2091 1194
852 1299
1961 13
2695 2276
2828 3515
1747 2305
2228 1879
133 653
263 3164
1507 1351
2093 2625
1917 22
3043 3440
1679 2321
2629 1368
2497 1881
1008 611
1071 2073
1683 433
3452 1044
1970 1969
1641 3556
814 2745
1139 3496
2783 2941
831 2147
2990 1570
260 2073
1641 3044
221 1025
1127 1224
2214 1306
3377 2691
17 3298
197 1585
2028 2823
828 2025
196 319
2364 2551
2419 2413
200 559
2610 619
120 1251
1598 936
1221 2777
803 2932
508 2252
2383 2253
372 1643
1110 2101
1128 1814
2790 1326
1206 2312
2819 147
2278 620
3246 170
675 1445
2088 715
106 2893
1447 3296
794 2435
1356 157
3026 836
495 1565
3582 1174
471 2102
196 2588
1271 3028
3517 1057
69 2888
91 3552
1267 1506
3142 1805
3460 2010
1253 334
2719 2873
2824 3224
99 2342
728 1619
886 3234
2541 1918
1407 1149
822 3355
44 3027
739 1552
2163 1514
2667 2737
694 1387
460 2108
2515 2965
1123 1810
1773 2830
2474 1219
1169 2589
2450 1424
2330 1479
1340 1442
2424 3520
1845 3100
2099 724
753 222
2311 1262
2979 292
740 2215
549 3402
2700 3211
2230 2342
1943 565
719 314
2596 474
420 221
906 1354
3077 2663
2436 50
2368 2673
1950 2904
2273 1439
2636 2093
532 2103
1933 3563
1885 3341
3568 1660
2843 3134
628 129
3560 2659
3360 3186
1952 2925
3454 252
3015 3432
2202 3467
3131 2281
2659 366
3409 3304
2884 2638
2672 852
2606 2074
1188 2122
227 1992
3211 2151
868 1515
3157 2432
126 2333
2505 1473
2067 2098
1329 376
2636 1690
1641 1236
764 3045
34 47
2015 3172
2591 1568
1310 3118
606 1623
2445 1997
1140 1953
484 200
956 2839
470 2508
3223 2914
203 2833
870 3296
1594 2159
2427 1327
3443 3069
2611 2620
2480 1502
1692 2647
2123 1655
2582 1217
960 2570
1107 2900
2832 521
1758 443
1409 2190
2689 1156
3301 1946
75 2301
2043 1660
3160 2027
2456 69
1880 3524
3080 2300
2725 2685
994 1468
239 1856
2453 2898
3491 2335
2172 3059
2785 784
2049 858
738 2498
1351 2736
2083 544
1422 1648
2292 1338
1207 2316
2806 2319
2876 2896
315 235
1947 1869
3200 1120
2092 893
2627 1155
178 3188
1668 2085
479 3287
2525 3421
3276 44
1631 2185
169 389
3177 1542
1750 2460
1708 57
101 1207
3462 3082
1727 1329
1151 1879
1364 1786
2772 1643
1490 479
1524 2715
1221 1977
373 1045
336 679
2397 3201
617 2384
1003 1697
2211 1812
3005 2839
1695 80
1688 1556
880 2007
763 2560
3066 2919
1265 2019
1557 3168
2215 2169
1862 23
1260 1602
3408 3471
3436 2849
1088 3391
208 942
2654 3248
174 856
995 3
608 962
2847 956
246 2266
2068 2456
3398 1702
1617 2707
1858 2563
1216 1984
3546 719
2624 2019
2253 392
2692 2226
803 298
2732 91
1473 710
3455 1441
2330 1581
2304 316
193 1783
1657 702
1202 2079
3569 885
2933 3437
3305 3039
312 607
295 865
84 1093
3167 324
669 2079
949 955
512 2043
1817 537
999 2335
3184 3036
3326 2886
1542 2909
3228 3178
1619 212
1570 3010
3556 416
6 1797
3129 1654
1380 3344
2128 1805
444 1611
2278 2082
668 2997
805 2368
2129 223
2599 718
1346 1739
2355 2585
1875 2151
1409 2330
2150 3442
3510 1253
471 683
1806 2627
2754 2361
1063 2499
1143 3519
2052 617
3534 2213
1323 184
3232 689
830 2234
2019 593
26 2315
202 2693
1271 1262
1725 1916
2640 2010
2045 2097
369 3280
789 241
195 159
3146 504
1224 406
2093 827
1985 107
2433 2104
2579 3321
3253 668
998 1135
2475 765
1963 725
3521 1391
1137 999
154 2042
2508 1852
1639 140
1496 1852
1349 985
3381 22
1052 1799
1491 3145
3065 3532
1548 190
2908 2510
1645 6
3160 1678
3001 1163
78 648
1160 1347
850 1828
3569 171
817 1184
1889 2196
3083 2539
159 986
1635 659
1807 3121
836 2489
1459 2204
998 3144
106 628
451 3481
1690 3194
2287 1647
1193 3250
2906 1850
726 1957
2760 3329
2992 1274
1481 670
2313 332
3009 3367
3220 672
868 1572
3548 196
2299 772
485 103
3208 2265
60 859
1541 3060
108 1823
1861 2604
1461 3345
166 600
445 651
2885 2882
2230 2790
2211 2749
1599 1068
420 3067
1858 457
2500 1919
1569 1533
763 584
2793 3408
2122 242
1547 853
1080 440
1288 1330
703 3398
180 1473
682 3288
1077 3146
566 2661
700 3580
1602 1603
1141 1737
3340 1654
3192 2287
3024 2750
42 3151
1670 292
2211 229
2159 908
3194 1901
2823 3576
3313 1928
2588 1640
3322 1731
3508 2839
2388 713
2736 3537
2564 540
3546 3213
1231 1879
398 64
2829 1553
212 691
1274 3247
1417 3306
1222 3032
1955 3242
2747 2886
819 2078
603 2085
1739 3074
509 1132
1019 2459
2294 2520
2586 3399
2388 3360
1420 875
2312 2539
2397 2104
2573 3474
796 341
1805 179
846 2995
2848 210
3456 1267
3056 902
1146 243
939 133
1465 574
2827 376
2912 2128
3404 2701
2597 2558
3553 2445
813 1011
1298 1079
1208 374
1799 1916
3084 3190
1174 273
2562 3525
2139 2414
1314 3355
3374 3223
250 984
908 1995
1966 2890
2825 3081
36 538
1025 709
542 1911
2703 1840
460 1126
493 3011
1798 2382
1311 3561
1600 460
1041 1563
2437 1190
3277 670
1756 3559
2976 557
241 3525
2078 570
3354 724
1085 302
2341 3483
1701 2600
683 1683
2502 1832
2314 1335
378 2512
3448 290
24 1308
1773 1340
253 236
1203 3305
319 838
2237 3538
2086 313
2744 1242
2702 550
726 274
2500 1450
3543 1698
1039 674
1420 1694
167 2458
3551 1176
786 2408
3251 1029
595 3422
