329
208 105 195244730
264 105 174774494
80 264 10339754
329 264 357758729
219 80 478615783
245 105 306034974
90 80 701971408
177 219 96408778
271 105 582116138
56 208 499814970
108 105 633679510
63 80 692231236
299 264 834545476
242 264 978042348
255 108 999410302
193 329 403900582
11 245 964430121
151 11 399131656
46 56 422500003
83 193 18946777
202 46 166364381
64 255 744785328
136 151 252179442
146 136 319032368
87 136 667194859
263 146 920253427
121 263 901971247
173 105 233253591
101 245 160177893
249 136 785267758
312 299 590587419
32 312 484033123
69 101 209469009
328 32 715030081
132 146 887504151
53 299 987542750
205 83 189323275
258 205 513183088
125 177 694774312
324 205 460742530
323 193 323299722
172 11 11532224
148 80 258912561
163 125 299238739
147 69 575252283
270 32 863965097
311 271 633197233
122 255 135285072
97 83 910159112
164 108 121104897
84 53 535300452
33 311 779951112
162 311 330080553
133 125 9925215
325 271 622030823
42 125 171034423
174 328 640291760
150 311 302200147
274 271 710803412
95 148 605772593
223 329 368229245
266 177 799601246
310 53 389795176
109 242 713686666
184 42 590017573
126 202 918748671
67 33 205330141
289 136 159349588
141 310 634285016
291 164 988526305
267 164 495357180
317 148 86653549
91 53 855704938
131 312 511563713
30 133 576862266
89 177 927998478
76 148 465925922
178 69 442562997
61 56 8900528
8 11 924471396
134 312 628014766
277 150 566037184
236 291 472326592
181 133 543273303
41 125 739929579
306 41 464215788
235 208 513048106
301 30 231034963
288 84 414715691
285 32 349543416
47 105 763060366
199 301 56406567
145 125 656211049
51 151 390794490
313 271 697397298
307 136 318140207
128 109 893124438
85 136 153770886
27 208 657094863
7 270 207905864
286 47 300218359
206 328 182168334
21 42 760698077
72 285 522293655
36 30 313154311
314 174 966839260
120 7 385607486
322 67 947480695
316 325 935121893
230 46 653571812
237 122 184884938
19 316 810372973
123 202 748560622
6 67 776187052
20 148 122869564
213 72 713009150
190 199 31036821
216 291 176743112
294 30 938963020
179 69 545796948
303 172 28835669
171 6 996723263
247 328 225380768
278 41 982931794
161 76 304304313
197 101 37142479
176 328 257322946
158 223 695178979
239 63 321059873
94 121 237405918
166 163 808875855
58 264 273564978
186 176 143709633
149 19 819847463
114 236 912843513
168 133 596234256
218 312 134697766
81 324 249866730
200 32 462547696
70 6 422210608
129 114 936584089
201 245 61040838
68 322 133223002
257 174 465935929
175 202 215687080
170 69 483138631
196 303 176887128
228 133 772373204
275 20 923282064
48 186 690268037
29 136 93677155
77 63 805602341
79 87 710689381
233 123 299626919
117 41 384501409
25 67 194447293
260 63 53131611
297 171 896716166
96 228 311934477
52 299 733283118
4 27 316770222
24 190 971292901
300 236 552059509
280 19 594876910
304 149 889932458
225 122 57319429
287 179 28195728
254 294 367177673
243 21 450845680
262 77 742745229
100 280 765536937
137 190 818225316
135 322 571975194
66 249 410025940
118 63 268343842
104 51 912106965
283 121 523004076
92 287 375293326
45 323 667820459
259 79 614103276
62 109 84138162
221 7 274188647
188 52 745073549
220 72 558790370
75 100 774516461
138 186 109038466
269 52 950718129
320 114 572432346
204 70 258444082
295 201 75046744
169 66 874268300
93 219 502415405
152 70 245584092
195 114 207141882
35 138 363887014
308 20 527554276
15 233 850045532
160 205 534899171
217 206 910516024
57 45 234482865
112 42 343079198
232 267 286879186
268 42 522320014
60 136 17957348
17 100 121863225
326 118 521317592
159 4 431700244
111 68 656303197
231 20 235156315
212 47 798714974
253 200 770736114
261 15 297469962
37 193 469887364
9 20 835912621
315 247 617902992
3 70 836668109
209 68 716432548
127 85 50788402
276 8 813648994
234 303 386693308
16 36 890259796
167 291 565840787
321 291 63802073
215 301 439184676
155 93 855831750
116 263 584153442
86 30 971564344
273 61 415205020
44 243 471454584
107 128 877585586
224 243 886513122
2 104 495979480
229 329 435409360
140 95 412042411
55 166 918940972
71 25 610629038
290 273 261761967
185 278 670081090
244 137 941614539
18 114 203403332
99 295 233061816
54 274 931324913
40 109 356337990
119 112 316858780
23 36 913443066
279 23 839851409
194 161 776540009
210 233 990507362
309 268 58947081
183 220 511718554
238 57 516361619
165 236 54938532
26 223 849048002
241 132 956609775
65 146 511902114
12 239 743412784
31 243 252186588
5 175 679336498
59 217 488118345
227 317 24961048
103 185 871140225
28 243 518327956
124 295 274269909
248 267 968941437
154 223 256140160
207 52 906596226
240 61 813743991
252 146 100734430
192 326 440182465
180 168 794860172
293 21 382801342
198 224 982989829
296 314 751082311
78 165 286511197
82 132 568325818
272 105 833854165
139 55 110416068
34 186 563427051
43 310 224872567
73 198 887434289
115 216 552733353
187 245 293332380
14 154 543216048
319 328 41832810
246 23 647504858
22 272 24848839
113 312 699363319
292 112 954883948
130 173 344220752
282 321 503887890
110 164 415428229
88 68 11217778
211 316 654029338
284 5 248225186
327 44 131084078
10 84 791245555
182 103 731936570
106 180 530333437
13 128 795040031
191 138 894711786
318 235 59593705
265 158 871309758
142 108 513503490
203 274 903738001
226 78 794928423
298 209 446399708
281 301 933939968
251 36 119120443
38 311 384313944
49 225 346547807
157 267 215392589
222 176 342517358
1 264 207850063
50 65 31258881
256 57 297041246
302 228 485572927
143 196 95875529
39 22 926123218
214 92 577216567
102 56 438526024
250 239 437639702
74 219 226598816
144 184 588578977
189 5 917059632
305 264 396895665
156 23 160249381
153 253 439888285
98 214 864886496
922
270 62
298 160
69 308
243 156
325 189
79 69
3 231
269 190
179 174
111 187
240 141
289 147
175 281
294 9
34 12
155 196
188 238
216 290
60 8
101 207
326 17
301 289
133 3
73 36
32 229
238 324
229 301
131 321
105 115
231 140
191 118
118 22
170 108
51 10
143 94
323 97
314 215
13 14
198 146
181 244
65 134
321 244
241 2
24 168
304 95
242 193
23 138
32 130
32 280
73 15
299 210
264 31
250 3
203 263
285 10
284 281
28 142
35 321
8 9
323 18
86 38
59 163
73 242
253 92
230 201
39 177
169 85
327 176
263 202
195 36
273 242
55 113
167 285
277 300
71 134
127 5
216 49
172 231
216 92
245 3
54 239
266 293
250 152
157 150
93 1
176 158
159 187
173 124
8 32
8 272
132 233
143 200
182 47
325 27
154 282
43 90
298 215
78 58
191 155
69 34
207 5
43 297
39 291
82 91
47 312
276 204
57 78
64 291
89 294
289 263
146 319
94 186
243 93
255 115
18 68
196 52
19 288
124 158
172 114
219 48
204 16
51 179
310 222
226 10
154 44
68 328
248 103
226 18
62 104
5 124
186 14
42 158
287 52
161 221
101 123
138 173
198 228
246 149
57 149
139 267
150 208
179 279
319 51
37 171
78 223
61 75
320 285
29 61
251 2
308 239
254 251
20 146
209 167
146 139
103 160
267 213
104 201
298 166
268 205
282 206
17 227
165 187
155 168
161 5
79 148
276 168
34 159
213 195
137 246
176 197
283 303
12 237
327 215
104 156
93 162
214 253
295 232
201 204
58 47
308 254
164 212
126 5
65 107
258 230
141 319
277 26
182 324
161 143
48 180
235 167
3 12
178 140
202 249
41 20
77 25
190 88
308 54
133 54
206 108
217 178
254 278
54 263
217 189
297 212
149 98
209 300
211 198
164 228
88 126
209 49
240 169
118 319
182 200
261 214
246 274
241 210
45 286
244 298
328 200
47 143
142 166
32 198
161 84
263 230
2 290
259 46
213 120
138 265
122 258
305 210
121 277
93 10
80 51
256 284
204 193
75 219
240 146
171 27
308 109
45 240
8 141
25 222
327 88
45 86
252 48
261 275
318 264
13 144
148 82
266 61
231 50
221 91
104 98
95 243
280 159
114 172
138 324
317 78
23 61
105 46
272 257
34 224
107 189
296 8
209 60
300 288
115 325
119 306
129 31
112 90
30 286
158 269
263 119
320 160
247 28
26 175
172 31
130 137
47 159
317 275
238 46
305 141
112 101
71 270
162 111
260 229
33 30
326 293
248 126
83 117
227 155
107 295
94 315
261 27
133 187
132 70
148 67
54 135
102 301
252 90
121 171
3 85
142 179
28 259
310 72
235 286
262 268
290 92
41 120
274 326
212 54
312 41
23 99
94 181
11 42
24 143
3 247
202 1
37 77
106 87
156 45
35 37
15 159
37 71
268 154
318 253
323 111
169 294
107 289
165 290
137 235
72 312
184 179
95 282
69 205
273 272
217 189
242 72
146 126
311 155
293 219
15 156
55 3
133 175
68 207
94 288
49 9
300 305
307 134
282 66
160 171
150 250
66 223
71 173
133 2
76 91
226 292
127 272
118 281
294 226
72 129
311 100
100 39
149 2
214 27
24 39
241 299
94 327
141 234
305 130
229 312
29 71
308 318
238 67
292 257
113 263
261 25
243 122
18 287
162 50
90 249
248 38
116 197
197 142
107 138
48 212
56 96
224 193
9 108
202 107
84 266
224 243
115 32
157 49
226 208
81 184
49 57
327 77
239 234
245 262
73 38
63 249
190 126
238 269
190 286
16 65
135 63
113 229
269 254
315 16
266 145
32 283
103 197
315 74
264 174
25 105
2 285
221 72
326 221
236 246
283 131
64 258
254 319
86 214
325 240
198 114
328 67
28 41
308 249
165 170
222 161
275 42
278 147
304 170
56 254
130 102
279 80
321 306
240 63
20 226
123 315
286 147
64 250
21 31
319 199
302 48
214 240
118 268
135 34
111 112
108 312
239 264
238 119
249 316
116 190
99 312
79 225
147 127
142 177
302 180
320 149
145 270
121 270
67 10
280 113
39 200
150 182
73 82
83 247
300 300
125 106
100 130
247 21
258 176
193 324
224 54
251 103
28 234
291 79
116 70
119 49
77 54
49 315
273 222
64 144
30 48
144 275
89 110
122 313
36 47
96 216
167 73
99 35
44 269
163 228
239 229
18 142
228 126
53 65
230 73
72 211
143 269
60 259
150 102
81 303
138 253
141 210
113 123
163 166
319 12
241 67
15 3
323 198
119 322
122 194
211 162
17 21
259 209
100 260
57 175
187 279
329 279
321 95
104 236
184 36
80 61
66 27
4 292
153 75
139 181
68 240
113 37
240 220
70 90
216 129
182 121
167 272
21 219
29 277
93 153
17 33
329 136
219 104
277 124
150 196
146 65
104 6
259 292
33 271
34 111
141 155
181 256
291 52
292 148
60 164
307 80
134 242
10 134
91 176
46 52
224 195
72 189
204 82
158 82
83 206
4 39
69 102
53 230
93 280
225 194
276 163
258 90
16 150
223 139
143 55
17 142
297 85
300 323
278 150
102 120
98 87
307 115
177 286
149 295
74 273
310 295
18 46
155 44
47 196
187 249
44 302
200 205
38 255
2 206
27 133
214 79
201 176
180 163
296 151
281 271
159 28
86 40
263 108
5 295
139 86
301 275
146 226
315 88
108 27
290 258
180 96
273 63
117 276
146 148
217 84
273 259
227 153
277 67
180 246
22 227
60 103
104 22
89 54
248 38
325 189
145 175
152 213
325 15
250 111
267 270
26 143
190 181
12 158
249 5
180 323
102 133
92 279
155 37
8 211
238 124
141 195
319 256
168 151
91 48
76 161
165 192
132 308
257 34
319 200
199 248
246 288
179 113
20 72
197 142
314 294
250 143
169 258
271 325
238 35
39 148
29 315
40 53
257 91
25 207
19 299
114 237
279 71
165 86
17 164
113 195
211 106
11 320
16 234
229 110
182 250
75 31
27 112
64 19
24 261
190 55
219 48
40 38
91 30
18 135
275 278
223 293
9 236
146 35
187 140
297 122
258 167
236 125
314 184
64 258
98 228
59 329
287 179
106 234
117 274
74 61
229 213
194 15
259 163
149 306
262 95
323 158
233 102
51 193
116 152
96 113
230 187
295 299
45 213
19 22
96 155
152 75
65 71
159 309
251 50
258 244
153 87
162 19
193 25
308 103
161 263
204 318
270 188
180 125
212 236
307 98
291 305
186 60
288 154
82 16
213 239
65 80
255 26
49 167
243 76
127 222
163 58
85 282
238 6
91 60
256 197
78 257
304 208
194 236
130 268
286 191
289 329
45 85
213 202
198 171
27 218
14 174
204 132
139 171
314 256
114 167
327 230
309 242
121 323
91 212
308 192
33 300
42 81
39 237
266 104
289 87
313 245
286 79
113 247
72 189
229 199
290 287
206 86
226 210
256 268
53 94
57 314
213 132
223 327
54 116
156 57
220 168
10 97
138 64
270 187
173 178
321 237
190 301
125 236
249 76
111 253
269 36
227 313
287 83
216 151
11 253
69 22
83 11
259 185
308 190
188 272
296 20
298 152
32 8
47 195
292 155
24 196
276 93
77 20
93 202
136 279
188 199
143 290
263 231
203 27
101 4
101 240
249 72
66 86
132 188
260 173
151 9
136 315
284 314
108 254
96 327
239 162
192 25
323 261
208 164
258 136
105 163
194 221
211 222
226 78
14 261
316 305
264 69
150 162
119 26
213 316
152 11
32 72
282 213
126 64
6 148
191 238
54 19
106 303
78 231
217 180
82 71
248 130
94 134
302 39
128 329
263 30
58 21
208 10
235 323
88 79
311 137
185 147
277 183
293 216
9 313
88 266
328 23
285 104
141 128
216 19
148 189
72 123
275 60
252 243
107 29
235 60
86 305
43 167
117 143
101 281
152 108
152 89
145 173
238 32
67 103
201 114
90 300
244 93
33 165
295 85
207 208
109 125
298 54
76 104
54 297
313 198
201 28
19 238
111 256
122 222
81 140
180 271
105 154
160 218
163 17
291 292
128 322
121 275
11 329
157 120
309 228
250 311
59 2
77 118
41 84
13 298
128 203
