199
179 113 193098817
155 179 109477669
47 179 743543078
76 179 853474984
163 155 274198669
145 47 556840623
31 155 568144003
115 31 634167541
147 76 176707695
160 31 759918571
133 179 829763201
10 133 525519477
90 145 789981640
36 163 778740818
110 133 562021109
131 179 991507476
148 145 347596965
191 110 427601196
17 133 926734112
166 155 312043666
16 113 816077674
100 166 518191516
75 148 485887022
126 160 88436102
109 191 607119724
189 179 840451989
92 131 257433678
67 145 848560680
117 113 216790273
73 47 96462818
3 47 399613073
134 117 632346655
104 147 942886684
83 189 677225830
39 75 927511118
27 39 257081307
175 73 954280479
135 16 152352243
21 147 342966039
81 166 579593979
141 147 35907140
197 160 415077753
183 67 342460062
181 92 734731818
156 148 23839753
107 160 386192069
59 104 981729857
79 10 569029413
153 197 922829004
30 83 542291806
116 75 359775826
64 16 224469643
143 90 826795098
132 175 533856465
122 113 783047003
171 179 126032249
1 131 914928560
151 100 670905572
11 39 407006605
108 116 187813199
71 141 105564137
170 67 405767002
61 156 876950926
18 90 164870021
80 145 952205811
98 107 825895911
168 71 775977841
138 156 246247341
38 179 616380219
195 143 398559356
159 134 62976297
15 141 681978110
69 156 716903394
174 122 489867321
190 141 650120455
22 170 487697231
130 147 536477099
78 104 691856625
52 90 329108226
70 100 965517507
178 71 288425146
95 116 256841994
85 175 177480757
56 47 597297938
119 113 122114111
50 195 246752543
86 61 496587655
29 69 909009721
24 80 671342355
94 197 205952384
58 29 888872260
154 78 669905447
4 70 795650803
140 11 400007005
66 83 267027856
162 22 18163507
124 166 122016882
198 30 201534662
152 29 606088136
23 90 982247056
40 50 231869812
8 21 595508655
114 75 221803415
164 52 179505037
101 116 692671615
97 178 29228309
176 116 965092485
46 124 70273214
49 70 143393656
106 47 819994860
25 110 818528263
13 143 900087747
37 21 392315091
146 38 711575169
158 160 249896883
112 135 503063160
51 97 100453484
6 85 306414261
177 153 196074418
62 122 906076881
14 17 576631676
182 171 77513835
34 164 69011106
173 49 232344797
89 195 875997005
60 39 19892870
88 58 425942485
150 176 691598143
105 140 245577830
93 21 314052775
68 177 930119215
187 122 146994840
137 78 854680484
169 124 506329258
84 90 124047408
99 126 981885702
5 46 563062743
48 178 518086564
144 140 635319184
87 158 175434338
196 18 962091234
188 178 179586400
19 183 893335520
121 22 851226342
136 109 137434151
20 10 211127357
77 8 382545429
184 134 29198172
9 15 565779771
142 182 168149792
42 104 665765425
33 177 584484999
7 51 403560933
185 31 250458975
53 94 755437233
192 48 192646317
165 121 608259055
91 196 359958034
194 18 502796412
43 184 889668193
123 56 224546574
129 97 653375027
45 19 584199910
63 171 10933852
193 3 151338766
120 86 387870537
157 89 304861774
28 154 318451966
118 99 607314622
139 9 146602628
111 160 736301994
96 34 516395795
128 159 282543207
35 52 514088278
72 109 834872001
26 135 640875713
102 79 24947522
41 29 677017629
57 170 717301102
2 106 995618259
12 19 952858799
149 31 937286092
55 109 103784282
82 31 307706397
172 185 825016986
125 179 798961147
103 139 52006584
54 45 591139766
65 194 389667821
199 65 793767772
161 37 132048130
74 18 405085438
127 178 538010891
167 76 30107770
44 115 448237189
32 17 799729515
180 16 863648964
186 196 782500166
313
12 48
9 49
105 165
164 167
138 28
72 184
4 131
96 28
153 58
188 152
34 141
157 69
68 140
52 63
152 133
9 55
123 85
138 150
50 137
127 159
191 54
39 190
84 162
66 19
160 158
176 12
136 199
184 165
2 52
133 95
129 91
93 56
24 151
74 2
69 86
141 53
188 62
149 78
22 34
117 21
25 118
91 168
1 97
31 157
92 74
47 158
138 189
150 161
9 137
140 121
57 75
47 15
90 85
164 119
194 41
46 179
171 46
146 113
127 7
118 16
164 179
127 118
60 193
59 135
171 39
92 149
62 78
77 43
134 72
152 135
166 12
193 117
164 107
144 95
176 181
12 86
11 79
76 118
14 15
98 50
77 165
191 47
177 72
87 126
145 44
126 133
57 86
181 164
149 73
162 59
139 73
186 103
198 72
11 79
194 124
14 193
58 72
12 23
157 106
52 27
97 65
166 89
92 87
41 37
88 149
52 185
193 109
44 5
29 105
185 131
13 65
109 5
126 39
150 4
110 79
7 135
140 103
159 147
146 96
134 198
118 59
38 21
39 61
43 110
116 74
30 144
109 196
4 154
109 86
72 53
148 19
29 122
7 169
149 178
45 122
147 154
158 55
61 160
169 190
100 27
176 48
189 102
135 95
68 162
189 45
97 48
120 175
82 4
55 83
179 130
130 71
183 83
194 40
98 177
4 47
19 85
25 133
10 168
127 143
169 155
62 87
199 69
14 187
14 194
184 30
171 75
196 199
73 122
45 176
51 149
160 163
155 196
149 75
115 10
178 60
41 170
83 23
135 13
32 126
71 25
138 85
69 140
15 157
22 58
165 90
33 162
24 55
68 21
54 187
145 50
99 191
112 116
67 54
182 124
167 64
84 190
178 15
44 68
103 196
84 118
125 142
4 164
20 2
112 83
131 155
103 12
188 144
89 19
100 119
123 30
199 85
87 85
148 70
138 46
125 65
60 127
66 183
120 74
132 178
71 179
180 199
86 65
137 27
127 45
61 30
194 163
18 148
149 52
19 130
50 69
157 118
93 189
52 43
100 46
162 189
57 172
45 139
78 51
60 185
121 152
110 165
78 181
7 28
111 2
57 167
103 60
61 116
147 162
139 101
196 166
130 50
119 135
163 143
101 102
77 27
83 173
174 182
161 154
71 161
37 27
20 49
197 64
19 51
177 197
54 57
114 170
175 146
10 35
129 146
74 129
35 46
128 21
133 39
50 155
97 95
132 108
138 78
17 15
107 107
134 106
44 67
196 78
198 140
20 81
151 13
122 162
129 7
52 33
94 2
137 132
40 13
50 8
91 6
193 195
30 146
196 83
161 46
53 84
123 116
118 73
98 63
18 113
23 97
42 88
40 91
110 42
138 168
113 167
109 25
35 164
137 81
171 143
150 101
