545
257 397 141467237
486 397 141756736
284 397 505502468
76 284 645352693
420 257 794747268
384 257 95150985
360 76 456968542
380 397 963982439
147 420 282393318
523 380 970165735
430 486 535763678
266 384 29941464
90 420 938139564
354 384 871084470
110 397 633547405
323 76 277097800
208 380 28672800
363 523 265755378
401 76 188595822
372 110 729685513
512 284 198580941
453 147 123144653
249 401 540383887
126 266 815353869
311 380 417656282
189 266 952617951
92 126 184500485
67 249 358899567
403 249 57762619
446 420 218736555
240 208 516584952
405 90 947987583
458 311 509658492
220 208 504630068
543 380 994301798
483 363 252201270
175 323 30787473
530 284 62195874
416 220 358287446
410 543 793437220
362 284 577328595
197 67 996664267
183 363 271049935
181 147 180057213
500 266 889840698
520 403 785859087
545 512 508853854
229 323 356455634
457 420 868612791
30 384 820223168
324 92 688771520
250 354 766129322
538 483 266233021
485 183 363885782
370 266 731973212
171 257 571664363
1 380 588971117
449 360 223770905
11 360 218597366
389 370 458095524
274 380 369366210
341 453 98072514
61 485 235674087
18 446 460900399
80 410 478779786
98 372 898537530
168 384 548939349
375 457 841570945
432 189 65099883
195 530 438668281
440 354 696737664
470 405 977143733
69 341 192224424
174 453 791668560
373 430 980178623
22 530 89710332
308 432 172065494
78 1 369926427
444 78 85529909
70 90 16660729
178 384 318585205
263 485 303285991
426 440 391629492
56 208 334043210
119 444 284227614
50 18 281775628
344 61 657127335
29 80 911275217
24 67 567211425
207 92 389401361
256 500 991047479
309 98 448164004
267 78 942461780
296 373 959361545
66 449 612039212
279 110 797264048
124 416 329824156
198 195 229252782
445 78 625561291
519 446 885130804
40 124 734050637
233 309 635459399
114 183 738583757
294 1 234913235
316 178 54960419
97 380 100928280
353 523 458335787
46 267 808115400
49 263 717932773
106 500 537349058
239 403 180136312
297 263 793414357
37 324 219726181
146 92 11596410
234 420 605976976
112 444 225922983
355 284 717624336
6 240 655497258
381 284 153845263
62 530 398542927
223 458 797056752
182 397 684137148
34 249 320944820
173 401 540034408
464 500 395950751
60 432 639596587
288 363 271490851
150 410 160386461
454 360 314821853
93 56 408260936
68 112 112095883
513 207 136833520
334 288 153250539
169 69 601156617
299 403 695621428
99 110 3009750
285 405 623986862
361 98 766279124
517 285 199096658
87 344 839670477
196 401 642500795
188 69 576257413
19 181 936461817
230 78 492757151
484 171 157624175
502 267 870429134
427 362 899713514
340 183 562085544
501 520 88826877
142 61 402048561
388 361 651102928
456 380 732640812
499 207 232421915
399 458 631324170
262 334 781545280
192 233 30959625
214 380 528230264
535 223 162706263
277 68 599400704
315 403 835459349
338 124 483624509
540 274 895534728
411 256 214835348
398 311 119795444
193 410 978497080
120 380 173522384
157 56 350394173
28 277 242751681
237 147 287495571
139 92 37899064
111 274 199354330
96 1 889240103
128 1 666219884
291 198 777074662
72 362 744602570
462 214 614698444
448 446 625964763
41 309 233105953
346 513 627605297
2 294 609464051
12 296 533744639
149 353 785047501
422 440 128807229
82 340 645290200
172 361 838027674
125 483 91797310
459 384 902836220
332 173 290478491
406 405 146005463
269 332 97366236
396 403 868408311
300 90 424646957
473 291 660502764
534 223 975237775
333 396 827534352
32 462 81499976
423 389 447519089
289 446 648234828
71 19 352033900
57 197 222921852
393 82 877027107
141 69 772634721
290 269 488229835
180 289 183441118
77 426 550883070
450 324 217117464
148 56 812559886
117 32 944207777
402 449 937318192
152 427 632899480
386 444 821983992
378 473 418140468
365 297 19174206
158 256 92800082
490 90 747872968
203 175 749685701
73 168 452158372
216 389 983291233
83 77 984979501
135 324 415006488
176 99 948434721
14 393 409449360
270 237 736671399
357 203 655104882
145 92 601167761
480 234 846014645
206 90 969860495
466 178 389592379
329 19 896849825
498 480 790134560
301 411 828815996
468 457 677003103
506 120 686359911
524 240 996336796
15 195 387295625
537 432 774394973
85 462 672620240
25 50 607293448
243 149 842785565
481 214 478218
162 289 876266047
312 316 771380021
487 111 825734106
395 158 577071405
439 40 921397388
42 229 415127605
419 233 117208852
322 324 784160982
305 87 652626366
26 375 487748045
337 141 301529664
482 426 954526840
21 448 373123186
447 233 302760042
58 502 708999155
471 381 54088396
325 58 807923238
433 19 479050263
156 362 491160026
489 2 477140155
382 110 770094684
231 256 779118544
528 120 821373938
201 119 588412637
10 448 793407565
451 150 285046069
496 447 563305610
241 344 935435695
47 301 402662730
336 96 772692567
347 180 535423245
491 198 123736375
436 486 870955449
326 502 417913439
38 26 124853575
455 395 381062262
327 395 61879141
527 87 787219269
467 181 606379850
475 398 14683524
153 90 649521056
109 470 525071363
271 285 813044960
5 334 514151249
539 466 410782578
59 82 629274987
376 106 388823638
186 462 118876214
319 498 28662697
531 512 114784127
529 83 344947717
238 396 409809429
164 467 149033908
258 83 140017783
304 519 676153352
13 175 917516333
245 196 442992943
390 50 242737651
273 382 783209450
221 448 586395307
35 468 714254295
286 19 849066931
461 353 258301721
452 357 147590099
187 5 648558350
143 301 665260613
252 433 457451632
371 338 414828381
282 337 157933974
283 273 43573370
3 308 61817465
367 267 323303859
281 467 214666800
43 294 198610427
101 300 627276750
253 454 47977960
302 5 402711742
105 462 974126761
4 139 422916659
17 502 256244391
75 312 279396767
478 506 169947012
116 139 290726778
526 427 884620316
31 230 960995127
313 279 438799231
541 174 24535812
259 277 435144109
89 128 271618799
377 449 167405734
368 21 3408974
292 475 122469774
137 240 3215829
516 524 826362144
443 527 374705457
424 262 592422426
400 337 457198007
44 90 705056798
184 279 437029035
476 490 415204452
542 270 17238044
84 229 434731077
515 80 131822950
474 206 168674165
463 498 449665058
532 405 835785287
115 78 423074647
331 259 373980185
310 29 311439908
494 59 769288196
421 256 585613961
222 223 135147519
295 474 139427717
51 304 532355615
510 175 453693905
275 70 926940468
356 56 747097360
204 357 177530348
460 309 487582681
48 459 578119069
217 193 939628984
227 240 377140142
127 373 99616410
493 22 645978556
508 445 712343889
129 313 987744628
469 238 285380996
131 152 256072989
352 292 247199304
383 443 763884446
210 157 21993700
190 214 182804037
185 221 514611936
138 361 251584870
88 324 535500131
511 169 231742280
369 456 200528893
86 453 191946192
504 70 430456255
177 459 128406538
248 49 203622227
154 360 320863382
226 430 852740174
438 26 305840049
74 338 558594580
23 389 269383437
247 240 23860777
235 216 39098007
343 338 517647857
55 86 160785601
330 184 405516257
503 535 59235413
167 116 437442739
265 384 435648124
161 105 640024659
113 185 36127655
63 439 656607528
255 126 41496967
123 89 337716100
321 124 791565385
166 37 895644908
219 535 450257442
254 432 434252051
134 6 336465946
413 456 317465626
318 530 604634123
20 138 552049850
121 277 663923359
81 496 915686009
45 195 340846239
492 97 704348001
65 88 158602277
358 69 643346459
495 401 492210312
404 175 831298487
33 44 173555579
232 269 843076781
53 373 949077210
163 446 345808233
122 247 514980113
391 226 811569715
415 373 285752391
536 119 905648598
307 450 414622171
507 186 734952620
465 443 666752738
218 10 774818402
261 114 854758576
441 388 904048566
497 368 306136590
276 109 662376015
409 292 829187159
211 84 706417152
191 81 903746804
200 545 1075656
385 471 423804370
39 321 644290417
130 142 982240069
159 178 207301985
133 419 508006493
518 271 7104097
477 110 675127445
514 371 502918251
244 291 350889682
479 276 829074038
374 41 235088716
533 358 509019265
151 56 237935046
268 93 214502232
414 294 627154740
351 331 547910261
100 182 307738982
359 406 572951414
194 523 22659835
345 226 481858502
350 432 784514889
104 83 549043125
103 101 296039824
225 358 26822963
472 92 189229446
314 519 238524330
522 310 61470732
509 131 536066232
228 185 180990864
79 376 511770634
293 89 932091190
8 478 466234449
54 234 423846939
236 81 974411511
179 178 840807260
140 498 48812402
505 238 439183947
417 536 708174860
251 345 337170163
442 189 939191643
224 151 407245366
213 415 94649594
428 308 746458198
435 353 642328941
544 62 397041796
94 57 751668153
27 184 977477416
136 433 737566705
132 32 652192636
155 171 169248983
434 393 105871563
64 154 9292134
379 156 717541662
209 201 857171857
212 177 723821969
108 146 81091677
165 321 101234107
488 139 422048963
303 154 97123361
317 522 652465986
36 110 326188394
95 252 18637480
7 34 549269870
260 420 538884568
9 151 664987184
408 446 508527677
339 33 734770803
348 192 303261686
364 152 88918792
215 314 228303883
264 422 948111763
342 310 987936648
392 117 201077204
320 100 83479698
102 336 786594620
16 540 825536222
306 442 40225379
52 78 806975014
272 215 116170909
521 435 228782331
144 209 509530359
328 306 116802277
387 519 784509870
107 364 176009121
407 216 551768614
298 251 335673062
160 193 324996730
412 376 565216590
287 416 184511871
431 445 527499023
242 476 698573985
280 135 18960796
202 358 351275415
418 65 371555743
335 195 145544545
429 457 225790488
349 43 375739992
394 78 526586221
91 127 565869677
246 346 696576508
366 284 522250669
425 455 761350967
205 438 221002691
278 231 524114623
170 343 264261252
118 182 510001503
437 58 389342617
199 306 410775754
525 102 849993543
6
460 282
441 435
234 476
230 348
510 435
33 386
