714
383 243 555827777
99 243 503690388
62 99 598250953
617 99 805577998
628 99 785394751
564 383 340803555
312 243 893157944
519 617 630984984
89 617 835308288
68 89 942703497
215 89 748135251
111 68 863544083
209 628 596460451
94 519 989410987
440 564 3302407
443 628 517601082
4 94 344739833
489 111 284368442
282 443 399677771
524 209 644777751
385 564 399780452
463 519 287607169
286 4 94369350
151 617 244290937
563 286 138275613
172 68 154102362
134 99 474019920
351 215 399593849
160 111 335007625
542 312 541193182
513 563 856928939
492 209 935081112
100 209 644745418
155 312 874452607
643 100 90897766
184 524 95458331
415 440 970343459
601 617 36421595
227 286 381842404
684 160 189594411
97 68 290691112
206 492 395316629
574 524 104554131
257 286 279888455
136 4 678161296
605 100 273809391
459 385 525526478
341 111 3691786
284 489 819390735
590 574 200486742
550 617 601208657
650 89 838601498
627 99 990523894
233 215 186461379
656 155 628884139
113 209 930154958
546 312 206048861
352 155 644263109
589 286 702221519
324 601 130374363
182 519 198309339
338 206 941135530
678 282 207455587
70 182 522855858
635 351 920431738
73 513 974061069
404 617 405305635
150 550 114516329
156 227 266541938
269 385 168914454
639 656 453941715
399 134 591694125
26 627 184704636
228 89 726900068
594 678 18096091
307 564 933643613
112 284 574492558
378 399 537935754
194 605 171940869
333 650 705366301
6 656 492683961
275 601 624728161
105 590 96152949
412 519 276340329
211 312 303906918
400 443 881424244
676 111 398873950
536 513 206945702
244 155 312186588
421 97 931544804
675 519 50953702
296 113 985650617
143 333 360795202
332 209 216778766
484 282 566415512
79 492 788731627
692 563 469739289
239 542 238573620
441 605 41040915
477 111 311886330
231 536 831122306
315 601 14368373
503 324 935165694
66 656 379977915
420 269 340504138
3 70 189329023
92 62 719207268
350 492 940835594
380 143 977300742
110 404 985316296
549 404 793179029
493 519 984444422
604 68 938322213
504 550 356024890
340 650 201405417
39 182 85990393
706 383 520347422
568 110 157553408
262 3 378698237
539 378 786915606
607 378 496943445
208 421 80836264
255 97 121508927
401 136 196471679
222 412 290185682
636 222 109284980
320 692 509777463
140 546 604277741
334 296 908326868
669 415 342700267
18 676 136586719
14 341 629024478
625 66 921606195
34 399 120078869
396 284 139289251
325 286 785674755
56 296 123746871
175 643 40522106
649 150 154229447
686 18 920658453
317 18 389171591
578 350 306823342
618 97 8781120
236 352 156201000
52 574 884821070
145 255 870226092
270 412 45793642
147 477 324203096
124 68 527098925
694 669 237961673
567 589 177198250
545 18 45158642
654 34 827416300
201 628 581927364
558 262 730865535
510 568 127076949
55 79 776206619
660 39 854329863
359 233 245889490
640 492 295650365
25 568 412353424
278 656 503628164
616 542 479103096
259 492 778975863
577 503 243081342
249 477 70768010
152 79 627126641
158 519 380014762
122 227 370036338
597 284 941567015
86 340 342264651
299 350 44895887
58 86 285312038
666 601 107499017
397 568 316297295
703 99 157808542
460 504 435453017
104 542 879160025
647 604 606793248
490 286 143772493
170 325 901824863
525 385 328542156
452 338 39972514
393 625 40774007
620 703 636661190
429 68 815474359
392 385 371662978
704 510 375339487
591 617 58208643
609 666 794436623
251 635 23755362
511 597 864248802
153 340 623311905
319 383 611902536
43 262 291261003
76 94 107330218
49 278 728143164
121 244 326002310
634 124 300207110
707 278 253730731
626 249 516999327
46 104 779246906
569 184 986478439
357 649 276379085
599 484 877609264
292 617 727189105
174 564 147641189
293 111 874991048
579 404 577971222
280 251 31492712
657 589 81849017
349 147 522669127
44 536 731615082
470 319 868469467
655 452 539597529
368 174 633548393
403 158 296566247
374 625 800397267
555 640 694980335
346 357 494710877
585 184 292081542
77 550 187006710
439 77 445565375
300 315 524784610
138 675 912519951
677 374 108265994
475 655 699344511
225 341 715998915
543 172 194948035
476 349 774878767
83 704 578387978
48 233 161590505
576 686 404867039
232 686 425873730
499 393 948417157
496 678 451030593
422 574 707008106
345 525 959094576
180 452 361433618
336 153 446607351
526 232 715704620
276 249 102599291
685 441 686143849
398 519 158040266
561 300 344449629
277 233 293230401
533 655 34422521
433 231 493826207
450 94 484181861
610 628 906059040
250 338 513097239
431 403 20292274
437 86 343117345
297 34 488839604
303 504 434800579
171 225 751061853
381 640 272185708
1 536 448847387
142 647 42421124
132 626 830951789
323 315 510720575
247 431 550600880
442 450 172098286
205 657 923398659
130 569 810774674
260 429 482794813
698 297 790175512
688 56 569079088
57 618 694455274
108 292 909822040
214 76 544401186
512 153 545255746
186 525 187851109
168 92 74369974
372 208 908127509
520 155 523159477
711 142 631288645
530 170 632801263
364 381 720421841
615 607 464023710
713 303 385786676
30 555 574551568
614 450 870567646
11 315 745233452
274 182 133230674
700 561 978408383
80 39 107844854
218 396 904989664
189 422 410409179
38 68 736943178
714 675 389085882
485 357 902234301
582 244 262707899
29 180 396041968
310 274 345316206
629 303 598289628
518 685 397202485
687 485 737697716
710 685 666443705
117 76 479099321
523 215 742319580
587 599 649522639
559 640 297145301
557 493 887851016
74 134 732100190
237 442 904035134
358 512 480634989
467 296 329415772
126 130 143652426
681 599 903234291
630 441 622649589
665 333 532135762
179 134 916592168
479 441 730652753
389 25 446682443
342 315 721572506
165 142 784896732
690 459 242413471
679 122 734796415
506 714 696858290
363 255 121811855
120 585 89186496
263 120 483416003
272 636 276282886
192 459 104447627
64 711 680208717
424 649 11793221
416 643 578089375
273 317 306388619
27 292 382605854
141 510 319856973
289 259 177645111
16 513 984136156
447 277 662497030
455 86 374979651
261 29 576990595
7 30 896796483
373 86 289825259
144 401 118694691
708 168 86802968
547 404 266469010
500 615 706636278
379 292 683349618
438 559 485635419
663 700 966694819
362 113 969252540
42 108 549994917
216 545 117514382
133 111 770199235
13 421 165295342
339 616 138551498
560 510 884995323
252 675 927067755
35 500 156117221
583 105 7319088
183 628 442553454
488 66 501108527
131 165 239364056
28 124 150496643
680 222 752265572
356 404 334391048
65 512 225564790
430 201 140106182
672 524 828741663
414 356 614811235
188 124 607310842
102 594 940735845
541 182 739439143
454 315 744857188
426 11 8803738
118 27 565700354
612 138 595132839
458 261 198628396
553 686 592341439
369 549 427064228
245 34 378945238
235 441 866680386
327 542 998541214
637 680 10037019
551 312 383622997
540 89 303930384
267 243 400238293
78 201 901543254
217 513 62352056
266 488 998360407
695 698 439562486
394 339 688535317
586 28 625703401
487 44 922750207
2 324 973032610
167 4 360664393
21 687 804096078
308 144 375721551
448 704 902475951
287 450 158394038
596 381 928538629
226 676 269506758
337 459 651454236
149 359 353875173
326 70 206170188
220 350 43496677
314 519 240191405
50 447 569892966
632 155 413006311
279 385 186755719
213 711 139950088
318 687 260192235
271 252 191427867
5 184 653117518
613 714 660673975
8 440 567742729
644 79 548738030
384 379 568407393
522 49 310501070
137 251 32594191
621 634 995559049
268 174 496963335
106 333 269213258
505 576 13177912
24 28 488504290
196 257 445476577
702 564 339005393
301 52 943636612
689 155 198652267
367 385 15556579
409 351 450490746
240 666 92730673
37 277 909178497
72 443 674275914
219 307 287232227
127 479 38339640
375 296 24392225
402 149 80709710
423 402 530088202
328 341 460504496
498 182 687139017
176 430 912377717
709 25 377432246
119 292 134118459
224 315 676515940
164 375 984706417
41 630 135533067
652 130 435114075
406 579 812208030
595 356 77732916
705 374 78850435
139 167 60695892
411 610 692716505
507 356 894886812
322 5 451262426
641 394 568877886
388 175 863158849
22 50 662413503
480 58 971446004
648 358 180932554
347 104 722066682
457 510 348005579
575 237 10794761
366 549 128531738
598 450 928628144
405 57 604004875
377 598 152912248
61 216 753498903
697 467 972210796
464 138 577851711
465 342 727108234
63 437 573852650
693 707 778919415
71 211 120757391
623 421 550236118
221 237 299207452
88 559 897119249
699 74 125668686
370 240 652522652
651 617 702584137
391 384 188897051
449 470 741926403
210 541 333718488
434 510 831644228
103 411 794291544
606 597 401059030
195 171 126266146
178 676 642108839
466 334 169966457
471 156 274536217
98 137 315470350
691 520 881407197
667 641 392945972
468 557 290882767
256 585 954984396
495 49 221630273
193 356 231287363
410 455 918258705
516 567 980413685
592 641 895565977
659 499 654160279
335 37 617723066
529 480 50572051
125 402 122081833
473 99 370183885
309 539 31845363
69 37 396401450
425 437 426982025
238 476 222782864
146 551 556012017
446 656 88445665
662 421 915067588
432 699 810027947
501 317 790705674
60 370 651408377
115 705 703530802
330 649 720710241
295 244 276153192
40 656 271853342
600 121 755082647
20 466 419171839
581 125 825584669
646 147 557251597
531 574 792770168
199 499 228614807
407 193 5886785
602 280 389734560
85 713 942540724
701 363 996575839
608 245 741358479
565 349 912108336
478 79 689331300
674 349 969651933
571 183 674800080
181 372 168895743
154 86 746371769
17 78 336617413
673 277 124018958
508 228 185916717
548 616 610300317
593 524 572319083
552 338 666074675
469 511 429077408
294 604 522096739
572 249 104657574
91 194 610178053
386 38 217185987
23 269 888838191
33 112 369682801
682 315 956525404
10 579 864724829
298 214 492439756
537 520 754057947
355 6 825518455
185 709 108142212
321 91 695957105
116 293 490915794
281 208 240176664
497 441 81561495
51 294 941170050
258 424 278631209
31 131 504020838
302 383 109245319
19 439 718404795
283 593 584285903
285 137 692198722
588 406 33760221
306 22 780811590
472 66 391033767
642 206 391004004
661 275 722907917
305 473 548704879
444 277 930533559
461 25 654366052
365 356 55150229
169 507 383878136
428 224 78194149
241 192 705857430
101 602 797356037
234 518 728151873
570 258 359138568
129 222 67217616
538 345 989130664
658 442 947287818
331 146 819998463
408 518 986078231
248 560 561917057
163 490 684993758
9 105 996873637
670 218 642795981
566 699 23003779
371 185 955858353
12 330 240411710
348 274 347132467
376 670 346083640
230 600 216338000
344 103 821789545
481 657 588346667
229 650 817866898
502 52 407404200
418 700 606553341
329 167 257377922
360 642 702640861
265 335 461999058
521 58 784038578
93 533 119288992
653 576 215464542
191 372 603013697
264 635 439752852
445 609 329642005
90 286 193538839
190 73 528210867
162 508 658357982
562 628 23404270
59 429 883943725
633 472 76325837
114 466 993542410
54 518 582273717
304 461 313399437
462 431 547472521
436 425 442306904
622 685 597601736
166 280 867134627
313 450 911188251
200 211 65722447
15 43 447748333
611 281 707784408
645 452 52573159
187 359 112059529
554 218 168295687
580 467 488124473
82 628 934119947
45 220 868194425
316 526 598512722
515 653 46545425
202 461 470959958
81 129 271230812
36 300 189954121
135 110 917119677
532 706 694407361
32 533 144614475
624 659 623438854
382 657 618475589
173 162 892493445
514 424 429073920
354 634 624173608
573 500 773629897
107 566 571394862
253 386 708573813
288 163 150904715
223 338 68136930
482 268 426203335
311 648 695869494
556 670 344601058
109 297 981384692
419 441 124877839
246 477 433184057
486 457 33164245
584 531 721666119
483 481 60664439
177 446 387979568
203 542 609674607
75 334 378058144
528 182 699937523
712 489 831898484
204 411 740705143
534 21 589167413
198 268 860646682
159 393 312490146
619 17 285068201
87 518 460755187
207 443 914318780
123 229 877276369
197 183 981217765
451 645 12583851
390 711 397000563
427 106 469965141
157 703 293587719
603 558 171874485
664 681 122663197
161 383 891642541
395 641 191804226
96 112 331581859
291 652 403327370
67 228 520309275
242 520 603729683
683 472 90008947
53 430 337090908
361 585 750104229
544 361 727044109
290 249 427816885
474 98 417143824
212 375 637059720
517 572 160931825
638 419 791241038
696 550 34549334
509 705 563925952
413 481 50697870
668 371 201982992
84 563 56417722
387 161 514698661
453 627 559967618
47 225 831167724
527 696 362028695
353 124 235955591
494 155 297650692
148 293 677922577
456 35 716703923
254 566 149313761
491 450 832612544
95 410 174801809
417 542 17022853
535 291 302304224
435 138 37954834
128 579 155317367
671 282 223939120
343 619 551587132
631 55 935964439
8
274 414
15 459
107 679
76 77
188 79
339 322
654 692
216 230
