391
383 243 3240001
99 243 86167988
62 383 265264272
328 383 289627122
82 328 882538825
306 328 34367325
312 82 897075266
288 312 100590950
89 82 844525155
68 328 153930993
215 288 422728892
111 99 120567717
209 68 542683614
94 111 57174096
119 243 40147037
41 111 961260807
4 383 397916686
87 209 263228038
282 383 241274573
85 328 85017492
385 41 793093122
377 62 9888702
286 288 989185662
151 82 157296400
371 383 28356004
172 82 735919467
134 94 676344874
351 85 869570684
160 328 939884829
91 89 461026817
330 94 784743522
265 87 56835834
100 68 403762413
155 351 100302867
240 160 24121425
184 330 755518069
213 160 622272261
199 351 411192346
227 155 730388053
53 172 757981144
97 383 962847393
206 312 132371708
241 215 259001910
257 286 981664727
136 85 556754352
264 306 651014347
101 241 335375147
341 227 983633540
284 215 503438295
348 341 42779716
355 119 527854711
51 41 56750666
203 91 604280330
233 341 335204273
195 306 474634011
113 151 242406110
242 53 633742312
352 155 384450480
12 51 387909455
324 330 651621521
182 306 823111438
338 241 227148733
139 111 647919379
70 4 836607473
135 139 338594697
73 286 897061843
50 241 710723836
150 73 315313306
156 286 782995646
269 209 524981706
382 269 957012680
337 286 73024829
26 377 793245644
228 134 979440590
103 382 881806266
307 195 223613843
112 50 180831811
378 206 337457170
194 355 851589457
333 91 725788231
6 87 855653433
275 265 433032381
105 136 237052262
8 91 226127090
211 337 807705271
149 242 601593851
198 211 806913530
298 113 510935741
244 282 333486085
24 265 46623830
246 70 16500675
296 324 936237061
143 243 988239896
332 91 386660194
178 275 642523476
79 378 954065074
84 119 521471842
239 242 229701887
224 151 442142559
391 94 568065594
231 288 298167632
315 233 999931198
69 178 233917831
66 150 52817858
238 26 420511798
3 333 471408915
92 377 348634268
350 269 6404678
380 371 267604979
110 12 466038680
344 307 519933121
193 269 699468010
191 380 503451647
212 269 788398237
340 382 290733329
39 105 10366016
256 315 483766421
305 338 124049879
262 150 720878482
127 194 629399046
90 377 329795465
208 182 610056763
255 330 433371655
326 371 103571347
222 224 643130406
154 39 724387482
320 150 720354629
140 255 625932376
334 39 839602868
123 191 894923042
18 113 35801484
14 298 580974127
187 256 844622356
34 296 880501877
287 222 802913201
325 206 203760309
56 213 638370151
175 195 223795185
311 191 683036206
23 3 991215295
317 377 309108872
129 56 106906110
15 298 519520667
236 262 756069685
52 348 738488261
145 371 372889611
270 348 273996528
147 66 120612626
124 15 870795882
107 305 884973908
322 326 585645726
33 89 42705232
59 89 221526209
201 239 148335193
31 198 4118019
88 194 200092695
55 84 492586671
114 51 553648539
359 255 173967806
173 305 518350771
25 284 484818830
278 322 466414841
202 68 812182068
259 305 229863559
329 203 449254118
249 385 760681809
152 334 849111004
158 39 492253593
122 240 742040164
268 18 894731870
86 233 741281362
299 114 596038274
58 18 408533760
166 69 83118568
309 105 979579720
148 156 54236409
366 242 411294147
104 278 875994340
223 4 924040790
63 50 50227274
170 135 479755969
353 275 412393095
295 193 835160440
21 337 58877240
313 353 139201376
37 66 347843177
167 113 147866152
279 256 748151642
376 62 6677364
162 270 842219205
251 353 394056600
60 178 470259092
153 328 837699869
319 24 306265778
43 326 147155156
76 12 920004945
49 371 640357351
121 53 125551975
36 49 917819770
95 129 618858193
281 26 384224398
46 82 875017348
106 104 369786440
357 129 532388939
360 139 483102501
292 51 98476385
174 55 371435417
293 315 136380980
321 350 27759371
280 172 307831998
177 104 601683689
349 153 107793324
44 14 258679796
71 278 88953833
163 69 647631757
368 319 219147575
314 231 849447246
374 94 435500465
75 380 942606235
346 15 328328329
9 156 383793552
77 341 958467597
204 380 11804533
300 18 271120622
138 311 542448640
161 201 141727282
370 374 310918349
225 275 569689108
386 34 266212070
109 177 378848515
83 156 952367573
48 178 705802148
234 111 210837161
232 97 780287630
157 350 281379270
230 52 212101828
196 148 311532714
345 305 288587387
180 209 966587179
336 282 226557452
190 225 772468818
276 360 606108600
361 341 885386672
226 94 264305451
283 380 670367374
277 63 719764100
17 134 283105297
375 204 763506166
229 283 406689544
285 224 438370126
250 228 334596059
219 114 390076521
335 283 694408265
297 351 878684912
303 63 927990184
171 256 540197767
381 279 346322799
1 206 40352218
142 60 786147680
132 324 342474892
323 283 826379493
247 300 495964620
164 114 45106748
205 160 97753731
130 178 606021550
260 132 557255963
388 352 722503056
47 145 418045979
57 17 435753451
108 70 210449818
214 158 168311179
115 344 164745048
186 224 157551417
168 236 392663188
372 57 569008931
181 186 557828540
128 196 173210369
365 129 766399937
364 229 613290089
304 148 883673497
343 94 525639117
30 343 262276093
54 95 118368625
11 222 296739950
274 152 311046564
221 178 617582494
80 164 395217004
218 17 172396525
189 66 440517162
38 99 444717612
40 136 805614234
61 391 66701260
318 355 155717696
29 223 145615521
310 95 809082344
45 145 219604789
331 280 871717481
290 143 772629476
5 119 998042571
117 232 942066435
93 305 581611187
354 303 818891496
302 214 280762489
258 233 814413720
74 88 363198345
237 170 60750778
358 101 175832294
387 162 744906688
126 56 561059567
67 366 730096372
316 202 908295505
159 221 1618472
179 305 618038960
210 80 657540648
389 113 723914692
342 36 469953487
165 4 301304436
20 167 43068249
96 352 582031334
146 103 74509908
363 158 132144379
120 112 735191635
263 136 928218560
272 274 233435079
192 45 926805434
64 9 513193404
301 132 543530526
137 345 353685846
273 68 525784257
27 265 794966528
141 110 842741996
289 94 520778862
16 165 563599233
254 381 930623427
220 321 848133997
261 105 455521741
7 134 433327314
373 273 946567615
144 191 160191956
200 97 547457863
10 178 814595518
125 386 297189336
379 255 217601509
176 298 158710838
271 144 179558878
362 93 509084807
42 203 652021999
216 153 177347163
133 71 733521897
13 283 720051823
339 39 960597989
19 191 544696935
252 377 750098811
35 252 811436292
248 127 641640406
183 66 732184861
253 263 13940687
131 178 557886339
28 330 741523902
291 8 750233547
356 296 96235140
65 132 273013184
72 159 452483469
390 250 317503989
384 355 859972726
188 362 341213329
102 320 80549393
169 336 134484030
22 318 881089594
367 113 83408817
118 57 14197561
81 117 458727365
347 370 148120782
116 86 696750584
369 121 934549810
245 328 264112974
235 12 845612310
327 130 247147162
32 14 775445445
185 201 448520842
294 141 147728551
267 191 732880305
78 103 724427542
217 309 494763004
266 122 499421052
207 183 842552358
308 246 205125303
197 350 743882270
98 328 572486257
2 15 330404145
578
278 129
301 222
365 10
235 115
140 281
238 304
8 118
228 99
25 50
29 143
13 21
201 229
321 340
46 199
272 136
90 160
173 322
309 311
139 68
163 47
152 178
82 336
331 312
238 247
167 191
20 177
168 177
19 92
312 179
279 322
10 42
287 78
351 147
211 81
232 56
66 387
263 132
369 293
338 110
219 79
309 44
280 384
193 32
316 141
293 55
7 52
334 198
220 283
106 279
170 371
310 192
285 93
122 53
210 2
220 322
229 259
244 289
222 20
27 178
155 47
311 18
75 371
232 274
138 307
113 119
321 283
28 383
275 61
172 45
284 89
129 269
95 276
6 34
215 245
95 235
375 20
374 380
334 363
308 90
195 376
371 261
157 46
364 256
75 258
362 234
207 11
239 211
180 335
236 275
103 308
331 146
15 169
76 77
2 354
75 341
184 97
379 51
373 217
170 328
382 202
300 372
348 355
317 326
72 384
58 25
245 187
243 18
253 27
342 257
257 237
88 274
28 32
9 96
23 354
90 162
121 53
69 298
268 28
242 363
352 140
57 110
181 373
332 262
290 268
258 356
332 161
176 299
29 48
276 209
113 37
326 306
312 329
118 312
95 79
141 77
199 209
297 63
163 208
356 30
166 50
276 154
323 245
15 193
273 239
232 244
6 60
230 368
106 142
261 125
126 312
24 177
390 279
360 104
252 292
32 222
305 99
99 89
203 140
158 199
336 73
171 128
318 107
316 220
143 295
179 360
288 200
47 363
40 275
129 65
223 263
31 126
47 112
292 123
39 191
166 294
8 282
390 282
384 285
4 34
239 356
343 334
73 49
215 42
168 4
349 305
254 379
91 166
196 242
318 99
370 241
259 374
26 319
249 357
298 266
314 52
190 308
332 242
108 151
98 155
158 305
138 209
199 325
357 123
65 273
168 288
4 196
261 308
153 11
20 110
324 124
144 162
269 212
184 124
257 374
385 103
331 172
175 277
335 69
367 125
135 70
190 74
275 139
318 239
259 343
254 246
137 142
145 347
100 160
80 50
4 245
101 53
102 148
195 259
220 257
85 348
218 100
234 92
83 36
291 91
160 290
52 245
310 305
296 269
259 194
295 64
33 197
81 260
61 40
101 298
360 5
183 218
355 278
279 152
167 313
285 379
315 282
33 279
101 293
110 229
165 185
291 111
333 115
115 279
272 114
385 276
342 273
3 172
336 316
355 149
200 295
182 130
65 7
273 48
347 62
157 180
205 354
167 361
142 323
325 190
147 283
313 257
16 272
230 198
22 7
120 262
339 170
217 107
319 155
202 9
364 202
167 54
255 3
242 36
43 231
28 190
33 107
373 148
117 110
167 24
318 336
56 327
210 108
352 219
213 105
370 363
371 252
18 33
31 254
23 117
187 162
342 174
79 119
265 182
120 63
358 83
213 166
251 260
286 187
57 103
299 254
101 7
96 1
366 326
341 383
314 80
350 231
380 17
277 321
87 345
210 229
69 137
15 349
76 367
23 216
347 63
49 150
26 67
39 178
16 126
378 253
287 360
155 258
158 310
179 388
142 121
284 42
176 334
220 270
217 359
146 254
10 322
355 43
188 51
216 321
312 157
352 26
222 361
136 391
350 98
11 157
348 382
84 371
75 121
219 150
6 321
166 198
101 52
295 297
388 117
4 243
303 165
197 32
216 148
191 1
203 267
257 207
198 27
164 111
59 244
99 381
49 41
172 14
342 242
165 248
72 377
22 382
40 337
173 127
246 93
279 208
21 213
294 243
226 25
270 31
294 61
108 283
254 250
382 123
376 104
100 363
67 307
391 152
325 31
243 204
226 354
130 155
249 71
340 387
359 345
233 334
29 141
379 49
239 74
266 135
296 342
155 29
147 59
347 262
385 140
243 87
317 41
21 322
208 358
363 358
133 76
122 13
90 338
363 50
129 121
43 60
239 132
243 310
66 89
312 106
351 286
370 351
280 138
322 39
226 128
369 149
268 216
92 388
176 317
33 304
89 373
116 193
192 40
86 104
51 368
331 270
386 297
269 128
14 87
7 111
129 129
279 39
377 93
244 12
301 283
167 157
77 118
180 149
193 78
349 146
66 124
231 135
358 282
324 270
350 245
389 191
101 94
390 386
97 107
34 301
160 159
75 271
329 314
212 280
32 318
388 108
141 322
49 29
254 89
310 16
358 112
301 89
165 154
129 77
127 212
85 161
112 186
55 78
47 129
329 125
97 167
27 344
109 178
18 108
109 172
254 73
200 41
79 170
127 29
19 212
285 223
10 143
5 363
175 313
10 217
172 117
211 294
166 293
278 233
149 80
216 231
186 174
217 17
107 343
374 87
321 232
188 262
169 293
332 359
85 141
310 318
377 289
153 135
69 322
225 163
173 38
364 320
300 313
69 222
247 152
97 141
172 366
53 63
105 252
236 321
315 87
15 352
282 67
47 361
226 25
24 311
232 269
46 115
191 289
374 189
176 108
222 191
283 237
218 7
161 143
299 80
222 153
259 244
338 43
4 321
123 168
35 24
385 351
384 157
170 201
279 88
76 272
272 90
110 247
40 86
155 68
132 78
249 347
295 68
123 375
117 222
217 308
230 353
9 268
