110 71642 11897 1896907 1033444
30121 5410
17282 4512
51771 8680
72841 9504
13842 2609
46580 4613
68098 4026
58214 770
84090 3045
15204 2557
93573 9348
50361 5377
51735 3353
9042 1597
206 447
27728 4709
20297 6726
40203 2197
4632 1826
55384 631
14169 7471
49640 2488
32177 7183
51971 9068
76186 6970
7848 5029
18155 2421
76915 5021
96735 992
48354 4719
86627 7564
39800 5964
71606 2036
88169 2288
99149 6075
22557 1553
89666 497
75713 1387
82724 2843
71054 7352
12297 6117
66738 7318
67612 4770
7355 1556
62763 6628
20998 3256
17146 5474
68563 5231
75166 8971
93351 6003
70557 641
71207 7917
97259 5378
38526 401
46083 4056
31225 4507
38421 7631
61193 2393
37343 5011
52819 9729
20202 1679
88157 7878
97829 6306
72362 9324
84133 260
31143 9126
31215 5042
34299 2524
65269 3441
21914 9357
74152 1279
67068 2568
21176 8443
76483 796
59409 4599
21087 9088
46206 8548
69163 1445
6911 557
38323 4376
81008 1994
77814 11
80399 7486
63789 3676
639 2315
91641 5276
11966 4745
27440 3289
10914 6942
80618 4683
10440 5525
59955 675
28249 4374
4069 6079
32132 6730
52075 1817
61286 9461
76944 3082
56714 4334
49268 5521
52030 2026
57056 6440
32580 3029
35010 8356
67029 2162
21946 6595
194 3304
96740 7053
47740 8330
80180 4666
