452 83287 17814 19316814 425762
79756 6441
20057 453
10102 1687
98591 7827
73618 2327
37137 9696
46058 2815
13185 5326
29265 1550
6791 2894
9121 4471
4923 5898
62562 8040
70861 5816
41738 7358
15355 8054
14091 6230
63055 4273
45679 2591
61643 1170
91646 116
22832 4457
15995 1413
89730 1509
26819 4068
57801 2246
33645 999
20618 818
66276 361
36320 4448
25243 1719
38035 466
64432 9362
94082 8055
65203 5901
21376 5316
24620 3525
73038 1545
63193 9188
72304 365
32667 2594
39748 4419
84555 4290
21313 7008
73919 4480
62435 5763
52673 1208
87421 1845
9010 5189
28367 3734
96864 3992
229 1189
96767 4455
58387 6939
10616 6912
83613 2680
9310 6727
22619 1707
17507 2796
15679 8036
31331 6821
38492 8516
87524 6803
2945 7474
14287 5432
57654 4916
6386 1236
60145 6840
7040 8587
68331 9640
45144 6326
63610 1069
57687 3447
57185 6084
83932 5910
52905 748
1189 1548
42400 7704
66563 7694
27630 1979
35766 4174
9290 1500
75767 6250
79921 7723
29194 8965
97980 3263
92335 8395
28621 2696
23397 333
34600 1979
44791 6717
17836 9525
38442 4301
22917 6306
67832 5535
27975 3690
11801 9330
15604 1382
10374 6544
89822 8878
50422 3642
41020 5938
63107 8869
299 961
92297 50
70262 6587
34742 8911
58476 816
90857 5767
62082 1677
16000 8371
75510 2419
59440 704
36388 8136
67581 6473
2636 4397
32729 2782
49282 7282
32810 6280
72658 157
97802 3388
51677 4836
66922 172
36308 1464
50809 6965
80444 8276
64135 6436
89283 4223
30662 6841
82183 8899
96185 3207
76441 4658
40773 3207
18910 964
20241 7091
81642 6868
64275 6301
22800 2026
45416 9177
53974 9940
62680 8833
54081 9171
70381 5493
87474 9371
88734 6178
14186 8489
8107 2027
38657 3068
66385 8807
25536 1855
4258 5896
47287 868
40004 576
29411 735
75752 7739
3470 5617
33432 3065
63182 987
32100 270
37773 4115
72022 7301
73714 7087
21007 8316
24667 7425
81203 776
32945 9201
18683 6167
6729 961
13189 2559
11687 7408
84126 7473
23084 1910
76438 4139
23193 6889
79625 744
67362 8054
96033 5060
79412 2776
33703 3348
41817 6788
46420 8821
64637 7109
24409 7670
62198 9408
81259 8183
9825 2829
68040 9967
9954 226
48439 6257
60431 573
40119 5494
30069 1145
74107 7336
59791 114
64214 9499
57320 5460
10953 1022
74334 2294
75705 1901
37660 6690
86442 4690
71353 1271
55955 878
85345 5163
15364 9240
13367 8148
6440 7556
6962 7507
30443 6083
84682 2935
55676 6337
60672 7680
49122 8029
88785 8564
75684 8842
63807 6548
72967 6994
20895 8494
56009 2404
13620 4770
94569 808
17064 9732
32655 8744
6101 4255
65554 6235
8763 7657
69365 350
55725 786
21740 6986
97383 3595
38016 4492
73174 2095
13668 1009
45137 5483
25487 4931
56420 4376
65633 5075
15585 5651
41415 7595
37568 4303
90397 9466
54268 6836
25658 3485
69296 5527
69452 8277
30746 6871
46257 1804
34872 4802
3963 3885
87205 9090
70456 2365
2940 249
38438 3485
58739 5565
22510 7383
49383 3172
70182 7847
34849 8915
36673 5258
95926 1275
97973 2043
90190 6312
54351 4246
85967 3949
31373 9492
39330 8358
78371 8074
65552 5426
5852 4694
12438 9149
26049 6320
25256 3467
16643 7904
44890 4854
56984 1500
6422 9283
21909 7145
17160 5660
87125 3318
39869 3797
8413 5066
79763 9213
73695 9804
5185 5843
17710 9011
34394 7606
4351 7159
24805 3725
31025 5980
85857 6022
35727 635
73523 9871
7860 9278
69835 772
94280 1890
89632 5029
66897 62
4198 8397
65898 6100
25372 2698
14839 6524
54457 4052
97751 6797
35378 1401
94947 1173
93648 5150
17212 35
42269 3792
25283 4520
52361 6399
46131 2339
58743 156
50454 5166
39927 8555
71651 2701
31447 1732
82228 2813
1492 4274
32756 736
97002 815
41714 715
2850 3154
46981 1382
18300 9212
2453 5551
11394 6344
42817 3759
78641 9642
60877 9224
5955 1790
5703 2037
89780 3097
64645 8200
791 177
38805 9956
36516 9975
99704 1008
33217 295
38965 5609
60707 8409
26257 6644
47629 4999
28107 8384
57990 657
42583 4847
27305 2563
18959 1585
92900 613
3638 5899
95027 4812
35319 960
43418 4678
8436 4293
14383 2225
51827 1641
16721 8836
35724 2635
29863 1563
83826 7038
50024 8989
55214 96
44038 2945
10054 5293
39245 5528
71251 7685
79662 9361
62912 665
38388 7142
83230 4725
7463 8174
1736 5597
44413 8546
9229 7050
18802 8120
67651 2158
40410 8371
51909 8568
24297 1985
69003 294
54670 9531
38083 2082
24654 3941
46506 6953
49167 4033
93947 2886
84659 1715
79480 5456
48452 4770
60515 1967
3452 71
82100 3747
88992 8645
28890 3820
57397 5080
83141 7254
1788 2573
2608 7002
26217 6981
38132 6252
59842 9414
31790 5343
14809 9603
15357 6267
11606 3145
80721 147
17422 2922
9921 1391
28212 7982
14850 3084
11287 711
23598 142
76629 555
36722 1259
19126 9704
11056 7598
96675 9689
30521 271
9872 1568
92865 8224
44786 4282
26512 6937
66098 1553
46456 9439
57823 1054
15292 9188
29822 9049
6515 4462
29618 1405
15742 3863
81852 9638
94903 1331
23468 9875
96512 8284
80662 7662
68353 2324
77143 7594
79031 2952
1982 6883
78061 9107
38319 7962
67826 656
78126 2426
78275 2296
7415 2836
32481 2030
42647 4101
5670 1001
66428 6213
13632 6528
61353 9469
30462 8346
19123 9972
