55 67632 22682 1392536 89587
72435 6471
88403 4616
37669 42
32142 5363
15413 3758
37194 7715
14611 5643
32614 3123
43203 8943
9182 4303
79410 3389
41494 4765
71947 7815
19441 7512
29690 4205
75933 4181
63093 4179
41454 6868
28162 6242
32722 4877
27295 7903
89174 9043
91706 9839
81287 2906
97412 8226
81221 9036
74757 7104
72208 2625
16375 7130
88631 6601
84876 6620
31680 5051
73587 7239
37868 1689
66593 2486
39590 8011
24232 6608
74938 506
37428 4778
74995 1708
92713 1827
73942 6046
15054 6236
26283 8830
24256 3208
16622 5160
15603 6794
80440 5826
5070 8106
86113 2510
911 955
86559 4147
25427 1682
3707 8520
43223 8373
