853 51225 84552 54198621 2839167
5368 7874
7072 6803
75044 1988
72961 5948
43400 2367
57211 9624
62253 7516
51302 264
55545 7958
78155 7608
52088 334
99470 1397
1501 669
48028 3325
63480 7447
62351 4913
70363 6322
49336 3036
42958 661
24816 9610
88753 9813
39183 9325
31444 1966
28854 1105
25687 6663
58264 9737
94356 265
35341 4557
63787 7432
56744 6006
28850 5393
20090 8540
52172 4025
61745 3854
50564 8584
92945 7244
38700 3910
55422 5380
28394 6062
72264 1609
65191 5762
5485 8679
81293 7717
78676 3960
12002 6361
11711 5088
11822 4786
71640 8489
13384 4712
59075 8262
55692 6218
97308 310
45871 819
1179 1849
52411 9618
4647 9253
75699 8830
8573 6530
29336 3234
21787 3102
45713 646
52959 2211
59315 2213
79809 1692
1490 5267
13758 3493
53195 7344
64886 6202
79344 7476
87416 3000
15678 8080
21652 9253
95952 2573
65485 6396
83087 6107
49170 9548
28834 4560
96000 6723
36793 830
52571 3518
18894 539
36545 6144
66831 9643
73678 7408
56927 6528
9940 9874
14883 3280
45875 978
41614 4690
17543 9161
20646 5503
42358 1529
43162 179
36525 5360
83692 6464
55990 5796
94296 3475
98933 4126
90006 7709
94750 9676
52534 1683
78467 112
13853 6927
44793 714
17203 5280
39277 3046
94941 5536
88587 1939
43465 147
21432 5113
81568 6740
86803 9173
52250 8270
51854 6687
72279 3694
14150 5030
15487 3786
31435 5595
64635 3251
40971 6190
24151 3314
92357 9111
99556 6290
33929 5151
55660 3859
66970 7987
10403 7197
98911 3650
75449 9745
55663 2504
66760 7238
5217 9893
14616 4136
75466 2371
81435 9278
13135 2697
89230 3976
48139 914
36350 8720
32168 8062
55312 6495
28223 3050
51940 6779
71744 3333
29800 6391
37000 1373
63459 9619
54909 944
72525 5884
6335 8159
35491 5100
98625 1799
60496 6136
43421 4908
50353 2375
26865 3870
15975 3323
26787 7950
35890 7995
21551 1880
82651 7266
6418 3449
39791 3693
62083 624
53880 1603
46843 9576
39047 7661
17228 3515
8545 3642
5444 7863
67389 4092
60573 2229
87856 677
77954 8419
21739 7217
35489 6916
27525 1719
68871 8623
81447 687
37791 2986
12788 4708
98888 808
65159 31
47103 9841
33347 7716
34304 9528
26388 1874
99968 8339
69680 3424
29217 3833
34871 2547
91519 8030
26254 5895
1704 4755
4042 7748
83177 7453
72642 7816
1658 5101
70334 6147
23742 8900
48780 3572
33538 7105
64592 9915
50807 1557
58079 4376
57745 8053
21462 594
62096 8348
95187 2075
54470 2883
8416 8277
29839 6248
81154 3642
97127 1569
21030 8048
55163 7385
54775 6107
96168 7283
53253 9086
52309 9821
7602 3078
73875 1283
6485 6390
94634 1551
77279 5712
76990 5422
35095 8141
85346 9263
96010 5425
97767 2160
67184 1968
48558 9139
4804 2914
42929 720
99959 2699
70478 9495
55468 2898
49490 2416
55953 6072
68334 2014
73175 5784
62745 7193
86072 2943
52091 1031
49460 5284
30004 1880
31333 4322
63348 5827
59214 5287
84253 8738
61801 2629
92933 9679
36123 674
88172 5896
56275 923
12672 3339
56916 5067
34200 5867
42054 9045
10319 3905
86285 5958
11483 9010
85479 8584
17673 9269
32798 8313
25239 8650
88682 4516
77023 7991
56547 7504
41951 1354
58220 749
59935 8745
49237 8720
95270 9069
4262 8710
78701 2906
47276 1932
21662 200
52456 8835
87830 5127
20271 1259
9596 1906
42654 6588
60384 8440
17172 969
34549 1897
1172 3984
26300 7480
22714 3757
3136 2007
22354 6985
83175 5709
52353 5266
5951 9877
45359 8438
8644 6033
15087 2268
90399 6552
89622 753
94922 6777
10727 4943
36963 3466
77513 3071
26006 3780
62569 4809
68616 4146
44325 9422
81327 6144
52402 5579
20818 594
48700 4793
38232 449
87543 3535
88026 2418
59206 6686
36224 8591
31051 4861
37366 8506
69916 7643
85045 5871
4738 4726
62068 1571
19886 9312
2588 5971
41155 8996
69584 2943
26346 6967
95088 9675
43224 333
61285 9730
41763 3130
33905 3415
9062 1104
19888 305
28250 3178
7043 9074
71931 1098
45702 7601
69680 5201
34268 8907
66936 2151
90295 7357
51125 510
52821 6870
452 7210
37222 4382
56538 916
72388 692
23564 9257
29254 6437
24947 1920
35849 5997
24896 8454
57062 4185
7017 6227
77619 7044
27402 6109
83897 2484
12754 4267
31322 7529
3275 7735
38482 138
63767 5110
8001 3752
10289 3927
92081 6303
61322 1147
28830 9564
52887 5244
98458 3764
4994 5349
84556 1461
41185 1518
15727 159
26096 5221
46677 6079
10684 6465
38921 3927
9491 1434
41054 6563
63258 8125
9328 9320
10240 1524
20812 1841
82970 310
82353 3475
24896 7383
87854 6255
5178 2026
60862 8683
18540 5087
47726 2036
7152 4136
74147 1472
9667 562
45820 7853
3188 859
13672 3213
92702 5135
84196 2269
34569 5802
64517 225
99626 7813
4207 6793
68076 9310
81642 7495
94751 7607
63988 548
78005 4185
71771 6558
35875 3159
23910 3541
45884 2916
25240 6348
19712 5236
30331 8080
27933 1287
6055 2769
66386 8759
15608 1579
48591 7040
15832 7386
21398 7838
39267 7688
43684 887
55430 1964
36333 5198
40251 144
35177 3231
79078 9620
39618 4288
86777 9979
61198 9
20862 430
5535 2540
46311 8665
97704 3612
23061 1712
30768 3842
94167 7297
6172 2644
65232 7669
1212 1263
42447 1877
88633 4594
93314 9610
90862 5975
49364 618
27847 4532
59138 6264
8663 5936
72220 3700
62354 7915
13284 2895
82587 9761
92732 8880
38087 779
77144 7179
20519 8060
57206 1044
97891 2985
64107 7327
49767 4591
70511 32
53425 2369
60184 1735
12747 7476
19390 749
62581 2357
45187 9568
66221 2232
25457 8923
63985 4404
51054 9061
99275 5163
33461 239
37107 5714
91173 4374
36697 9612
25115 6339
58497 5075
38343 292
26424 8926
29106 9621
38708 2313
47117 8121
98320 2548
88657 5435
54145 3207
17827 8899
57144 9381
30055 3782
95426 2982
13315 6087
4896 561
36642 9617
5487 7640
20524 5433
33215 3567
34078 4418
43339 5383
47086 4375
55298 9190
86637 273
51400 1749
29379 8916
28713 3635
92042 1975
32542 8092
92892 2683
52707 8062
80941 3838
36672 3527
23181 1815
92309 5317
87324 9326
13696 9491
2999 1730
6653 1870
29747 9660
91879 5779
69498 7129
82284 1292
74970 6797
2335 9031
95171 2905
68910 9491
84150 7961
74359 6475
18235 1104
93688 2492
26237 5673
64555 8660
35631 9154
86790 1449
59534 1071
40246 2636
92238 5413
69712 5692
82872 57
44963 2852
99424 6234
48701 8130
90465 4379
72966 7327
31508 6199
39163 6781
39383 4798
52435 1779
9938 7559
24065 8544
59821 3854
35347 2171
29206 5696
77989 331
96074 6490
73470 2640
86873 5696
87068 4931
8940 6387
45479 1284
47850 1671
76352 2997
33731 5726
93648 7544
51980 1033
44547 2248
31216 6983
41749 1019
90292 3899
13580 2580
95672 1917
87938 6529
67205 7881
10823 8477
289 6877
18277 9337
18280 1459
42600 9193
18213 8242
14227 6758
6708 5182
32241 6599
83532 2402
54325 409
63039 799
7829 4470
97936 5863
71283 8200
42726 5278
14789 3756
55581 1125
11970 7082
74588 5785
2216 6835
94132 1508
28450 6676
29886 8725
61352 6862
32005 9072
73419 1686
14797 7448
56273 6512
33840 2926
87527 1478
32089 6334
17679 8834
38069 939
61027 836
40169 9420
83157 4099
88099 8413
90153 3515
10042 9360
32398 5974
80138 2350
54107 486
72582 5072
85536 3630
62714 7351
27742 1309
61648 4436
96235 6475
32549 5003
50916 1955
80866 847
91911 6747
45557 7369
36465 5977
58475 529
69666 5495
49768 3686
28683 7456
2110 6473
69467 1988
18512 493
64753 2082
10363 6521
90504 5580
45761 4006
12998 706
23769 3578
65913 6463
29165 4925
53012 4360
9502 8303
79748 5141
61965 4911
52578 3194
46274 3378
67569 9703
25479 3903
92879 8199
86541 1141
79319 4984
25180 3126
80964 5344
30895 9495
10932 7660
17999 154
73773 2759
16076 3365
75922 7451
28278 1250
7986 343
13523 6289
83406 7053
17059 4689
70257 4711
31717 7402
76868 7024
16174 9392
58039 1871
73772 2202
73213 1667
36006 3684
54180 7559
25638 6465
69329 8004
40302 9119
64567 1513
93603 3895
18050 6100
46841 620
86981 928
72211 3900
16033 3748
61699 1431
13208 6101
50817 5308
80241 1316
83783 9272
12955 1288
41997 3640
15281 7152
97735 891
75673 5331
15330 2344
25035 3995
68542 6566
1431 3461
46084 8057
76761 3260
23786 8456
68465 7620
10462 672
91267 8255
53027 8433
40063 1137
7698 5854
64265 9538
75122 6578
92254 4504
81209 518
48666 3681
16916 3743
11527 5157
2988 2356
91893 3960
34776 6437
57878 9835
92821 1311
16746 5317
53375 5590
23531 2310
80634 7653
28307 8173
13121 7656
16730 3017
67269 4244
99508 1280
52901 9132
38232 4402
57371 8307
32041 2793
66001 5987
80006 4008
42097 498
59227 3069
11412 5025
85736 9509
71786 6458
55172 9839
32842 5282
89636 793
84172 43
91227 9838
29036 3247
44317 9273
78698 6176
79672 2305
59970 6908
47789 3564
58185 4784
51485 6585
95346 26
93519 1313
58995 5167
81160 5298
98503 1166
1698 3184
35421 9923
46482 5848
59810 1050
28194 204
62460 1015
16365 9452
3028 8033
78873 2322
71749 9763
95001 5441
95281 9528
50251 6507
40668 2230
66603 5917
9273 7409
34011 966
17850 2016
42336 5155
42291 8684
10700 3167
97698 8406
24214 3010
96098 7861
49387 9058
70337 6545
20713 4639
94644 5929
54560 1915
752 4950
50051 5386
43872 6106
10166 8383
37786 2698
69724 5664
87536 685
15004 6118
52284 1813
89233 6349
93617 2695
80839 9795
6358 1565
35723 9129
4528 6606
13541 8208
9057 2545
92483 5042
48385 1329
20238 8438
24394 3637
90815 9369
90076 9769
38034 6617
9187 4193
43236 4019
23146 6515
91674 9577
74568 3160
64676 7205
57044 7499
31547 8672
10802 3829
7720 5420
31343 8067
71516 1464
73924 1160
56956 9419
42658 827
41640 4831
84082 3320
99165 8134
50692 506
39361 4607
75331 2899
54805 7793
4970 9548
7971 262
85269 6966
26623 7566
82003 990
16800 6692
87142 6375
60218 4563
12536 5219
80115 5390
34745 5217
39488 9907
93051 3186
95625 398
82549 5470
10079 7721
41690 971
97705 8708
