559 19079 35096 20331167 2518898
23092 4508
39920 1883
53149 8725
95544 9363
52465 6361
45754 4900
58216 1797
6437 877
19252 6407
43123 7997
97020 1365
17961 7316
54885 3987
67649 9193
51289 9740
15055 3630
37756 3516
47206 6929
83722 676
93849 9908
30730 3490
35168 3558
58281 4756
60496 839
37089 7486
21101 304
65510 20
29159 3722
33199 6660
72886 1175
46807 3664
87531 5789
16458 4332
5888 8534
17544 9353
24598 4642
44761 9695
52173 6919
15598 927
45893 1841
44794 5788
34916 1389
64178 3650
16142 2599
68457 6391
83646 7223
30741 2920
48608 8384
70194 2205
32508 5624
81463 8667
90509 5809
13765 1931
56261 1186
85036 7402
29449 1447
5165 5943
55501 7885
4622 3268
43564 4901
36821 3804
27996 661
69112 1041
60192 8808
20272 8475
10010 4060
31168 2601
45016 7864
7075 7824
68738 6338
85903 7816
29705 9699
15520 5934
77673 9939
48616 5757
22896 257
77495 3332
66878 2400
8317 638
50912 1421
94733 8667
14752 3244
21765 2687
44234 3827
59114 3401
8983 4255
67071 4255
71810 3596
85568 1896
7962 2640
77159 9058
5660 5884
99061 2322
14657 6969
77783 2522
27621 8252
42042 8479
10067 4418
19968 426
67101 99
96644 3765
22046 7308
64275 7852
4373 8579
87212 9329
44777 2607
87365 782
6853 580
39319 5924
69805 2306
75880 304
76101 7106
32498 2969
62935 7382
5698 6252
81627 8175
97483 6042
39714 3912
52426 1595
36935 1645
45606 4886
17580 6161
63500 4389
44988 2987
59892 5794
91318 4919
79307 8227
9763 7108
85988 4667
64816 2323
18828 4778
43978 2199
10326 9761
10481 6331
56536 2236
5536 3783
67063 4612
98498 500
60615 9327
35390 4316
49754 7374
33281 1996
85359 5161
96695 3367
2149 8831
90891 9382
28259 2776
37342 6393
44932 6000
19837 8088
79869 8592
13791 2627
89218 3045
24167 3300
77753 5630
37068 6346
18727 5915
71154 377
2655 5760
67727 1744
33968 8431
61870 8263
49320 9629
92929 427
40463 4975
448 8740
19511 7903
65828 6951
11746 7043
84274 3364
35341 9820
15253 9192
73250 6998
42281 1822
61067 815
8129 5400
3901 7853
4298 5662
44979 6497
78467 9222
16223 6296
30345 8454
74640 2108
62089 1226
78159 9150
66094 1496
64573 7078
86431 851
66376 7197
47678 6727
77752 5568
28793 8803
26356 3517
32500 5595
58840 4678
26199 8920
45357 8115
27965 1725
31322 8421
54792 5114
37021 8767
16228 291
39528 5373
46751 8084
77458 6147
26653 5737
47261 4826
99340 8938
98352 8356
52859 3357
99244 3198
24855 3772
9857 184
56627 1649
95662 8404
36054 9820
25077 5511
80834 9787
51089 3223
53097 7603
10237 7516
97861 1381
34594 2564
72619 3169
47330 4247
87768 2543
31312 3434
3306 7759
66622 5820
93344 2772
30116 1453
10936 5408
66724 471
83139 9835
35782 542
66541 8978
87866 3315
74127 3892
5824 5343
1093 721
87283 1555
24191 5692
952 5254
79292 9853
5207 274
70963 4936
78030 649
54572 3151
60808 3518
95926 2032
99479 6701
96578 8472
45345 8803
35470 3171
19044 4843
80862 8725
83554 6602
3089 1919
588 4484
20475 8946
18635 199
13662 3025
30011 9191
21746 8274
20414 3314
77399 848
63360 143
12542 1328
36728 6416
36285 6484
25585 6630
92428 9094
39251 4861
87735 1009
94481 4887
75356 448
49374 9782
99401 3443
38867 9777
51386 8656
97939 6682
6396 1160
21074 79
22387 3468
47517 7146
34436 7736
17704 7775
68100 3521
75399 9439
46375 6667
39049 3401
48248 6200
38800 931
69712 3181
63833 7249
91655 3706
59681 100
12884 324
77303 2884
3005 9363
68514 9419
51213 6188
53485 2768
21961 3340
6456 3408
61309 5652
30334 6247
32975 9068
89137 8601
83101 6312
77908 9665
96911 5011
77107 4825
82640 9742
94147 561
86361 5990
16459 9473
69340 8704
44777 1716
11928 8418
70157 1442
55492 8893
31726 9459
39009 5840
83037 6051
46899 349
66340 1427
96977 2914
18546 3532
17494 5089
90241 8952
90382 3979
16293 4491
43221 1440
53384 6422
29555 5762
2535 7992
81862 3828
94285 2172
21109 8402
60573 3174
24154 1019
64939 8996
21059 3740
14208 2955
59501 6129
2260 5278
61250 6111
22311 9844
22159 5074
82317 1999
38370 9841
88113 2831
68089 4288
75386 580
1306 8946
40406 953
18425 2290
97512 1504
1353 1897
16911 2494
68230 1211
54682 7786
18968 3548
79345 9428
87331 8289
11058 2643
26218 4494
122 1961
43499 1499
56222 6320
21781 8991
73776 2245
6174 6168
52423 6396
19732 2135
79973 2284
14446 9808
3280 5971
71642 9384
57137 7277
23490 6057
16574 1879
26889 9466
13685 9528
54869 7562
97915 9081
71106 2843
12190 7132
51197 5163
8712 9250
69669 6009
94919 433
13952 4534
30463 8577
92195 1832
66215 2897
61807 8175
85982 2852
74723 7779
42450 9304
70977 6931
86793 2720
1807 886
57494 5916
63699 895
14714 7817
98274 2887
30925 5413
72783 7635
97806 722
51605 6534
67845 7532
92905 2500
19217 4102
46254 2722
56530 9246
62100 4449
56289 2364
86117 8026
27962 8506
90258 5035
39616 7054
69332 8150
56031 4290
94039 1639
31883 5057
54020 6716
86202 489
14645 3437
34258 9064
40948 8535
2537 9674
71568 6387
26032 2361
45573 6317
5903 7823
15293 7442
68257 7249
14791 9895
63827 2443
7358 3726
62526 4964
77623 1393
82362 8528
40270 2362
92577 3689
42399 5950
43391 4528
7278 5326
52088 1270
48839 8234
11569 2669
94323 8154
86460 2321
45874 7959
62571 1977
99998 8450
36331 7414
33954 5027
75101 149
64271 9462
66898 808
94691 4954
84215 788
93347 3064
46035 7436
98839 4000
34371 5822
52692 1419
93680 3983
17079 5180
3741 3161
159 8854
42118 4096
88174 7536
22631 7237
34074 4882
59048 7924
45868 3501
15094 381
74859 4107
75332 2298
28834 9452
62343 9653
16036 6404
38554 9306
77521 9201
59559 483
97962 438
73032 5424
65502 1659
5526 1329
55581 6275
71384 1073
14389 9198
28423 7516
89314 101
24521 8808
47986 9475
85000 9509
28781 2359
68808 8305
19670 5825
89696 5703
70064 5383
95268 7580
13581 9516
51918 788
90011 8510
44005 4903
70457 7733
83720 8366
13194 1813
17730 8636
69052 7200
6548 5824
88576 9810
36278 9066
73284 32
6721 2721
23064 6847
84809 8261
46028 6478
67614 170
68951 5382
24275 4193
54499 2524
45047 4788
23729 1644
39908 6790
8699 7347
24843 3953
68931 6244
93725 1446
41402 9659
24494 4316
23421 2036
66989 8639
4259 727
89747 4578
33132 525
68451 3760
86034 3449
27889 4363
80526 9727
34229 1320
96086 3086
74965 8794
37779 1174
40372 1396
82269 9295
89561 7117
32805 2616
74599 7464
4713 5268
46694 7703
49818 2130
37025 4086
