832 42 91 47996856 63692416
86611 67518
22246 89623
29166 79771
33780 59909
46357 18188
98517 5644
15329 87244
489 5517
10520 63260
91888 37441
3439 14435
54997 41456
56071 35954
35372 26136
4325 44202
57270 63319
67348 78375
61049 35739
92988 151
79882 62768
45051 88941
50753 20714
1081 28287
9421 62363
45826 89558
795 21046
24210 87862
14983 51654
30770 72542
78266 53892
99591 72494
61535 79543
87823 70263
86010 57455
93359 68529
2931 89844
21361 44936
54757 8091
61648 89927
45938 62549
13420 22553
49625 96704
4317 45469
35837 18932
62575 87140
35246 34698
39045 23751
61239 9476
3311 67655
61647 36088
33516 36893
34414 8274
40475 25206
30090 81023
70138 56630
33319 11865
17522 11204
80998 97309
74334 39668
34067 49216
69710 67903
45061 74089
2432 25062
31539 69002
49143 78749
49778 20966
3641 85850
78970 77246
76901 23664
71752 22734
3235 34971
81837 44787
46614 15090
24180 10362
68271 66957
98319 25041
72792 91536
56963 91871
2243 15128
95248 73194
1583 1542
10420 82134
51862 41351
57336 33133
49713 42612
68875 29838
40652 61695
74873 85916
77939 99197
14577 80355
36350 67161
58310 94102
48279 88952
33989 1973
72331 91044
25052 84679
99205 45568
40506 20494
21663 2157
58378 56017
9231 95308
67892 8053
62563 46645
22711 18682
96952 47390
24140 65533
62951 62971
62108 68913
58653 357
18548 12219
40884 52958
51612 85578
36195 93471
46551 3434
71922 12526
43264 86511
52717 81659
95620 19531
79296 85763
15975 20960
69775 74880
78019 45481
86956 2787
11381 39394
78234 77945
11175 75322
98530 84798
62607 97410
14913 10616
96856 15210
63501 3816
43515 42298
51572 34019
86738 10885
45798 26220
12002 78843
66951 9137
22210 63853
94411 78552
14028 19120
20820 56041
68605 42761
15446 78353
99605 36460
26192 34911
41433 20070
21287 86701
28669 39076
79941 30720
67563 8560
36011 3510
67239 28764
33546 69351
67614 24279
16475 85907
24776 35350
60910 4355
20555 57781
74787 87105
65732 9016
54473 72506
21527 75443
73707 87303
62125 44410
59622 82123
98032 52011
2649 59848
16942 23194
59637 93636
4760 34843
40255 34916
39691 68160
34207 32568
53710 90236
27462 49240
58788 47173
54679 40044
25558 32660
48664 80765
56048 36847
59342 52434
76219 36529
57102 35059
20311 50888
1430 58617
12867 29262
51992 36535
94568 20215
51845 52760
56690 5134
15893 40572
19328 21333
46265 28444
13938 17265
25728 25660
74761 22910
95746 82384
9015 12864
48540 30927
2307 41925
9211 10506
6899 8721
47800 83829
22854 98640
24492 93655
22645 20301
65228 44007
7560 73463
15359 9317
51986 13081
72155 30849
78364 97380
88836 50545
79975 29610
3861 32820
78179 25797
43972 95069
75342 61848
27584 91010
38291 74962
79948 91657
21057 6138
27763 38865
9539 55665
68340 16795
61007 68929
89865 43202
82758 60585
10405 78493
25113 46456
44984 76689
71916 22999
56327 2075
92965 53890
25399 40843
20391 10515
42914 25346
28260 98582
78856 68001
82049 80373
38754 75709
61625 90444
63188 55082
5399 70140
18072 15875
45336 15683
61056 26723
88413 89430
69214 12514
75274 41706
39036 25851
17505 40770
45915 89728
57857 52272
41811 26408
85380 95714
14689 75735
92137 34872
68736 83093
32275 74758
23580 43973
49603 47888
74584 30590
20555 64326
22275 47600
86484 82212
1493 12869
38272 18353
13790 26411
80597 95566
9643 721
33182 55176
6836 28450
78413 25320
338 25591
98081 48135
15640 75825
78308 71797
12993 10265
45705 38487
36267 77831
74581 20943
28828 82482
92052 2669
49965 64561
98006 24747
46637 53039
70889 83322
24215 91269
27774 33006
34470 78273
1438 95720
52854 77884
60879 93276
22075 4269
26081 75271
44790 63704
33030 22617
92204 91008
6205 60162
6708 28866
87665 45482
12004 74508
74119 63678
5678 3195
43523 55869
24120 43700
98224 97233
9130 84110
79362 45949
49092 27678
76447 38113
18816 28341
40776 68787
56874 74806
59983 39930
83008 23822
80726 88505
66620 87370
19890 10859
47129 31651
49588 41630
48086 19140
19331 59062
34540 64387
7906 78951
71358 92282
51390 28242
3811 63809
10536 63745
15417 46669
78646 69940
46388 89091
5713 66998
20162 16430
59647 29818
20822 26488
99837 7223
37793 82034
84129 12826
6700 11189
62220 87834
30033 91670
73895 6963
84072 23184
31366 31054
83121 9278
47957 76360
91123 19877
95196 59279
47287 78661
78231 62536
84778 13207
26713 13693
31664 741
9499 41989
52566 80323
71844 91010
84507 89677
38155 28031
46850 89813
90452 813
31444 15617
54063 71023
67036 633
59659 48949
41267 29699
94135 49368
59627 31783
8293 57231
97860 14971
31427 31451
74781 55836
72581 27311
4525 15583
88703 33727
30493 48965
43864 61719
31901 55843
82720 73249
6010 73160
8322 36625
49725 80793
2152 39881
5979 54717
36196 57404
26141 53392
70184 10584
24831 28126
19353 54491
11728 37038
62882 24548
25544 51542
15967 36876
11548 34468
47657 14056
2664 21499
24696 27898
31131 44630
23447 84343
47329 85077
68785 12395
38834 89788
55077 78238
39135 19975
35211 36080
15735 98962
31063 50071
69868 61534
7844 33819
75445 73185
84305 22683
77762 58963
34292 79030
98267 66149
74941 63767
28865 52668
39790 13190
35311 17281
44452 21125
33274 95103
51415 80544
36442 57769
68835 7393
80782 79656
83577 15967
80440 18090
28867 99950
44464 96391
923 41628
39926 63734
45381 5269
93785 88473
20505 46419
88740 5890
59484 79486
14193 99077
80962 31459
60744 90832
112 91424
81514 97480
21075 17379
84898 19996
51935 41135
54831 92955
88628 75220
95131 4490
45330 8385
38356 74976
42245 57288
87179 72032
67579 57307
10715 73549
30051 24764
87022 64977
94132 76022
81889 79516
24474 35536
60766 70362
33381 1309
15221 31516
30113 7219
7428 55899
67891 40751
74516 28096
53468 72764
40446 39255
10757 5106
43205 44179
73998 91998
59236 802
79547 75201
5970 73562
43987 75525
28012 34700
86267 18827
21519 87991
64451 44776
93724 50265
69778 4388
90777 47951
32539 38166
80820 85948
85895 709
62353 78287
52623 25526
73262 2529
56712 5615
35859 91248
30813 49834
9010 69498
48433 95819
71886 38916
42129 14590
71935 77979
7605 33477
9008 74713
52252 28085
35242 24567
16946 56805
95215 9684
25990 56566
45677 165
79908 69748
14515 86909
44035 97929
49801 81707
72543 39247
25423 19997
99602 9898
91277 27902
26122 54896
27251 85113
42299 92226
76532 39569
38406 17287
23837 26703
2623 35422
92338 46980
24936 35302
83860 98955
56089 49484
27679 68102
92708 617
80795 78294
76364 78959
23254 41838
75622 44344
94472 97260
68239 15630
28606 74601
971 61316
13496 98620
61130 76462
59836 94316
28883 41006
12653 38744
80987 3399
56805 50293
45795 20470
408 33908
18066 52103
56086 97478
65311 42703
67937 45602
77338 59068
6621 69444
8187 92037
8858 76874
78486 71210
94655 82586
68329 67936
61993 99287
79478 41409
88657 15844
98023 58657
33461 11384
15425 21110
82880 56025
76208 55548
81599 44141
57300 47024
88520 95384
66430 60481
15450 2713
49194 89390
20646 67440
45981 68071
3144 8804
56794 26340
87064 90277
92797 68289
33102 6236
76005 18936
31733 63973
29270 76596
55318 90233
85171 53491
12788 12538
40210 31643
22348 93475
85178 76077
78294 48690
30451 33027
54537 47806
27028 62351
61802 94385
92889 99441
25045 51335
13824 41172
91 93222
56844 70252
87983 35695
93779 56600
65692 72707
49094 67665
74374 48485
34051 95715
56613 61931
72509 73143
10046 1573
82765 45827
96858 12808
850 61580
13157 19489
81853 88182
57235 83740
58068 28779
14221 99212
26171 52829
67515 36914
35297 61925
88102 25396
45819 8923
54438 37036
8173 99747
98588 28921
90791 91367
7967 97928
73840 22103
75082 75322
31997 57838
90578 43706
38069 45496
97562 61447
27512 40428
85905 5210
10580 93006
99221 96698
68477 27430
74012 11590
7049 60126
18092 12151
66214 19031
24617 99878
53870 53816
20994 7567
30856 32709
78580 39928
2493 23315
3804 13798
89282 83222
34422 84090
87518 47933
25667 18041
69610 38437
45474 93175
77723 70568
24631 52256
7196 9397
2213 27606
44363 90354
42844 70824
61960 72833
66476 15864
92266 23981
8187 29779
32001 86103
9035 46727
95964 91928
26935 82797
11716 34364
44601 11971
15302 92523
33061 3143
22090 59093
42281 93018
78012 55716
46560 63744
63758 36184
72874 90507
50263 82015
29473 23339
42084 16160
88157 16772
25727 42191
10748 18603
10787 70360
53220 72621
24890 81717
4649 6751
94587 46752
95408 63047
30815 93049
85391 43512
69665 53873
87169 20372
50854 84714
36836 5740
79634 43701
64937 692
72144 76656
65985 69490
7050 84225
92994 26100
61627 149
69894 88456
87308 61590
60442 79635
87286 83768
54017 7228
60167 12218
58428 96786
127 87096
11384 73596
30717 97528
68819 7151
48616 77351
50927 32358
11909 39832
96155 34387
62804 29916
5207 81346
48595 27700
47112 26938
4868 64936
55620 44303
44590 65931
72797 13634
12707 80935
49684 26293
27944 62269
2811 7666
18144 18850
67847 2313
75080 62863
2454 71712
62620 32820
93472 12168
69670 94660
25622 64881
49754 59815
36370 49303
6527 7292
1292 33298
75962 85728
45444 2649
27247 96933
65870 10074
2453 63707
14805 17043
6946 29537
14469 94346
88691 25207
93670 22782
26652 12771
80556 64637
10534 10009
22048 73551
97103 38431
4452 36660
24761 27676
95227 82252
85725 12060
50452 16952
21930 95622
32160 9256
66804 57090
55732 31264
54157 59198
12645 69454
7971 67789
76249 41508
41031 58277
18178 13799
74092 55591
6055 61471
75456 47294
59079 84581
87926 46714
40726 51637
83141 97967
73711 976
75418 4717
93495 49413
21251 43177
27026 29558
34264 24197
27747 15424
36856 91085
91964 59824
40496 69366
26234 70902
98526 44791
91445 57095
53438 82362
88130 16564
41249 89335
70193 50341
72659 61766
12795 90677
78041 42227
23216 1502
38199 74281
98465 28955
22973 65657
45564 96526
62077 6800
57211 96620
77815 98050
25178 11929
38234 27502
20590 38270
2895 22071
64157 72516
75569 9533
70829 70527
7376 78144
69394 82290
22030 61966
10598 45898
16200 38722
76754 26084
71950 32476
44211 63665
15206 60890
83822 85153
87215 96942
9064 66975
1818 25520
85509 99129
64954 63574
76119 22238
4118 88988
74118 79869
43720 60328
36888 97039
75139 52586
36506 18771
49985 55520
70562 35154
70404 74946
