239 2160362 63206 37284271668 14702867922
264363191 48547446
478753727 75497060
495008205 18278946
666939034 27390348
73381716 45905596
225159505 67479680
693897085 87905099
785854083 16362039
804895283 56627531
653857601 79063953
123712452 72819876
366550677 48583841
19300438 20873078
591527160 49794830
260244277 90459072
142129997 15599388
379500162 31862750
842639034 54575860
8063371 78462735
324011326 9546806
885080434 59056054
263738257 95138192
697554106 83418231
240792947 55810765
59912491 5064138
737098179 26796291
72502207 24003898
762370773 48038918
688024420 14647558
382879721 42428489
75449385 45522663
459169183 21093963
596239584 78527854
274342305 18758324
989429565 12084892
54050711 65801911
361349164 61489068
979261368 66400120
946981787 50901143
859443645 54566929
449951985 71247665
706637827 26735717
753243681 19743963
714957559 10613560
211982447 53243279
863955495 65103202
455327408 38664940
898076412 67926539
60982731 65419465
944376284 79762138
912330585 79555417
849764686 94922649
565553018 31115841
66234445 8519563
198954113 52380413
159794675 7473961
21413090 564206
943487298 68718339
238032292 4813397
643475712 93951444
544068476 13050442
286322342 46177336
393990828 35369073
62803406 34447736
322306654 63728618
556885721 20875967
485416397 24084580
940802230 32084558
500020551 55038601
911497546 22917442
827871738 79155500
706683029 17784155
315789407 40086883
265568214 77900811
745314139 16644191
145936242 47687386
75253308 46538615
118487067 25334695
14011333 47350018
376655272 51845687
515335966 97776152
402785570 13519654
502353819 7515010
277982124 36548702
382362178 97251825
58119093 27146153
791941568 40617632
612280940 87273442
899050632 32127402
948358851 38844612
221219092 49539562
732345440 94778639
547593884 45062704
355763941 84004358
86881917 84827059
953176953 55861342
976076761 96822760
238608090 59227058
944307280 82112827
804477478 86129163
13413307 73709997
680813648 4983903
279465045 19349712
668961193 45186584
981579309 35809588
622414028 83482391
982609481 3570559
314662631 54670817
159910890 69990444
802429464 79870092
174711769 83176912
493764050 70400751
914693307 23013645
424957420 52241500
963709262 1696837
475137022 71618998
546847369 11874750
665634147 14820430
832071561 64720275
759702400 4108136
305717469 7377511
837148704 57191473
695341759 34103814
501808823 39067405
536935919 34999264
641918674 40419107
745124690 55315919
677535496 93998275
743667291 87248724
679699834 22652454
987960770 63506837
846460226 72396648
919774157 24493498
94806595 43879405
845998178 58878705
608612528 48083759
113436239 30745162
863271810 79858753
485826532 86304467
130964892 41925192
145361601 64625621
266211300 55810471
879809271 83890814
465265692 42502008
993247897 59352825
38104678 19828632
828976652 73996981
179858401 205803
898554221 70536248
57922419 6525360
466698644 11215191
890379096 49315230
174082954 83599004
187912760 47124452
928373628 57252473
285586686 81383284
199603806 30805362
314328790 1205645
501901506 89750612
406953197 4276429
702845496 66824803
910422742 62122206
405370541 69084355
857269252 84172748
73582001 71231280
490892591 21673375
246432963 34755587
289172692 90350025
29434303 44007564
790178049 21518097
731338357 63368730
529139968 65169496
899767456 89592004
948704078 83812876
712559437 95276907
244151801 4808577
234872882 47800958
5534836 87277962
786668808 80502103
149998392 80888542
722407799 4400268
567785553 21734199
932045249 60942354
279614159 1614574
346153597 91684143
308893393 32030014
2463096 75161522
306322517 25173998
99074187 62298925
200613294 29344432
289425601 75920854
630993611 30138595
926170179 2975581
815467860 85396665
98535792 11113959
239957431 85713063
2009868 43155790
680357408 59355708
272083596 5717406
468296837 49401383
710987101 18076226
5368792 25101472
357340519 36831360
343372569 55176867
972954988 35757522
531971797 71521624
450659522 59130102
309859409 88398320
14135823 23931470
518853798 92361238
495058942 28758280
44897945 67126997
771881491 10159307
799589864 6591955
210087617 92411413
862090459 12974663
513681327 93623117
443689052 93013398
544309017 63427471
836334286 89475461
421735249 65603483
746183717 78409479
910233222 22604972
527360928 13411998
721316611 98601868
996921398 38693728
588340046 3609286
776894676 33165207
160891584 36019046
598825302 81690895
5454330 21991982
826719436 77007114
132348799 75279751
514963375 56301948
524795817 72505475
108035824 94135347
770280761 98022413
844764322 61639090
480452220 7470817
