896 41 75 65242581 29807314
4533 25601
29606 53804
57069 79184
4966 32371
45756 13170
85344 34448
5174 9164
82403 33022
93571 991
30829 31549
23128 59701
90712 90173
16869 54725
87823 64676
69336 66667
80705 7137
17224 97319
45592 98815
58191 90264
38035 68891
28664 62633
21816 9000
4630 41255
31407 93965
45623 76142
21048 24616
64733 56176
97137 79569
60288 70059
58112 36561
24522 7508
65987 42944
19500 20239
51032 7243
6247 8646
98954 53729
11486 71741
6481 61667
77116 11888
27822 55356
42612 91889
24203 13732
49 46108
72147 23817
89119 99537
54796 33161
94659 13766
79864 20493
63261 51798
72953 75252
72517 24609
41725 55376
89477 23639
95212 72880
40603 36483
52356 81740
46192 15615
50011 83031
21327 95110
34103 69841
77384 97163
45330 69289
51584 8332
96715 96171
68221 27619
87165 20807
67792 55926
18737 60981
70929 20652
79029 71747
11493 5578
35266 58435
22255 80965
59004 5492
98094 59440
76277 11985
73720 12619
28592 37623
57630 94620
76377 80947
81133 92376
10412 23431
43417 39595
3865 48890
15788 40792
41021 80666
35719 41213
25736 99665
19454 56521
84939 41190
15440 95587
86874 55039
65886 14528
14810 94013
60969 3611
53294 65527
59429 27857
49702 98814
87655 23570
83865 99335
41168 96534
92201 84332
99284 10664
79536 18483
77836 90074
41266 78263
47278 32211
30248 25647
83562 62409
54103 30185
62508 90340
28703 81422
62156 89562
51125 17393
35646 18054
11103 37002
41807 64168
93731 94314
4782 74304
87952 57716
79714 63833
94246 81805
99933 38176
42264 85741
84025 64608
48277 50322
10002 74732
3395 86275
90911 40461
1932 44658
97310 64953
47167 47951
49596 44513
83372 6086
27553 62891
29102 52513
97632 17858
17981 86700
51726 66093
27233 79673
42915 58156
72727 70644
17709 57029
78978 92727
89738 26796
85684 24123
27480 79340
865 94100
29224 55268
55167 77281
85102 93325
86972 30599
55279 97505
22857 73826
64009 26356
66120 37582
52964 31320
29587 12319
14480 75411
47047 26866
85372 5753
79422 20425
76140 95493
2448 98718
90118 71330
18983 26844
41751 5411
59814 604
52978 52884
59636 57828
30842 76948
77594 64206
2330 16867
84267 68580
52445 21259
27647 27181
91055 38510
29178 63276
28673 16402
91586 23394
27060 39155
50402 32483
6523 49049
93649 79474
11776 21401
64530 3956
99422 17645
28370 69415
31066 91904
88006 93369
24228 21740
76314 551
74178 33632
66070 36918
2537 87468
55846 46400
452 97989
18301 82127
55125 13287
50980 18266
64825 87606
13029 38929
45973 71782
69769 51784
28384 87335
87841 81709
19058 2501
46550 24106
31932 23173
12455 42341
85409 34845
535 81981
69377 86049
73638 63574
77229 11358
69125 78223
80111 90316
43888 67184
49327 57579
29272 22223
2901 67116
32860 10691
99949 15754
41481 65337
48000 50926
53363 9794
40667 56861
34274 93664
49413 71459
32022 91363
15908 43634
85117 81580
79663 69170
88591 95050
26240 45912
45512 2175
89551 61878
53837 64449
59376 77655
65979 46543
174 36112
1217 91035
45101 84353
12051 80958
19462 76234
38698 53226
61888 20964
49897 86609
62127 27559
12464 32539
15316 94340
9238 95393
40586 26550
53925 31315
48443 11104
14438 32577
43263 41562
8862 23835
7868 24786
26134 13654
81924 53273
22368 74285
61172 67840
57319 97757
84611 72162
65326 39657
28738 85805
24624 57912
87673 23149
98675 7570
16116 36346
71616 75522
45208 25708
10956 26251
91718 57180
50070 28138
60660 15403
637 20522
82219 13456
88249 11364
98487 31536
86431 31026
53764 84579
86132 49487
95953 1475
9379 35143
55935 46366
45879 32568
13212 7432
71873 97003
59610 98162
53373 69172
3114 56148
86446 38681
63545 38612
5032 70148
94302 41544
22109 55687
22941 76355
83878 65481
81379 84705
45992 85973
2302 47987
59680 4170
96350 73491
30153 70582
85057 7540
44179 66856
11393 83003
92601 87674
93794 59410
11505 73917
5215 86391
38793 65268
61308 85727
40927 85779
92849 95549
34193 26720
22096 79891
55062 54431
4746 11913
20483 16683
61339 87516
53912 55478
50834 99864
20393 98032
15858 66720
78510 10258
13713 86145
95882 10728
69545 91784
90438 29472
34718 39886
96135 33790
66322 79346
19268 72948
80020 51668
16059 84678
70268 1854
63360 14010
15137 22864
65207 6911
56576 74559
59568 8802
59695 91313
73832 24953
33316 90213
46005 98468
88389 36136
33872 8422
82343 68890
92691 91046
31513 59825
91585 98447
62636 72132
91013 17742
91973 2089
57279 27642
12280 2567
20618 52639
47341 90063
67609 13086
46928 93117
232 15127
24264 14152
8280 20751
42222 7170
68363 8147
69832 33664
40550 59053
91847 90591
17112 84825
54753 23729
48966 21121
40904 20801
62962 72364
82507 65470
20334 80653
74356 7361
94538 61837
23017 72068
82756 98949
57161 16687
47070 49234
66884 80735
58489 41663
81598 55848
89620 33056
75681 84488
22214 86352
75889 62633
81242 73037
18134 61663
96584 64115
25474 17440
45819 72444
32014 55177
89611 28664
41128 67886
18103 35395
16221 20319
55043 74651
94755 55906
57661 97858
56132 39030
35575 34364
58598 43637
94011 92976
87184 61116
38682 83920
61535 3122
14566 74051
41530 77509
74978 7443
70409 89968
94668 79881
93567 19303
81288 35727
51317 64618
76950 9635
80889 44197
30566 23749
19148 72231
96486 6933
35227 57716
36110 48334
15182 92231
98924 35436
97443 73370
89083 97465
81983 19524
2733 36603
74813 90357
11600 66461
54589 33741
25943 39092
16616 9912
91539 87118
29801 62699
53188 43625
17326 87498
71300 71169
60152 36138
86088 67170
77738 7950
27592 56041
26201 36049
58386 35248
97248 83927
16279 73395
70427 35775
77283 51120
56048 36125
32556 25361
36080 89991
34203 36398
88437 38385
6258 67140
81726 62875
44399 3063
81124 29200
22670 13125
50381 6354
96125 21096
10436 19422
58151 44543
30472 72551
18610 9218
10080 54432
50135 26762
72005 12779
85733 99335
43387 80942
47559 50360
67355 283
27239 42425
75106 38632
92175 22185
98793 39371
18089 84740
20314 95411
86376 56775
26159 61632
77268 57677
34396 7465
59930 30389
80294 95917
36681 54389
66144 61956
99356 12652
97664 68665
56963 14098
97772 93936
73826 43181
9315 34139
71220 95964
16082 50858
57764 5150
32568 40121
63177 98372
8280 18969
7500 50784
27726 77081
14815 46765
18935 66353
22953 17104
88103 63685
64173 64319
16121 77354
43843 82836
28739 1824
34052 89841
95682 68748
7668 12249
73638 81724
23443 30077
60696 71652
63330 80865
42869 14002
79457 46811
80590 25247
80957 58587
21129 9491
49623 45749
92214 7290
29299 6550
11085 41636
62655 35916
31091 67257
34208 25914
42432 84428
18766 62576
12229 75189
6934 79389
99233 19234
86404 81472
38713 2731
38178 89328
86613 70836
6057 83622
92990 86261
90543 37598
32503 16088
23728 32533
55428 55174
28483 37564
59220 80239
5323 97761
78578 49559
70814 46858
50646 99515
27054 77101
20924 66495
85125 33004
26009 61196
16075 72004
59880 47540
58047 47543
98848 72848
85463 21529
87029 47135
52152 20022
64775 78346
49128 73395
43310 25922
4702 14888
39019 69581
54863 27178
34764 91788
89934 78940
19904 74582
60715 41233
33569 87585
4310 38087
63014 28716
57048 49755
75140 16753
2971 50193
78274 6577
20916 95486
34774 22502
60776 34592
99153 99923
30853 65919
48596 59865
97734 46162
52748 8349
72479 62512
45819 68683
38538 65117
74713 67603
45091 37240
59952 85285
75442 24339
20006 39559
46614 14870
41917 23506
83294 58869
65319 29397
93581 37691
92279 1687
75256 72487
24454 88683
73247 7238
25786 11643
89376 44045
60191 55581
40989 73798
33441 22557
4818 19002
81791 16988
46580 93175
43452 6053
85095 44083
44035 48485
19690 35268
19679 91830
37538 2487
72215 69537
53295 82959
28874 95065
26857 11705
41859 26632
85131 71886
88600 65277
37589 71174
37091 66836
38870 62083
56826 54921
619 58906
10811 76503
22826 94889
44841 23397
38377 57299
46886 52987
45386 8416
25775 81235
61572 5062
30665 90948
41075 91711
92299 11349
75466 99273
86910 88221
74229 53861
9040 58210
52972 71679
6389 61308
28541 42077
61232 89858
71511 22425
78418 82520
78715 79818
39470 86948
94654 76523
778 61537
10706 176
50546 90276
63562 76074
32785 12294
97857 17101
5169 73990
83228 34872
83938 97191
99504 26007
74094 33754
42044 19657
9403 98924
65930 55919
36511 64277
78879 36502
59061 79614
16521 78239
21874 51828
23524 61405
24441 13875
10857 69740
76420 6843
48347 64965
65831 93880
20748 51551
52324 46304
2385 62964
90716 35581
53031 74827
74432 56684
26352 66283
90516 92817
99782 43063
37455 41300
51240 92319
77597 41399
92193 95868
53912 38562
99079 75455
93139 67783
62658 4961
25859 33549
25327 29988
25853 51752
11149 95827
25950 14289
90328 32723
43944 86947
51466 72876
54521 97550
42528 57017
13801 33108
6124 95610
25976 57164
92440 44690
12138 45355
79082 32984
25715 5115
49513 48404
41768 1873
8815 6029
50954 78009
28785 25766
26212 64601
21530 89308
95361 37853
46215 20939
76853 69920
82426 69245
10393 27715
63583 63120
58636 55239
19036 71378
12009 1482
8703 87684
55938 95995
62454 89670
87695 46274
97416 45989
63442 88635
41410 86389
6058 45735
59106 30716
11261 85711
20072 37264
56106 10845
19720 9954
92557 63305
23683 60365
87752 54649
10559 6269
10285 46725
31815 16367
32419 65625
65988 13206
17552 67197
77052 12643
95196 29611
84752 49810
77765 36769
76705 49690
85213 96762
87058 97296
20870 3671
43440 8762
4804 88830
30035 48820
57132 29064
8943 50828
87569 85231
42196 20393
96332 1906
2407 83702
21496 26380
90223 27196
41892 69462
47566 346
23788 34895
96668 30020
605 59390
61006 32842
10417 68210
31684 96713
98109 65869
46284 41248
5529 95847
94353 26172
70657 12996
53582 95718
94073 44714
43272 30436
48263 74204
66050 94068
72176 12616
57148 10552
17536 43033
83904 51417
80492 17746
89799 13462
25601 31654
89031 62598
10653 71615
29304 88649
95396 53023
80343 66244
80580 6672
32851 41016
94029 39445
30476 64701
68368 69857
65556 29291
64880 19968
42694 32405
56165 97340
25722 5369
13632 18379
18659 54020
56378 67483
80933 68865
97319 88239
29993 72742
96527 41360
84217 27964
75312 1561
32147 39000
33832 60357
71880 34258
89337 45093
81810 63293
38451 87245
92621 48812
30501 71532
47058 37634
63414 56949
15364 42119
75053 78929
42570 81840
31132 4064
52053 42936
47869 52434
98720 48195
21803 15522
14722 30691
62801 51367
87193 83181
26491 61995
80947 91192
73773 42674
49156 87840
97319 45940
48804 82659
30848 84345
28461 71984
68737 87770
53445 94110
11826 74023
47272 7963
43032 3661
72681 89579
41930 33329
20792 96681
5648 25281
13166 83067
58416 10963
79645 74525
45153 21813
97769 14558
70981 69955
64304 16498
86959 94090
68410 11650
72096 92504
23181 6685
97657 85509
39554 57441
72506 59529
61862 91824
37838 72672
82580 47908
84180 35206
4578 25991
8475 72368
78291 34029
47147 3652
12678 88475
93448 14545
93120 57194
84109 89177
94845 241
74795 20287
90201 8966
2223 48369
66197 6314
99632 44789
34702 9309
25953 6581
6250 44179
58374 97565
23599 84754
80215 6113
77721 63140
