652 86 47 64761417 344259
90719 2568
47094 46801
63883 48637
74959 7977
65800 1048
49283 7886
53766 85975
85819 12137
8190 48864
62666 31178
81199 61318
29055 40247
88115 86707
27390 83478
22835 67456
2328 15076
21152 68333
91495 93078
2219 50588
34639 51200
84995 75484
33224 27015
56154 60510
74355 93606
12595 55217
91721 54872
9718 47425
75948 28639
3440 22649
41468 30109
64984 95868
72292 82288
4204 73008
81822 66717
30126 86596
94483 82847
10668 17776
37143 47800
5491 51351
960 85548
84166 9734
65633 87846
58237 11452
86800 89004
12223 45869
66870 93640
13385 57948
96962 21005
51084 83332
63496 62968
37354 62675
7181 40821
7416 97768
28332 55409
78305 31426
70237 22411
35839 38775
42056 94254
89256 29883
84683 27557
68101 6054
25980 95709
25844 65844
2518 61069
21137 43239
97683 62837
69872 86846
20287 97258
64222 11815
36468 24554
3834 40829
82175 739
83684 75889
55154 48230
68114 7353
24443 81109
64659 56215
97666 46745
41739 85840
37122 88672
30867 59372
13992 12255
73368 4147
71103 93446
98445 33459
37175 16901
75984 41230
61527 10218
44872 34640
25973 79257
33383 90141
77746 13840
36853 30086
88949 97862
14012 14584
93379 345
50074 63475
1020 4623
48126 17428
6620 16660
73255 96496
9377 54228
51869 25092
31311 27793
82168 73227
96151 82502
34137 30614
25758 35797
82413 83207
31109 81183
50130 27284
83699 12885
15664 1824
49750 51299
88858 45924
40701 8328
37084 12414
56612 49485
20119 9607
34768 14616
47133 89268
71149 44746
74825 26439
12523 91032
2616 90577
37701 33034
96892 4551
94897 86845
37064 90236
73885 99083
80280 3300
10112 23667
4225 50951
10951 22896
62973 15994
6593 72800
81735 64112
62221 52928
52558 80183
61669 72302
25201 44038
47898 86242
15141 57232
21426 58779
22050 95891
72030 89933
16304 71803
70225 31616
45129 83849
56005 19276
62515 68655
20950 21510
13649 67290
14422 52855
37292 20226
30459 17319
69566 49857
5334 50376
21406 12026
22628 24148
85050 34065
9514 13914
24087 48548
17762 11704
40466 46095
43804 85607
7307 27546
4562 83009
46315 48005
70019 84089
16879 16160
40560 88070
45821 51106
23567 48501
26312 5877
42018 31967
94711 86005
97328 72934
77712 25304
88353 8798
12192 44374
49671 98509
32792 55089
7385 28575
52563 59538
91300 42655
34171 22513
62194 16945
22138 45961
53240 3728
56678 5463
12596 76856
42893 80011
98126 22577
13611 52136
44757 18330
35480 31206
74414 3015
66002 99928
60382 21441
65436 55731
57760 45420
47675 84565
59935 58736
99190 64857
61287 86798
12841 58311
51261 78127
78341 73880
68042 84788
46816 52328
90630 97756
22064 6026
89479 64894
95921 10604
85873 43433
43132 40957
87199 31602
46797 68103
63591 29723
31645 35867
22802 94470
23597 26181
25453 12379
20605 11520
21000 20539
82661 26238
17628 88142
67313 53121
53674 74490
67765 96494
94891 42234
83591 69893
48382 54318
71062 21577
88175 94336
49730 72218
24562 90708
11900 57030
39407 86914
36859 31403
28900 6736
28171 6781
75458 38566
2495 702
72290 13323
47986 18869
45192 33080
74772 63522
13964 1174
5769 76641
56150 4114
88144 62503
27503 24480
87585 91159
9339 18681
52911 60815
51192 84924
63750 28578
26020 30871
9742 6293
55452 46599
62744 72092
76090 80002
16946 69578
27259 7089
52260 19095
58437 96546
88289 3986
40724 56060
42242 70786
96023 51023
11891 80158
54690 62490
34195 82247
46454 17344
8945 10329
58555 24363
39055 21389
65213 85475
10745 65425
3338 63369
50550 43069
23669 4050
83892 37338
79320 35382
25220 88186
89907 24715
98519 83897
92361 59922
79096 9009
33802 95807
25401 54006
5183 91764
47552 5739
29057 81498
6822 71368
42004 47402
33712 48376
98957 88863
25900 21930
53717 33212
90957 60376
18654 72515
35261 58453
61566 5086
92534 72564
68963 5962
8499 45420
35301 41109
57084 57256
16934 30116
83448 4275
99979 3469
99273 46134
13276 7458
91590 56111
97919 2524
34685 54133
24815 38404
19950 13882
15357 2284
56517 66740
19119 28883
748 6525
46510 97199
42522 66654
559 45404
83488 78581
59079 50852
91588 50340
41471 81672
44600 25049
68966 88240
44282 65659
39824 4216
39895 75519
48935 63154
24734 25443
90796 67591
74610 18429
55441 88563
86712 82626
83430 81375
96535 64529
867 95010
74383 45411
30298 25978
79723 26841
13426 83115
10733 6478
23115 60625
54006 7923
71638 74168
68087 80091
78676 88217
10146 1439
87095 44724
93687 10305
82752 77189
34674 56885
99515 72246
15837 23065
62858 95524
90723 40285
92653 31648
76393 74290
19891 23125
54599 57928
91562 54206
13796 70200
94399 7285
52558 1915
49073 81302
18448 33867
32616 28787
24757 74177
65526 70480
82034 483
69213 86151
76231 59983
95016 2554
43741 72904
72306 50196
43960 17110
70576 46634
27406 44703
37386 23402
97087 84367
16538 91580
83154 79811
95502 14664
6101 545
15350 3673
52473 86820
19240 72950
90590 65162
39197 98706
68113 60740
29735 28045
58252 27690
23204 73173
30223 64522
91393 88602
45597 37246
35150 50801
11499 28911
45430 3859
96483 8268
32539 55120
10699 27149
50073 68987
77702 26441
29421 90500
75291 13729
1598 24526
40607 89805
54240 76127
1248 30970
868 46176
89203 58914
18818 25391
72806 40065
57784 73715
93364 22256
14048 23460
81084 11632
22218 93218
76639 97166
50608 46480
16774 20181
45250 36197
75343 96423
24585 66903
78140 17556
23996 61792
73886 33328
28071 95612
98234 51728
68197 43381
85488 13950
47485 62971
13177 40038
8568 59053
28348 87256
20321 75910
76573 76474
5559 20098
26704 68493
40850 89835
43756 19686
28735 90031
2790 17128
81325 68724
41621 95523
75343 3293
59399 22866
75308 40583
46835 18707
74467 86903
27495 93363
85696 78180
95766 93306
67742 50426
42285 92468
67336 71935
66864 59403
4142 81301
28292 49936
69623 33592
56103 41849
90376 59428
15604 54441
4441 17709
5323 89215
84495 3618
29225 3081
29613 24039
63917 17410
81371 24741
47370 55549
28775 77473
53447 22731
82400 55618
17114 91436
36962 77010
16146 1786
52332 90311
2766 23661
86674 56592
77800 57984
75242 33873
73526 96966
16899 69947
55799 26494
29281 25206
86540 40237
72681 78466
88674 7095
64382 11225
1487 90569
74974 36755
25953 76635
61103 44742
28816 52744
84880 89120
80992 98750
63755 22596
88661 27456
3772 52395
74287 27442
62622 4630
37665 61215
34738 31212
16445 86478
95658 64378
89778 19902
70678 63081
24188 61289
61054 65855
6545 13903
19437 17053
18322 60598
42885 28621
65697 26176
62901 41191
67632 75479
4174 33733
54282 65871
52068 94451
91017 58719
4909 57744
65191 73721
18361 54602
60360 28600
14183 65484
18504 22609
63067 31857
88121 65165
82757 61895
74434 31862
38293 79201
9487 81973
43886 17199
14624 27869
39829 71051
24660 43130
80912 80337
28317 94478
64657 21506
85596 77295
57839 28063
87729 6223
70446 85414
64007 80825
28971 17044
60368 92915
53019 25762
96895 99144
14152 41743
16260 7665
12012 2435
17049 55404
27216 77382
84043 65181
926 5063
29640 1502
42841 81278
17684 36182
20071 10673
18148 60551
68717 764
84516 71937
16689 14679
64214 21203
81786 36722
16530 85424
37427 10405
47202 25224
72434 19812
72098 60402
27885 23460
45437 53629
1554 6430
12529 1865
6797 477
96289 49819
18185 98435
60982 46643
36510 86152
13336 65518
69492 77335
29779 44463
44882 99471
10908 94183
14072 24291
16507 10220
79963 44898
93061 53177
18920 67379
75028 14109
38194 99912
16886 47442
81354 36460
45963 84034
41056 71881
97999 79681
2855 13700
88017 94251
55991 26206
43356 5437
59212 82858
57786 47411
21272 17042
84396 66111
46379 3309
98117 31984
2556 69426
24895 38665
5859 29021
63213 17563
20692 84293
93077 85934
84632 80403
87354 9743
99095 29103
15064 43337
72156 45466
39806 81994
89326 20803
12159 87736
28007 98068
4055 33658
76784 26990
30274 57631
34941 85785
73235 10641
34058 895
86306 12396
19866 30531
26250 69908
78533 13297
68185 83428
76885 83664
85937 2170
58786 41372
95380 68350
1774 70986
13907 32450
44952 53763
12756 93410
7648 2716
