557 1735440 1573915 50137012349 13459051402
508841395 91939802
217804823 21437479
92134997 48395204
650923139 63421400
498245295 25964282
893607527 37559650
435508690 86263378
600939681 12572235
149180049 42030518
322418117 45791041
266635881 69832241
466521127 89322727
331730232 84859088
597778621 47272673
132126195 43820613
429856604 2199817
933230842 8168424
611417920 37873596
59288837 79382262
609378872 74522469
536905613 10065385
454997064 16756271
895190717 66050442
164724910 60537392
201286073 23834634
34122008 32773501
245585219 87456529
825910526 41793712
389983462 3180930
696325241 34318788
510954716 87786533
446125087 34657380
535125376 22346985
597545898 59701275
942510292 63401324
908445827 7080870
411254415 14768138
688024220 92464102
170047219 5219180
68249281 62461111
88950814 39789615
199021429 20084543
684037979 18305251
341451228 81564684
683201332 50701725
337768361 49909810
98530285 36159390
555316893 75094417
704608227 1817139
902884379 63681609
375052234 60770858
508835978 91431989
971656274 99550003
576161741 95658068
809990535 36842784
18614124 36886297
941260871 53844452
280304895 61036428
340822246 23931956
275475949 27457548
775435380 4539381
491224317 37386681
396123930 489597
25873686 98713573
709566241 1049956
273699195 24814037
910865881 21525558
640509511 13033496
669452387 78662948
943611432 66416186
721237872 43107099
280211398 62376906
320603581 25102422
501723087 5714477
873055480 90350465
703097868 47349831
7074162 6509039
40977201 41889972
765070791 93202302
875850885 23913335
61358755 58450773
135525729 13181269
470841628 70880702
78689255 67249495
536885516 12862195
969619229 76178582
894910322 19853012
729664407 63822352
569914915 81206379
758511759 93180917
915961214 35673545
958245904 82705136
171544204 98130561
341356157 65798684
593512341 33063331
983962383 65713894
274812759 30509503
754968183 16289827
681590910 1872053
866237832 24456169
865391131 67025758
469601101 93568306
546195346 57585422
118935015 56457962
504979434 96153284
839861690 14700158
270088701 2990767
45311591 9286588
251884415 2235885
564873004 9255684
407065620 77121962
446119213 88488487
47581604 14352770
920055389 31525190
122109702 86095537
76575401 7370752
852006726 37725737
76954573 61652246
770767125 16298279
456972400 61675186
88144633 32673321
979783919 95013225
957059575 71248258
783560949 19264934
854301542 37565268
887766388 62896504
195202983 67332432
377371435 96335563
592858528 38353440
95031770 87876910
101572064 31700815
506218333 62774768
141310862 73008175
709538134 78253214
188313100 43809062
46169472 61992820
255833669 73058092
19501881 74268607
397207518 74645111
870745916 82534309
260331407 99585019
462521632 66748197
652006329 35607067
177446731 23955835
344150639 78521101
454825072 10128687
666540218 38854639
862507856 47733180
660831635 99036089
132214651 39160336
364829242 51121823
238188402 97742836
47315928 17253468
851412021 57285628
237092314 28697783
232278168 93667145
648537699 71622696
574375510 30770895
601333141 58617462
365405660 36786680
480932609 73725249
966295864 15101694
802764391 7172180
429417546 77065365
934206765 54366898
143342514 61370389
495320161 20735728
901813390 96528699
346492028 6546346
549337811 65697312
911243811 72166989
715253187 77584143
333503931 75668095
10614586 21853718
306609006 44590321
414840931 25380630
428541105 37311059
189486302 81382815
919818800 78165507
857115067 9874440
735255746 65647353
225701300 17067298
884217250 31434091
651312450 45809732
746191922 1630178
614408116 10153312
287392887 68679598
694679210 6856384
18270484 10112662
793200588 6791110
237275051 79225531
277578986 83161274
671047898 24439847
617691326 90492020
397702893 89531071
995900547 18673740
843578764 32041341
199500958 71382189
406828010 15651441
711712086 97032327
55009102 88721434
723844751 90571015
70744543 72806167
430817756 4336352
192702802 25272953
968527631 73369933
771734744 27513195
882355188 58308170
159427417 11284640
87396283 14274318
402614391 67981178
237070648 498180
830335915 71170356
23628513 86910298
548338106 4800589
950542787 7866061
103726 36898985
357414553 4855573
274391617 79539047
325556162 23820873
371712928 55495653
357032091 24820436
125599205 94735530
904727190 66893700
776750575 25675184
103107272 5840679
994602909 17891062
278386705 51367368
825664081 40967847
140577509 38916953
473195568 75854748
992309309 5608301
717080160 38462454
514250292 95438195
83029902 17391058
891630580 41965263
684013 30057421
274756530 46575968
582949823 91075526
752383033 89084845
64033851 35152321
860232276 52370653
422490103 73750479
656799847 65668046
790804953 61040020
927180357 76143830
62917565 91597594
998417778 92351408
929892455 9210123
183361962 10999838
334710290 19314662
585706727 61783230
785404977 54982959
336932869 96555557
230956722 98706766
135549727 18310118
58596650 87816705
512795265 28815783
81867669 12379383
449684773 17461382
624314940 20068837
325142681 64655051
752358591 3080779
51856158 31906986
354699281 32008550
459615222 19862267
490322341 43890892
425233336 85460461
433207156 28883459
483530744 54451773
296541447 26111886
648158288 14634113
189990544 67636579
436538982 18095136
547740753 79055372
990727791 75016859
316877933 26830363
253667327 55550626
651697314 98022479
961098770 53031790
351947763 54216800
882014875 21598865
480860868 50574120
383399699 60808914
634744842 29858890
27833176 8795278
654172170 57921278
907873203 92651325
915482960 72431159
990109300 44704217
395056649 84820523
115472058 27272793
88284295 3524485
152760279 38728384
813673713 71874604
73785954 13390099
898802533 94101643
866800265 35527633
533373672 66993655
937333998 20716334
923501422 56653204
761574758 58697409
934893636 62605867
301209803 36716861
764295615 26616226
962894396 66658543
653130613 24815773
663681975 56711518
363850519 40365112
305383066 99260796
804784106 55434297
618482204 54846985
755076616 13389609
180722911 50220880
709707526 96874574
775919654 1243107
43233312 18357892
255191033 15165067
43158299 3495741
173655827 61219733
970526659 24027659
760649215 5209469
790442767 10398730
80491109 65945734
741197577 39097900
468521262 75470727
816765774 86614439
917466494 42790767
101601542 9532647
465324177 96859666
482973993 58244284
370322192 70884006
973478002 58473251
445400950 843592
822641309 90776951
274076946 36213143
462466695 89173514
690119163 23338153
186216713 650959
121476599 75544512
347460220 13620813
776623770 9141344
673728233 91185448
817127385 72162473
595800671 46173412
790641039 51614657
937524064 19129805
39259533 33209516
224405426 98110737
805582590 86245440
243209871 62409312
526679642 2403959
82870980 763335
913255470 23645406
480685954 68124584
41356003 81390102
135905765 11614647
648205488 20412133
279886842 27936284
962733028 89775551
618337675 5112395
971486722 24470712
316800756 48561152
339977274 42765088
841869053 91071321
175265045 30202150
90736383 25219584
175132493 22342361
181162551 65527304
756932324 49125680
905784534 89109182
364975449 93323141
591673087 29631530
704526577 43417296
494588152 78636202
848156743 22504371
430915171 47606139
752206399 5415411
620950569 80440079
580868530 84559441
837769540 94651497
502725781 10692118
60159002 74536054
100482278 22371293
436037875 9456578
306105357 89188315
741254316 54583392
134457856 36627302
43402901 69010966
362031677 52318691
571056168 44884292
398663744 87688357
159383804 51396447
70565594 95635142
725870278 58418837
879878471 8862917
996679447 56913414
98608642 38747234
211542670 6169665
823538839 53609998
530827661 43874421
188836382 59575819
68673606 85214936
463778967 19281648
91300175 75066642
702990405 66053027
815013227 27596705
184462048 73383670
728939476 25758127
300329444 82489861
402921529 62882429
769103358 63451076
768631398 37795393
657224909 93266319
305829216 26301433
633868710 22099258
307326223 71821674
471845060 47910581
373488286 67601517
979607858 38615020
121843424 47071740
443220271 86135978
936627551 94307063
200476470 47515634
714015672 93254118
107702370 74141489
796246573 495946
838112228 53723069
104017827 72610617
971979545 99943938
815149560 61628337
231636717 67070956
708349878 58487766
317724942 6407371
962146741 12243298
203934895 43766027
866482376 33399387
212454123 9911285
446538790 44690617
716080568 26098814
91616513 64899324
507382885 75861196
859799757 39413650
384564579 21882994
418906850 63304643
927270698 15855723
415119611 88337254
809440400 77123195
431164552 82366505
409869837 49831341
809719858 18604219
533440456 95639158
763230779 88689936
534957937 64265175
391205463 92665466
133455529 50704638
139012311 54377435
152775013 76345620
886622139 54874737
427978209 83223145
128300172 61594612
138402958 74279943
360674816 96553234
70429988 72874806
973614638 25766768
576685002 44428657
457848411 94226359
452077775 87427116
280846184 12742709
880067289 57702460
972169405 47861974
473662124 22563029
777221070 94278061
871041443 5754183
662722881 5996087
982625949 94535634
692745043 36255294
195774114 35309711
243615046 10619168
277169319 52323764
977286839 80523427
504630853 73179546
784462547 5588119
284566956 38090821
855922824 22366894
777389176 29587024
569479365 74571258
501136759 45498883
546200153 90719305
154665367 61957017
191367937 29569939
353863021 70992439
352207973 40553897
370788776 99817970
443861891 51061461
794548216 19699179
982284354 98406469
167272706 49308291
117892667 40780966
789454215 64509877
464091047 9759196
10618386 74155738
130440045 83348712
833271925 21517748
933884792 81334803
602073934 92360732
278135579 75588460
213783776 2524025
261165092 13449815
408950038 9596761
16928682 12036202
677813812 25328637
330428868 22867317
983574339 46570513
162824790 92681534
836255656 82470891
102946591 41154671
561272078 12116950
914109015 8263043
551139594 51881031
709818538 75722067
257212225 8098579
523364166 99883609
722886089 4471385
955441760 79065931
877539979 11174039
419779977 33306925
243074564 69804210
778644922 17381245
941322114 51374142
896891919 83205211
309038885 19854405
160181764 18571041
743374667 86693127
959548566 85975582
546295029 44284654
324891886 61705018
787235892 30777362
481814718 54129128
855917335 19295298
2328907 81584351
204849161 66437270
172188017 263610
716269740 22003825
569919843 56893421
214726582 21838148
778473436 1072050
544761577 45767685
595215460 39331820
220739066 70795642
791393872 50721215
545473666 74871135
489709736 96001362
859844432 40404058
761055577 35907536
71280887 32154442
55161180 34330194
