963 17 79 339882317565 661107724969
841528297 282915756
685862016 36446741
908905890 231800446
542395826 689324671
868128916 421979798
712206284 202537800
74467888 299980232
26609771 116996340
519855541 658005173
974978798 887059360
587321390 522447121
465713630 366646407
812303191 744715461
262983658 193020654
464790797 440021970
43256776 483171734
416998261 6633812
441156208 63568062
230792811 524339499
959184213 860350975
109431302 13603516
462521920 965628798
751251637 11503447
794400163 979002788
338326507 815905290
189619388 404680117
187402074 417217543
914882876 15164081
138859651 21453632
801542586 204284185
288932453 224632389
143263777 760366317
116474163 11726975
744168932 750800514
942778277 202686211
510821833 377487470
169812682 502770217
635931036 72899770
170396208 889814843
902374006 769260822
816026026 426416561
813184588 804126554
485031236 809988215
288015807 203289373
111008092 56380696
130020109 410468897
719770397 601874827
342798783 305258290
370200617 402437752
129760002 362615443
695733696 443240097
283279940 361459915
359382336 703866727
50276547 771879744
561581322 965254823
390306568 899925155
517156487 981574141
937411691 322656684
297105029 491971784
168006724 675550084
288802064 93947524
662469155 703442311
908491195 325990971
211431907 342300881
736099030 440621120
921528965 649912065
94379450 688520509
934833488 553858688
535200566 989227802
903438072 425984479
298163378 140116285
562175565 111840078
782503560 32154856
907976342 987739200
776671096 818179701
349794389 181541543
740719797 172984550
61967945 48031809
618998303 792138414
754326781 323173111
967278013 539036574
368928193 822435915
475256117 802541091
808487353 809134946
372037408 67867510
139222386 612391723
936124230 768849783
276300446 465433022
461224334 374984396
206458599 895352598
158419572 49680732
945256288 793788582
95364417 872364517
653390275 987895887
458121036 610667820
708942875 289713513
232282724 624907834
980730611 81934341
218332363 939682108
332683980 990434732
447514903 638187072
831143879 361554187
927028423 818207780
381100237 602190927
218996675 993493622
430149986 920754225
223768582 192701351
240200493 188913071
862500090 106422024
423859694 670275729
284634319 529587770
493513809 459948958
923281298 268123976
612046895 726536967
349223649 514845435
156144369 487116181
781060393 265976569
751470788 771424131
308997829 833756106
723040645 874265531
707035817 908154768
37210327 766181370
808862186 170462511
36525257 222037697
404938545 487541924
754708124 379998842
379083407 62963175
546384830 614155573
724603346 977501220
250759304 288918375
941632202 483192860
612057064 894828975
187769495 662412803
617769890 963801406
114039001 597041679
883733593 402990707
163320303 411678729
372784071 779958494
31144490 586869172
827237279 567822711
849766439 926000873
541645648 179049252
535999850 735628872
14080928 162062940
945646274 404610611
514122315 510916454
695025536 510977383
390710036 168155427
307841738 614016491
508096598 784697792
266779223 569052610
685333059 227775522
656993347 87147119
935728917 173444338
166081458 740144926
295498782 943889870
313491439 233228056
643689724 893128469
277333889 323495327
381037913 823459070
371180026 374018216
199241863 568978249
965319776 968508234
981576130 101767434
210857452 457149931
810770065 854398267
988788428 128669460
381714616 233837177
636056358 727457152
771895027 757351022
880032595 810015079
930121009 190699220
799984011 968896323
581503393 199937433
402883150 127019215
431697792 913137364
132957219 707467557
820637060 680102356
500747863 412149589
209128875 822622053
392951363 925601568
61731625 430673520
216494852 258212792
246666603 677493938
891123416 127384005
717360119 127548903
785282917 726311411
620206259 653644800
347029481 585466369
189758954 741837349
147952665 184954215
531882457 827681213
858528464 306821900
874193704 720749806
252032275 191688844
436446342 945423883
772576250 968661468
697412234 2454258
620560352 520417513
528773177 818195220
939445937 245372185
673719161 550766661
215846517 475452431
74380739 611197118
420311493 332232631
703080640 562372134
245764436 263817427
545314797 733062704
450955279 45289385
687143425 346378553
311498733 55304868
947454285 725047130
822155222 539721818
374640576 53706266
872144477 478907703
908755059 797272676
342265757 366536184
741413888 208680257
197133406 322951950
193993030 487121316
661377502 371772154
77908686 20949325
16813658 776908557
225968545 44113353
384779578 708712199
71498658 623475030
464101669 7024784
919522956 457708278
115672994 639443031
759069447 976728191
669082355 573883882
533441786 560653389
29033715 819341487
215348510 919410749
47297494 80567715
800482556 123638505
279426266 917621804
739955535 899337045
654265888 523010477
223614431 799314835
368996751 823853875
497941950 29141162
449658022 783862518
515890195 940709603
720457308 64136723
188445827 887259110
368145477 771410599
850004748 641263712
492033944 799498125
652710738 100152441
650676640 248062642
297013828 428167802
684927001 966859927
716571769 290316080
619240241 287099932
472873983 43310776
377987865 112466539
385098058 499632950
747570 729093549
952708563 932598100
947034889 332032338
69615774 718055063
776421001 297355847
19797193 633126763
874624280 781023345
502215646 889056244
985910066 79945253
239011607 975867580
355980864 963205594
554077461 9749251
917842350 696564250
1243124 944747227
652219584 628147915
280517814 312281596
486307331 542926023
701066090 731234715
283822271 914793089
743098409 71025205
934213411 638454694
724685710 479723048
43793347 860463772
947078224 289284714
976240908 671828494
297546385 474605745
417405548 64090410
245040343 154215822
569584126 747919184
302947839 758584196
98028798 942491159
910518058 93284044
753780350 504413314
321038499 460752715
888254991 628034960
372382403 329336713
27354488 165849349
583521120 925081627
16667802 185787066
390483279 955691972
6338721 937837490
125633401 878916141
451760890 148392039
108319591 441164461
852708562 479698837
436280476 937493788
987459166 466144045
47423241 547630039
985869714 848582450
862261803 607487231
90095783 969540704
691990512 775479685
466511322 466788856
159710827 9692784
388204651 711330425
867409798 240960391
805813410 258895745
544657840 192741183
575339111 377176232
872805050 114491955
417533662 271860745
358138808 629469502
708837723 679361894
910687070 475738276
410731413 617012841
134663427 173911303
54675424 365344166
326714787 183456406
517042244 343121015
816284159 269003321
171152636 710425773
180761116 297114476
112604337 179143258
376673977 483848013
74292125 16307156
693049003 365785658
587393038 357925149
898282989 634186088
285140534 781398473
559872144 850466811
813904910 612035780
526204997 328286557
764625235 817176682
856878054 290036971
355101705 951244549
338326463 436657021
849247018 259685547
738830634 463106603
379131504 73721045
24667430 150981562
910171858 427895571
837797147 910156760
355719327 274101011
739537070 967222422
621430313 16256925
758633288 360436937
312570273 151247337
425517339 809373482
800363938 869366027
381240214 84045634
317519117 935231125
258715418 692384727
591824573 787874081
904515630 755910168
379564501 508599137
920670989 894251157
721001998 514163303
228429659 455870697
96200566 399684583
18200154 264286740
946133172 566069194
208063695 869625062
823317342 267085979
157174014 89122601
704606262 95406956
596752551 892106862
582219535 18749304
364404222 611159135
415826143 416274621
988841916 933123978
573922571 718558702
839144726 705392846
576164735 189264646
513259318 819241266
162984868 730784250
272474301 633414138
448933880 123343629
60928253 513399727
966722190 284733651
140182381 975601906
799826668 713302342
985325940 272100991
291752864 460945665
609650396 395154359
446574386 253253448
883000597 859037985
683349723 115407436
406017559 952442102
270817606 54665915
413315746 747812323
886717541 367282942
260769826 505296520
744424551 866333480
464199020 945067325
398101836 942176335
905708001 320566691
962200954 643920037
813005327 117412362
174005625 913268810
757131561 708349983
851784646 217121582
765812396 575241490
587275488 643949337
570192552 541921921
920213628 292203038
157514197 425931357
195745977 579997983
927896761 657988153
722100520 255534392
27997819 391146726
513391816 559591007
416830816 681483707
687861221 354557632
808869349 755963248
102615990 490929420
614660679 97104539
998661690 439404693
577859570 253227762
700313158 285554514
868190679 376571596
374281517 899045145
661966720 378567038
638465506 674274979
136388405 63177854
545704201 78746275
203494134 659065329
430834714 910585603
938725091 608686782
596770915 921681838
128563303 759897838
815056944 528612744
529754752 418110883
473696501 258670892
931343208 354716224
25237305 537748370
577982769 634534044
815635863 444484068
889612809 406499638
298874348 417163753
198306668 559052227
497813807 930394012
67641884 527549451
809501977 597338769
308461503 964336521
475488772 272013931
915344435 669222921
935646770 259461321
286225247 338960768
26394835 193571947
799907070 898331627
75220661 450582243
836445026 81294765
941574803 950820995
920581499 595998227
218191212 788413673
249061369 500522783
278539798 407692078
165220075 275215243
453589864 702278981
172446725 938592696
415254932 558187849
485994231 595654821
774882502 314538852
793769618 748356728
204313357 109194771
380207608 269605503
148573944 879887662
998789445 935895324
883790746 652672935
134149568 251896998
795099059 356582684
929193807 699256003
975566677 839927528
413994523 794003629
131387339 416966321
91165167 112463777
932454112 985247602
133994853 540080225
582766799 644565077
908423061 341600417
633316023 176652730
868931491 305451552
872811868 25094267
89902148 637860696
161007721 652203319
603543661 748024163
277060492 296980371
421419346 467171894
575361510 543455829
851301261 51585108
411243458 754989891
109944387 838380538
429303262 214593775
445516126 104653305
949194245 664466890
611252142 551589771
715230730 214849612
659870291 507821600
421813575 644183355
890867206 52660588
905977621 105813533
400075660 736231679
179091824 405626055
126606790 518043503
182224762 900571665
238158210 62096982
693730997 38801061
677688667 806781514
695792929 413014803
87271878 833161900
876171696 12332903
653247297 18195756
671002789 770162094
680538818 64907879
779477739 104641319
115863067 259723747
844418568 284329734
231279257 192781823
164675865 979460630
578160898 232950804
782536663 521206194
483334760 519991212
618506326 101370948
88672065 404298348
532029529 439764413
851655154 679693464
254460639 629066885
809414765 726563566
67462978 339234598
188617238 295230908
949884220 445601148
589421139 405688990
81784559 797968180
591046289 422633276
303814047 473889679
751633046 572486336
261664680 228670617
446298164 812262202
846523335 419252838
104146990 915343385
357501610 294925
988116350 781270920
214314045 712106972
331907618 607283199
560052088 307889359
231740876 133363021
601720018 253814046
192507134 80149654
869813590 782763105
90108246 424551631
884287705 56132331
587542647 268565814
671078179 680904154
919176604 229416059
462013279 314556983
136093837 170300406
975568930 234228268
684435329 316400653
505287808 194585826
118914452 665556651
637542072 172200692
433246762 858644561
333063959 157734600
440469337 524156024
750148042 225574800
23087305 503968421
636329842 500909506
589299622 598771245
940792287 846779481
126751216 660584246
146724303 893233502
640302551 463541731
448645444 881648301
74829619 325754859
876391176 424281123
26718816 42140730
523109958 144923724
469526354 598500334
199635392 322123696
909888601 184993850
877940829 911806870
203029966 466004698
470715009 646036122
995270800 17412872
907947806 403588968
432562835 430607141
927970672 496428353
747513322 735529103
568238605 649148650
926001842 787725899
26794911 51341669
797528575 249499122
590108797 877370459
135187313 355131410
531007057 285204669
750393711 32990576
845456116 296083658
324733607 624599101
364471629 836798344
264406379 488040887
96189190 237229989
316276218 264475215
766019258 485950507
600326723 304723067
971454969 53686459
434258475 459067319
294503001 883304902
877535532 177853872
538464006 880595471
240975738 459546456
453662162 861070866
467245102 521316831
791946533 76595413
881861887 54728131
91860130 413537907
367909496 656617676
604517520 646667841
48417253 899026957
116665633 820794506
479971909 826402591
405766244 807415048
259790639 377271603
530292307 689573974
302656822 684261465
709769868 256175358
160229108 687624812
853017723 746199854
512395885 755946587
171886944 302797356
979767569 383143355
687025895 941564823
245696610 994649349
546254664 540771543
489801702 738180310
115167800 967637762
473058695 2953023
372136146 668286712
948455587 892551125
714103769 942799251
913926120 444777515
822145672 942675987
455823047 131729637
768304169 849942115
598595611 183694432
823055001 169850611
753993966 912013755
963995371 289072191
392510382 17256023
259906537 255652959
690163811 384683481
260142882 571857875
282910122 362349477
474197250 630475406
474113834 969033683
18308059 295660935
462412179 272937923
651495655 533031555
36986330 637394376
348240335 114665364
596387860 811103405
954467986 500674449
434192253 490529330
532330484 270140296
696322059 163959908
704274214 373572111
807450980 549129046
968276253 108114688
506127838 16725006
190941750 174966364
846946401 706232767
331109680 186807849
285971199 588591739
887122716 31411109
600779092 766568835
200789101 908021057
58764224 83906135
934708921 681210295
847520464 123439624
272556635 475841207
995452113 318257256
43925549 20338210
975774701 139665455
471497716 505767968
599967936 997082564
24036080 579062990
81780969 649440790
38522863 368768292
652568399 113077972
687319327 203184821
668825849 211246942
586209872 370737891
809369253 564035720
734555813 59556242
479191529 312352223
684273835 514690201
834512047 646837439
744822406 726353286
155118011 855840792
940179985 715867606
791828400 277466041
393323075 275928686
586080700 604272424
807859792 29069030
438669066 567811699
929627715 166163698
894609863 241127412
584742744 409599018
340108807 540920614
279497974 889987132
253650628 603572064
686528573 666061072
995188521 559832881
316260699 851135916
808690978 427718563
188625820 14572946
553842401 162564705
214555440 317711959
546577094 425211226
705949281 707319047
342810574 256322655
777655777 398288595
235850016 470161310
869868645 933646333
530498526 151148899
917190664 769218975
50991321 183007805
89490978 647164940
552310635 343067138
846754380 410338511
142133091 32903307
993407017 409068
862571924 429078008
229545094 534599183
129655239 590945623
523508664 695237313
445252018 588925459
469464754 863791501
566591582 109709255
133539302 621216782
816178133 730724661
432414737 438731994
317378994 777559199
94838988 682669399
345065180 161491949
413844052 725492021
493524469 187110703
884868788 304057942
473213730 420750343
257055137 484111121
581877126 980080492
91730138 638726573
481553633 443368636
193932570 921506097
821061304 810325795
509195018 219469355
951283279 388017591
119351625 247790054
30099302 481075715
695917849 97142211
266015735 519171783
2502449 251736180
457763709 789051331
719582484 689614279
721642392 412620812
28795051 547826566
987569255 378541702
773784689 770234268
934138166 495321591
691549341 426494235
823695234 47344844
167955091 485671083
45548012 94229761
551884320 350781358
232589447 852292982
934915479 831428587
358585395 922382981
906018749 556978124
482165714 129668677
178941487 190393357
202442743 128653622
830660901 234978458
810433898 659181697
933901957 133227456
121278089 884333319
570042133 490107320
422978464 870520209
679458225 29685101
812748594 854080630
324731747 500283356
966269539 860253999
480618644 332886424
201514739 266371080
534519926 505256452
363536685 996213468
96611418 922543837
465537760 289888666
805554572 753060828
339529089 777465625
266061664 463519169
323205530 130737380
946245533 2615514
94592815 18689095
651117621 561383385
342838635 706641247
413401093 860312817
663347372 690464380
539199271 245977144
685826806 545342292
838341717 667148900
760678228 759052601
754063785 14184504
905446860 984504475
378784113 911648254
839305717 216124535
827938910 861567431
690636855 93496004
14104608 264105528
246649860 803227422
876832897 28444315
884381192 189418274
873934380 724314732
705311603 835508282
635370447 718661288
659924208 202513240
405438242 225398574
795352489 998342063
961838589 899904049
787480187 713951551
328674957 101788339
472616127 899970216
182699326 801786708
230790339 302170729
942395402 883363065
933037294 973419267
744419150 251719067
814064519 964707673
626587005 905507440
941668602 761594869
301635485 878590826
666975613 646531997
160019673 26842098
447037253 374503658
812564667 607373348
363862114 92317562
973955651 976444617
133672404 999279296
381011371 849330382
928509089 339427507
794389544 265476262
978987650 997036294
970760517 133447953
561446185 673914998
570038179 406963449
75396673 356276293
980013065 64221914
464562391 240987995
766277703 734665654
636213068 803921951
839320805 154232048
297069831 259625551
609597306 778034146
637956988 13774125
507173839 397603680
402173567 851655636
848155607 699582217
749703748 425704354
706793797 535076004
74824015 468944362
369637993 210049476
708372219 429482519
867580142 269654325
16032019 930791403
89021551 940706869
26723908 736371097
625482374 322609067
477076094 763596194
615693618 259930618
245405060 880928966
141245657 800762392
845526795 591204561
453082220 597267471
788818373 949111119
315318389 713992934
555700539 711175970
33115505 501655127
708051099 350881605
737716273 253458339
167035902 687409972
729326029 638394822
479833597 55692002
298139546 623361181
735725068 446550901
187487551 94368010
93971581 456900991
794139250 448950933
423646687 565099632
893054546 161574422
978757122 345271054
316580299 98771087
5608391 179703020
623938124 755998582
791095560 307820399
208481066 903694771
613671105 272237002
65620464 124965615
382579442 564738782
49111153 27731157
744935340 881535810
762390197 895382947
556276980 140256764
531450986 969036652
128754577 346944432
264092831 161169409
874823360 353592051
436683398 882549763
208861305 154527787
344490511 29557566
445188961 809318520
164361632 836619306
12317777 122092627
788420293 180148986
628721049 797860104
602980122 424718146
262851905 321625262
777059300 906645876
106658002 308782879
651142788 908359830
867906307 811270777
295195042 393253930
134477862 569246547
329224348 377281459
636858609 541276128
870618530 65851259
592388553 734678543
412171457 361572877
11606755 333344323
139511724 244066650
560317395 660631705
22225921 794313509
304224961 794425309
720531580 673117981
772455806 221447923
869825491 23078635
679401026 818746733
733370294 196995771
100245898 691736544
202330566 744868059
637843671 924687180
103122431 763426205
829961816 874018230
514707907 244387750
731099573 141818019
18490935 814589809
427332599 211593733
598920490 358495596
