976 58 18 43773726 95049465
20123 97147
58559 45866
95910 31401
44432 6694
40404 88686
52904 21953
10995 96339
27336 41755
37620 37194
39967 48502
2375 12036
1591 48179
72781 33096
89911 16327
82189 44319
65609 60924
18037 18634
36212 46635
53758 69573
48825 94916
16544 11358
67075 42429
41291 69243
91290 10022
73439 46545
47365 95333
52801 43791
1895 89780
49506 82021
87258 55067
37375 5506
28351 65313
66569 15268
41460 88939
15261 93166
25351 19747
43914 55304
57261 8801
58982 77742
92741 65936
4867 2586
47569 30473
68420 39262
9623 97794
77263 92994
1681 86978
12963 8
16281 6315
14647 72903
32416 36089
58700 68774
63613 61641
22516 91091
8965 35418
66381 2090
59539 8218
23837 89514
38508 29986
4696 23529
82426 45147
90181 7698
90780 91521
80352 94259
41108 9480
96085 7855
51813 73463
34673 32252
99703 86020
35893 74644
64129 52902
92785 36818
84212 2231
11709 59984
59513 89826
42664 4658
83110 75278
74721 54764
4737 1745
9838 55570
10422 40309
60852 62093
99284 79667
16156 90117
16469 26233
62317 12988
70849 4150
77932 93831
39877 15559
51057 65405
41801 74382
59524 35318
56495 32586
94393 64163
92221 52476
62568 94925
35555 76364
92240 19273
98464 49337
45286 15181
90966 99306
41795 8820
81739 39592
74772 34662
26564 87100
16814 74185
42242 89213
74835 46325
49327 27952
48878 45165
9400 76669
86786 58470
22800 89360
63897 48085
46108 83062
18151 34192
90046 42235
77979 3138
43474 87383
52031 20009
48631 6893
27890 19720
56091 37976
13595 69465
97054 69369
9218 90182
18343 68858
19030 25874
21544 60570
97063 5781
78938 69829
71129 79824
68993 17277
74515 59604
33608 78024
13774 74860
71456 60612
40709 96770
13387 11363
83470 79180
56438 28532
48896 54833
503 247
62102 63542
89601 66392
57081 92964
16688 31166
73686 32726
88889 21898
4655 88711
83412 72654
40801 93518
77241 21926
69511 37121
70326 47663
90044 8858
33945 7823
81503 52066
44723 64591
5957 38977
58736 22765
5417 6677
75157 52921
60451 3273
58467 57829
78881 78528
56957 52179
71900 40335
48056 23967
18597 54130
78599 9617
94099 92011
25376 54421
97458 78249
63200 62221
50161 15018
46999 98080
67907 38499
46602 24347
5164 87066
34818 34348
49904 2398
43558 30385
19319 14897
18336 31531
49011 56909
35625 65682
37098 69996
12350 96050
37117 64642
70333 92623
54553 65295
32474 8234
74986 2118
68652 50127
57643 89357
37511 44596
32624 53714
12762 72761
85768 88249
75584 18095
38684 57607
60782 36870
79232 3445
79637 69238
40268 10072
83323 17973
91239 4686
92511 97891
16206 3964
9748 94822
79149 25578
50807 68570
39483 18864
14601 35244
25765 78958
8822 14439
55038 77944
40657 50217
83278 82610
65377 29745
24579 95401
14130 48021
23355 5366
11280 94649
5991 77282
16012 79481
9828 45205
7671 21838
8372 68871
32620 90900
97591 10150
5886 20206
30886 23399
47922 98907
9873 1062
45856 2316
28495 83046
64170 88757
7786 81674
90966 33919
15669 77963
38754 85927
86740 35139
75111 2488
4631 39748
33776 76477
11236 14344
3772 86532
23225 89096
19815 75212
55261 76870
84502 55154
74988 44696
44966 23691
78682 24287
57775 75139
29709 37585
21978 59828
23964 56920
44388 75510
72215 70
76073 96869
49911 70211
19165 83284
72971 56829
40273 51477
10266 98062
22408 43762
33155 40952
55247 88863
67598 2389
12714 38541
54505 90402
39675 87829
19925 62912
78721 12241
414 47401
99416 63306
43694 3323
55580 69675
58855 25349
18109 64288
38122 43813
25647 50339
68260 47073
99657 39416
48204 84257
19343 21495
60572 44882
26406 122
89678 10534
42324 45185
5669 34036
74841 3475
70873 64879
7160 74029
12591 7438
30212 31131
73770 66797
32364 34151
61741 29938
68692 24396
57904 19869
82125 46602
33074 4661
73470 38480
639 45222
2907 54913
18599 8866
16745 44167
25224 24894
36816 91075
24701 83635
75676 82666
9077 34516
36044 83314
98256 49821
92895 22029
76648 83541
14647 98702
65916 44830
33896 7629
61676 70800
61708 65446
82777 38609
87123 65987
74178 86544
70650 13969
58141 68910
90235 14943
84178 72017
470 47066
1453 43976
58428 27120
6368 93595
55854 22311
16560 52150
73413 16436
98095 1711
36222 60649
16619 57439
57241 91816
49797 7749
35346 66722
4601 65964
97445 94730
44955 66017
88979 70023
88153 41578
55551 36378
47937 296
97237 65243
99600 47106
50260 72302
45928 24774
10004 67660
96439 51854
4318 70302
16340 79238
30130 57109
47315 41353
90986 65539
5571 89511
99035 53334
61977 89591
61089 62243
61155 57388
99628 9223
27717 51687
80547 44027
70162 56611
74706 93527
49225 73301
80121 86319
1858 35149
36018 33641
13880 4232
38527 41061
55656 39070
96898 50112
59994 45459
5305 75464
71914 17294
86282 25206
88206 95003
68773 57635
30380 1525
34492 86067
14054 39268
55894 32698
50835 26659
37832 82192
54094 81739
79731 57913
37153 59543
28619 43673
54526 93667
77703 77450
14920 34966
37950 56320
67462 40459
92733 33390
73680 10832
25651 20681
32994 51938
86388 48672
15622 91570
37463 91612
30656 8448
79995 57627
33965 36675
57277 57502
34649 84515
68634 37491
32606 32371
94808 79862
65564 67172
99800 73414
19621 24423
13757 72054
70005 32156
91452 33647
3183 62477
76756 87794
28875 27600
47129 67535
68002 30323
55634 22114
7602 33070
15826 57773
85258 5382
84724 94278
33336 43745
29795 34052
6910 55715
11726 32294
76607 93264
9327 68395
40236 30000
69122 92968
51971 12027
78075 71829
57917 34997
14685 49970
40398 64559
80116 41
20641 27579
78860 63280
66728 57441
66845 43247
38116 62185
69584 5998
85366 32173
74551 94470
153 68131
17730 31563
69994 56425
35968 12979
95989 44170
39378 93239
64003 79701
34563 80179
75013 79152
12834 19502
19652 86280
60818 33306
59873 96105
50097 36292
59205 83460
91805 90656
84853 58870
91156 87565
50537 19350
21301 50187
32743 23896
95921 660
65175 43698
59804 45306
87539 7129
88997 82584
48400 1351
10921 73430
24504 69866
88120 12702
91519 57825
70704 35003
71874 72617
26813 46602
39406 42064
99851 83303
49527 85894
8264 18341
71648 84749
47427 95100
48593 71741
57829 24040
45762 43487
41794 29539
37192 42165
77834 78125
80919 71894
94112 58123
4659 73588
66535 12994
51689 55220
76054 55273
11048 36866
58795 54531
66068 25005
55602 64510
1232 13468
80604 20377
97860 11079
80569 54246
84487 93709
80409 57994
98911 73715
17586 17166
20995 65259
96306 52640
80039 34192
70302 36342
17500 29344
66030 53635
62688 73735
13381 15821
13863 36392
31611 24178
31243 7626
8527 68404
18211 42423
90012 45990
88662 39025
37649 15316
21183 40088
46983 88036
29045 63456
23026 88257
62249 66583
57245 73082
76205 97082
60844 34407
98627 20752
21251 66795
62284 43488
12309 26719
67186 8
69765 15347
45368 13090
48781 53248
74844 64390
4590 38637
76108 19550
58657 73942
7645 26482
57975 94955
88455 44927
34128 92987
75589 39987
22035 7930
58763 88602
24089 75880
81951 27203
83591 89500
76921 5146
98390 65270
29659 75624
61533 57123
21032 15895
87830 97374
68906 9203
85698 13927
31666 43759
99748 33248
14938 52879
11067 50880
14022 25882
1220 14953
3706 92521
25062 94959
33237 58512
22352 14168
98648 55998
41398 84811
75106 66991
67974 89506
558 80205
81912 99686
90220 31899
94977 61820
22599 2545
84423 38947
99072 92571
57304 27595
37454 85200
69018 99530
83499 75090
44551 29686
60308 23829
24427 77059
87797 54669
92634 23086
86687 44456
12236 4764
27348 78649
56660 45469
52766 83470
66531 85087
59084 79205
22687 92485
77702 58595
35503 24686
72469 67289
63804 8744
733 54284
60073 66042
97503 90950
73212 85793
62556 43495
98462 8054
5168 3770
63445 23812
6416 37715
10705 25704
45239 19127
13095 44606
31629 14714
21132 98635
87550 82678
69447 15841
73321 41926
315 96666
3346 75566
82561 48886
3517 89708
67095 79289
46798 68025
25515 36963
20697 55632
5872 61242
23715 75182
94435 15753
3214 35275
93249 97453
1897 50017
16884 8367
62302 62234
66091 77013
59259 818
84925 62871
16330 84550
70912 11746
61188 54890
8204 32675
31675 17055
63099 75028
67804 34320
99111 93700
57366 82689
64554 82573
98348 98630
89118 26552
49004 33437
19958 49927
55324 53035
54215 2650
82465 8871
5463 44008
98303 38730
34546 50833
78848 88118
96573 26836
56350 28442
20257 91535
26191 92343
21025 60126
89280 41334
82912 39918
71216 9755
73526 39168
91850 63312
54384 94649
53520 40333
67205 75568
3776 52069
47481 17167
43777 31840
19507 79355
59912 95911
20318 73776
58208 80598
85688 84594
50578 14997
57429 76730
64581 72373
54969 22246
78198 71223
6118 97524
32008 66647
29374 53702
13241 7548
58970 98987
2157 85548
2428 61223
12738 73694
21056 92816
93733 56647
55777 10739
41724 84058
57621 40853
83556 65324
32065 21333
39673 58427
62086 90789
80944 45916
50270 94832
76496 90306
91927 87111
23658 38197
21898 45742
65298 44291
78169 91032
12625 84501
45447 10916
27117 38604
86819 26288
19928 60213
88443 58068
32509 4113
52312 29860
73295 83797
68648 53523
1992 18532
85655 52200
11839 21034
78988 39438
66555 31500
68895 22924
54846 16319
37625 83705
52396 64322
56783 7819
23162 3862
54628 44956
68611 71712
19933 47224
89583 386
44072 92357
33167 56752
91684 4526
71300 56673
67075 24763
73137 56921
41189 26659
86597 69005
84083 82293
54103 42658
1200 54703
61721 20834
69584 93475
29026 72917
51789 41462
32987 7907
59255 58086
3255 79527
22943 56064
54940 90369
77970 45627
81644 27805
79696 43166
42192 66751
18390 74976
17496 91123
72631 46043
89143 93042
89921 39670
25464 13241
72921 66423
41402 20030
30911 16935
21617 15814
7017 58870
27838 67316
25564 62557
90323 32562
20324 95199
62455 35192
63935 50488
6282 74774
99420 63569
83892 16678
12965 7947
44591 19033
17183 83616
64491 57306
93536 81951
6791 48160
30317 14249
72933 52782
28723 51993
88719 95331
10695 56738
73719 23471
55684 99405
23182 61903
24535 35744
79416 87676
53254 71308
95267 40678
31159 32656
7974 50962
38044 42643
67184 4640
9234 1754
15181 89478
68502 15054
65789 35375
22747 40215
9823 97156
64415 49107
638 39936
77517 1117
35583 49073
11547 14383
6033 29434
78533 46214
92451 16088
34178 34234
53324 2767
67527 55008
91413 58391
91725 43963
10783 10940
47130 41976
88973 96481
97415 28902
99682 19955
50687 3605
70249 43785
79986 12131
70132 73520
32759 63195
26971 36858
99731 70212
29322 95962
82619 28554
54015 47696
65111 14931
6586 62959
43100 70557
62694 87882
28845 52986
7040 41159
51099 69930
82410 19367
75142 18788
61243 74944
98974 79031
21729 62223
45131 36978
38787 40484
22428 80986
23134 21486
26886 33197
14804 42810
22707 15065
87023 94036
26814 85969
54596 82480
88924 14568
29032 85399
15101 46433
42399 1187
82581 52750
73585 89319
65239 78703
3406 26567
67645 45493
67411 66980
15124 92667
52330 79145
12159 54750
60419 38075
91227 74812
54094 79601
97102 26746
73999 9056
37331 10671
63556 77287
21605 54767
57873 57770
44861 17585
65415 81621
76961 93527
4802 33542
97824 96895
49309 22234
82258 68399
54262 72268
98960 7328
20955 42142
75683 52923
90467 74692
37857 31149
1754 38014
88518 37729
29542 54927
38738 80745
13621 66659
98827 46712
26721 27265
61880 83197
97086 45921
9299 14314
13122 94844
78949 10540
36379 48280
52469 21608
5799 31712
46737 82814
2555 56007
2594 99450
32379 87901
47515 38669
80305 95479
23766 57262
97447 6688
58009 13668
81241 81662
41107 89046
60567 65601
36111 85320
11477 13032
26034 46239
50383 92883
76827 51085
11763 97789
72934 3294
51446 82894
62724 89417
28509 31255
59604 43304
18435 29362
44844 43121
18856 85528
30301 22190
72339 14798
82093 2086
92479 95971
9715 46294
33615 38168
70674 52753
48330 16622
97503 41692
18113 12113
74483 29245
58451 93116
15069 50245
44341 56704
1625 91094
53741 60698
25501 21869
52402 21996
35839 16837
12773 25217
86080 89590
57701 51405
6600 58789
99359 79113
55612 15053
75975 7038
94347 31309
9001 54947
3561 82226
30446 88107
44215 37783
