101 13 55 38200 8508031
89511 81348
78830 85278
75174 49473
53796 48249
24734 67789
61591 50168
66064 10704
86128 63775
14763 45876
6412 7756
77604 98064
43332 7660
58544 79087
40305 56299
74155 61592
92150 38605
76501 19677
40437 66240
39876 90798
21236 48560
72141 14464
53748 62888
19323 26890
44039 39155
96691 22562
2862 70436
52776 25672
75559 93309
72985 76449
15862 51704
38141 91238
26991 37339
19021 41566
13871 88441
36033 90608
76345 36619
51316 76302
46599 94510
94040 11802
44389 59598
77953 65395
51766 91196
93029 43508
17867 67459
1167 5442
45272 46017
34610 46233
47169 76586
89797 12601
42036 33342
59685 6417
98688 22411
26957 52535
15088 55754
22865 46818
78377 41733
47013 74174
92534 43180
53313 76429
25675 79310
71513 66034
17332 3438
46101 97359
46426 65379
85886 3190
39000 54980
22214 94758
19042 84956
6956 50385
55121 44081
82329 29091
44622 31143
23145 96271
71471 51173
97041 87699
23115 84863
32815 51826
232 21403
83362 85318
31373 10459
45861 94330
77661 21541
10362 96733
76521 6526
21841 5925
51432 1869
40657 40577
74203 40145
52293 83614
34900 69893
61639 6192
93594 17947
90011 16826
30603 63790
40473 86843
52131 83453
78219 24175
99640 86253
66518 59370
72706 80068
50965 40666
