924 7992726 9964715 807818519625 51092501591
509352432 20883251
84727818 98923724
703853593 13629357
664842692 34015713
382732206 670610
405082813 21334380
813549468 96169874
347424072 40067259
835621270 33926844
835868720 31021980
705052739 63064049
144748168 74576236
596217038 1140006
477435752 59882624
17792198 15041215
215749214 10376169
411728303 30743887
727462439 89371541
78316977 44502527
315564160 4439544
913891002 68673135
806732494 95300601
669139689 85838479
171029332 83368973
989370130 15048951
717085569 7141415
578061105 68205773
947882412 55374644
756853861 53519380
115861410 89023556
621779446 14738463
521734995 48550520
125550981 64956916
792065833 19818692
576510657 15398297
63127564 71970820
527944447 92349740
8550357 40940053
104209716 27592732
519254474 64054314
405517933 98761012
911639531 98652119
671749338 7000425
679005276 64418697
75661654 2747428
230551623 85114457
650483702 22236770
378298230 90746080
495160488 41331529
658604121 28032975
580677839 35849098
888220129 1926226
891997440 98855139
815408839 33552722
906765020 96723343
740303936 63015576
82433837 93722302
366875633 69657983
538621764 68889699
880319250 79984937
536944744 41107894
968666951 18828975
659159438 11656610
907068740 77818023
683702582 97158584
725062859 62186544
664182664 14310928
58990538 13135536
33277108 9605189
626656386 70194343
829107458 82332528
910473678 28544413
866887131 99773682
733269723 740593
196012959 29283730
506975408 81046509
780726638 24242234
815766233 84311340
945796246 96735287
980068930 22967480
259347629 87999632
926106878 85194498
534026689 25472625
148877455 43733466
170825805 37461172
372302729 20224666
864132026 79257671
920797437 26807088
381544811 47848885
157817530 76537432
552960226 78946615
700515836 89536763
853005964 90764165
122567491 52581377
832081642 83653576
397775393 83243822
235376435 26822878
230039903 4743330
503743255 78452719
761976607 21771753
870249596 90835510
455157613 81057514
774660788 66209701
285409674 30240435
711027523 46202233
97806197 33065341
888858937 56172768
98899334 50404456
534783872 55541534
275942730 46160307
833970959 34687704
892532920 31948102
979270174 26569245
46556824 68655429
890515850 56948074
114086622 30600906
247302678 53797073
550334399 15839681
405644727 20443276
499071523 53368969
646288233 9137633
613724416 52765820
392334063 17054736
266306072 49818095
544038089 38782196
907181592 24224698
69589816 51276267
674347395 52241186
790743879 76418527
899893789 94046684
536462741 68456406
446038276 4501643
270017825 28225023
226287842 58132872
57424954 51917097
72805652 58842700
786031321 45386906
619863503 90301365
11371486 6521061
564029073 17793672
815840803 25231904
910195462 86816610
478005451 10153529
996602251 84314671
780362408 15568463
12513987 63568311
399628792 68214668
884991078 7336863
535730843 9512192
148130832 46713601
39475393 64345775
566783624 34207107
695561903 33323360
869865234 82182470
447806195 45608212
438192041 44870711
520294174 84091960
832530595 87663619
675438754 80199887
221608093 3864637
712314501 10125283
615578266 41900596
112070452 44732741
282113154 89753450
435274749 55992639
127194278 47095679
650255602 26460477
370717468 34442445
623988736 58609179
369404961 19163974
442983851 3314176
736070934 84724464
640590138 56773317
60867894 91427609
73043380 79869827
205591120 78020122
590519701 95611870
312600522 23650211
68488801 6078614
481414805 27312626
710331753 16123846
472365865 91952645
360682376 95509336
896880016 36614028
975854691 48920064
463273245 55916596
607160267 61453889
977365491 79062780
650102598 80472407
405852197 32687247
866460324 3685469
601242677 30474753
257827734 42081956
518266996 65091986
957420024 44181668
328667703 11331293
370078735 58289209
216106399 20062198
843181684 11422661
768433191 70774620
69503551 7911673
570322981 44609950
403414534 4282937
298003787 10016438
859774705 38881746
499401102 9051136
309002804 16735296
304838703 99214579
58594194 53054724
483575203 22184324
234801208 9479718
186538024 68520339
807301428 620362
486511462 76225048
162864461 42391524
824766854 7601882
891592509 72531878
381725274 71431295
485077958 73607629
635153077 49555464
894881827 67481987
662346004 48853929
627013709 7424288
619878208 19082728
145693069 46450981
949627572 70434950
435040944 71747525
645011063 48993265
808573654 86218116
660882917 77236757
145155641 40039008
173322401 27096130
331918407 76086527
180163188 69128193
765290379 74852680
89911173 91493485
201874613 26528260
891451513 29481298
340969319 74016642
702494933 11430143
952766712 54315894
544657225 50816616
542949555 41000039
417569015 2049468
221372175 6051725
457506779 88925635
36276749 17125230
239630710 2806035
146051159 53210281
878200263 72517507
27032102 31825698
100046909 821304
770815678 48116896
764844300 57072229
319860016 59958147
810801686 70763904
831304075 69145493
394598556 92321414
182426124 8944003
572464128 63396574
159749568 15523266
96195174 56146039
299117184 49744309
500709964 16600685
595716634 56509404
555739743 76304004
156567477 59779780
3983348 51290193
515511968 66694884
573347734 67110910
211267640 86732194
273857170 94067454
957681907 51577402
506284772 95831082
368521878 31598222
750285931 43915228
762145588 91140462
602612096 38995850
284503596 83701624
910731668 87859710
509451686 5228329
650248946 59522169
550410501 72113461
379075329 87179482
757727653 96199098
412959907 45816361
428744960 311334
769902242 83625683
668259433 20553819
53285557 12595314
859581432 87219020
559819871 91211995
285977741 50729856
263446260 83423384
234782902 27316442
191801472 45081965
340962714 75552886
703285811 45697978
334507609 84790905
66512884 97900614
557038015 11004414
423966030 61706508
386271107 49347587
638374043 47520915
197267379 61226342
170154703 20236969
46636593 17806700
405200154 67899537
356582527 50479665
485619285 37530350
134882126 22810498
585862859 34485068
837406062 25354586
449600270 70342210
994428319 97354643
775402078 76058431
700301990 16611790
534242045 9358741
480056606 86162270
809549782 23731059
89225626 36426083
119756836 37573011
117862352 66232535
904651316 19215601
433822135 33614185
696371336 99101322
156393356 7358167
766341423 47351373
323015957 16158949
91300643 62058009
481073855 43720232
189302458 84508907
598665979 29318630
912524145 23898036
840628091 31866163
790023335 77097944
842351505 28719252
143611935 84988470
829605393 71729822
831659012 86300609
795711001 12876474
933206545 73923956
415122699 36055722
465782855 77496120
194815714 59054531
67888368 21091593
911338700 45141496
845189540 31867863
67194773 8411087
771518617 91342707
131919964 57970844
310137453 65887964
266646317 54073577
905571150 28390722
560794819 44493155
514549151 41182903
550721572 7310125
91007491 22373021
252958835 84460267
526834249 67717706
784407682 83778282
735250802 9064845
287955128 34601602
811947456 79409978
368159173 70459437
98138216 64887114
835335548 17916841
930155694 20494824
87956921 34760576
946242882 26401291
187851858 33310252
642833230 78003400
290945114 89406253
132366890 55266808
111046495 45971908
491500785 69659353
9949994 82152229
68086973 13331025
256401272 84008952
831888491 5855651
305439508 41597717
143381077 13950374
42286281 90607505
4525961 35487811
418746619 71039576
461038239 34810424
296895021 59484539
132495495 41044061
329643667 1493189
639099485 17612624
963184436 64706326
85311371 45197675
274503357 74590372
690066667 5920203
28557519 22607699
456096459 66581253
236510776 64807138
325553827 84032513
423580597 89008901
631100143 24939965
959561878 61693025
576974856 6128058
663751451 74116362
848318800 15848408
330000594 20087755
996474148 77737685
169959023 39469214
490184239 51447236
416147728 81656620
848897539 79833890
675311351 32666963
66530887 22806089
492999928 84989599
674005791 92372004
920053890 30632406
597070121 44572168
887897069 24446771
853550337 27075215
421078115 43593910
711749987 46428157
741561671 45573188
515571928 11419756
485895990 80102110
263577529 7116343
722912984 47055045
60925079 14454962
738053154 43091099
542558762 18354630
523465025 679686
423396615 57466835
8705662 7867386
502573105 86951687
527520122 88584748
878075267 50224624
462517988 34606413
4385623 28402254
851962545 78780102
963919046 41937637
726620530 96255470
863151224 89404312
571230994 79945026
513508906 61084098
811457862 57004441
661331285 35903572
982468347 86938085
763800167 26825393
333752199 70090564
50449983 89909269
133615055 85623405
302132503 19261546
555290487 28444198
493191538 54422137
964358032 34398978
742334870 69875277
197091794 87013966
163007261 81366490
204750779 59587756
662883849 70475615
82075418 29006954
10126271 27886404
427608469 12219948
302861177 24267547
41793664 74377639
103297663 21124647
503204963 8936736
928572832 92536607
721700155 97102735
954631623 81391689
732176309 9944337
45394040 2169314
492250750 74013856
453021346 26757536
178294685 41095517
592646093 89790748
365849597 43679949
513444386 47791280
990155249 38945414
445037177 98729800
511385796 24665483
776447994 98288553
834393563 2918647
509057333 34228067
118377949 86933723
606331145 93268385
508714903 65418584
931340675 63219845
128889716 63968838
168496535 6824432
760520153 9216523
401566936 99059696
882227756 9420963
421979907 2189438
262382441 44707116
815471782 22661775
958129156 89923159
552468464 53179193
414251077 43257436
544187398 97713639
4218318 43412150
607186819 69155946
877982506 23585549
993731643 49102695
191069497 40417263
230037642 51506974
954452641 99841731
736655110 98848862
752688879 6582800
13225905 12906938
64215624 97355822
552633153 99990912
428380803 54986987
870958444 36509307
113238017 73883405
806784915 50571186
892735595 84065156
81155824 35412650
47316159 12451960
590271635 13131747
934157103 16853075
394184384 11149459
159989649 11611817
179803329 71927428
798770571 66880900
662238235 72919036
962963307 86522728
406397903 16965622
926291267 7314080
4833729 71745600
489420466 52705433
630045877 24806026
574956587 25927025
482898082 17970031
888421593 85122042
120186017 18952262
879714196 33622545
913022595 15926446
239615671 96247138
196979893 65479483
327583467 20105675
510632870 16526708
623730956 75356943
956755912 93816992
925145566 88990272
733249223 74435702
904909571 13165685
546186194 20220809
629448006 26875010
818149019 36521531
146307178 3735234
440885721 12589313
176287706 85640471
727574932 66021925
802393850 97952653
174987926 755289
712174683 28741491
956200910 6877318
762360389 44479918
307447142 39605860
903325402 57493642
855746005 83365336
141167039 30673806
742667634 13457238
955983607 22287550
323139920 37786060
718335087 55785933
486890361 56167854
331635473 53134385
626503668 16453417
398943286 48087797
972538764 46249719
205040258 37880679
911489191 30692981
473745950 71998432
390868002 70008806
144374379 79796215
340454786 88823903
642489781 50261593
144842054 91182001
288187520 53671264
49997877 98505274
531449315 4969678
50861813 33778029
586848846 732215
654489947 65582101
296391190 34003708
78261447 24977609
898140975 51691586
831154627 24896393
900186041 55628409
616890448 40934620
348914424 19664884
323687581 4015094
898159250 80031337
666197466 39233487
422231719 83718535
501754827 43386890
52655998 18905790
831887807 40766685
468543033 97907295
701432522 78337178
71852701 47777089
591008289 77283683
47634320 51527924
306159440 90263467
861465314 74416147
381677218 75135411
414746244 91494252
759478426 47311372
99755868 34816818
602955448 75118695
821534488 19929979
886314650 12482183
14877862 91149625
587887344 94700839
647455002 44502505
843404944 63660696
340598760 83783240
195145883 95309419
723662702 57200082
148852630 39398445
373045442 74825865
887477267 81008172
282842276 53369472
255513299 87233372
542242521 92364479
774067980 20142585
118727763 64546392
29446284 19748810
726305678 27145423
525137911 77530420
946941166 46107049
219358376 34410633
920199907 88778786
666412335 73005088
672105234 8082741
503930156 84721729
871921200 40949395
382981949 88032407
332473493 21665310
632792857 86914769
11455497 50328084
397963016 20422868
947142440 65881072
336883436 84248171
217975648 29448887
460485648 88006856
999891475 87939673
394628695 99198863
458052295 23740585
304829846 52433235
908621844 47752332
744091513 51135139
246414996 58385039
851631248 89444318
266247747 6750037
603244149 50523760
813690502 88449922
372772062 6684995
964932547 11887868
862165742 12786703
298472338 38174487
178626896 92342983
799684554 46838951
567393722 52196701
239976524 99989614
189434841 25133920
311157599 70243593
312842657 94095133
177338900 61625663
928415614 26872538
218754394 17835125
328756373 56096210
358523857 41590553
989057518 23961041
739009682 97280380
259025961 81740403
886157216 5103029
399581443 47622558
780918274 54586907
419895084 95471281
123084108 36132220
323368137 7251020
855184459 69354038
145535964 9787823
810942118 91468086
695798027 94973380
289409780 43009884
320297263 23138525
788916118 52019433
504341829 2326542
845460861 33931431
355582898 80420835
157494805 61335333
365805807 84518778
133275806 23988786
744373868 96465363
619198969 63277948
567760299 46418297
499880618 94321025
813220908 76723368
820224434 48676225
716101282 2466609
273888030 26650355
116997131 7047687
156027488 93331226
308354621 92187989
99536777 66474608
772711399 30371846
314140348 80857019
786811303 54433970
417024159 5477918
428460942 61582474
599740238 16918310
209999576 22107473
568418962 56565055
667402535 49566176
294718077 59323723
932009930 43547867
226334928 85162738
118328053 96415826
17514169 665814
379717245 21218696
621291228 15271534
723002998 33023365
308875126 18199026
688822779 60255602
421586266 58545809
378097642 11298009
142128075 62691377
173406711 18123102
489461830 69397561
600697908 39754201
45216370 89757792
177098706 4362022
300771296 36836956
805584597 91606006
168965329 37799700
455095957 31289435
680550052 20524108
126344609 15092643
261922658 43549611
850350632 82036704
431057065 4237570
116261434 81192416
561000389 97625231
797417282 42985452
265517063 6645999
848150351 10595974
259537025 32764818
973497883 84256168
103143716 94479037
982397837 97028759
784653670 78168763
430750789 43077728
720146700 40563484
664237073 87839166
823920358 67528378
954494090 30813541
136652339 41111533
241550431 95846167
449901745 44480255
312474244 79186182
725793485 99212644
460838465 57903259
46982440 2323353
714384520 67523181
656405254 5617515
524535253 94403765
47410789 95941659
183223947 39767062
44291498 84295934
280687178 39875836
678743146 24271315
844828440 41767861
195728314 65000212
97324171 10971293
844779693 3040825
994096285 85934259
691736039 99343364
322713717 57386816
401185016 88718937
968934497 20719341
583247001 72169126
282472023 25665940
68676730 31051373
578180995 41717410
106305497 58247793
160384773 11607795
174107009 5751459
299624289 26458548
198604447 50522623
521105552 1760017
379742465 24372865
972931746 11819655
145083724 1089660
784595338 74363226
579959587 53881722
375956481 72071980
405077129 93302842
448815109 71105281
23814685 2310972
861724084 66682497
980348119 66519690
241647131 31404015
225193770 49391159
930785778 35309169
501976634 3624149
283640691 68122526
462571595 89177159
159062246 9065685
438832162 89881612
818907036 87371224
336148211 3741206
938183836 94681625
757696180 39315083
307501475 49422402
728252214 93938480
31117821 48141733
676234355 41828071
768112271 25498307
832361220 53190267
627747805 32318183
348420193 38098010
584500771 24412842
329862812 19482623
609836245 55681126
834157862 26113975
592206215 83431503
505348386 92363982
609908125 72038042
616130510 85387183
796232568 76516037
454822589 52355189
737483353 5250952
682801623 10329244
294067745 95226793
17162059 69679957
266058898 66932237
484478971 75071320
580916800 43963879
716754795 64183915
28655833 83782729
453393351 81823423
597842449 90777222
729588294 85517251
232875061 6924327
861273608 15306811
107477442 48423561
921695793 61945930
625620938 2101658
157541802 71739844
234137772 50286719
325942119 2027748
175815249 43643991
985953294 73026491
396193091 22203157
161701377 64692006
956382062 2059753
337549767 81947120
131320696 3239829
140532254 63178586
808181568 71204663
472247839 55204748
990469485 89054733
326163121 93275374
193052341 12841455
478965087 3098766
253247432 4507215
296034652 22645766
696865758 8380890
651452523 37139597
212251613 40043159
75609772 61717004
989477728 40023071
697047316 38380111
196165345 27290754
373239104 33155504
290362465 9160559
843674431 99823152
475295570 80156229
357410281 51710476
767768720 66847373
30122428 55948676
982381811 86285659
168360896 58808132
440258498 33984797
336740855 52051926
61796084 61271675
142291135 24769595
458951538 99478264
962867922 18034811
900270570 91860836
96979698 63789826
298989517 77420781
787142286 68803178
440151446 57224264
616416344 18180959
594997726 5226658
201809259 95129963
10355050 28236006
409987740 72769398
217688398 27625001
217580047 59258287
313072245 47800841
744141008 79699213
720505170 34251682
47427507 42118933
817591015 71299504
861551853 72689631
282464809 74157595
204035267 12669413
277434285 70515197
561592251 2018603
318683687 34705948
135296324 50073376
985384165 78154488
671531698 81825610
565788999 93483862
988610952 22339566
112384388 67019551
280391590 62940103
477502625 14518488
112123957 24443281
592706499 39429486
