356 5802523 2518616 219834083969 11762803650
184159912 10726736
526494784 97266804
38594920 11783440
403117263 17012749
343890411 59627923
730719778 22550070
570307408 80652801
894439563 80814994
671297554 16832662
94089058 99296329
756397172 90092680
630940747 25241414
182424844 97567822
912431981 1395616
268011358 160199
457374218 50936940
700362233 23976719
293943180 17720150
177277372 3197762
441695883 25332101
339797376 65862330
336884163 91184354
25596452 71087524
660523084 87945166
308576995 33903223
338890313 97043541
453123001 92674860
691219265 53426028
271154557 79364868
599502269 97260492
594551404 52224467
76116779 8405485
472452870 83638878
709739248 63841918
554864073 12401846
331460751 33271582
627858411 93518055
107887251 41404586
383363025 24069215
587246949 96898900
785899198 31225147
727637489 16651794
966893506 36980889
864330330 74640009
918683631 5978228
858921434 12539618
53117199 68126923
514479546 98562458
650273363 26352666
279224598 59373833
144144542 69413989
226430503 61970610
201131513 37766511
114905404 34066322
445675293 13970666
574371181 81698360
423556179 63646963
171838673 27711410
271505455 48345052
552589054 95486101
289658450 26853916
325901183 27224769
840523252 4126216
1546532 62820050
242371484 40408675
697138067 89212072
524188652 37457015
626516225 12594156
52296424 31441560
258077709 58688679
937444230 77446990
369208179 39647305
633975138 90261943
419042795 98673238
566947419 25212934
549693860 58915444
676379126 5687558
548697070 68037876
598349462 64633504
771036927 82250355
226627963 91879738
245126652 23708218
284114239 12735302
22325668 88177855
564786095 37817332
60747261 24276543
897612914 99850029
509857265 75258095
838069998 41077802
191989325 26592801
421324228 40418369
75257739 25826086
277861240 87319621
597814961 63451458
151460772 36089261
566942913 48794421
871873642 68758742
961250905 86422042
43784517 3806381
889650373 76115845
666175567 10612217
510100622 99933269
299566348 2372252
274845547 29411384
711933632 94751386
504227825 47224367
817297431 71090189
183892641 37678385
638300004 64220541
821569941 96926457
12913499 9527278
867349289 27827239
440401731 31761054
290197431 43543255
18896369 37563206
845058705 52601630
345728338 87014476
446548083 65118106
229611849 99589718
428722106 91675893
570854632 82421697
461956663 54407996
911109508 63534020
733808802 91647459
816948653 41572095
832419401 20187561
466737437 288210
510011576 134543
505180178 23711441
964694183 17929276
680377434 66956253
488686900 78159780
391372423 93844914
909751826 85469546
474308376 47791197
669814972 11753717
646386462 85367781
432601305 41552049
455419038 46027711
457110699 10082081
49237948 23644404
628126716 4969602
68171201 9792714
430290959 96298972
108195792 35991076
475865336 59475958
513502612 53917962
317484788 77218669
558957639 84166960
31267284 76894682
358307714 32550664
219473624 82770410
545967117 33138440
788214607 76233325
677042611 72387544
141586797 60655901
731114346 58886985
721613206 51141486
207900526 95968508
801081492 89056755
424589354 41878148
529120123 57941071
651046661 67197104
450796071 72847857
232355521 42074407
208347820 15210617
604300015 17346913
829913106 39729529
377516234 86508531
187393532 23778806
692808622 29182250
357597553 26666896
352382453 44511229
604706354 53407136
698524985 47979618
89816956 5926933
212655613 92534443
412639117 78110312
931162549 63121277
592478127 63731716
392072391 78109705
541139894 61724515
713314214 1278827
495408203 39045658
523646033 29835457
546058623 5434945
309639635 34496952
852201095 7362131
383355133 2074471
894146871 53287725
637554490 55605309
234094962 21417188
979317208 63698207
572474337 94129465
471670908 32095423
74148644 67139562
264035878 90483883
817647241 32474562
449716390 79534026
675171292 69271438
795676623 65980514
544716473 2601326
665260113 54764958
414112502 78452885
904362610 76323828
320316785 51574463
810195398 17788437
379865459 38416108
979535255 29797521
745444139 70059892
546298849 36291731
360811993 68505825
536909405 4724115
924292414 62466014
580797446 16909212
149525784 26341420
625258189 30240869
759519237 29683668
435904396 10767030
167005643 8484344
113540332 66280459
262297981 92811858
553960971 82006298
495640083 19277368
387656366 39029045
741721481 25430381
286886987 29998548
498455041 22056780
134149363 82828752
302812351 75908199
716038408 9556070
239469450 918445
16392955 53788999
984873132 49708790
545213608 98234633
644470927 78350161
638300565 27202872
862249954 68574899
211176340 95314915
402975519 44549588
981506151 20981696
398805119 83762115
904808077 97316699
443502345 71697765
753258871 88207763
982083295 94084402
14673064 95987022
100461640 1577404
36381168 2234425
379459296 61557116
534202757 15584647
973531670 35049826
94447875 44235985
726835769 43523440
711021247 67104601
273068607 42309020
158248608 32506932
300502574 23376626
905592448 45962161
243650707 93109548
336712705 99050159
634086166 48055226
650597082 58939628
487120279 5322093
995723210 48829172
234056346 85372943
641118017 2774856
388964865 17524331
168749263 10239631
670883939 8496316
125486881 2611
987769912 17549091
459761186 51972864
291809418 70405021
525100620 85638438
566490257 83770685
238848597 13253323
58791371 37548527
482252211 55226498
608125773 58962274
551504073 34798037
98461085 66649351
549202761 17865264
724831189 66043587
700671598 42586896
315586827 11540723
788991213 67188840
635585044 17582272
688490649 15383208
340938033 23663751
917278432 5661218
196852283 71414801
973692237 26581038
941045009 69869774
762294606 23605155
954629108 32365774
246619508 15985417
324973207 32278105
311029494 79067101
32507328 51558871
387830715 95561960
867968766 99535000
634989186 80719064
9340241 85835876
627703504 79685131
444224511 76509329
708924511 44925710
698818905 31296177
124810106 7034587
188935536 616499
59583281 11653061
379069642 10355627
496007793 18485588
187826181 33349376
671195756 60889794
278347010 76588443
52959750 59443198
440798574 47712701
488507840 16185426
890830053 87956982
262863662 68691867
959818544 35104097
816628269 8102993
160581170 56554820
104120469 86448882
825173635 65208846
937243857 49093986
851184162 57069891
562480169 40502689
969523867 88825470
139259697 34046909
368031054 55080628
26402228 7030267
100412080 53585830
641511434 29257984
888811689 16206687
874718416 59298897
82771689 29513387
494523423 57416119
782783579 74664902
69453538 33298413
128881873 76380920
293446739 18914174
749305677 23750093
357975801 25618503
353196186 59882250
684719749 67724322
984712512 27935601
254768219 86426599
549472391 65462123
137784759 58328880
504508759 6579198
224742489 16506295
182277399 89756428
253009213 59950180
730177922 40744848
