350 2841656 638887 193331547123 10783471500
107984463 69901148
40145867 91814305
446465745 58878179
956900877 32509231
280556961 90852941
619832255 19613308
11022384 73013447
103131378 22845378
731791046 33514595
819890742 73779938
236489953 40558688
297676023 12090202
667005130 92144747
2918918 42885689
666443666 35444180
702215842 19689786
774421885 18573725
64635624 14192071
267099249 52463385
28540468 85974881
799201254 44923540
33180395 799197
826288947 86447149
923462519 43464462
273917364 32163879
239285166 26692925
818949557 81739746
390761621 35063084
933315460 95235861
140537248 5107775
220119849 249564
371014397 52428352
985234880 20405785
884788626 60996753
349541715 4130827
138806960 16852351
77487502 7145215
559297627 44122368
289944061 28388969
674469233 88896503
716359380 48599995
91601114 14045418
427066822 21904131
109643689 91002744
307302499 64725640
817703067 75420904
639019985 16429501
23333559 85704382
781447193 4130956
818363071 10672442
643175394 84501092
235546406 1122331
790705448 78924125
550481615 28696881
532929069 46362786
70901195 6510229
719937754 77148332
164491381 60406430
77841855 2633751
683603889 69010109
393331141 31648075
962053310 33248017
367590719 85857612
13454374 61584525
570131683 89796134
717338932 37562925
847331432 21719374
739513465 83606865
50320010 27904234
476047131 98770937
225219037 41084801
978864286 58678277
641974463 69552132
669727695 2318302
654005755 49951613
578339048 24612202
141118053 98209164
169496709 72841066
956628727 55911099
176017474 31610494
282655756 55676458
278169785 76328073
612793570 22899933
416002085 90588181
262954360 39420484
331972340 62881687
764519440 43437667
143926398 25650394
233877857 71921814
865944442 98289695
66253412 49590211
195376170 98364869
962668442 40772478
644263446 58434845
670656256 87365851
231356153 88902443
806051838 14342566
611212756 16182251
480200106 92218911
433708567 50967641
221899700 51535718
41906114 60093454
503413123 31775977
490208789 89508782
705423905 12148003
725343867 66591781
149133887 57003163
674277907 89653722
285448277 7112222
433486178 87159046
853820390 52531615
263124400 24259815
889291883 91945461
264382519 23516972
173884857 9363939
783496018 6473613
293663115 620486
787709297 24403728
232293812 3784348
130679770 73434065
468971687 55521580
996687179 23011074
649682168 72403161
205962513 82649089
589066234 81212270
978344779 89428584
466857624 7862296
388077413 36691009
835344251 1967197
516185018 9808367
48778101 63435560
676062911 42680618
393288127 30197283
102417053 32620322
683981112 58077497
149055315 32193092
916760547 20263557
340190530 38383329
976102783 3308876
127102946 48426760
973167725 29175103
520074763 55590752
450173368 87360981
206458172 16498597
873860115 51810733
320239517 88833213
631979472 74885839
104863934 96217678
993683357 16920417
746171864 4930997
582395526 62583898
771292951 60069794
836059355 83277897
914825675 10094489
895591136 51195339
986158072 15123814
103939706 83866279
932353229 565183
566532524 64278555
901762183 67182498
775487961 87860318
244236967 37645716
316018079 17896266
811850062 80699321
647887797 86849646
322636047 91910236
838673492 15642379
956449564 65844056
223541032 382128
546749501 25746397
714049596 57123444
337350633 44899634
530368682 38345588
470003737 62783321
728302630 96493527
591918357 41401761
489729046 92566047
147163137 60743487
33161435 450327
612216304 50638035
619450749 89770084
267504105 12905514
998422827 30962350
717068074 12655172
287988936 84317547
264536728 69541323
592083097 72888122
911342836 52906840
489957843 3939825
721110594 83723704
410284879 16318477
267996520 7957379
371278922 8650125
580518022 48851115
577806144 77350726
9338057 18414034
135934360 20371007
705489826 18836076
334503011 53658637
347184099 56315464
152648313 93461936
13469311 10634664
449770606 17687530
942604496 49213463
328755662 53443319
919493939 25246322
364112159 65401877
344755602 65856675
455768263 31573538
274487656 15764869
870262512 3662874
27793566 34207295
689642373 43509956
672927310 68453198
670784841 12104546
380923872 57814560
725112967 45461053
311861758 16333838
855128822 51203705
519355368 48396665
762536174 82197512
875025849 7565735
20624899 24789117
865626522 23719660
125977064 2782120
365857137 55048162
760341661 89336282
620244411 34152091
188794923 77253725
939324165 45852348
819259423 38295929
380903465 33659396
51080112 89883111
164000289 54877896
710226374 5803124
475730190 8289590
874576765 9246721
474952415 33031323
681972449 43607113
748377627 80008571
107093725 7133748
131719295 88523328
699353358 21270063
307309479 13769166
732520979 56258356
506280874 9616636
138681576 75863500
29527424 74950835
633491904 38366751
920547773 69670237
331826679 98001647
235456318 90714115
381668562 98550500
527204480 91670711
697597006 9083967
750937928 98276939
41942948 94211841
334310768 64871705
449371415 55598212
122212254 6100333
676816462 48216875
799025745 19727145
230269780 27810451
316687562 75206353
508825147 58782871
20967223 82714544
12503024 17647257
265842331 77869931
829772424 72648588
616576793 19153461
40839521 82856799
816364116 74739329
812481731 13044607
450905592 18900098
445785765 91410143
451144719 61217305
141150494 21788600
821274433 4246705
916255493 12707251
223228887 40212586
834647196 55893629
849993790 99088622
675908320 48612857
454551121 12631023
312208305 25270890
877832645 46790065
420149635 32380541
780684837 75575419
340188061 633299
836679059 6032468
361140989 53464152
781811184 83534728
341294548 144467
890245460 43740229
114672488 83781193
934838432 57826304
410339540 25658939
678263008 99789060
786263077 59643585
896446941 83514352
752384650 27768264
969486746 16814103
973981881 46287504
811683301 6318785
235732606 4641417
888411180 30735037
993917480 78351023
482569700 33787595
888942258 64004819
504050694 70612583
752405203 5401185
28874417 36633845
649947811 35403330
604994223 39698774
531084662 84280485
683346923 23238435
533718265 44405060
605908694 91901085
755428257 17449190
772441090 45463922
579817978 41251772
220006620 69111423
241680993 49675327
953661276 37895892
179705416 75995448
443216549 12536217
560953408 91576765
250789429 11733232
858681092 70839228
634074400 24674207
709795762 17972518
367401982 29060171
433842500 88366520
815414995 27200717
161272618 98118419
94515740 6749403
187875444 46788417
550168649 27680935
755682984 28460568
903038260 79198204
812779329 183139
942990129 64051375
672203314 79561674
112414885 8055160
564249391 41096173
319008872 88902305
532850097 56610573
661472653 84257805
172276705 95387896
387561854 63809208
