877 6240767 9948973 379735165963 62534581090
353847068 17899315
215499073 35198244
158186314 58770300
634132582 91265036
375908003 9246472
339393359 90188415
710716673 69860928
279289032 23263741
883051214 57239148
739660585 81924525
618185723 27767135
129667229 61908114
340769498 15059050
948262062 12270241
702518706 27716415
218257413 44373702
99586205 53314577
837735195 66822589
945380400 8384749
69880740 9371256
982509256 53915748
443216343 77974514
60382566 86064047
948022010 63433744
106811829 4047940
94079417 42526166
478307034 78280681
174394495 40233775
724091128 52939855
582692062 22114250
341163266 65950066
691292537 23336169
759801324 47543013
576281012 3611184
386695284 45832268
8626008 99677823
602337710 47733680
285444062 98415899
575459813 14960371
282407894 95551224
270980890 85703
126197270 10341823
914832496 96768961
156826935 50770324
197238159 89932113
811172004 45256697
559669109 59218993
677750761 63562315
811084475 24067076
21194349 79425380
375473782 45843120
169580313 33486568
37246845 79839126
370927135 87981430
29145819 55752111
190741205 24366477
984117264 78737919
726640958 65409474
53885847 78684190
396979566 36737771
785948570 73690156
971528950 95917892
71977562 84815370
978897844 97408587
340353918 91068516
948283948 42379978
854191377 20234260
578486207 17531483
784868732 91773193
261519263 99051666
118543002 87511696
610148716 13325697
653185286 87664250
742480305 78792642
275931127 58290726
700418093 68154534
320683916 21242815
518295964 70547704
965615591 95384001
211748522 60825896
66540105 50038162
134917167 16560322
682220622 32470686
137730186 94461255
34465964 1026169
944749479 64855341
402263387 99585459
517696431 51292667
899989551 71215325
641662199 61946514
481015904 53104779
27588208 5306306
388930110 35968074
619581083 59993779
271787978 87217316
963703755 81502715
664829501 20391074
344817417 49176712
358036164 72678164
62153092 55027972
810645043 84791694
838916787 66788477
756175899 7377077
859193419 68662628
690293385 63979729
97475317 85213712
967419598 73317537
974713256 2902885
276790870 34634355
944087778 12773103
804179892 96996341
898113501 71580703
454552226 4114655
984932835 20373879
346705468 98243740
936082754 58545440
347020994 5803930
340648553 52910928
297016048 97560403
805694995 24371804
694813239 65415111
179117698 85525609
744249644 16872394
873305495 76585960
136713009 14386687
620234309 2617023
375598876 23181307
183905037 70027059
313969009 49348135
19872275 31225993
481398577 44183670
115437701 20184099
66564280 12996672
995681446 51001400
322836358 73716352
544059567 67464061
869237922 42244541
540283654 17966090
358934848 16688756
78622662 21313605
955493995 49720718
75714253 49990634
863672589 2126741
603462987 66265671
716678140 81111145
889036670 29931423
719553336 24254866
480528318 12295051
207333582 64302181
707844583 97283562
616519239 47638881
993190614 56787353
527331557 39590593
808524543 12073187
369090790 85994213
361937850 19485167
943944088 87456992
317656885 57150135
972901299 32104731
701789713 11417368
420380565 69945512
302961981 74205965
32990290 6544476
220548177 20943549
155168676 24233181
433039908 99522246
570560761 38644156
930063810 79091536
636839842 72634173
37746881 54536733
360757351 85902656
52917868 9529762
892759630 59820204
209128912 13581375
73344546 85110441
752436959 45136643
54089148 77958487
921224994 47455840
311048569 75748538
35066820 16275568
210087348 49688731
613816350 90975692
924057922 24886394
620100920 94165262
699609156 42718415
428987913 65194905
964269710 74748221
614051557 40215797
526764910 11887192
564481776 37828398
930924607 55304532
427041056 4801252
850994532 33168095
945063729 53242932
946590529 33222087
505096993 4047099
29078607 1279385
893336243 91099706
614727342 64975323
39683279 68903133
678939730 47953862
899870730 16601720
525302048 81369568
781583065 29409969
988253825 47349212
858973418 24668492
998204351 73378648
990264766 19971738
279367909 52275628
221132717 26688100
977445245 39070592
167035273 17202752
991219112 11090294
664519455 16030541
946041922 50645941
863743555 68498329
861003964 93503273
904136264 51618668
762975153 66082463
558494835 56104146
859006177 5362999
883661879 50096428
952866015 75869071
94266448 99729675
453697965 66713212
847099443 84971929
215227191 63385819
492060209 16157099
780154409 73670847
571474674 33482589
258036435 34744717
848530530 42049453
382573767 36329805
395416526 57664752
973179881 32437830
266543161 14366131
798017234 18489605
17351236 74940326
760998006 47391792
956268607 79762317
831052772 78278856
794680391 20585950
138034289 62321535
985933923 56032795
792103000 66260267
365348916 90624854
948444222 92564136
177702669 51657930
834100827 47672417
650032368 56613037
522764586 97661329
820259656 64938745
101233773 68339407
801930793 27410997
790458822 54470134
730849344 24280746
70919316 6703316
53054018 81753194
938084729 93001294
675626116 98394702
621567565 6494901
403059409 44202155
655207319 85980879
257000119 27357491
191377711 25400854
345109538 39186563
613840414 42107490
4549634 7667160
436076518 92820467
451706375 59098687
891567538 11304409
55384413 60960508
784084616 81720841
416498638 52038201
438579277 77410406
311432118 25193439
443530865 75411525
245154454 69013244
227728631 20297756
47477447 2064891
979720911 90912526
928592039 10759600
28564010 76871463
914501541 72929454
910627199 29154339
23628293 99267868
41307373 10508074
277127357 94289288
729611543 68766524
458912436 73362373
51508134 45068769
481835021 83045905
468812337 54513499
598015204 65630996
763935940 28467999
900124369 74281322
227916110 17962922
858752370 46742528
636564924 89403995
461393678 83017618
134783390 51006170
411130895 13127587
965272697 42232035
625317451 47079540
610312452 60950214
542845198 92852893
325944101 35339338
508326912 74167138
843035468 71456295
325919156 27103482
555928942 29048597
591751268 85397925
337032306 90421952
970671228 85973683
843846753 50586591
123658962 97063063
377865648 12995530
473064133 71618534
33358293 97178114
992814810 68139535
720663898 74046622
136699569 8604093
283027182 75704670
105146759 18004659
282921642 27035250
843407451 77729540
835450676 20183328
835130487 15660010
790566914 32124331
341685118 20424159
23414398 93563120
751222284 81914916
723572877 77448162
760640078 88282769
595349795 56213944
105898432 57257177
908998915 33983137
233658322 85723765
312786225 3034132
56112269 59712719
411850099 21704645
707977850 95138191
592391388 81888857
132357676 94838475
596455405 39856478
501293278 29477476
145414353 96342503
168608282 22759045
332187469 15115522
251084468 15083199
653411284 82104362
175579504 68940958
609236928 91944278
352242009 22453677
77372320 38458133
908691929 49631862
910198318 28875115
884091620 66975776
411159591 95235114
111001148 58600000
793823717 83367788
404608860 92802809
100534092 20998217
5886090 21267218
245410860 19825482
122362348 59234078
318248249 53731391
821386425 13917500
573507691 39111062
524970781 77136981
378727296 74970236
194796922 94376696
539462413 75187915
113623669 43215105
861351489 66659700
162594958 14673145
727496415 79278740
948382644 96834026
604275759 46379870
471339954 4931609
878836151 89781591
186242161 84279902
419655467 79266043
9719451 41694956
172316317 61776398
997332160 46610534
836635809 65455789
562824177 4360374
540013414 85745615
999523088 94446145
466277912 18899727
855603109 63264673
179592290 56825424
131487029 56455160
215960251 78426801
844483967 14429879
786794438 53483869
205266218 65537769
636922484 99772476
390267428 8234446
219777556 52916030
497485621 65062828
517791234 35228230
213210550 18387243
68648364 35706935
276752518 90017506
953767863 54954817
251484259 98300356
338951076 71378
729075287 89132849
258399068 79321052
873274083 1462573
995652416 40931361
918578125 14822965
461964380 75626824
738050215 92797141
695748915 22245947
566204961 27481018
651215956 97809754
402726450 87646410
78589515 73190993
336587157 57753427
74915432 12526200
429471780 27639934
452111810 7479500
579569484 16584114
31023148 77057873
124568010 73042342
993184700 59058193
811758617 37102289
543961847 50283625
547716057 38350388
2409327 87472229
80929983 30014265
516468957 77136486
320589970 55256147
748786635 52117588
584437836 71355485
347180317 83883072
886666820 61991179
28809790 71106496
413195916 79145782
552671683 10076753
460949454 11513992
373094959 77640506
358414789 51368809
571464089 57653363
94879258 90311766
741034930 77111353
416948917 14897915
77762225 13771649
967091114 94382691
943426235 88256699
207521863 43390554
896121807 33651416
812460716 41213903
14963441 50129990
754145848 40648046
817660451 13295128
855062197 81511629
733982162 47816277
428595397 23455837
814547071 72375157
710897737 83399669
768168844 97129510
191124888 19274054
219527262 75201072
778017319 54132794
832439496 48864886
669049777 61125769
489365410 83185067
630695633 63096118
494738613 33643757
67161021 7937804
949453669 39768421
80458056 11990639
367131743 80865761
29171904 16227793
917767554 3631059
704027267 41047113
156960015 67045407
373253452 49229204
664932982 28932333
401343663 17418727
938002636 68320322
716593052 30402344
161289994 32560775
622020139 28044856
621886185 63857483
918813262 22828327
259838217 51434276
881022160 46826599
708731317 82247938
942275284 90555256
188527733 25799125
641228035 54658302
921197393 64819011
453206626 82000332
609190743 43045033
325028215 19794182
979626254 47396178
475872060 43306728
684901740 12295499
402777139 40677303
773857990 11734067
140045840 90072087
644600292 37021630
512138218 81099489
215804304 99970100
844909049 35873279
771315785 26640909
256024347 29829480
242982499 47793550
84633992 61108757
694060948 8880499
978973105 80574848
53135754 10445846
172002664 77671696
843685127 79288967
764815097 54105349
471096992 35582946
948302177 9833549
450285848 69934551
928382844 34870317
400979955 43585727
317849284 23322538
815061913 99255089
931978465 53885494
241383042 87153723
580937314 25880291
800751187 75281018
88961157 58590238
616710663 7730342
969515520 69804890
376789845 87575858
650593175 6228918
970191519 70360167
948504897 35547706
170999586 52464086
941641068 57901977
856638559 56595609
184460618 88714118
808618864 72026545
14094504 46554967
37834574 11408776
266583482 72494664
527039404 99364181
402363305 26772066
726058879 97435000
68771108 47000646
173555108 45725664
842388273 80579822
38235598 76545066
936370666 61504804
999823430 65779988
70854878 57695865
25251373 92079460
395266560 11636350
683677776 98386750
441150773 61166571
393674050 99257953
133551702 91854036
510823877 44029166
757408763 95776945
96257011 29916038
450590834 24230928
368373002 16657543
601005138 30842853
850470378 93245100
871860783 94924841
929296999 50787387
441062490 75822330
163018728 13021709
822513664 18648312
926806301 23887065
946405711 76085556
90427752 5544147
675769403 4905601
856500858 13623945
38640222 78761760
723170093 66770174
948841693 5171099
867786657 33914077
506464058 83095610
770152306 71813246
96683238 63085627
501915016 82449136
70612938 78308705
5424935 71745997
1484179 11843821
747613327 50307342
986695162 42968661
111838802 98030970
307519158 59872379
472050066 92265863
1699716 87152200
135803829 96414698
970025375 18941146
288810990 57439437
719580951 64052742
286076409 19757814
494556937 93103611
872213872 30583641
288173133 48586824
538629091 4753064
716533426 21354529
466226058 39582873
539398747 34842300
114746170 54613969
298025477 26578708
864704041 75380374
895369853 44990402
126044339 75014866
569188482 71467581
83197523 40373981
301611857 83673335
53382962 73428463
516307405 19440767
657812486 1952386
925107607 80964482
56536928 64124241
890637449 21489085
115801841 39535296
515102633 60498456
488484193 78045122
749557757 88029345
38548942 92613065
994975309 12775836
327888084 83432826
793870588 35465504
505677078 80504258
787562119 73425698
390293385 54260611
546783974 90888092
283368623 87321888
284532759 35404403
791768136 34892642
847814738 85431062
560760069 46409841
590473812 66441053
901942038 43316970
167461641 31487454
913181606 89128445
847372664 82340627
633210585 58987841
259875537 90901213
710501607 66800424
703811467 75362075
907285949 47152038
384962935 5850478
563459531 81789712
828236429 42455712
646397036 30923775
319906017 55991146
919528460 60687935
549831761 40824009
253333854 8273341
102321762 9247974
199358699 61039957
323668445 2142638
21678610 93816447
859012936 59334448
361228130 41931064
215013631 45576756
839492876 63272570
214729690 95561370
410774605 35040411
43895518 13196525
749257122 61667558
53432505 37301641
426779717 98470546
363181988 97834499
293453908 15058113
376111550 45334858
606796745 57612651
960589553 325576
910429275 94326685
809384791 55540234
667126567 40288360
723740288 18154001
392842487 89702128
427070425 59423388
827272484 7390476
120449801 28466310
425412110 49967048
838667230 96837388
429794445 52282741
986159589 7437029
881916626 14619914
696001473 98317655
94298861 65014296
215363874 91576788
941461479 75952443
5481747 82805301
840647239 3615727
338044638 46610097
130249317 65331638
644249171 37900847
451803565 29884133
962789575 58902819
380955809 25183273
449885268 40085529
390956973 25177274
11534673 7189481
155708895 36875514
681176044 98365112
335398624 85866756
81884826 3150700
212091523 84719173
807224511 32330966
609526407 23792279
259316803 80394572
643348666 40721519
270643971 15314975
639071534 2794910
574193920 83831695
545268 14249370
928241471 57182688
785482486 69640771
993892580 84477591
73154003 47118927
141234090 21164990
978063944 3369137
70835429 26612594
514421849 42084024
789565332 24851542
512150512 83553651
878715891 94038427
166495511 57002149
365515670 66671928
253124434 60027029
537217103 71443
984949116 29709904
177245991 37261687
966934154 3246693
633190537 96188718
31802839 48030661
756955718 50354855
565918020 43211793
840248591 87795162
779067371 39800106
343961894 1789082
409496243 93693275
649803774 23683182
392174806 19618400
710533485 15219790
694352516 3635826
515778727 12397546
430317910 93385085
374860976 10334545
259148071 99316697
197519520 10691337
107996576 86465642
26272710 4367846
761666426 15835235
817949050 97387145
513788914 72727361
569304129 15700667
475235982 82643909
470238018 48451579
283691848 63102099
62597994 82610306
699111352 79413298
982399844 19904973
735464629 56311425
183685416 90846486
391263921 33877153
785701818 46354871
380877074 10402462
149032620 33257579
143350995 78641646
103377049 26952549
848060439 29001793
58017512 58465507
998134067 20042483
403823271 56139326
757621383 38727249
291372808 82542760
215918174 6233477
242969412 49276719
268003268 37042327
593887683 36776517
265752581 23293474
593987290 22660392
106761197 47889682
403792954 38409573
403228699 58343703
977987335 51260169
46952764 37211317
606518623 54142527
20209161 35105813
292942799 13056009
624747233 9869145
959783100 92695854
201778265 51251745
495656092 25553929
153614604 81236741
627808336 79707587
586696147 36650682
671963657 57237972
557437145 69002907
706541814 71665434
108312480 55893413
65258898 76994453
135853489 22791714
846140560 2637183
779989797 5163153
374941539 58881557
283729922 56196318
660857314 94521101
190556060 27394651
780233982 30576420
604744431 4884427
830643724 30338919
513485792 94186695
855755197 41860262
389063292 74212195
325705320 25299470
631294722 87459397
681059570 15296695
732149088 40880739
371893056 77355622
351235471 84905352
899739040 37130517
74519703 10017257
105567652 18816511
226987415 6253187
662735421 76904718
968711268 34465997
89317741 71839405
298396554 34299672
510640366 53322160
707864733 7646288
49191224 18698264
896289902 87988948
200648190 74017819
419620365 60047528
184021602 21290439
118944243 4740078
215463752 64910758
6572499 45783585
487089928 58682167
901413764 70501635
195909623 90009234
851789669 58514732
940842113 85909052
329750147 90457868
325259347 63962996
685846916 29805463
280344565 75218737
126132233 28510928
756576944 98129754
485327364 8872485
621425654 7884455
498784984 59864029
661664191 51563137
172551376 84172251
525657493 27096313
39595016 61915301
422398427 57524981
634668478 52376165
344365774 53898818
345642404 45405790
48416114 23897322
594637342 69984374
4996235 38645282
584541458 44854694
588444910 613671
402321815 2592119
685180856 27854373
284497647 34696496
873757296 27365262
144461040 25779165
803049187 69156489
260360747 95974969
93433776 95867068
834688231 51246891
