209 5652511 8778858 199860107078 10044029364
348482217 90561953
448518206 17990355
879242409 14388827
151864722 71772229
899025452 73642699
806814765 79855327
976420501 11641309
982370570 65834304
154464573 52266285
297568582 14577772
388264790 7754730
460381944 3367790
184018518 18870090
812518536 20220740
755835145 4617514
271803176 78968225
335882618 88619954
990987827 15737870
357027566 64649859
596011189 61980054
977956488 66050585
457317573 29660239
10754836 41755712
260503990 48796500
602480786 25679012
412657580 10871816
886620396 37390761
854224293 91704501
254128701 58192004
199627459 71982073
53692719 68766443
127973593 22147911
778970457 29389506
797942099 60538640
189953101 84305491
162653267 99142165
341106422 87901105
478412679 82552525
26881705 86305629
108722035 71823563
236321664 82202599
558718999 65414828
589875927 9665391
859675278 17765000
639337611 78682235
15548861 70028821
570169472 35609736
97798816 98682257
592910773 13876494
763764228 36429058
303179592 38142641
720493177 12062613
253073805 86581493
232059123 59863305
846142447 19350774
199414891 44179488
801052659 90680484
393767812 75143576
878752375 93438526
638715226 31937910
337241495 15197204
382834117 53316446
36080602 69587391
780959274 84093810
230707713 6011506
790368069 30912164
158736691 40635918
344957604 45014722
185245335 24421273
755540181 94188765
506536717 42093267
27352267 29502112
458660295 87753031
910931858 69198661
350179721 62844926
357067299 40947316
520675465 44115032
791116110 9670614
111156982 76465997
350655251 58718918
526169306 61070211
82951130 76789690
12964676 74391891
434839755 76273757
748319272 78396071
191994949 12927664
809904521 71224140
154882049 45321563
109470901 69939966
407550682 33987954
289119808 36212308
683694504 55753455
563936949 46522805
352432077 99753353
192047483 40547270
791162339 68846342
352238570 28922793
909365121 46622782
300421533 5691363
529046077 46265221
45914304 40006719
687896454 84411681
799421313 15215408
847344809 38990249
755703630 64310646
899008521 87441818
457532501 97966787
622965190 57063600
422640062 31097000
834524782 21177566
995473189 7368411
852090511 39457934
656917473 20705001
739391967 40381240
715766149 43786966
295445860 62144458
829536409 20237181
263231152 28092484
879642332 80319345
180668475 32126827
123969333 99189697
999297925 7388384
401460157 73343368
846972905 13640354
534130577 10030578
427154295 63834195
178527153 16251586
437776770 78342304
759745575 10047744
257870464 62251970
416175134 43443490
602590322 32984021
646317301 41526791
855179568 72364809
655917926 38002598
215392749 28188178
499175763 23165732
114575160 20494757
392739342 26064369
887422171 38968232
226874892 77083313
292380815 40016604
940481932 72730578
527839547 86755616
475963545 81989478
382660956 23026264
193386247 15470973
897328431 60410996
405795293 44290470
152365275 46294983
7639270 97441594
464568140 53062187
17783449 87513266
603530122 28880188
176406225 34731017
615553009 39971764
926681164 41174857
513262735 93337764
967566637 30701814
863750890 36110311
430507161 55456357
909204316 51134724
339920243 69810443
785225784 85979358
566225763 36856364
607641134 76242194
467314468 88147969
828292768 34898765
922545871 59603869
527986610 30328433
439876833 18219128
182396626 79333818
217302424 88037036
539836114 74028387
543882903 11462147
718859811 8360923
257773118 24978207
931339053 32237525
726269864 17982216
767212110 54711254
146477070 6287058
448327914 41235444
467017504 29478144
581089858 38246376
203691380 75022323
656330604 94613648
686581574 57863949
373082396 99344492
860045449 73852699
742348645 38354542
368408492 4377087
132648161 22567391
717425213 36386686
906922124 76784574
744604115 20178427
176940232 42655806
996294833 96493607
27819910 68977699
649445875 5320623
636193065 88791728
808030679 94564157
250580901 86325972
36823285 31226212
919883122 69972664
293341413 71123961
807563165 35638815
646058614 97950817
616063118 83346995
275257920 16292204
