814 7317470 5072445 1461693434 36746162714
334151891 77767588
873723921 19417623
318895642 84190997
575304894 6266691
505169123 44674098
676449157 34057831
313652366 84593375
633789186 57572171
485783809 84079699
207537887 6700302
503919261 4130380
46917877 58846781
668480790 84083896
772910940 62455254
260051147 28581928
975010326 96441628
969050944 72035520
928965029 17755398
275065282 68282497
490584846 85080863
385183980 44671023
700599506 28292585
578905183 77400655
429783811 32940710
5381270 65644836
32453545 17891473
604390858 47169182
334246017 50249378
834630695 21629710
116062934 69400695
811218103 60560361
808773561 23362109
936963000 18323441
480586733 21478331
51498854 72893843
989419170 6805633
108279891 98900516
453554721 78672855
819969268 23710608
437245034 44061426
54056653 37487024
880832928 85788825
444390927 27704233
657942262 79389774
580628249 12995042
208274261 17642061
997025028 17314212
778410915 5789582
510425586 73255491
944133824 68522577
163413473 78657601
80904023 79721364
163133382 11406124
608284903 13322810
878845757 59530084
516868021 20571923
940410699 22898130
323783787 7810121
152954087 17068955
818494030 13624748
366657246 95345079
307143882 260864
413475699 48301910
252063648 19846654
529994061 89691351
882966755 5521263
404978790 74803071
157917639 24008410
576727871 46119422
356849543 92968642
17652961 73001801
909611401 67575098
353734185 99158311
816377436 68126735
465885553 74465168
466281380 39003705
566266003 66790024
219587089 91998393
8947071 19507980
571370973 57160835
32919932 56115542
792500479 82937234
389694346 35332138
835203716 24791986
483147603 76005446
340969286 98470382
787748911 17219643
975798353 73484504
260868927 61346579
71171018 3407495
398033628 24350101
195574368 59972007
780463390 77173854
678203775 66211768
233426385 41163993
832288107 12909423
186358876 68894509
288624777 49889986
242793318 86166465
798390953 86098693
291557674 71167938
177862134 95342384
461775181 48241232
104828391 65528563
282326464 66570166
283480597 38050979
452011222 75117831
979753177 53761931
663879543 50313126
38293489 24172367
376133970 51907334
609077015 2678341
467460866 75956582
388299652 19728568
287848845 73943845
698675333 54631529
153209546 1215888
676324907 29559487
38026722 15786127
363639773 88848701
562215407 25494909
123256184 2822808
490934021 53256564
132215063 28981898
685329552 13876932
374123698 90206120
198597139 7817690
536237736 99258765
95488661 7409447
541653609 40644873
956324271 50289798
911183587 88744786
361429885 45995008
127589466 44509103
18786094 77488768
39635343 76053440
449628506 73053008
701720202 86700150
160874497 72996256
134464387 51383765
312582204 68479779
592642424 80928679
740138393 17667602
126592390 57411234
533005436 51257258
107669857 9632163
501146977 35921488
401730463 24431503
559977580 93670674
101401273 68720554
806850373 21391525
565494078 99974915
632452618 85361058
113023922 66320385
817507676 48891625
472594769 69961377
603061632 47618575
614155514 93396170
349937575 21331953
494235509 12121712
985028238 68077266
449757098 53301367
180380847 62986684
924087749 41519481
110076194 56482182
548717262 42620335
578289250 90965029
527208475 17716511
903596107 67410998
496470984 99877184
317879507 62887052
713372132 74464851
469266583 21238188
667109643 27985515
524304125 34783194
293881054 16352733
386136696 8158861
775740972 13566141
131404717 67403335
216349488 68160853
58823332 28077157
391461810 33415333
679780107 35173135
894790780 56103951
450001913 28678504
181122424 19739274
300989926 28139420
465251348 27011413
966611596 69659170
900052044 56981452
998045899 49828236
260533982 38672338
75276281 27840554
447276824 56747999
788770616 57519306
259170053 29661406
132960368 91252761
83826112 29240167
342478445 58278755
623075237 59362224
167089159 27628061
508228929 95086490
867689269 24706086
384384161 64987475
235345576 92173802
269392292 71110989
501827181 7547305
32413800 85394362
258384891 6015313
726884267 43188716
244457992 2152920
122116379 52857377
770567310 10970190
878547221 44202290
783607545 22042598
147686304 75556663
261987881 45250768
739761191 43821307
945857183 19127931
734218670 51330040
18823298 79789510
151802093 27360970
354216262 93134706
106321857 98633499
990299421 15782828
168114022 66955756
266538095 42776612
178911902 62762058
315373317 67688137
841942035 83865678
499280852 42149214
10878899 43262833
312890195 60456153
631312734 23717643
512367050 70195121
590247119 23314021
780984773 34952143
349810958 92667902
328490746 88898779
502384418 11831548
995882509 75046539
130509672 2655144
175030574 61111216
523258686 44406433
371043050 71703020
192297658 19926931
317578582 10418721
223021398 41859966
46181700 61499983
334094171 3579675
702888968 53392027
754875202 19389146
527050968 50149368
71579566 34719196
961564193 82589595
156582931 36257694
720012528 92431186
205932666 67841978
151175665 97195899
248476858 7263062
241798438 34417119
834133925 49469356
213992113 80622704
33220579 11156577
376080864 51757212
608625165 83848555
204589186 45644633
395484865 23339200
739037842 57403003
105329714 25581689
814307148 2183812
933422686 38236095
415100862 14687793
716512301 71722446
721840423 22136058
848116585 57505405
238345464 8244766
324303129 7795126
822756670 22254667
324321608 71607179
973212740 19749993
639569729 76752488
699800107 37077730
73898092 51572636
809857738 16746061
727829507 90827652
556278594 15685956
720795087 36755866
16006584 40612181
287399893 98605425
173027520 54682306
315580955 85801749
404570028 17739611
514111608 57343396
891551463 63597657
793096821 95933489
587931759 6711580
595095490 76864838
170965477 87479485
665681884 16251161
670132545 44587290
964788542 55363987
422816484 23476885
923294734 5187138
365781478 11756595
104623161 20976997
8902453 36846597
419569735 10217633
944046742 63991485
801722008 9692900
259279598 18607369
908183457 63954902
522221835 46113751
18223668 50867834
558278162 90773826
337278962 2591787
608048102 53482010
128920534 98525533
580872109 41107928
26205060 20486812
763474 79242940
425615969 87381298
200036249 47234252
135901189 99766822
553487005 60791902
138291680 72624881
430462757 55270663
940993629 50157087
89378131 26336040
691303159 37203767
872034180 21373111
868498365 81754988
560017292 39711931
70034663 39773616
366528988 46919338
86999275 21076431
714283411 99091878
469623334 97976279
910354476 81602589
970224821 91680073
117352148 70799541
710186508 28720338
776981128 89841661
457929436 7252366
604852032 78624601
767580211 89730671
657351242 19029751
386393018 9755694
592085596 286580
108267564 82757548
825455781 90684804
85359529 98331166
139292760 71288945
71111302 30668328
541430489 86985308
296299607 79228134
434927731 54845423
292648932 6064018
74800456 36879117
733439204 62073416
932355580 78560587
81897774 68220397
459947275 61269297
197954826 50724726
693125428 10134560
695265308 10688511
632027416 63208742
243426578 88355294
627547483 88538891
267035446 67095212
541303286 93927787
340122532 41213128
593591385 85103031
692903958 41844846
305012771 3514309
296318939 55708078
227142013 77025266
433188347 97379217
168962422 1555115
393474917 34151573
189327514 88686377
846811748 24176276
755117161 31944379
726451227 62518468
906815878 20163098
467404436 92501806
942825356 12394698
17019117 90507354
535762496 24156539
357462726 30625034
727251206 93537843
596255954 9337060
739119979 96330323
174011798 32346534
338199694 14772775
86221925 55246639
321130763 81536681
876895660 374047
678620929 99701101
146982393 77393781
765621941 27687888
974547067 80339485
485850582 72427477
546798026 57333392
604472807 29982799
883057902 5795344
522295486 53544347
727789377 48994689
765940475 37495794
270933443 60008722
754480086 82859008
820736487 26395695
819101388 52733338
626738880 34938106
317335317 37624889
441151838 84016476
358924479 2066549
23044845 20626255
963737077 5800985
637004852 64274393
977629085 47124580
791933281 58348358
333515652 26449504
156637628 90008102
870561646 70234739
774631317 28281906
143551046 28971246
60436616 32800725
942091416 18744238
604294938 7822788
606986627 74142317
464593646 78467630
917109222 34668492
816839788 44704847
479837145 8495418
444075963 50312000
441132329 84753175
705406971 97015460
820819250 76154829
936167812 94282772
234575158 90423983
961506215 20217300
873510888 6770159
793192408 97743885
97139601 11192907
755921798 78233586
714477928 29096824
719131625 34255957
180463511 97917179
735149485 33904131
357675449 86768394
379498069 66893433
582252802 7972089
657818044 74908458
469634833 92629118
634147819 30801027
507409436 9255503
420403540 86534789
271173682 97251581
180380740 3405315
413257515 86339743
37090163 38807863
660723787 7517124
130204188 6172438
979722513 58247184
440626 67325106
733538136 17701773
687853872 33408401
748624978 17497458
309401041 94674616
993051801 1048932
186169180 75468161
226798807 40886725
710320951 65556752
128566468 76697613
266060081 35071642
498401807 80476674
62535396 65038086
615626552 48171957
685322825 59540962
208012665 72032000
360127578 95202380
48451946 20623666
357434445 8103478
920027606 58833554
712511327 24986336
859592718 63201038
381052521 17924715
34217032 74866648
133388352 33394694
587346633 50034734
828137801 27777222
742899574 93480493
975113679 1890899
134167707 21704984
940127556 43061214
453214539 31079133
225713807 4138509
899006798 52433767
248734131 31959637
599688900 19048711
805973997 65778950
411351835 85415813
861724902 74500994
255582669 36823666
756921592 2907029
556869510 8661080
851595469 72144269
252273352 55449658
950221578 58603476
573229959 43058883
826443966 83630477
420878707 23355673
744712672 60709493
60247384 15726562
498274740 99455650
984825653 31596865
299551523 83201718
303796296 4454685
45297445 47185854
245301414 11041077
82119640 86008555
779574050 4737130
325267578 19201851
821353160 23477531
962205677 29833328
659784560 75531670
441896426 88256745
867277003 40195535
200528578 21992842
226006115 13174953
803360551 96562082
998582044 55376222
43503796 80321237
783700787 32069830
711308784 85485526
761406488 75731346
922492145 40397193
340973108 20174207
210112814 7286373
195651812 72900224
355097400 30382492
597225498 24887001
510913268 4591002
839820245 84732371
941150899 79414910
839330822 70346278
334832491 72651714
250739654 59154165
464947974 77645831
148418723 80988112
348016438 38563639
344092659 64467695
452564898 1926867
245643726 1055493
1254079 99029068
481412524 10171946
957133676 75868209
568834322 31783509
360240307 64797513
59181070 6601078
594899961 79076738
598920335 40715238
991178892 55021296
993617339 59209224
579537007 31674469
843617915 87907629
978874679 90592746
643167648 55554914
22282031 50831643
359566490 62451014
714460122 9185325
883103326 5262900
985536768 83647485
548961971 98921736
201701685 95181842
297376533 46582468
425683507 63475690
203470648 34108742
424437632 51577349
847027280 59215948
132961974 41502572
383025978 61996700
814787522 56772316
292768590 19085831
753035537 54946878
27806141 73619536
91413834 96336523
581180532 76117852
912500405 61938098
587981020 46664884
913599350 44435965
648534465 24503035
408579041 71363505
237655 70968384
988196608 95270188
818508958 54320191
201337949 50526436
417650041 14073431
152343037 9119610
44926430 54932286
462065250 90491884
871966094 50022811
752776154 21540463
279016293 84735606
368294117 73738853
501327401 25307492
24676255 6211926
88586074 70794161
862382737 76180956
458010219 96367850
878280355 8816364
353701907 65468613
502772061 81342134
29195847 20560857
398488913 57423545
731526215 21970321
416791826 65669836
64140269 24293646
22260362 62142221
137890103 7255576
166600983 88657279
628785355 91069474
999041468 62147564
374566827 98711315
343979782 5454032
612460020 81890211
815291520 79971035
681254710 5404770
420704264 52577375
370558735 57387006
605788809 18597392
283789103 65185209
426250827 78434499
671128447 34122438
686268911 61685104
33705999 59727052
560164868 94921264
142810099 70888975
629116418 16934765
100435208 59240504
240020279 85498359
701873514 99392738
629987664 90609892
698378953 28380395
582963812 50224214
559878027 72596435
416268313 77995564
936827617 87034209
726395381 7937304
589815337 62257475
247731529 22472148
964509249 96402741
795300394 5020124
663274051 6776530
540100293 61320968
407491794 19546815
287081106 39493110
723436117 33526317
79433102 30706464
98683679 60779624
53633384 68033253
416896381 87062581
380999078 24184874
144691504 9002705
244864706 374938
48767247 49955326
5560720 70795606
838669870 5049159
481420356 82413450
364135833 13435783
549285821 28520573
460156072 76599277
615925360 32012429
776442752 84312654
255428534 75260146
173537119 32425872
937140253 81850158
846615409 12383382
498370306 84081986
799118802 15579378
659061621 1131883
282800861 87569404
417018467 94752238
617254747 79674099
984022558 32299965
317036163 58916016
132665876 11631131
466693218 50536375
593479917 3983007
286855799 45527205
527421288 83813298
541642863 89921834
811869561 50675535
48174832 85506654
725364123 33384116
782063991 88817048
578432214 49654925
622667083 42968708
327676039 92423303
257922299 74782528
373947072 21235178
997408159 79248360
497627168 67207427
180143948 72762423
106982382 54512596
89737093 53547269
353420239 12831032
837827587 56498372
184803748 87007421
245375718 9216873
195311832 858727
888864885 50217005
223604432 61795570
977153763 49984413
77295256 7224666
739534475 62303586
282751161 21524901
855768669 86433949
120019639 46288802
358942892 9790513
521713167 69914273
919807347 73414597
224751083 73975051
438095823 12562692
896431757 39083529
51039809 59657710
475637144 13690044
127051623 18803445
987181862 55791508
299451177 28282654
548713805 6435503
861728869 47016447
372943399 3921244
278839539 65565691
85386099 68144884
955324682 21701306
671906120 90355166
833593870 2379621
623955909 53605446
782530935 76975961
100153292 73421249
208495246 61921820
835742095 47255706
734535338 12716665
908321663 99861573
284066889 25135838
439999747 91117864
581537198 25785789
84137040 20801321
211937829 82930539
54360424 59815499
532352762 3763147
421177757 34029873
487090238 17927372
798809360 44824969
401693443 27413601
542953340 32428204
212942142 48015821
498355665 19718180
922829235 48089444
571881342 97329248
108100940 53895023
503906445 35185392
204822824 24303929
104830581 55937317
576428184 42268103
536013210 38423735
686748771 84716442
192176300 38373554
455852517 23379466
604339477 13740411
171756383 27218332
945424162 67094839
405902568 28940548
664485764 44142518
240707449 12324412
755923558 29444567
635016316 84573532
270926698 37359714
308820531 45669970
895700218 38818428
473175458 1637840
454276367 41948591
411051076 84116018
234470887 89591509
753437778 68138325
77233211 69573208
698909005 20904859
842453956 32204626
108395457 35626138
549090757 36352058
578147535 54128810
933828598 30713293
367023924 34715234
484566601 92744001
948613252 2365299
967316380 70663603
646849983 35355666
698732577 62043308
827201940 96266474
560662724 23438342
15126841 58082069
181592379 45657540
938305690 96705598
401923397 1407011
115140871 11357524
956711097 39767309
534556960 56088448
741921349 7590328
65930054 28139425
981387475 96469683
377352751 46075027
244773744 46977744
