323 5769336 3556830 6987368036 31214337086
350281908 63220871
874004815 12768152
165921625 67481025
480109626 6295002
345893746 46656725
239200470 96325588
282137204 92141767
833946571 6237637
772280456 65977639
909128447 75920598
371048258 1004148
333725001 55112040
971978396 4946996
422945401 15649839
43435045 16994058
176220458 70352835
817615991 68622973
796858252 15943686
732830157 14539270
434715759 5463300
777895697 47643543
476536363 89313832
715585863 97706974
219853332 22639988
806473933 97685804
218885742 2725555
786276740 39937357
122587439 97030619
933127842 86549774
542631673 99285031
189870324 58788428
535021140 98892528
777600317 19463429
125418255 22585322
518991301 40088609
548966476 621838
849724215 48752338
990090069 35643963
469794579 8866819
39489152 32328385
520432185 97657544
572854012 80438230
999426486 37165780
968711310 46964905
759163450 8964450
15831808 12218795
923766857 44118373
249384304 54574339
332062183 98946311
46934450 89395506
734573718 65275976
675002622 40142852
424379632 38758978
228063597 62654767
515181214 24063466
276871547 45963207
661570998 30592771
827028914 58106887
670367091 20493925
955392854 46452909
63097868 83445407
303588369 26563504
151641662 24448252
494239768 57001420
72791973 77183701
649470574 28056632
954214994 71859267
851927205 34471592
376137625 16599375
489585689 97784593
402735984 92861855
750891025 80579214
825673699 44366821
374570165 67682165
199098991 42995041
25045759 90198053
970257790 65502325
998752249 38148428
480712262 12233612
271702234 16438452
828412735 52768212
273257095 43972336
148553569 92185030
103345258 85069814
64399182 4155685
186739261 6313895
969649816 29927920
483379745 33725107
822614780 77420556
583648170 55303011
57234388 35431852
799152723 47758026
547693159 13028005
287534446 62371739
298943637 55772604
820624763 52322012
329856133 48499731
611321330 86507182
2383287 59566339
79627312 80042447
644375011 76186407
264351126 57104547
418056985 13613976
98096563 31420949
873391346 75680709
998057731 75315349
588912942 53047235
214981731 98511512
18529195 35009032
422450999 8446070
892539307 10184084
223454918 4875925
597089712 35989963
925141524 55251288
901890020 75097419
771829375 75008109
359378949 93268464
553460357 65110936
899915952 24361567
363952017 8283854
298173289 2222374
740167791 30476281
129446834 34567831
456010601 2995336
718865191 87451011
691774431 46462664
199313404 57080447
889046459 24015272
139016425 29802363
140968340 31539886
756273386 1681008
527359790 61060238
558928793 78232540
367985447 21437813
504501735 22135808
146258216 42698695
12236591 34969010
754672562 12690180
587098334 54351108
810670292 41086081
638636296 65865310
402252153 25363333
286174207 49283521
989596690 1534379
796073216 86993269
528353983 63660587
761163125 3461423
6183688 31683429
685191527 62413807
725324241 96967512
62078307 35273384
231027216 48392515
11885402 75015113
494068255 96637486
934565981 61317126
85888273 52235616
191263152 3933614
519096350 92334869
719579167 97748315
316090687 68659802
845432610 32155864
804986140 71372061
213299707 49982499
357398962 51971973
918741551 99700742
709263866 30525532
472475083 34955366
859161133 10469859
500746326 94808460
986379266 41570080
264285339 63041261
777733335 80720519
850312561 78010294
54771990 58166012
713970779 35985343
970162368 26010333
691957430 14901735
741437932 91277404
527957645 5500625
920340890 44128233
650185784 45069743
920291603 31289805
7759395 88097150
67778614 42781488
940189700 90773680
29691641 57002752
479398299 62935494
107194444 38000266
490230359 67189765
416350634 98274328
528346063 58134568
826803620 82713302
362734714 67286417
542256290 80119164
105147161 10870983
54391266 63292788
54469472 85585054
747008653 13080134
738255000 98412987
231934142 55071066
182364868 65307471
454589911 85963305
437874552 61151028
263827251 80605342
357710610 39950740
181183905 76056750
322164210 53915935
561308101 93344519
188010148 46592813
876109120 10571994
948985143 25735364
819513976 2998207
998510184 64132193
846399248 65675800
973771049 59179714
161956054 60653438
500147522 70782958
745726621 63211686
378046149 23862938
813042723 22359580
880819417 74266870
328513460 58746657
378497475 2312101
650069207 98589585
222643993 74765342
486692398 18249232
342628621 16555272
49764736 25007719
882056500 2877579
421069524 59329680
633956203 88686783
646599302 61439854
732861204 57107966
928969528 82053737
351150388 13615638
418542166 51558452
47497291 85686413
548332847 31861159
27784472 28640637
407692447 86968213
139558420 13370587
136180153 37873809
395353009 12981380
799846544 22981065
555588997 99765442
766978631 20845986
192540089 54889520
690907010 41207477
681197820 30075598
56335644 33377915
633528336 30978853
719486593 79465892
871762516 93774413
324319352 47647889
168139768 92747336
408979507 12320345
629577492 77916737
693173167 30278246
692173917 64811801
816167698 42161395
783394087 46031549
998406961 47432651
241365914 36516573
66298718 46114973
921861486 50865373
965051213 61504143
20543820 90772359
977440495 45934861
701277304 84474934
167237773 95091845
384602558 80539673
936470662 36685684
913853167 52536157
210406693 54710584
856144193 44658910
153087650 75424746
465052727 14600766
480980545 78938725
656226751 50415697
575214725 84600156
352986501 36060451
254465336 28494463
271875690 10281217
739122799 51646354
924848030 35077028
706138448 13970620
362273673 52303993
977612022 77733192
616106494 38189039
707177142 8098813
853668192 74829487
253120623 49158276
696822412 7025670
223086554 65009920
674952676 50505950
225155629 67598017
647077323 60800053
807340113 90064892
78005809 4439777
484751573 28483474
553176219 53944461
726308278 51926133
826982234 73245245
728502604 98040489
129587473 17678132
384424971 81492877
527960517 79662928
438395232 57780135
764371635 72927603
1081123 47567221
840381764 80176600
188927569 35817527
127538579 31321564
958357788 25230202
813553365 39331867
120586111 15972509
280123946 20547274
406466729 68547198
524222794 43571263
11265770 49720254
949943912 1344231
925696283 92120985
516330346 76484825
