18 112 8
15 17
6 9
3 4
3 15
10 17
5 18
1 16
1 17
8 12
12 16
2 7
1 10
4 17
4 7
4 11
11 13
1 15
1 6
1 5
3 10
2 10
5 13
7 16
9 15
13 15
9 14
7 13
7 15
5 6
8 10
3 11
9 12
7 10
3 9
3 5
13 18
7 14
8 18
2 18
6 7
9 18
3 17
11 18
2 16
2 12
3 12
6 17
1 8
5 12
2 11
12 14
11 15
6 15
11 16
8 11
15 18
14 17
14 18
3 7
9 16
3 18
3 13
11 12
1 12
5 8
8 17
9 17
1 13
7 11
5 11
13 16
7 18
5 15
1 4
11 17
12 13
2 3
12 17
16 18
10 13
2 9
4 16
8 15
5 10
1 7
10 18
16 17
8 16
14 16
4 6
3 8
7 9
2 15
2 8
8 14
6 16
4 10
1 14
8 13
2 17
1 3
4 8
9 10
6 8
4 14
14 15
4 13
10 16
3 6
13 17
4 5
5 17
