171350 2071
136
190
109
57
37
5
181
13
45
199
236
75
271
346
98
12
58
285
53
35
2
51
2
49
19
64
76
130
68
12
132
11
330
25
73
122
179
44
160
86
344
36
18
36
19
104
31
317
125
19
50
15
23
72
4
74
90
147
47
37
27
144
51
432
464
106
71
210
93
66
309
79
202
156
112
90
67
46
81
10
34
103
6
23
40
145
3
64
120
138
25
105
22
28
24
4
82
20
101
16
95
371
80
7
21
178
198
8
31
71
171
40
102
34
32
52
50
62
93
82
58
37
8
41
39
9
134
50
70
180
45
26
26
54
48
37
71
375
114
6
62
138
164
38
108
80
159
82
22
6
27
121
193
136
43
112
51
52
91
129
50
29
92
34
178
172
65
58
198
10
129
35
42
10
68
66
14
3
93
90
95
94
18
74
89
99
22
25
41
117
168
40
46
30
4
116
58
64
116
33
33
95
83
27
26
7
69
70
59
42
53
74
252
29
10
37
129
35
185
69
101
12
15
18
326
68
137
60
17
98
24
76
123
13
84
96
57
133
251
55
835
71
89
4
61
81
128
13
58
12
55
11
63
4
79
66
73
156
23
32
9
17
39
87
129
6
28
22
118
235
19
15
66
90
21
49
41
50
57
161
60
36
95
139
178
132
126
58
252
180
36
4
9
38
133
107
19
15
21
71
57
205
86
3
39
17
61
90
102
79
15
5
65
47
96
127
39
22
74
57
9
9
58
63
4
12
34
37
26
70
84
244
92
9
73
10
104
54
196
130
17
142
278
71
71
46
26
93
33
5
60
53
42
9
244
30
61
51
53
23
32
43
113
93
126
108
98
4
217
12
181
72
40
189
10
42
15
88
129
39
110
39
50
22
7
205
8
138
46
48
271
9
60
48
46
8
43
122
118
165
33
76
6
32
44
47
94
103
132
2
86
174
161
29
14
22
66
63
211
4
21
5
307
35
84
32
139
30
28
36
112
273
10
208
115
54
115
1
9
3
76
286
121
503
59
51
82
71
84
89
18
77
55
83
382
163
30
273
12
37
69
214
338
6
7
50
411
149
31
53
4
55
35
60
65
36
335
54
47
62
39
18
4
57
107
47
26
67
3
46
28
212
184
80
146
7
30
74
31
36
6
234
347
96
275
33
42
63
1
36
52
151
2
102
34
111
102
2
86
186
48
27
26
16
16
7
271
84
66
7
113
328
31
152
206
35
8
23
51
11
19
79
11
63
8
54
22
130
189
277
67
68
135
42
14
13
529
181
211
99
173
98
178
138
9
390
54
33
19
46
49
50
83
67
96
108
287
53
189
10
9
27
9
1
61
93
61
8
88
13
29
3
79
56
27
9
12
59
12
13
8
63
10
131
74
74
4
156
173
124
98
90
29
11
30
10
20
51
132
50
22
87
64
128
278
52
162
11
62
40
280
28
48
20
47
13
101
103
198
70
280
23
45
66
48
21
17
158
15
3
107
68
65
22
117
25
63
95
31
82
27
138
121
61
36
21
29
62
29
45
125
114
52
103
113
29
50
54
14
84
28
183
131
3
72
492
114
1
30
19
39
6
127
37
66
129
131
192
138
76
110
84
27
42
139
115
110
98
60
58
61
308
110
34
62
88
151
8
4
44
162
45
33
14
291
3
79
15
9
23
16
7
138
135
9
4
108
19
117
4
146
92
15
48
90
7
84
131
45
27
148
49
189
12
171
122
8
59
28
2
30
58
19
15
78
46
4
54
35
160
7
51
44
42
122
29
52
20
127
20
45
53
13
151
32
148
34
16
245
95
12
65
15
74
72
13
11
106
59
149
51
10
10
39
63
22
282
60
24
8
79
100
70
2
90
59
15
28
60
58
119
94
3
79
67
131
2
14
362
45
64
16
59
34
2
82
116
33
141
3
2
17
144
39
45
135
174
4
8
37
241
54
82
44
96
37
188
19
28
154
31
102
8
2
88
40
581
422
93
31
32
80
173
52
118
170
2
166
4
18
51
205
44
86
100
25
39
36
65
6
128
51
79
87
12
74
329
77
37
130
23
261
79
14
8
15
103
151
111
83
50
114
167
68
70
31
5
3
21
134
42
104
38
75
229
143
94
18
6
65
52
89
253
26
234
245
15
53
325
117
141
106
44
13
3
287
124
12
53
141
53
213
80
205
133
13
56
59
122
19
71
13
100
88
8
16
16
17
53
230
27
125
199
64
131
54
64
44
42
290
221
58
5
83
18
290
25
30
4
21
7
146
91
29
453
21
155
82
56
90
19
88
17
11
124
89
81
102
88
287
131
115
180
58
20
108
59
2
111
25
366
145
48
39
63
6
115
20
101
48
49
40
60
65
52
4
468
2
111
334
37
336
5
74
100
106
149
105
179
40
36
60
88
15
18
77
24
69
135
25
77
69
53
10
162
69
40
24
72
95
16
131
30
70
39
60
36
77
262
59
145
67
3
50
134
6
123
18
3
28
21
83
59
43
73
4
84
17
35
7
36
17
118
62
13
135
23
65
120
37
34
5
28
49
38
24
100
31
61
27
81
126
24
6
51
100
84
123
85
3
24
82
189
41
300
48
60
34
34
45
308
26
41
60
22
48
45
134
1
41
98
109
153
4
234
130
52
136
42
72
121
240
16
213
25
73
116
15
64
132
63
134
7
49
168
11
72
103
83
11
64
480
4
262
186
15
160
154
22
289
6
19
50
2
6
144
31
44
57
31
10
108
8
81
193
44
375
217
72
62
21
28
47
5
7
131
87
48
67
182
54
8
65
6
5
29
330
11
28
70
147
70
70
217
188
22
68
136
107
42
75
16
22
101
50
71
201
103
67
226
53
23
22
81
20
37
45
115
54
6
154
210
58
183
101
125
66
2
33
100
68
182
113
130
14
209
30
30
48
13
5
31
168
30
148
63
53
3
9
125
15
47
308
86
79
21
76
158
122
35
48
95
27
21
53
85
132
30
118
21
6
7
105
71
29
64
51
44
21
100
38
91
52
242
19
216
25
93
8
200
75
140
14
67
123
22
15
7
202
15
224
43
35
140
46
14
3
94
44
6
132
72
121
149
166
7
256
65
21
17
27
67
8
8
14
7
44
46
42
30
4
14
225
23
75
216
87
43
25
55
23
49
77
1
18
15
264
59
43
10
112
84
52
204
119
39
70
120
32
13
88
32
35
123
43
46
279
72
281
7
11
42
218
9
122
39
21
90
32
58
363
36
35
76
204
19
118
171
6
103
29
196
42
39
27
178
6
57
103
84
438
30
5
177
15
130
119
8
102
44
121
98
73
66
283
138
58
128
32
77
62
173
54
53
94
126
16
8
16
2
54
23
135
43
24
127
171
365
44
131
5
46
50
73
74
57
27
489
373
29
395
7
11
376
4
210
178
10
38
23
4
246
1
29
35
139
89
118
65
7
15
7
70
27
158
27
5
77
7
147
14
86
102
18
289
110
126
11
5
322
29
65
87
14
250
24
66
56
106
39
154
13
148
3
90
31
30
26
84
31
134
100
19
99
294
67
186
9
51
36
61
16
35
288
3
4
63
100
141
12
44
34
10
68
17
128
6
52
226
79
185
16
31
196
15
109
34
45
379
18
9
69
47
104
15
205
268
74
47
182
46
77
19
9
24
93
132
182
9
199
58
104
101
1
2
23
24
62
124
122
211
66
180
526
44
59
28
97
106
6
43
8
10
195
170
156
98
138
31
92
38
5
55
126
114
254
15
81
124
286
44
111
121
25
140
50
21
94
130
104
22
77
69
65
38
67
58
119
12
40
175
100
54
186
67
86
57
66
25
2
33
48
8
93
123
14
66
47
84
44
40
152
172
12
83
5
18
47
67
11
14
44
27
107
54
21
206
24
103
136
221
233
15
11
133
33
237
22
55
118
103
230
2
65
45
65
86
113
124
55
167
104
61
36
71
23
28
31
4
365
25
84
41
92
194
80
51
12
92
80
116
267
49
78
38
38
19
25
97
122
87
5
26
251
21
2
6
175
191
178
21
268
23
243
117
6
106
21
92
68
69
96
340
167
5
115
286
70
195
99
270
90
76
32
63
70
17
127
97
19
3
24
40
19
63
183
149
23
19
86
88
5
86
4
131
89
68
59
132
6
10
13
83
404
42
4
140
151
125
123
205
3
74
22
93
312
75
6
41
43
122
79
317
11
4
124
155
29
82
14
6
37
288
336
26
545
83
120
39
94
235
6
24
83
73
46
28
40
42
26
125
48
136
63
31
130
70
12
339
82
108
20
73
68
37
52
118
224
39
111
115
57
34
253
8
24
16
18
19
11
194
68
266
28
93
83
214
74
2
77
102
93
29
20
14
17
5
82
70
75
25
23
70
22
180
80
29
144
80
18
100
84
266
9
121
15
25
12
41
66
5
201
72
111
58
313
7
55
40
13
39
130
102
57
214
203
18
82
100
3
258
15
2
19
33
18
1
85
148
1
141
30
140
11
7
5
43
68
61
77
83
12
107
138
13
69
17
123
28
309
84
17
28
82
37
7
5
34
81
7
4
19
28
16
43
5
247
77
146
141
138
117
15
55
179
106
117
9
29
147
290
18
94
54
32
54
283
31
107
13
11
4
50
56
211
77
14
303
153
185
43
57
22
2
28
86
78
207
191
25
28
206
41
32
6
232
22
115
28
106
82
253
79
65
83
119
155
118
293
17
52
