111004 981
134
42
170
150
155
217
186
34
10
20
94
236
53
82
67
227
128
34
166
178
124
303
3
36
97
88
185
114
40
54
165
47
30
197
284
32
38
109
386
10
8
37
36
48
6
110
255
135
67
116
236
38
198
118
12
81
57
43
104
5
33
88
299
218
28
67
33
70
67
125
147
246
141
12
56
18
89
509
58
2
99
132
54
20
189
178
30
215
15
158
99
44
361
236
264
105
169
64
21
114
55
99
86
87
268
234
135
564
29
152
17
201
193
97
76
313
175
204
338
5
87
11
330
91
25
119
16
133
30
263
17
5
68
133
6
21
39
8
82
132
14
63
43
44
183
35
51
69
176
45
251
25
447
98
208
6
72
107
51
18
11
32
96
20
353
185
91
92
211
67
96
137
30
438
100
105
126
134
99
102
70
43
146
11
1
83
162
31
325
103
74
69
41
76
137
9
22
315
53
39
67
68
644
17
6
35
266
401
37
22
19
198
31
65
125
168
56
30
61
209
226
66
3
87
94
6
160
12
7
219
77
101
27
15
20
105
299
170
15
28
93
168
75
31
355
15
88
69
90
149
22
212
179
57
414
24
38
148
22
56
98
48
27
255
35
197
30
341
11
6
452
57
46
50
145
82
5
34
290
48
135
7
94
296
14
46
1
33
113
191
448
13
146
21
179
160
117
143
98
14
112
20
191
238
82
268
160
12
200
113
91
26
20
15
70
89
102
276
234
70
3
524
21
153
5
14
149
35
94
189
76
36
316
16
43
5
71
1
173
32
92
29
7
57
16
51
125
90
368
170
20
28
127
26
55
88
13
333
192
110
247
8
52
437
104
69
58
96
44
9
213
91
56
230
48
80
72
52
234
253
15
101
204
271
75
54
104
45
78
147
76
231
2
96
109
80
46
90
97
304
150
64
144
392
8
69
56
370
573
133
85
181
130
58
17
87
7
358
24
287
2
74
188
119
140
287
103
31
193
61
283
316
2
70
76
27
8
45
12
31
36
250
70
11
14
238
37
192
99
8
170
9
90
153
134
316
99
33
132
399
78
207
177
106
113
123
287
3
9
188
204
9
216
30
21
15
174
172
153
39
23
174
119
121
8
391
174
93
243
181
170
28
196
54
67
19
190
241
3
25
192
131
187
369
5
117
178
98
87
263
177
141
52
61
272
94
17
179
32
61
62
116
292
81
122
122
86
263
425
99
104
299
95
210
76
7
249
12
7
94
9
315
124
124
256
139
81
38
16
357
286
23
18
21
167
482
3
230
74
35
15
92
102
179
8
65
135
29
205
5
111
105
114
246
98
72
7
47
213
287
43
160
36
31
175
151
81
144
70
14
125
106
13
269
105
37
49
13
51
199
203
24
176
61
35
119
60
13
93
51
219
142
8
37
62
38
95
132
68
57
4
330
229
40
20
117
33
409
181
360
212
82
135
85
54
40
183
90
52
62
107
65
23
101
21
63
9
35
61
126
380
125
131
57
213
13
145
30
214
17
54
248
78
137
22
113
66
213
32
10
185
178
23
27
103
186
102
103
302
30
91
262
207
16
92
21
32
53
176
79
78
127
83
185
173
40
399
132
4
148
161
22
275
46
195
39
198
300
46
45
344
9
241
72
246
92
150
119
151
60
8
173
16
28
2
33
15
236
206
91
164
81
268
841
57
160
32
34
42
66
42
30
76
38
56
77
12
2
34
5
78
58
135
138
6
14
58
16
254
55
16
119
431
230
64
17
43
267
311
58
59
308
302
340
3
29
19
298
390
45
96
131
6
124
442
60
20
32
172
96
31
11
105
170
165
9
64
41
458
3
111
72
332
18
156
31
13
65
37
213
43
200
34
39
30
212
65
47
194
76
17
232
215
23
132
22
68
8
16
36
92
95
169
8
25
54
33
105
126
138
273
190
37
43
54
39
33
297
80
37
109
77
98
7
48
6
41
69
149
247
49
386
233
63
29
106
71
88
4
65
197
58
38
143
57
56
254
19
138
216
70
24
18
143
95
49
423
200
173
272
22
58
41
206
21
237
30
50
87
361
28
115
28
229
30
60
4
304
64
51
103
25
220
120
40
108
7
42
69
108
40
75
34
44
43
38
10
11
196
189
71
126
16
420
292
177
226
262
56
7
68
5
53
42
198
72
17
300
167
78
32
103
183
41
18
45
5
56
28
26
128
22
107
10
81
76
12
59
33
72
31
345
115
132
203
106
58
11
87
572
3
