9425 691
16
19
16
31
26
10
3
3
8
37
1
13
24
19
33
7
37
10
36
13
2
5
7
72
2
5
24
13
6
9
8
27
7
2
14
37
14
23
7
1
3
15
4
13
7
20
25
24
3
8
18
45
3
8
1
19
11
17
13
24
5
42
10
7
8
7
15
3
2
12
3
2
2
8
3
2
9
17
5
8
9
13
16
46
5
14
10
17
14
21
9
21
11
41
15
5
18
36
24
1
8
13
28
8
2
46
11
16
11
14
23
26
14
10
17
7
12
7
9
19
5
13
11
7
29
1
54
21
2
4
16
3
9
11
6
3
11
9
2
3
9
11
29
4
3
68
6
3
11
42
2
27
8
36
1
13
9
5
8
24
9
9
9
22
21
14
24
15
32
24
20
8
3
4
5
2
14
2
17
7
15
5
4
2
2
8
1
11
19
2
29
19
24
12
8
27
5
3
3
2
28
8
66
7
12
2
8
11
12
14
17
6
4
4
32
17
2
1
5
7
15
5
2
11
6
14
40
10
14
17
2
17
21
11
7
7
37
24
2
9
25
32
16
5
22
1
2
3
24
17
2
3
34
20
3
48
4
11
6
5
1
3
5
1
7
18
23
4
6
16
1
19
6
5
24
3
18
3
13
3
9
5
25
9
9
9
2
8
8
3
7
24
5
4
23
15
6
3
2
25
28
7
8
6
4
2
9
14
3
12
10
16
2
18
4
6
14
1
17
11
3
11
8
31
14
11
5
5
84
12
9
4
10
19
34
30
12
16
7
5
7
13
49
6
2
1
5
40
10
2
15
3
1
7
33
10
5
8
10
30
3
36
11
11
2
18
53
3
4
16
26
3
11
3
7
4
3
7
2
2
19
8
5
5
5
13
6
16
29
12
11
18
4
4
6
12
1
2
12
16
14
26
17
8
21
10
11
43
6
5
28
58
35
16
17
31
9
5
19
62
11
10
6
8
62
3
39
34
14
19
3
21
6
22
34
7
11
2
21
29
2
5
4
11
8
27
7
9
11
9
15
7
1
7
17
1
11
9
16
16
8
11
5
4
31
16
29
2
7
14
7
24
39
36
6
11
3
1
10
5
1
3
24
4
2
49
38
27
3
9
6
3
8
4
20
11
18
6
34
11
3
19
2
11
2
22
3
2
3
9
16
6
15
12
60
8
16
11
6
14
16
5
8
15
6
11
39
7
33
13
10
26
10
16
1
69
25
9
4
11
4
18
3
3
14
8
37
17
33
20
14
12
5
2
14
5
32
34
14
12
9
14
20
2
10
5
30
18
7
5
24
32
1
9
5
55
9
9
12
4
27
2
4
5
2
15
2
23
8
7
23
5
11
8
60
4
22
54
16
2
1
35
23
49
27
11
19
14
2
11
29
8
4
31
1
12
6
7
14
29
8
25
4
24
20
4
58
14
5
8
2
7
5
3
5
29
10
23
28
3
18
15
14
14
18
6
1
9
9
2
5
25
28
18
10
7
2
2
1
17
4
25
7
2
10
3
7
16
12
3
7
6
2
6
18
21
13
38
58
9
30
33
33
4
6
4
17
6
6
9
19
