89034 616
61
77
95
18
247
759
28
38
4
51
185
15
127
141
182
85
57
20
284
52
185
103
8
13
356
62
315
214
48
38
100
179
147
58
146
285
160
71
74
41
269
66
74
133
94
87
216
17
62
71
11
438
65
22
82
223
208
43
135
78
200
139
216
39
144
136
84
56
278
2
2
38
99
189
140
71
42
13
425
23
18
47
119
805
18
153
248
36
137
48
33
255
142
270
23
464
98
31
53
144
153
121
1
363
2
27
349
514
26
159
41
34
133
568
165
47
269
349
77
4
20
16
103
115
135
167
267
228
62
87
132
660
118
456
89
2
392
30
100
93
274
450
77
150
66
26
504
56
50
5
31
84
30
52
132
135
117
110
106
472
166
62
126
182
42
6
35
284
100
507
347
1
129
75
61
18
44
17
227
72
136
217
17
86
101
259
3
169
24
53
46
38
63
15
109
240
70
159
402
551
32
84
10
34
63
11
81
50
288
80
271
44
282
30
289
617
180
59
67
28
373
236
33
313
287
92
478
162
11
15
248
125
140
19
463
263
117
115
60
282
597
454
4
8
574
45
120
88
73
357
692
61
284
57
26
9
169
98
209
119
112
313
51
76
9
40
148
41
113
229
180
266
355
153
108
602
46
185
50
124
2
399
28
584
17
142
108
104
29
69
268
237
48
12
41
85
192
131
189
17
49
23
282
5
141
275
110
10
181
89
623
323
20
22
109
65
184
32
6
329
7
54
18
25
2
19
46
154
114
77
133
48
40
62
301
19
48
10
345
295
259
13
145
237
76
141
32
96
114
193
48
153
76
264
190
173
117
494
281
663
63
165
185
6
257
23
267
433
156
94
104
550
159
41
460
27
105
400
45
115
98
409
60
162
174
205
106
76
41
48
220
189
277
99
255
38
75
186
76
225
187
130
195
217
100
181
302
318
11
246
53
2
97
51
14
225
10
329
20
59
10
379
178
152
77
218
115
26
105
188
301
989
15
171
71
259
53
116
142
435
156
120
117
272
369
154
217
177
63
23
93
79
203
106
162
672
219
76
9
219
12
11
322
9
185
19
65
39
75
19
113
41
50
191
272
24
10
283
203
100
76
39
105
115
10
117
80
73
52
24
56
58
132
32
7
42
57
2
192
2
407
51
49
455
55
76
235
66
142
3
54
212
33
33
154
118
299
106
255
236
76
273
71
48
200
458
428
58
119
112
86
127
94
23
170
16
166
99
198
16
92
498
19
284
193
18
244
14
34
243
65
20
22
170
31
68
20
108
129
302
13
42
221
113
99
69
240
170
210
26
297
332
47
31
22
2
316
135
62
15
5
45
20
162
2
385
28
196
313
125
67
87
18
202
68
156
216
359
390
25
98
369
27
132
412
84
49
281
56
56
87
197
165
179
113
6
